4.105970928777549489e+03
5.341750367293500858e+03
3.837451360437477888e+03
4.541914780074645023e+03
4.366666857387956043e+03
5.124333653938123462e+03
3.002651799497914908e+03
3.726972982344958382e+03
3.563718569228430169e+03
2.713720317148382037e+03
2.617234363046057297e+03
2.863419904852187301e+03
3.283283200720857621e+03
2.024994062977941212e+03
2.666044023585624018e+03
2.240399287190942232e+03
2.147000608521335380e+03
2.774304020882808800e+03
2.841590992407951035e+03
4.123328865550499359e+03
6.982806628516152159e+03
6.304031713095999294e+03
8.117851605475840188e+03
6.581029977221171976e+03
5.654627257277117678e+03
6.518259338208095869e+03
5.430969315114425626e+03
6.801778496849686235e+03
4.253997340118237844e+03
5.523489007208499061e+03
7.942723860321950269e+03
5.004160216425554609e+03
5.306035870362890819e+03
5.535337628483923254e+03
5.626706436648253657e+03
5.647183701901241875e+03
5.202410887217442905e+03
3.192144900035358660e+03
4.205314784513946506e+03
4.529567192977388004e+03
4.608667666240686231e+03
2.737728547370031265e+03
4.473728038083346291e+03
4.759393609670372825e+03
3.758697056810025060e+03
3.847009106263423746e+03
4.606989367479534849e+03
4.349172837302794505e+03
4.043116445837368701e+03
3.357470639035466320e+03
3.827168486111591847e+03
4.051426616597773318e+03
4.524124898147000749e+03
4.597002482934837644e+03
3.922742669729745558e+03
3.955112864689702747e+03
3.604486397899714575e+03
4.432925065225593244e+03
5.106694817281453652e+03
5.225665151214972866e+03
3.775627052217885193e+03
3.961266293640968343e+03
5.238646709747010391e+03
3.370470574446360388e+03
2.542233388949896380e+03
4.052286226371164503e+03
6.027363064743520226e+03
5.025923096666196216e+03
3.646549808158959877e+03
4.066831692405507056e+03
4.445860577868283144e+03
4.674085899248521855e+03
6.178761096514210294e+03
5.480476537149521391e+03
5.297727831393163797e+03
4.095902358959787762e+03
4.950009217875685863e+03
6.313285329910989276e+03
6.688204838214674965e+03
3.986012720779152005e+03
4.297005568003713051e+03
5.441515864319499087e+03
6.271360138516030929e+03
7.454052778464819312e+03
9.092212079368484410e+03
7.577167094538447600e+03
7.054220855629153448e+03
5.971305956909923225e+03
6.011265296603414754e+03
5.507803373091469439e+03
6.005971760356961568e+03
4.050811707480965197e+03
5.309455440377801096e+03
4.796969143014415749e+03
5.746569511138034613e+03
4.331863411143443955e+03
5.366719134705473152e+03
4.809258010419116545e+03
5.149953203203443991e+03
4.496647936918103369e+03
4.799037542013960774e+03
5.399213281425306377e+03
5.505405328762950376e+03
6.164528221420800037e+03
6.659888445961345496e+03
5.995285306572292939e+03
6.225207688829537801e+03
4.889746314799482207e+03
5.083186974459202247e+03
7.668779703564106967e+03
5.546268586959453387e+03
5.030701216686997213e+03
5.631781417300441717e+03
5.954267408992447599e+03
4.236173151088737541e+03
4.104606845714904921e+03
3.703234793645892296e+03
4.662704508362691740e+03
4.358265262388838892e+03
4.009720351727952220e+03
4.703122496256774866e+03
5.544712696642963238e+03
6.321642454611405810e+03
6.047875241440737227e+03
4.238792127224197429e+03
4.494033426486721510e+03
5.046946735354395969e+03
5.693382869896626289e+03
6.994598916866340915e+03
6.162405529178075085e+03
9.891603324426601830e+03
9.772456913764026467e+03
4.390165294968406670e+03
6.577152920760833695e+03
5.196046954189246208e+03
7.117683519579959466e+03
4.286885009989107857e+03
4.494316094477498154e+03
3.008519396366209094e+03
3.513766501840480032e+03
2.408397529050714184e+03
1.372984457858125779e+03
1.176192976428483462e+03
1.344650983538675064e+03
3.301138685948228613e+03
3.017186225058944274e+03
3.145903034174914865e+03
5.343600856422301149e+03
5.166248648102260631e+03
4.225793290067999806e+03
4.610164158072463579e+03
3.475140350510635926e+03
2.954254678424390477e+03
4.733740533072244943e+03
5.108533429460922889e+03
2.365616316017345525e+03
5.311587758117113481e+03
4.970749734472452474e+03
4.448101896305001901e+03
3.681614332238433690e+03
3.982250436437604094e+03
5.148170254410132657e+03
3.085104293528903327e+03
2.522118240005176631e+03
2.699836687804674511e+03
3.249727346205084814e+03
3.371269490014803978e+03
3.225254641872800221e+03
3.469907289228240643e+03
4.705515445534013452e+03
4.688051512051246391e+03
6.343620939511757570e+03
6.497244896084001084e+03
6.341930698607049635e+03
5.105142142593694189e+03
5.473614537337329239e+03
3.794929584418558989e+03
4.217830034806076583e+03
2.819791878997775711e+03
2.628714947895112800e+03
2.501458230881429699e+03
2.043925800210113266e+03
1.562093619398516921e+03
1.210332351540994750e+03
1.348415215807220648e+03
1.566775229698885596e+03
1.506504850326014321e+03
1.849619135600384652e+03
2.049774998602912092e+03
2.683281957618530214e+03
3.367360371186287011e+03
3.412634114621120261e+03
3.543916565807485313e+03
3.343561494109709201e+03
2.299062260459117624e+03
2.021950455252051142e+03
1.422137999710945678e+03
1.063201639560400508e+03
1.018572792379792872e+03
1.039974266460552599e+03
1.266767438284509126e+03
1.299090490838326559e+03
1.526866020086269373e+03
2.795954654635256702e+03
4.915495305829355857e+03
3.376890088805672804e+03
5.956040078326657749e+03
6.056176344164283364e+03
7.477646761709938801e+03
6.169468389542118530e+03
6.075947077434782841e+03
3.491417317652138536e+03
4.394490245896788110e+03
5.319115284449766477e+03
3.377335099676775826e+03
5.298720542242059310e+03
2.702419102308053880e+03
2.467886232946512791e+03
2.755042160992675235e+03
2.263609101088592979e+03
2.096001100491986563e+03
2.565324801206595566e+03
2.432304621360031888e+03
2.816904009084997142e+03
2.421130429008585907e+03
2.133066898071305786e+03
2.133080874284604306e+03
2.656320417544872726e+03
2.374927874927143421e+03
2.252619574051966538e+03
2.536352388836724003e+03
1.990443559107763349e+03
2.644685630656064404e+03
3.117664962851682958e+03
2.376923342094303734e+03
2.348844706014722760e+03
4.107236196937749810e+03
2.848525902866635988e+03
3.205038972275399374e+03
2.916764595849528632e+03
3.245417828549863771e+03
5.050939830377495127e+03
3.232205753268140143e+03
4.506653124770757131e+03
5.210887155956801507e+03
5.833296180742801880e+03
4.932382818465293894e+03
2.921402575527283261e+03
4.714277995035024105e+03
3.313031925757195040e+03
4.958371391000904623e+03
3.797636268465182638e+03
3.621149789145105387e+03
3.763860553563543363e+03
2.910488724764345079e+03
1.460995121400610969e+03
2.620641031266639402e+03
4.120976789994225328e+03
2.644522838697192128e+03
2.370318440172951341e+03
3.209134446271863453e+03
5.936343787331487874e+03
5.580132263193912877e+03
5.065626301940495978e+03
5.231197290349582545e+03
4.493776287444292393e+03
5.576052883186060171e+03
5.639250619436015768e+03
5.829664911748375744e+03
6.296106298787502055e+03
4.798941812473723076e+03
6.163370856156349873e+03
4.253342957925255178e+03
5.285922240131969374e+03
6.145918091865590213e+03
3.714344908002392913e+03
3.572297706736962937e+03
3.480418764763759100e+03
2.206806420898974466e+03
1.635707112734197835e+03
1.457856810432424709e+03
1.855924135939328380e+03
1.306655195391561165e+03
2.142250510890503847e+03
2.062840568827608422e+03
3.677761432110361056e+03
3.553946966655584674e+03
5.823681879592170844e+03
5.604185840689933684e+03
6.253994405991088570e+03
5.232644711273229404e+03
6.318473487759348245e+03
4.654094060038905809e+03
6.244545204195504994e+03
4.633288074899791354e+03
5.678332388217519110e+03
2.993043923284227276e+03
3.621375598942158831e+03
4.376804001783621061e+03
5.369867557643554392e+03
5.032684356970738008e+03
5.654683066909319678e+03
5.879993476362988076e+03
4.986288083806683062e+03
5.343671351786845662e+03
4.627361073157299870e+03
4.106053475400663956e+03
4.804135506338665436e+03
4.369084493658256179e+03
5.652842666656887559e+03
6.334092862346554284e+03
7.351880897888122490e+03
8.762381173728048452e+03
6.053452499122588051e+03
4.885375512193042596e+03
4.559520798743359592e+03
5.170897271741718214e+03
4.831295755071349959e+03
3.968021038283182406e+03
3.390841790414321167e+03
3.641073764994926478e+03
3.615714640478261117e+03
4.405657742127885285e+03
6.357297322996806543e+03
4.163844899148574768e+03
4.311966056495047269e+03
4.997737104389171691e+03
3.897916909464659511e+03
4.116793690718475773e+03
7.515220035347748308e+03
4.484511215916375477e+03
5.301077855902291958e+03
4.510980721949980762e+03
4.933885930921686850e+03
6.383508732305801459e+03
3.224786395764188001e+03
5.041248017967654960e+03
3.463996042411405597e+03
3.383551484653176431e+03
3.591852339130650307e+03
4.772194504327259892e+03
5.418965602053290240e+03
4.865163418304886363e+03
4.502609786601332416e+03
2.408438783175120989e+03
3.986870512930178393e+03
2.890353966974184004e+03
3.551312152932035588e+03
4.626244170317402677e+03
4.805445081542898151e+03
4.080136428402720412e+03
4.638811486456549574e+03
3.853814366068573690e+03
3.731268163657790865e+03
3.668280452683486601e+03
3.338105667027198706e+03
2.939819940094069807e+03
3.425428576627072289e+03
3.784391486886501298e+03
4.390005504905656380e+03
4.468959224704573899e+03
4.470895058257876371e+03
5.780408813365449532e+03
4.493453054371539110e+03
5.046838229686664818e+03
3.323655959148055899e+03
3.908418700633108529e+03
5.267225723910506531e+03
3.957201236950706516e+03
4.156217896135111005e+03
5.176242685932698805e+03
5.631972828719804056e+03
4.698362629464590100e+03
5.363644820354372314e+03
7.463116058874543342e+03
5.503243483038178056e+03
5.291949236204336557e+03
5.228646306068657395e+03
3.031879439537273356e+03
2.399472545176473886e+03
4.486101841590117147e+03
4.039697836276631278e+03
4.105191035080113579e+03
4.992680025838559231e+03
4.587235523714865849e+03
3.554101341765786856e+03
3.631433169060529508e+03
3.584905145337564591e+03
4.140931588428214127e+03
4.234438448770890318e+03
5.008806260206801198e+03
4.462715310216709440e+03
5.143779717922543568e+03
5.788387988393808882e+03
6.168293413846336080e+03
5.843325205513892797e+03
5.553936683146145697e+03
5.314025757331772184e+03
4.804184372182510742e+03
4.835193354358988472e+03
4.396425993922658563e+03
3.107436921273271309e+03
3.179395280177236600e+03
3.923430201679946549e+03
6.463987509970206702e+03
4.846280674997975439e+03
5.777639850933494017e+03
3.936884598933200778e+03
3.749751424646568012e+03
4.034134201572504935e+03
3.294914327820896233e+03
1.863642666763374336e+03
3.819051463066159613e+03
4.635782976103754663e+03
5.207497227867932452e+03
6.330153262713530239e+03
6.121275316089606349e+03
5.049474075461432221e+03
3.824327841896671998e+03
4.319146189271657022e+03
4.269703993526380145e+03
6.060930118451156886e+03
6.865701714816777894e+03
5.584228590281322795e+03
5.940751195317704514e+03
5.714505630763748741e+03
5.435577332135993856e+03
5.092641801733868306e+03
5.714001133003480390e+03
3.991937359722096971e+03
2.716066727688822084e+03
2.910879913572227906e+03
2.034914179757664215e+03
1.511722387125078967e+03
1.007760613191208790e+03
2.273665906703462042e+03
3.915251458841074964e+03
3.795889122845380371e+03
4.719136223084527956e+03
3.633722857952697268e+03
4.922041260421772677e+03
5.231798692114025471e+03
6.010692201118961748e+03
1.699034374579297946e+03
4.601296562204298425e+03
3.523953055078355646e+03
2.933353349732764855e+03
5.893704504790779538e+03
2.744130664855173563e+03
3.033330437655259630e+03
6.092286155773673272e+03
4.634434101551795720e+03
6.618918198197410675e+03
4.776127902566226112e+03
3.478318800137252310e+03
3.075199971053368699e+03
4.368330470852903090e+03
4.083119964607454676e+03
3.063121357496102064e+03
2.629212745232321595e+03
2.332788533698547781e+03
4.017535962944524272e+03
3.132140187812012755e+03
3.209957041980080703e+03
3.198910108436452447e+03
2.741033785270078624e+03
3.961107817582048938e+03
4.401700808907868122e+03
4.267575954021190228e+03
4.235217989917174236e+03
2.847770370544310481e+03
3.339270356599141451e+03
3.466031407809749453e+03
2.757063684279641620e+03
3.316038271726562471e+03
3.432091441607359684e+03
4.096142225121722731e+03
2.751081740860312493e+03
2.913123854379580735e+03
4.447366423382763060e+03
5.162055787759751183e+03
3.964091181394032446e+03
4.808261272290225861e+03
4.155451465396929962e+03
4.986654629524688062e+03
5.324770752472210006e+03
3.689005341596625840e+03
2.735825473120086372e+03
4.710106438738279394e+03
5.071271311123786290e+03
4.303729907153734530e+03
4.151698391463183725e+03
3.718345366567108613e+03
3.460547241004284388e+03
2.625159244710659095e+03
2.497101953723921724e+03
