2.757858565856427049e+03
3.567689678998939598e+03
3.868340947138961383e+03
3.037291124426809347e+03
2.950533689155725824e+03
2.514748572817144122e+03
2.420186416854623076e+03
2.716528723179498229e+03
2.365216718094234238e+03
1.755468964071194478e+03
2.191243557770857933e+03
2.590439173978977124e+03
2.073010762536778657e+03
1.900471729217229040e+03
2.782975111102996834e+03
4.360402453881843030e+03
3.538310264625983109e+03
2.833186637018812689e+03
3.179347234578318421e+03
4.259271565349022239e+03
2.744663317583466778e+03
2.726363436041522164e+03
2.176041173032094321e+03
2.390750754765833790e+03
5.134798611717102176e+03
3.841442369319885984e+03
3.141468956114465072e+03
5.360115431535701646e+03
4.707537498729718209e+03
4.160444686825942881e+03
4.472682785373061051e+03
7.675251299193218074e+03
2.852015050118066938e+03
1.955147839905906949e+03
2.067364632969804006e+03
1.521891597065629185e+03
1.953551318355471949e+03
3.720393948603730223e+03
4.820616663356418030e+03
6.144826442394532933e+03
3.196280393827304579e+03
2.778851668088222141e+03
2.406261280061070920e+03
4.604943358143690602e+03
4.134549293219334686e+03
4.582803129765381527e+03
3.552633496903318701e+03
5.302594031905648080e+03
2.148926358044996960e+03
2.916298526186769777e+03
2.769820347430608763e+03
1.400983968891951918e+03
2.356063195042368989e+03
3.620626754678259204e+03
5.245950009211281213e+03
5.363889973529015151e+03
4.126742149696357956e+03
3.675509455172051275e+03
4.036417764530600380e+03
4.269105356809591285e+03
3.532079433242161485e+03
5.029823359382446142e+03
5.167854494533254183e+03
3.153101784025715915e+03
2.836678819224684958e+03
3.129410016820795590e+03
3.559211928028797502e+03
3.949164195397964249e+03
6.014125513407173457e+03
4.489252778037003736e+03
4.480867547778873814e+03
2.881243435998289897e+03
3.918892002318090363e+03
2.953490762099213953e+03
2.521639144254661005e+03
3.636675839395333696e+03
3.716264759607560336e+03
3.575586197693711711e+03
3.752753049443732834e+03
3.557337584626722219e+03
4.248404961030686536e+03
4.196475638860836625e+03
3.064836662270760826e+03
2.383089713745320296e+03
2.942690343799095899e+03
3.044594383481399291e+03
2.912504562437924960e+03
2.437499033138570667e+03
2.439417328688320140e+03
3.801535666781686814e+03
6.023514884546146277e+03
5.936747809206790407e+03
5.732749691071063353e+03
4.711884296670757976e+03
3.967720703426647560e+03
3.097226896257959652e+03
3.438167553576524824e+03
3.948763664041344327e+03
2.975852265776841705e+03
2.748001057265018062e+03
2.688505049184788277e+03
3.130392657944388247e+03
2.362489755688127389e+03
2.769191588844000762e+03
2.398312666542623901e+03
1.114331458181865628e+03
1.844970738286615642e+03
2.440883167188543212e+03
3.072813845947987829e+03
5.542357909371887217e+03
3.563344769436635033e+03
4.427933098435509237e+03
2.850958330770249177e+03
4.645525056569157641e+03
4.371145170852796582e+03
3.210632709332389823e+03
1.565774273055387539e+03
5.877749773115575408e+03
5.038033692808134219e+03
5.030867810237892627e+03
3.530872858503534644e+03
4.921069062842452695e+03
3.219507986519502538e+03
5.507915772027935418e+03
4.457845509294308613e+03
4.569425427462746484e+03
4.085099080469862201e+03
2.718213256798889233e+03
3.106360485220573082e+03
1.902261773572609854e+03
4.297536063049352379e+03
4.670803555412237984e+03
3.220601071182305077e+03
3.236356102398673556e+03
3.844641021336330141e+03
2.563948175310963052e+03
3.567135881332822464e+03
3.202908460230436958e+03
3.383970317174587763e+03
3.636757830494531845e+03
3.656558318490697275e+03
2.951509220740706041e+03
3.540137768325990237e+03
2.676826321462990109e+03
4.165237724779634846e+03
2.318110354746843768e+03
3.936787901341824636e+03
3.968048533194663378e+03
4.156867219404423849e+03
3.302937594579000233e+03
3.258992400082902805e+03
3.317746561918296720e+03
3.248963037170528878e+03
2.911642660351095856e+03
3.972958926734672332e+03
5.215751549667694235e+03
3.336853937628369295e+03
1.379010102951235694e+03
5.006728909329418457e+03
4.168823405220614404e+03
5.704715395046536287e+03
4.203765101315092579e+03
2.906956439352868529e+03
2.895866854645672902e+03
4.914969322976077819e+03
4.659204872628659359e+03
4.878448126856417730e+03
2.566004102396256712e+03
2.656153337691065190e+03
1.585750946211767086e+03
1.921425671224566941e+03
1.825723222524744642e+03
1.745383022613650382e+03
2.842809324343441858e+03
1.011102975129786500e+03
3.688418826616852584e+03
4.081051406318212685e+03
2.908534597544827193e+03
3.540290624218038829e+03
3.813295973642977970e+03
3.784125394566603973e+03
2.787335336295479919e+03
2.612400802673882481e+03
3.941998108311020587e+03
3.202187490996347606e+03
3.525936380179966363e+03
2.707917309248985021e+03
3.316006011755317104e+03
3.841662651053436093e+03
5.360958867718371039e+03
5.708202644780834817e+03
3.083970249544577200e+03
1.445793292790649502e+03
1.543221318210678419e+03
1.393289693077961601e+03
1.649511446246962805e+03
5.915055801909483080e+02
3.066808416462728928e+03
3.503273295961779695e+03
2.331608103308266436e+03
3.012298884118721162e+03
5.377181908494365416e+03
4.572980601604561343e+03
4.285723725206675226e+03
5.502684701620095439e+03
4.541305956732147024e+03
3.542862611968896545e+03
3.718317996779872828e+03
4.231039533588468657e+03
2.874458846197390812e+03
3.654099952577837485e+03
3.961510523804648983e+03
5.037531831246606998e+03
5.193741134313991097e+03
5.047861342266754036e+03
5.046117071001597651e+03
5.651686764614464664e+03
3.723342134149138928e+03
2.929172626521587063e+03
2.853419216588809377e+03
1.319524567939803774e+03
2.968753130915006750e+03
6.781233120831238011e+03
5.635715543042757417e+03
6.401297207653939040e+03
7.538700446783946063e+03
5.884636036355948818e+03
7.612370361972705723e+03
5.248190927407371419e+03
3.407606362537902442e+03
2.430355704492214954e+03
1.745899558227320540e+03
2.443800014660624129e+03
5.499604977979014393e+02
4.885280301181348477e+03
2.677107176677193820e+03
1.929761605768135723e+03
5.364277579055477872e+03
3.654920440429159953e+03
4.572684844970594895e+03
3.691100746958918535e+03
4.362315276666641694e+03
2.284091172377069597e+03
3.534844930937307254e+03
2.995825599784044698e+03
2.573260810055197908e+03
3.029758961735406956e+03
3.581768037831745005e+03
3.499941825535744101e+03
3.357736726889550027e+03
3.646982399533815624e+03
4.572526480736859412e+03
3.329622211776346376e+03
4.422302140578187391e+03
4.971705654021408009e+03
2.895070563544918969e+03
3.632517423673486064e+03
4.905767995673771111e+03
4.331903648222180891e+03
3.599308343036868791e+03
4.469326403239575484e+03
3.765337490277810048e+03
4.403329129547823868e+03
4.202638882867928260e+03
5.244278471668481870e+03
3.896694167978718724e+03
3.386234067715575748e+03
3.158384759984124230e+03
3.965083976222243109e+03
3.540182649143899653e+03
3.292573312394566528e+03
2.504730321152183933e+03
2.330144302278135910e+03
2.787656376592230117e+03
2.930056968571983816e+03
4.836660524029807675e+03
4.083242566486615942e+03
4.431049910879252820e+03
3.495740640478542900e+03
3.502902549713321150e+03
2.964092767860304320e+03
4.717845518230556991e+03
5.444486104964825245e+03
5.509577025469870023e+03
5.672234709301314979e+03
6.099929573998660999e+03
5.373074056510557966e+03
5.528906158181412138e+03
6.587699229536042367e+03
3.534054493882561019e+03
6.346592657935389980e+03
5.156549730039805581e+03
4.483307039874289330e+03
5.348727967672612067e+03
6.540963195440215713e+03
6.544194363262001389e+03
6.881923604142815748e+03
7.119032338800904654e+03
1.937656028498846581e+03
4.117753411811454498e+03
3.449399253264663457e+03
4.920172859061534837e+03
3.527523744411314510e+03
3.395466863823610765e+03
2.321755304091178459e+03
2.131493494089348133e+03
1.791431752459582185e+03
1.318860719084504126e+03
1.113294161608861032e+03
1.059476950193046378e+03
7.444015953142622948e+02
1.151089945109039718e+03
1.603040033841821469e+03
1.143816368599634188e+03
1.201957739950610176e+03
1.005783933230860839e+03
1.073369704305261621e+03
1.046184341270210325e+03
9.985673362724720619e+02
1.140116783807604634e+03
9.907753463745518729e+02
8.728809400613539538e+02
9.078055197579437845e+02
7.980019793878144583e+02
7.944961837721283473e+02
1.187274879134474986e+03
7.957152003471641137e+02
1.124769327241125438e+03
9.686889462831086348e+02
1.134796421626517031e+03
1.065843752324259640e+03
8.441464017327061811e+02
1.086240448189149220e+03
6.208861613873931447e+02
7.465886511725234413e+02
6.860384426739917672e+02
7.126217413616935801e+02
6.063945868864149134e+02
7.906920519497906525e+02
6.079394026154628818e+02
6.723652053960826152e+02
9.541983383897608064e+02
1.032085548652822581e+03
8.716614169616938170e+02
9.315156920519417554e+02
1.159870845104530190e+03
1.364280703429481036e+03
1.186695744975035268e+03
1.136656393160155858e+03
8.166403734279159607e+02
1.011391882392254956e+03
1.252047701786603056e+03
1.203735792003476490e+03
1.047411444666984835e+03
9.254616265583655377e+02
9.231511061232292832e+02
1.337138215153231158e+03
1.166796244629111470e+03
8.058529586349191050e+02
6.560090699579507145e+02
3.231173734832786522e+03
3.258057428253979651e+03
6.644943653922543945e+02
1.426042131489961776e+03
8.703934849499498796e+02
1.142809610687417489e+03
7.549054905293177171e+02
1.112338873647811170e+03
1.135964241298993102e+03
9.932041578523935641e+02
1.170766014398393281e+03
2.148705279227144729e+03
1.713025050599177348e+03
1.577164087402593623e+03
1.030281183343496878e+03
1.466367667210318359e+03
1.857188144741035330e+03
1.501084878947801826e+03
1.929896970024261691e+03
3.074968652489434135e+03
2.360159494410998832e+03
1.529878813162736606e+03
2.213632089359961810e+03
1.417152011808010457e+03
1.829088362952811849e+03
2.179994402989372247e+03
1.986443699258463994e+03
2.805977460342935956e+03
1.995517448453658290e+03
1.700173528659472140e+03
2.761940123675824907e+03
2.693036210985054367e+03
3.282019718984096471e+03
3.063739248713345660e+03
2.752989599061884746e+03
4.012459766404926540e+03
3.400268908583183020e+03
4.104079566564767447e+03
4.749056683558387704e+03
3.816962538592629244e+03
3.782523516062253293e+03
3.760589579663015684e+03
3.549325352406615366e+03
3.798851354060836911e+03
2.689799270955222710e+03
4.397408136184437353e+03
2.504015955127730649e+03
3.696829308802818559e+03
3.234446069041585815e+03
3.592673728520547229e+03
2.900661882143588173e+03
2.781400113764397702e+03
3.169483104086402363e+03
3.200234321778771573e+03
3.329348377773738775e+03
3.935284130259050471e+03
2.664198526886350919e+03
3.010218675185888060e+03
3.325786973985170334e+03
3.657835619550110550e+03
4.261441023022657646e+03
3.590809264196808272e+03
3.277398005964410004e+03
3.547659195528826331e+03
3.268829840824476378e+03
3.365342153388004135e+03
3.126363604523558934e+03
2.225023009067235307e+03
2.794084978334597508e+03
3.299452302570365646e+03
3.316257311706644487e+03
3.480383412495423727e+03
2.276260524623222409e+03
2.496925590953642768e+03
1.714205302772459163e+03
1.644354265078012986e+03
1.034026591332588168e+03
1.673581440327497148e+03
1.804149760562064785e+03
1.666969695952908296e+03
2.249695987212034197e+03
1.075586260306708255e+03
1.102990443726591593e+03
1.703292283364681907e+03
1.763443231430812375e+03
1.542646296180217632e+03
1.022119250310880716e+03
1.016012226440704353e+03
8.183807086835897735e+02
8.863681091063276654e+02
6.962215597090390702e+02
1.164958740408919994e+03
2.364663051087896292e+03
4.307345311809267514e+03
4.008709812259567116e+03
3.486937122983356403e+03
1.483731714167783366e+03
2.280372265568958937e+03
2.226679808512425097e+03
3.588359433373708271e+03
4.438513877168101317e+03
3.357979603483012397e+03
4.461981751925084609e+03
5.034827764819604454e+03
3.050935239324717713e+03
2.564296819018551105e+03
3.075112711644771935e+03
3.022242319132755711e+03
1.910056912087564569e+03
2.378144291954248729e+03
3.453107473651085911e+03
3.809119372522812682e+03
3.442103268526581815e+03
3.034958895319594376e+03
4.180342242081937911e+03
3.773260566741023013e+03
2.441198253255201053e+03
1.167110335142981285e+03
1.023605609862269148e+03
2.826922564837382652e+03
3.656878390651800601e+03
3.880873755283548689e+03
3.945347602362402085e+03
3.907334152619796896e+03
3.387274817859567065e+03
3.400594540607601630e+03
2.862488485424235478e+03
4.745052160656400702e+03
3.733069612794087789e+03
4.687939276304763553e+03
4.095360696740317962e+03
3.566930961395652503e+03
4.658120006820899107e+03
5.944836618040170833e+03
3.549337990593023278e+03
2.512860387002238895e+03
3.380628937555743960e+03
1.891896488750112667e+03
2.420373258360959426e+03
