4.702159553463581688e+03
5.691322880274509771e+03
5.259710087732621105e+03
5.660235486041227887e+03
6.468893896281097113e+03
7.122154065207498206e+03
1.007421186698965357e+04
8.410655902371552656e+03
8.027795430742662575e+03
6.548968965386805394e+03
5.205212070694215072e+03
4.386778585621656930e+03
4.223508327538591402e+03
3.052043395811668688e+03
1.907837358282861715e+03
4.278758506679240782e+03
4.155114662891637636e+03
3.844707351673274388e+03
3.451341438458955963e+03
6.501721922743889991e+03
5.520453370273192377e+03
7.186826729790000172e+03
6.086797199143145008e+03
5.075030335959104377e+03
4.570402483113843118e+03
3.714376667054708832e+03
2.535486441990608455e+03
2.553377835656255229e+03
3.427969806250931015e+03
3.116333952048203628e+03
3.574465577045329155e+03
3.737398354417887731e+03
3.696771410224929696e+03
3.843545408439895255e+03
3.749274770962256298e+03
3.547072839577678678e+03
3.220669542675303546e+03
2.965909700684816926e+03
4.195937005090187995e+03
5.091865625154261579e+03
5.766027639526049825e+03
5.987255799727189697e+03
5.507305065056988497e+03
5.573095817174524200e+03
6.062802580926227165e+03
6.402997222679015977e+03
5.416771094414624713e+03
5.683888833564025845e+03
6.285253898058432242e+03
5.597090555486487574e+03
6.030940822548459437e+03
4.536298512087055315e+03
6.949835471034759394e+03
4.328044524716860906e+03
3.353490042426214586e+03
2.542536095760940043e+03
1.839345303096962198e+03
2.343823131827005909e+03
2.098193546985644389e+03
2.984306099365684076e+03
2.728486132191164415e+03
2.826411937793029665e+03
4.206373720570105434e+03
4.913401438255792527e+03
5.151840559089469025e+03
4.936778591802317351e+03
5.851014177490942529e+03
4.430021895595612477e+03
5.627956129105713444e+03
4.585661244271997020e+03
4.691505968562349153e+03
6.359219319824524973e+03
7.106194167905530776e+03
3.447408147067393656e+03
5.221834535428211893e+03
7.361396628722615787e+03
4.662612274679417169e+03
4.915882053540331981e+03
4.958223701405276188e+03
4.329276828799109353e+03
5.058384992739544941e+03
3.569067011299643582e+03
3.662390211817801628e+03
3.168059984987118241e+03
2.769077058932923137e+03
1.872014384839785407e+03
5.031043473565242493e+03
6.262493324336920523e+03
9.956638293278754645e+03
7.620942800130985233e+03
6.624504982983161426e+03
6.231512433230986062e+03
6.259293475874607793e+03
5.741766652508955303e+03
3.873731268676147920e+03
3.015298387825573172e+03
2.772268026905657734e+03
3.724594056145707782e+03
3.548943904949951502e+03
3.222774335210957815e+03
4.236206371885626140e+03
4.026336608693351536e+03
4.753744066456963083e+03
4.733510708826573136e+03
4.127663047310094043e+03
3.091639441625590280e+03
3.332338861176971932e+03
2.955674575798410388e+03
3.248388007601839035e+03
2.051583394124242659e+03
2.696597472235129317e+03
2.804153586213205472e+03
2.393084534278628780e+03
3.191331926241478413e+03
2.337977359265866653e+03
2.795701731071847007e+03
2.489752488925515081e+03
2.923929618690950520e+03
3.064071174111831624e+03
3.009166497570633055e+03
3.738819518975192295e+03
3.936034127433141293e+03
3.242079511959944284e+03
2.866327471529000832e+03
4.209327269202259231e+03
3.610778508324477116e+03
4.039726082489246892e+03
3.707924601910272031e+03
3.185609859133388909e+03
2.549340797227480380e+03
2.447773687449534918e+03
3.082430160731482374e+03
3.269166136081008517e+03
3.584251136520048476e+03
5.046764691058641802e+03
4.621206995466018270e+03
3.967177146258627999e+03
6.009490368708761707e+03
4.392936734345694276e+03
5.795040716311126744e+03
6.509780918486754672e+03
5.336189402687017719e+03
6.594163087185106633e+03
7.342289266964559829e+03
5.288993583532132106e+03
7.181129755528480018e+03
6.027985680570252043e+03
6.042676896866544666e+03
4.556083686209507505e+03
4.740088073450184311e+03
3.875540122041772975e+03
4.956723170771221703e+03
4.145240157519808236e+03
4.103636393489120564e+03
3.448450555125720712e+03
3.682883928711583394e+03
4.454018917408591733e+03
4.905518055857326544e+03
5.634249037023095298e+03
5.780440440924443465e+03
7.176631936745400708e+03
7.704963603844060344e+03
9.091330334064425188e+03
4.699560400488462619e+03
3.674740907243272432e+03
4.933748612983352359e+03
6.498794469217913502e+03
9.588434425218982142e+03
8.068197198696866508e+03
5.962588492269928793e+03
7.000278211523803293e+03
6.660196809992919043e+03
6.312844927279990770e+03
5.410537634762591551e+03
6.056139160863303005e+03
4.844783211240344826e+03
5.035518404403790555e+03
3.734433391765582201e+03
3.708495711365276748e+03
3.781572085786057414e+03
3.167463629970091915e+03
3.765035534076252134e+03
4.563968884540384352e+03
3.121761047005410092e+03
3.771357196343593387e+03
4.175093434075880396e+03
3.716387014134941182e+03
3.771155780753340878e+03
4.618781739439003104e+03
4.659013849725951331e+03
3.530244908050542563e+03
3.205126758244053690e+03
3.931576281429262963e+03
3.267096940970839114e+03
4.422748018992810103e+03
5.040717800951799290e+03
6.744622945688000073e+03
6.943843574977440767e+03
6.750686598735747793e+03
6.784713453349756492e+03
4.973876808862769394e+03
4.203828847111917639e+03
3.611586168059679494e+03
3.661908259421358707e+03
3.422089222058778887e+03
4.071207001991521793e+03
4.671552513424758217e+03
4.439598761835922232e+03
5.131763337499774934e+03
6.321407723469888879e+03
7.707792619320550330e+03
8.265153945047277375e+03
7.895636895405453288e+03
5.628526378486967587e+03
6.737409242188987264e+03
6.685445457642685142e+03
4.269898158649208199e+03
4.182004182537598354e+03
5.306237031028071215e+03
5.121707098869833317e+03
6.627435720895497070e+03
4.579572709119119281e+03
3.290587687842529249e+03
4.469772328125935928e+03
6.123604747057293025e+03
5.471068886481018126e+03
4.525934488596752090e+03
6.875388270120656671e+03
6.248811554084986710e+03
6.334616372952843449e+03
7.157948676916729710e+03
8.792165657043609826e+03
1.182189762064385286e+04
6.505923206646817562e+03
5.855665889016988331e+03
6.639523449161236385e+03
5.881902588450961957e+03
5.198200774644921694e+03
5.754768213791076960e+03
5.307080075035546542e+03
4.989778103925757023e+03
4.443889104820130342e+03
4.033822732686570816e+03
4.014174476019646136e+03
3.727814443079886587e+03
3.843335726866286223e+03
3.904370203588743152e+03
4.779974827998906221e+03
3.126959729175932807e+03
4.114018312146421522e+03
3.771200455518972831e+03
2.724747937591084337e+03
3.899521921578428191e+03
3.520181752186353151e+03
3.528410281575469526e+03
2.633663802439231858e+03
2.242142115926283168e+03
2.888773677575147303e+03
2.942523642257141546e+03
3.309347325480866402e+03
2.568053227379218697e+03
2.508675341760516858e+03
2.696962259948290011e+03
1.844786585626251281e+03
2.090677691063374368e+03
2.102010157666095438e+03
3.904679126098025336e+03
3.731570380445292358e+03
3.888497914850954658e+03
3.629359606854469348e+03
3.202520986369104776e+03
3.600831767349542133e+03
4.318238884642183621e+03
3.776566899951166761e+03
5.094823798916617307e+03
5.993371018422206362e+03
5.054469099207974068e+03
4.929908606923663683e+03
5.135492298600326649e+03
4.585381461454215241e+03
4.083134689521294604e+03
4.509561598946814229e+03
4.126594311474428650e+03
2.537001005182472909e+03
3.458521712884611134e+03
4.268083761391475491e+03
4.203900695157854898e+03
3.046163014156938516e+03
4.817355018426488641e+03
4.165103575985408497e+03
3.379260134766984720e+03
4.209036196908996317e+03
4.562434304570517270e+03
3.718398077624633970e+03
3.910388430149061605e+03
3.211182137671791679e+03
2.979269793824338649e+03
2.871708378569731394e+03
3.821846822501699535e+03
5.631583665837397348e+03
4.553127132222861292e+03
3.968030520074682045e+03
4.481477055890903102e+03
3.619516735171087930e+03
3.535383600581497376e+03
3.477420759548655042e+03
4.010490367059458094e+03
3.105768390678065316e+03
3.745901493519138057e+03
4.991765084880640643e+03
4.208833161455841946e+03
4.586202167391765215e+03
3.339927742336149095e+03
4.330897156855835419e+03
4.109034269598553692e+03
4.178048003127923948e+03
4.258256808558929151e+03
4.943277321142526489e+03
4.938947977675386937e+03
3.461977598517094066e+03
2.701751455330770114e+03
3.013448370114674162e+03
2.935186734123774386e+03
2.414956992628451644e+03
2.632934771525641281e+03
2.998354124863654306e+03
3.430102981952363734e+03
3.996779221460216377e+03
4.452130517895592675e+03
2.895778234459651685e+03
2.593634600305691038e+03
1.923021445394619377e+03
2.560150271163785419e+03
2.200362055561912257e+03
2.263664058215192654e+03
3.052863891503897776e+03
3.628465388559523490e+03
3.803177490809379833e+03
6.791964347300752706e+03
5.020826532352289178e+03
5.087118062185102644e+03
5.256506227581769053e+03
4.176557414183361288e+03
3.671091761533534282e+03
3.488184469226700912e+03
4.066429447804900519e+03
4.265150603647676689e+03
4.123924568258790714e+03
3.128374743876597222e+03
3.038096647487765495e+03
4.272165616910306198e+03
4.501908599382360990e+03
6.702913485972296257e+03
5.797793507814210898e+03
5.315664088747993446e+03
4.860299967414433013e+03
6.003162234623234326e+03
6.454655283657079963e+03
6.121047460787467571e+03
7.571018336464332606e+03
5.974401632319797500e+03
7.120629801453795153e+03
7.015829185533926648e+03
6.168201785984156231e+03
5.558142632382509873e+03
5.584363421501367156e+03
5.460776254727892592e+03
4.819343116165529864e+03
5.735415890726898397e+03
5.602108239815031084e+03
3.950720472424823129e+03
3.282059585373900518e+03
3.862792043361153446e+03
4.917957444866100559e+03
4.234924076130313551e+03
3.853933978197519536e+03
2.876137986190475658e+03
2.739026141214429117e+03
3.655756389470383510e+03
3.269227238100883369e+03
3.571231549383694073e+03
3.801936762896531945e+03
2.497939119318772100e+03
2.319687845137634213e+03
2.858339045653041012e+03
2.687807769520980401e+03
2.393774757119167589e+03
4.024988309566286716e+03
4.001900358653739204e+03
4.464716068590966643e+03
4.711053807623870853e+03
3.677748782951886369e+03
4.014100216779894254e+03
3.850659472260161238e+03
3.120987024484032645e+03
5.201919854662329271e+03
4.553176013934109505e+03
3.333012203893660171e+03
3.859444280314544812e+03
3.457559686999128189e+03
3.504910456032871480e+03
2.533657014894751683e+03
2.528846255109187041e+03
2.707566607601014312e+03
2.555188936661019852e+03
2.748553405827112329e+03
4.566292377128690532e+03
4.881151597221937664e+03
4.573002718584710237e+03
3.143913050280580137e+03
2.663806086069983849e+03
3.913935582807218452e+03
4.322567711644125666e+03
4.588169047173101717e+03
3.846654314750103367e+03
3.976626004784277484e+03
5.709921403131533225e+03
4.625268114167657586e+03
2.842844767540535031e+03
2.172998029266894264e+03
3.190576943142307755e+03
2.462519718904502497e+03
3.385182541239300917e+03
4.010408789177934068e+03
3.581893487103433927e+03
3.631531961168006092e+03
4.664849769697257216e+03
5.930396534979404350e+03
4.363893820851754754e+03
4.855823810768418298e+03
5.012320184250738748e+03
5.013349293688345824e+03
5.917081425204120933e+03
7.020515170056377428e+03
5.531962128900446260e+03
5.368325563169741145e+03
6.296698391070170146e+03
5.538839608588111332e+03
6.074229898358812534e+03
5.421356937792577810e+03
8.044385252088261950e+03
7.558752849737039469e+03
7.695649263363982755e+03
6.492091762750997077e+03
8.415273712413640169e+03
7.276219498760885472e+03
1.063807102502575071e+04
9.233412165694429859e+03
7.979886791119376539e+03
9.931763467661017785e+03
9.867950131392333788e+03
1.038710371213514736e+04
7.596497576132752329e+03
8.954424745221418561e+03
1.015803951677523037e+04
8.301457649442318143e+03
9.291495801111534092e+03
8.907747632495626021e+03
7.987837768565300394e+03
7.754235795695076376e+03
8.701495036427988452e+03
8.744695597413314317e+03
7.626790607558284137e+03
1.035908218842008137e+04
8.157740436873154067e+03
7.303593378170749929e+03
5.685253970972728894e+03
4.589730183946217949e+03
5.999253989604831986e+03
7.348396457980887135e+03
6.110710374257401782e+03
5.160913446164029665e+03
6.303128163895608850e+03
4.021456399441057329e+03
5.080953476932509147e+03
4.098027652915054205e+03
4.243199359994005135e+03
6.371520350781634079e+03
5.144707691651330606e+03
4.687468850127896076e+03
4.578361669074374731e+03
6.307868687050630797e+03
6.088593391325393895e+03
5.627976536544468217e+03
5.728067089066897097e+03
6.512769298435126075e+03
4.861251578627809067e+03
6.117774653325271174e+03
4.661578562370477812e+03
4.864290763708276245e+03
5.022729144960849226e+03
3.383424292397733552e+03
5.515994843465120539e+03
5.543603275600768029e+03
