3.261272483137150630e+03
3.597857343694179690e+03
3.128249044315496121e+03
3.188528192611528993e+03
3.692591979394193459e+03
3.725336160991793349e+03
2.336125919576119031e+03
3.674934992632348894e+03
3.587494875773320473e+03
2.856293464744192079e+03
3.845264505019405078e+03
3.849889041195326172e+03
4.258845937221745771e+03
4.012262899830551760e+03
4.899448543302190956e+03
3.716425232706241331e+03
2.869324733497617217e+03
1.546714132785529728e+03
1.210535964179710163e+03
7.830253995030357146e+02
8.594841523954906961e+02
8.093864897486647578e+02
5.848793982945861671e+02
7.116079746645568775e+02
1.687147284570587544e+03
1.985707971790304100e+03
2.497978580194755523e+03
3.939529562410759809e+03
4.033286597651791908e+03
4.819451341338170096e+03
4.657468584037664186e+03
4.745379789552021066e+03
4.604311562507152303e+03
3.862058053782890966e+03
3.957693403284583383e+03
3.868850114451076024e+03
3.494628965306018472e+03
2.785412642396241608e+03
2.073299974647876752e+03
1.846155012288376611e+03
2.084287084225979015e+03
5.964785929256668169e+02
2.731823695714349014e+03
2.234344901830641902e+03
1.367023751711573595e+03
1.736996020821747379e+03
3.058217573099529545e+03
4.076202376705355618e+03
3.221101957222206238e+03
3.577126138029539561e+03
2.241048190663847890e+03
2.355798854319014936e+03
4.370399968686967441e+03
7.476148348254148004e+03
6.456780723357764145e+03
5.772173044578103145e+03
5.656967490257491590e+03
4.418295910143708170e+03
4.555113620653237376e+03
4.385819372165738969e+03
6.141431420948141749e+03
5.240719921495090603e+03
4.689052766603505916e+03
5.813378513521705827e+03
4.465108809237906826e+03
4.961081746535859565e+03
4.366456338296155991e+03
3.165733082572966850e+03
4.514094285840811608e+03
4.278477732256653326e+03
3.171161994187495111e+03
3.246564303914093671e+03
6.882546202373775486e+03
4.232162113560171747e+03
5.002506070415639442e+03
5.473324985085847402e+03
3.231036034172174823e+03
2.116189186721996975e+03
1.981720184867750959e+03
2.814402993337946555e+03
3.925810418695957196e+03
5.239075327415946049e+03
5.763305622948777454e+03
6.431644869676130838e+03
7.881431153522527893e+03
8.937577339432906228e+03
8.283678022295694973e+03
2.976098659683430924e+03
4.016116137851651274e+03
3.313419648753484580e+03
3.286180619425829263e+03
3.902694462906595618e+03
3.529184130177552561e+03
3.706901040849150377e+03
4.230031008574516818e+03
4.069031287606142996e+03
3.299713788822249171e+03
4.907937784328298221e+03
4.727373228252819899e+03
4.229756039094746484e+03
3.334929264671980945e+03
3.687280101225411272e+03
4.290778155803035588e+03
3.198612592275439511e+03
3.749725551407267176e+03
3.851904320295281195e+03
3.353525686681504794e+03
2.724565218834136431e+03
3.449635818915280197e+03
3.732400039867937267e+03
4.087427487455291157e+03
4.951683757793714904e+03
4.849699595669489099e+03
4.617544818239164670e+03
4.817807056027383624e+03
3.134209237143695645e+03
3.742341512905398304e+03
3.453403817033014093e+03
1.876070424447330197e+03
3.869522898075158537e+03
3.848835331915374354e+03
3.490847681879942684e+03
3.903967532193667921e+03
5.683852052614068270e+03
5.158908273969470429e+03
4.870351176886411849e+03
4.720218229599489860e+03
5.035356846337252136e+03
6.077673041360745628e+03
5.334051880279964280e+03
6.475434069218866171e+03
4.872366760342360976e+03
2.962113658968566142e+03
5.270739041703242947e+03
4.102762781399624146e+03
3.211528506758023923e+03
3.984479483208971942e+03
3.669287083702366999e+03
5.286176378883075813e+03
5.076376570098133016e+03
3.380752071566166705e+03
3.332275467502239735e+03
4.238074131011908321e+03
6.110753568171518054e+03
6.102623370826973769e+03
7.116129451140795027e+03
6.176988167120545768e+03
5.459996111031927285e+03
5.468131783084899325e+03
3.515262239835981745e+03
2.860373584931618552e+03
1.921080189858777658e+03
1.945275644916787087e+03
1.167850837954620147e+03
2.002229708346814050e+03
1.928044586906104087e+03
4.482475361187395720e+03
1.949083541629009915e+03
2.547902049458402871e+03
4.772578690979913517e+03
4.497516048660793786e+03
3.933976201367951035e+03
3.042844684621139550e+03
4.063539583049942394e+03
3.226824847413830867e+03
3.853585693028780952e+03
3.216469750406991807e+03
2.728792353985978934e+03
2.814943183284789939e+03
2.664362875875250211e+03
4.208484658694565042e+03
3.988448559598849897e+03
4.693559044884646937e+03
6.298126698069725535e+03
3.448557866889162142e+03
4.218457082204500693e+03
4.600910658388200318e+03
3.990020673816299222e+03
4.092327458894998472e+03
3.585533977973845595e+03
3.748090501259167468e+03
4.442944942854781402e+03
5.323248401578492121e+03
4.309024227707606769e+03
3.676901841956470435e+03
3.760703006161762914e+03
3.866549000953099039e+03
4.432524389327164499e+03
3.187334207927468924e+03
4.560150349545623612e+03
4.572867810880989055e+03
3.319067321840255772e+03
3.365689613953641583e+03
3.491428477211703012e+03
3.569046424822144218e+03
3.197686995856846806e+03
2.423124384029027169e+03
4.223114847081536027e+03
1.701215743422480955e+03
1.596106545081711829e+03
7.649042716621107729e+02
1.016818301349024637e+03
1.807565418945383499e+03
1.813423428364830443e+03
6.748013103399022157e+02
2.957790892725196045e+03
3.776624546147096225e+03
2.255946318712957691e+03
4.757596245596295375e+03
6.333667951709899171e+03
5.411126236692613020e+03
4.536122077937153335e+03
3.389286545476826632e+03
4.640170306715659535e+03
6.861746259130797625e+03
4.521038470621686429e+03
4.792629957136489793e+03
5.031251185857755445e+03
5.369256227348748325e+03
5.326736327985646312e+03
5.303403363919672302e+03
3.692783241854237531e+03
5.265968782565763831e+03
3.560262920558256610e+03
5.849474139063110670e+03
3.032630777625193332e+03
5.698606822099864075e+03
5.451901378514465250e+03
5.614508931528980611e+03
5.259772147086883706e+03
2.946985840795664899e+03
4.563043560577960307e+03
4.909013991086326314e+03
3.193925884575763575e+03
4.750672410041988769e+03
4.158881140084537037e+03
4.583521380756896178e+03
4.383087640735269815e+03
5.091055948829366571e+03
3.001237345631014705e+03
2.633109135522301131e+03
3.519605639329256519e+03
3.585609991826631813e+03
2.675910797857768102e+03
2.540748954060213691e+03
4.931360758176974741e+03
3.592816266455943605e+03
3.238087231790025271e+03
2.976892803720002121e+03
2.654161972806453377e+03
3.575535259424321794e+03
2.934833097942331278e+03
2.742598377661367977e+03
2.340914030145636843e+03
2.927675865807502760e+03
2.140028546520709369e+03
2.677284606231024100e+03
1.639522708246462344e+03
2.159582774042029087e+03
1.637341632496435977e+03
1.501355948612088469e+03
1.315799582658340114e+03
1.821611364383278897e+03
1.872179998452849532e+03
9.185251511765421810e+02
1.390757426848656678e+03
1.159193665091458570e+03
1.269572520200325016e+03
1.346381832995195964e+03
1.625665416262250801e+03
1.480352431790221090e+03
1.172813450361532432e+03
1.507429439841444719e+03
1.907392863105288598e+03
1.263737728672107778e+03
9.949872423994362407e+02
2.186081963784073650e+03
1.818304890427397595e+03
1.540613677084669234e+03
1.673956072694802515e+03
1.504486901785857981e+03
1.266150237324616228e+03
1.354916979208475368e+03
2.195062930208664966e+03
1.581823188222594354e+03
2.042913489318326810e+03
1.266642490000861471e+03
1.572698280606935668e+03
2.311637643682374346e+03
1.596452368143653757e+03
1.018915101907957478e+03
1.468103228681107566e+03
1.589883701002883981e+03
1.034561939634102146e+03
1.233476264292299675e+03
1.076392313240110070e+03
1.929664589183151065e+03
3.286988078308286276e+03
2.944774569417735165e+03
4.241485354496650871e+03
3.633181380768171948e+03
2.764609205470620054e+03
3.143634364009870296e+03
3.609781877939607057e+03
2.743891447952269118e+03
3.184305313125653356e+03
3.491604647293593644e+03
3.952055976097883104e+03
4.138045048009868879e+03
5.551731633056901046e+03
4.038881039575432169e+03
3.419947408143900248e+03
3.165597631604421622e+03
3.532276735914902474e+03
3.229925439900043330e+03
2.767981354914623353e+03
3.391878233906195874e+03
2.346360129132653583e+03
1.351648330886772783e+03
1.914773922302784285e+03
4.519995092843532234e+02
3.210281798286661797e+03
4.195000566299339880e+03
4.837257232567889332e+03
4.361684942997254439e+03
4.457147158667584335e+03
4.957676407103408565e+03
4.367189385835196845e+03
4.518290866321571229e+03
4.569224991352813959e+03
5.013716945988807311e+03
3.054599501798151778e+03
1.311822375551172854e+03
3.202501746245126924e+03
4.360318243137689024e+03
3.118797571506522672e+03
4.161774824173165143e+03
4.069647810791797383e+03
3.298594258087944127e+03
5.099402372781621125e+03
3.787476728779807218e+03
2.875423468873491402e+03
3.092024533874136523e+03
3.780790161131306377e+03
4.209845232213690906e+03
3.835951298485127609e+03
2.785890128268136777e+03
3.612157266306777274e+03
3.341951023928749237e+03
3.998489846388813021e+03
3.600435967320073360e+03
3.844706990443372433e+03
3.024521758514074008e+03
3.306009861188760624e+03
3.695452873610010101e+03
3.895067470811220574e+03
2.906733734595860824e+03
2.104569948411166024e+03
1.776572252383708019e+03
1.567724770959193165e+03
2.392355791998462337e+03
3.480328025399674516e+03
2.692990681130390385e+03
4.093206237948340913e+03
3.558057922138803406e+03
2.855677269313947363e+03
3.207646809050962020e+03
2.123281885106418940e+03
1.903553507565078689e+03
2.821068483922898395e+03
3.262939185019016804e+03
3.952990500375846295e+03
4.214823295436255648e+03
1.981735057157430447e+03
3.907470427671149537e+03
4.123827862500527772e+03
4.520258375268283089e+03
4.444146775898349915e+03
4.275836304633190593e+03
4.749410001013145120e+03
5.611235638360917619e+03
3.657042539074863726e+03
2.846709880330940905e+03
3.668245956501860292e+03
3.735050692377586984e+03
2.917628909311513780e+03
4.219878202109392078e+03
5.827434734974721323e+03
5.000629767240894580e+03
5.134097994404199198e+03
5.348360092159511623e+03
4.437453037128132564e+03
3.309753982756025380e+03
4.334779685068145227e+03
3.569047931960558799e+03
3.627247669212946676e+03
3.242204372839323241e+03
3.929458612232405358e+03
3.399579902927955118e+03
2.311532545808050600e+03
4.697737836341710135e+03
2.475230546687379046e+03
3.371781677671353918e+03
3.672450154051296522e+03
3.742287689542825319e+03
2.692883542346216473e+03
2.985712539467964689e+03
2.739921713847057617e+03
1.813678607387625107e+03
1.732165262851242915e+03
2.262268584434455079e+03
1.788194971875797137e+03
1.651702943818060021e+03
3.931470710209158369e+03
2.352119205362754656e+03
2.400455150299613706e+03
2.854965904882606537e+03
5.196710350723855299e+03
3.561087093307433406e+03
3.673422476086971528e+03
3.646432219154281938e+03
4.840199231349011825e+03
2.804446661476288682e+03
2.020321540713156082e+03
1.672316871838649604e+03
4.453704722317201231e+03
5.760431701761722252e+03
5.332240606984554688e+03
4.955794063271798223e+03
3.864559882630821903e+03
2.514260983708211825e+03
3.142759944541732693e+03
2.943632148438534387e+03
2.493135572715202215e+03
3.389736780313850886e+03
2.865018658147679616e+03
2.001056754532640753e+03
1.814813090926972563e+03
2.030662938973839800e+03
1.597405840100809655e+03
1.968492230672085725e+03
3.223616418482020435e+03
3.460250346866813288e+03
2.851781665923587752e+03
3.744810233491366944e+03
3.500899199469996347e+03
4.315097811322892994e+03
4.278360087795584150e+03
2.836715135742208986e+03
1.856547682794311640e+03
3.630296098792041448e+03
4.277170384972837383e+03
4.926178962202281582e+03
3.989783875980383527e+03
4.527872129486872836e+03
5.004056197759889983e+03
3.982601088520027133e+03
2.756039799522313842e+03
3.532779344072769163e+03
3.518992216308380193e+03
4.173025801763838899e+03
3.972980989946515365e+03
4.768842064519310043e+03
4.641525723458779794e+03
4.998105705548300648e+03
3.319280134998628910e+03
2.366234793645540776e+03
1.443353683601978219e+03
2.379282643184895278e+03
1.868751971807939299e+03
1.196967550905397502e+03
1.047970304526557356e+03
1.219418945878027898e+03
1.460416708262790280e+03
1.818315964437433649e+03
2.770417103725165816e+03
2.947543257417426048e+03
2.616763748052977462e+03
1.307850640350784715e+03
1.476861597292356237e+03
1.483393487071028176e+03
1.564331804960365844e+03
1.216509565606832439e+03
1.127926227997799060e+03
1.483903075825097403e+03
9.364250089654935891e+02
9.141012441481342421e+02
9.729305890882375252e+02
1.933276504620980859e+03
2.247463131095433710e+03
1.589880827548324078e+03
1.646157989091057516e+03
1.405271205268575159e+03
1.800112748088859689e+03
1.903029487510983472e+03
8.035074344070093275e+02
7.567919566158794851e+02
9.450553154651038312e+02
1.628241193647641467e+03
