1.720244765381782372e+03
1.681991552062570918e+03
2.053659723008142919e+03
2.280204852156164179e+03
2.183812626078391077e+03
1.719548475453683523e+03
1.823797496062252321e+03
2.335421206908143631e+03
2.373861217606553055e+03
2.432792538164438156e+03
1.946943139331492603e+03
2.258951078189634245e+03
2.291304095394335945e+03
2.481251172053971459e+03
2.327792154420045335e+03
1.534653167380676905e+03
1.122843987824446003e+03
1.246070598769422759e+03
1.295300198878138872e+03
1.223098594918498975e+03
1.707363665730060120e+03
1.310093659821021447e+03
8.130718660305914227e+02
9.590140333064102833e+02
9.056553594175425133e+02
1.653411838739376890e+03
9.377269481923289050e+02
9.826724658387029194e+02
8.250560576488126117e+02
7.646206933208528653e+02
9.480547695116013074e+02
7.465363556347786016e+02
1.128737537473007023e+03
8.771166546580196837e+02
9.009234821628767804e+02
1.204432270947660527e+03
9.497353979621753979e+02
7.867565733341839405e+02
9.834306518172139704e+02
2.078905373700078144e+03
2.041091747116271563e+03
3.465644624586199825e+03
3.113206199748625750e+03
2.384246504814455420e+03
3.050389603521697609e+03
4.003595390058897465e+03
1.900119297715713401e+03
2.324139597350708300e+03
2.683869618983741930e+03
2.463212856225792621e+03
4.321389524241984873e+03
2.581421215774642405e+03
2.819344573391743324e+03
2.200941025398663442e+03
2.741094273287343640e+03
2.095577537240629226e+03
1.731208693837842929e+03
2.038653424338242985e+03
2.842659639632405742e+03
2.276516428175154033e+03
2.668479020104255596e+03
1.215121680133042219e+03
2.805914735521955208e+03
3.798647786801452639e+03
2.288973528459386216e+03
2.282699441785046474e+03
1.677526743921993784e+03
9.840052747359129626e+02
2.225825625783765190e+03
2.109121400133452426e+03
2.134012041990575199e+03
2.629788053686028888e+03
2.456707144012663775e+03
2.259461017461412212e+03
2.646410453625378068e+03
2.981000045227022383e+03
3.051846724419391194e+03
2.977314775202579767e+03
2.477830106331566185e+03
1.839676854235473002e+03
2.209855286841419456e+03
1.981758636103899107e+03
1.452436541062358174e+03
2.104462039583535443e+03
2.473878180046610396e+03
2.605573888158523914e+03
3.269925716421271318e+03
3.143531594833425061e+03
2.623756582764709947e+03
2.715054706760548470e+03
3.267468755373747626e+03
2.830088648645415560e+03
2.773608274170014283e+03
2.892474436337011866e+03
3.350053911945670279e+03
3.047408054915922548e+03
3.026428055862761994e+03
2.105398451558398392e+03
1.710808820504812502e+03
1.243577468607674518e+03
2.801666179840672612e+03
2.631981067156983045e+03
1.807858475682239714e+03
2.233702880762296900e+03
2.247497236916397014e+03
2.292426163171337976e+03
2.002187295300567030e+03
2.077492581229051666e+03
2.326412693897136705e+03
2.203326204024026083e+03
1.824412141425513255e+03
1.236409745608707226e+03
1.332959414455508750e+03
1.298912527703248088e+03
3.006485609355364431e+03
2.366420933673433865e+03
1.938405757489777443e+03
3.139773304843963615e+03
1.806813436852589803e+03
2.159825213099008579e+03
2.620471105083989187e+03
2.428238572127532279e+03
1.958051479411376704e+03
2.079203962042447984e+03
1.679549373236487327e+03
1.668738875435721638e+03
1.818945192050273590e+03
2.659471448374886677e+03
2.503257353792936101e+03
1.979382600562743619e+03
2.459457575641918538e+03
2.692794480385727184e+03
1.658232275262041867e+03
1.658964910736681304e+03
1.834383684031909070e+03
1.999156915826391014e+03
1.591607972741163394e+03
1.329156846383405991e+03
1.743271626178633596e+03
3.037556999865480975e+03
2.750517287873898567e+03
2.704753590245948089e+03
1.822038585738072925e+03
1.953851752594058553e+03
2.041566784333228270e+03
1.770197547945903807e+03
3.202773353822503395e+03
2.376855135816790607e+03
2.283978981391733214e+03
2.032036700506799434e+03
2.317580417491621120e+03
2.514091472196441828e+03
2.576199322433993530e+03
2.390268622938286171e+03
2.011754344280598161e+03
1.796854181968808462e+03
1.999020204646684533e+03
1.869796106378507375e+03
2.007760732374134022e+03
1.949437305236072916e+03
1.349109553500267793e+03
1.941395399674735472e+03
2.681900227255817754e+03
3.224601342284124257e+03
2.916772000167149145e+03
2.943516739966180467e+03
3.167559603625594264e+03
3.249781140903839059e+03
3.511428182287360414e+03
3.195153970676611607e+03
2.401633053064725573e+03
1.924788954775324555e+03
1.663692029270804596e+03
2.434277750865826874e+03
2.540262767246652857e+03
2.395235005011061730e+03
2.725498441852636915e+03
3.476843565065660641e+03
4.182777212725526624e+03
2.019414685924871037e+03
2.398700824059528259e+03
1.127547093726195499e+03
1.030321538838332344e+03
1.029081832442331233e+03
1.150650628412532569e+03
3.643166680179840114e+03
3.490118091745761376e+03
1.835307774584527124e+03
1.972609292654429737e+03
2.193191824951652052e+03
2.213596956961830529e+03
2.850917514122229477e+03
2.006953521528934061e+03
2.269718456173618961e+03
1.283497904484946275e+03
1.536467227986199759e+03
1.724982505645720721e+03
1.423294142906406933e+03
1.919843990166282993e+03
1.849728700112100341e+03
2.078856053914453696e+03
2.480586205213962785e+03
2.330859458236866431e+03
2.426701494499055116e+03
1.774661692335885391e+03
2.264649421215085113e+03
1.813537122241264115e+03
1.461659342527720355e+03
2.119803538747413313e+03
2.397386075948540565e+03
3.521102338438407514e+03
3.912555723890261106e+03
4.407358471971558174e+03
5.205656288965483327e+03
4.259762513023394604e+03
3.571345105410794531e+03
2.803129539056392787e+03
2.438979296154058829e+03
1.979886182034259036e+03
2.229364323542289185e+03
1.840580771274072049e+03
1.662207607266332616e+03
1.545812634554132273e+03
2.471365292421188315e+03
2.669189356994210812e+03
2.958841816324963020e+03
3.342146914486170772e+03
3.533012311621862409e+03
3.316594168118283960e+03
3.362889273462378696e+03
2.847445990313966831e+03
2.510551191384988215e+03
2.510124551141955180e+03
2.792480525165195559e+03
2.501238344464633428e+03
3.446811031018494759e+03
3.373508141075449657e+03
3.674380516024638837e+03
3.231997268049164632e+03
3.629629580214602356e+03
3.092035131352962253e+03
1.746582732984110180e+03
2.125142206596849974e+03
2.769535458367182400e+03
3.409033743033131941e+03
2.589986574102196755e+03
2.863561326231004386e+03
3.490529778773427552e+03
1.996598469279247865e+03
1.821614832923586619e+03
1.868237687011543812e+03
2.186353497749603321e+03
1.991033899220429475e+03
2.713965867974544381e+03
3.202651056257563596e+03
3.445274887340990063e+03
2.815032720884611990e+03
3.367517486360499788e+03
3.797637328150059602e+03
3.029671397769108353e+03
2.910879972941856067e+03
2.595711863239463582e+03
2.516898662095714826e+03
3.143406578892701873e+03
3.248180147013619717e+03
3.169552759293229428e+03
3.023007466762509011e+03
2.497947691864948865e+03
1.306981693608949399e+03
2.644340287064048425e+03
3.557493810341246444e+03
3.548585206575218308e+03
2.815489222617666201e+03
3.742292212999624098e+03
2.842710341438127216e+03
4.601503495238073810e+03
1.722147815981299345e+03
1.712351830057805728e+03
2.485635162540518650e+03
2.972085670123200998e+03
2.304349034705071517e+03
1.917595234842597392e+03
1.650304896421979493e+03
1.786581741230856323e+03
1.782545352145052902e+03
1.575502382061040180e+03
1.600739856879152740e+03
1.684985960614664691e+03
9.649537086959562657e+02
7.664344614287392687e+02
9.248593361513261470e+02
1.143302410386553902e+03
1.867214828305591482e+03
1.532840402546021778e+03
3.654326352413409495e+03
3.789225620448438804e+03
4.374131578420046026e+03
4.903806220995660624e+03
3.289290053824499864e+03
1.989843410672125174e+03
2.329395222064380505e+03
2.675393213309152998e+03
2.980797119361860950e+03
3.759521577225543751e+03
5.147996184919161351e+03
4.256794756191251508e+03
4.026767739394156251e+03
5.005914643886148951e+03
4.822296565661145905e+03
4.031203563884410414e+03
2.292065120413872592e+03
2.822828851601565020e+03
2.240935238577922973e+03
2.178182997560442800e+03
1.104151411707106718e+03
2.189787050001999432e+03
3.132374825241361577e+03
2.623055568438816863e+03
2.869319987713196042e+03
1.997369391318154385e+03
1.575800836308460475e+03
3.453108000453358727e+03
3.029448206887197102e+03
2.919386796802681602e+03
2.495549841186235881e+03
2.268979799164133055e+03
3.745586802936182266e+03
3.824644235850481891e+03
2.956376445330798106e+03
2.709595821807687116e+03
1.959991059032344765e+03
2.023124996248165644e+03
2.187397927512314709e+03
2.188900225996412246e+03
2.196461757070708700e+03
1.934237336079230545e+03
1.790765731576996586e+03
2.667124266402725425e+03
2.630038266432058208e+03
2.505355344291348047e+03
2.349648633308777335e+03
2.580118471567406687e+03
2.840082286175087120e+03
3.325258200236391986e+03
3.352121884807257629e+03
4.966757320083649574e+03
5.287761863618362440e+03
4.707563296516558694e+03
4.379841296636306652e+03
2.543829973314887411e+03
2.871808631662120206e+03
1.622856665553137418e+03
1.509832963203490181e+03
2.102103607600609394e+03
1.835244279405489578e+03
2.000351856439823223e+03
1.940235135080495184e+03
2.311801398296701336e+03
2.381877463538691700e+03
2.184549379162954665e+03
2.317744612203958695e+03
1.743970646101314742e+03
1.858539837266069071e+03
1.347514134549266828e+03
1.285170476758111135e+03
1.018541354507793585e+03
8.143521631791054460e+02
1.358257220024368053e+03
4.440855699593347708e+03
2.913667740024219711e+03
2.867169906857394380e+03
2.783567437416060329e+03
2.338445542055151236e+03
2.038917164245881850e+03
2.018992008586703832e+03
2.044624792047424080e+03
1.919519227435668881e+03
2.086790433875317376e+03
2.468172289790853029e+03
2.922549723948069186e+03
3.051556457504045738e+03
2.937351605322088744e+03
2.942391222060290602e+03
2.335651230242208840e+03
2.852948963434602319e+03
1.697416901429638528e+03
1.808463842750531285e+03
2.043996587566401331e+03
2.108140550800425444e+03
2.167015463198231828e+03
2.670939913484988210e+03
3.002362413110257421e+03
2.409527535742861801e+03
3.087160233682703165e+03
3.467250767536506828e+03
2.217477089958524175e+03
2.094183460314754484e+03
1.896177983760815323e+03
1.805983784304282835e+03
1.653400542281537128e+03
2.625344264108398420e+03
1.641426456449023590e+03
2.205917235639070896e+03
1.251038262985247002e+03
1.848548283779299481e+03
1.448100512807049881e+03
2.499976502982026886e+03
1.606860362568433629e+03
1.162744703002051665e+03
3.833393304500909835e+03
2.663613342183296936e+03
2.162764281406291047e+03
3.023142911459648531e+03
2.726724119507346586e+03
2.856592922072830788e+03
3.152418266710641547e+03
3.781751005306530715e+03
3.476345227175604577e+03
3.063512430408074579e+03
2.499621430718400461e+03
2.496394047636340019e+03
2.753887321508088462e+03
2.347770177890370178e+03
2.741277549580836876e+03
2.296396825450377492e+03
2.042203470958382468e+03
1.912873175651566271e+03
1.636490397129867688e+03
2.710930219611217126e+03
2.415459767101070156e+03
2.509123819407667270e+03
2.347732876452651453e+03
2.801537528862120325e+03
2.901213731836237002e+03
2.187601470741277353e+03
2.803387872873795914e+03
3.031883924125148042e+03
1.782194119911541293e+03
2.122030066081776567e+03
3.110222916380638253e+03
2.385022342126884269e+03
2.646591864221459673e+03
2.271570834733465290e+03
2.054992318957727093e+03
2.735435014935741947e+03
4.053613804019801137e+03
2.996754373124540507e+03
3.348519225080124215e+03
4.119908232945039344e+03
3.834753972032243382e+03
1.849643021800467977e+03
1.695771641302172611e+03
1.760352397271432437e+03
2.726605678220418667e+03
2.743565822982735881e+03
1.980975593492328926e+03
1.950341742609638914e+03
2.735091504856693064e+03
2.196502680546234387e+03
3.264755576330147960e+03
2.068619179040405925e+03
1.726911631548477772e+03
2.204962317787418215e+03
2.208571695611172800e+03
2.173957052253934307e+03
1.605620489288068711e+03
2.207887402538946844e+03
9.670474871598867139e+02
2.065033947691399135e+03
2.401609838076845335e+03
1.896322237409424815e+03
2.181708631518843049e+03
2.866981097053767826e+03
3.665267654137131103e+03
3.334905119767553970e+03
2.961080527035808245e+03
1.982672939258762653e+03
2.139152009928433017e+03
2.315106371755676264e+03
1.897986504439394821e+03
2.341237704310536174e+03
2.576725338294993435e+03
1.900392568197119772e+03
1.024966237657904458e+03
1.121284215026453012e+03
1.113221050276778669e+03
9.728044697444606754e+02
