2.347450515923674175e+03
2.795200768407438773e+03
2.677746334223764279e+03
2.787893845280671940e+03
2.207055118350273005e+03
1.313929031648832506e+03
1.553652396507481626e+03
1.314567398334478867e+03
1.551905131815032291e+03
1.390773775118656204e+03
1.284451786765320094e+03
1.910850108256662224e+03
4.159453493940881344e+03
2.973047498241338417e+03
3.982938421950255815e+03
4.554282201419132434e+03
4.525162459565188328e+03
3.278600777582220417e+03
2.749432904610783680e+03
3.090611500727909061e+03
2.798174079359031566e+03
3.412129927272617351e+03
3.212069478796277508e+03
2.794670589829381242e+03
3.345051664170746335e+03
2.050202943087004769e+03
2.678946717220757364e+03
3.100928457058415916e+03
2.670879218274044433e+03
1.513486949496814759e+03
2.290734679960764424e+03
2.887315458375390790e+03
2.864061609348879301e+03
2.596649560845250107e+03
3.304702133313280228e+03
3.151251687074016900e+03
3.266153603382208985e+03
2.099619226370250544e+03
2.156665815718383783e+03
2.514483335264667858e+03
2.705200023815612440e+03
2.267278662985931078e+03
3.261502005092779200e+03
1.817585133873374616e+03
2.717371553671162474e+03
2.569119887012005165e+03
3.147975779997336303e+03
3.431655542181255441e+03
3.685927488667083708e+03
3.936187208933802140e+03
4.745368733154488837e+03
3.399883744080908400e+03
6.265390636498396816e+03
3.183729492124793524e+03
6.511427060208303374e+03
3.575266851736663284e+03
5.787151455990314389e+03
5.482313031225869054e+03
3.720316509329591554e+03
3.662330463899637834e+03
2.235530219308323467e+03
1.738409875271954888e+03
1.272424329644752788e+03
1.479459163023904466e+03
1.761323504893919107e+03
2.356885766706855065e+03
1.569819090716923256e+03
1.546898113971890780e+03
1.739622829754526720e+03
2.297122314984861987e+03
1.873226350292673487e+03
1.857714539354747103e+03
2.048861595735147603e+03
2.598104224320316916e+03
3.384864522491604021e+03
2.577966501871150740e+03
2.777352697024388362e+03
3.142330720197421215e+03
2.616486924416256443e+03
2.254324112213702847e+03
1.819975406811482344e+03
1.843883653596807562e+03
1.750640075464149959e+03
2.035772970218785986e+03
2.413482278905310523e+03
1.772064238030848855e+03
1.853079335145182313e+03
2.422388345320393910e+03
2.083908010405640653e+03
2.933818129682982999e+03
4.437942880357745707e+03
2.403800416544458585e+03
1.952732141329374826e+03
2.615796984218527996e+03
3.252558856881376869e+03
2.262308275037298699e+03
1.389930975789462764e+03
2.121841072369354606e+03
2.327978034155694786e+03
2.134642170886303120e+03
1.491648601617963777e+03
3.726297709928316181e+03
4.997626004504018965e+03
2.938291641677450571e+03
3.683800529952525721e+03
3.399883381054049096e+03
3.703457783932051825e+03
3.591603314253691678e+03
4.619388943909500995e+03
3.772521323851990473e+03
5.090035797185867523e+03
3.893999235323722132e+03
3.133792919072714540e+03
1.894231245710216172e+03
1.955307547416046418e+03
2.395410907876939291e+03
2.130488962008117596e+03
2.105058694003819255e+03
1.837704027574201291e+03
2.692574478987211933e+03
1.846331204503919253e+03
2.587581863682795301e+03
1.683253064905815108e+03
1.651661155652925572e+03
2.171016628504534765e+03
1.960199737300977176e+03
2.864068382281464437e+03
2.001302749241834363e+03
1.481393072772376627e+03
1.703950487355665473e+03
3.062880442027183562e+03
3.803239419156650456e+03
6.629346913400426274e+03
3.158802303900613879e+03
3.580026929431597637e+03
3.168805966243787680e+03
4.074352896130065346e+03
3.826209474444428452e+03
3.509004571133111767e+03
4.787236736977928558e+03
3.693850781426145204e+03
6.118871584441108098e+03
3.211034794021395101e+03
4.581012807419889214e+03
4.543787783059107824e+03
5.050995458927256550e+03
5.384581619600176964e+03
3.670431721039116837e+03
5.541828914800004895e+03
6.116257449380553226e+03
3.129557978852266388e+03
4.870113132502185181e+03
5.296355429094557621e+03
3.415146356016241043e+03
3.807205146261103891e+03
4.045239648302295791e+03
3.704510574584113783e+03
3.985353175731409010e+03
4.134915603722518426e+03
3.956174347308575307e+03
3.648642643291565946e+03
3.805155147336817208e+03
4.013196125488908820e+03
3.933490692837945062e+03
4.145516236909758845e+03
3.786863399781577755e+03
3.775783080838979004e+03
3.756010703394475968e+03
4.042865535248055949e+03
4.134415633914131831e+03
3.817833432833959705e+03
4.301130071066521850e+03
3.933082803513848376e+03
2.472104897940014325e+03
1.850414406073642112e+03
2.069036611991169593e+03
2.146637444703892925e+03
1.969300849940439548e+03
2.731630138856047324e+03
2.390018667162233214e+03
3.136478255160864137e+03
2.323877942652846286e+03
2.680537277156264281e+03
2.053169087412560202e+03
1.245868178268870906e+03
2.337961977047229993e+03
1.878705877168634061e+03
1.466608356964744644e+03
1.323768062635915840e+03
1.875033540632058703e+03
1.773759601440905499e+03
2.309230778508408548e+03
2.500534643115629933e+03
4.473538852393568050e+03
3.105995597043515318e+03
2.222370233093222851e+03
2.843626785029987332e+03
2.536960167315616673e+03
3.452474948607894021e+03
2.315215218128840206e+03
2.458499063780154302e+03
2.482278160026214664e+03
5.405732501544821389e+03
4.155292634724095478e+03
5.205453859985184863e+03
2.931576391765275730e+03
2.880904357394866111e+03
3.316081699443549496e+03
3.742014099079864536e+03
2.053276277139985723e+03
1.841586245205114892e+03
1.632148194529296234e+03
1.809943663424186298e+03
1.546843479587802904e+03
2.543079205640777218e+03
2.489388909789863646e+03
2.141179822711539600e+03
1.770403477664327056e+03
1.254992494103908030e+03
1.923762078663339025e+03
2.242755175790148769e+03
2.503706269687321765e+03
1.700156467125834524e+03
1.379368146064183748e+03
2.151209282518931104e+03
2.069755073126399566e+03
2.060758665137184380e+03
3.805183940272221662e+03
3.576425347001324553e+03
3.927908141540387533e+03
2.271658289269441411e+03
2.092709169998159268e+03
2.658916430163415498e+03
2.880299735004341073e+03
2.940577559684191328e+03
1.949678239772727238e+03
1.771830843655960507e+03
1.749410852425486610e+03
1.682644319622640751e+03
1.941236145945852513e+03
2.203505301521950059e+03
2.141313283606631103e+03
3.181217047418129823e+03
1.910805950143839254e+03
2.496698729499380534e+03
2.589023942376329160e+03
2.327904240869098430e+03
3.270227968473710462e+03
2.500477975150220118e+03
2.571869650019119490e+03
2.803704313710728911e+03
2.265897648579201814e+03
2.563768493146119454e+03
2.418441891139969812e+03
2.929237642975090694e+03
2.645842618974012566e+03
4.985553392272398014e+03
2.527917401728671393e+03
3.530257405219003431e+03
3.284737030581625731e+03
5.215051347783260098e+03
2.452049238186258208e+03
2.909400243301461160e+03
1.265966125697924781e+03
1.592209957005403339e+03
2.063969087973889145e+03
1.237123523711746884e+03
1.841231684913991558e+03
1.346216715087077546e+03
3.650639411959748941e+03
4.999648961461452927e+03
5.169032844349403604e+03
4.460738887249554864e+03
3.729848148053399200e+03
3.652316903028697197e+03
3.480979138144753506e+03
2.427082362779480718e+03
1.991206180986630670e+03
2.162683299668861309e+03
1.708391429203960570e+03
2.819130221473657912e+03
1.698770221729862442e+03
2.022319523076726682e+03
2.613083440386332313e+03
1.970495775589981577e+03
2.263859105532569174e+03
3.435471034319058617e+03
2.219796628498187147e+03
4.802034468278031454e+03
4.765424478912417726e+03
3.271982097923798392e+03
3.772656531566638023e+03
4.386603547719997550e+03
4.454005382385717894e+03
3.574448116774628943e+03
2.547774910084914154e+03
2.355667336930726378e+03
2.917610072667762324e+03
3.726141692650176992e+03
4.165513532658745135e+03
4.378472536339948419e+03
4.488616157666253457e+03
4.559557455376295366e+03
4.820624562233188954e+03
4.817042386102699311e+03
4.586001505498681581e+03
3.701905335128275055e+03
3.665532130658892129e+03
4.514330538195274130e+03
4.049191539278167511e+03
3.370510749556531664e+03
2.055830483129693221e+03
2.334455945115220857e+03
2.268571381092122010e+03
1.862526191130335519e+03
1.883349160258063421e+03
2.856212895431683592e+03
2.317112100040267251e+03
1.901814212238336495e+03
1.941367429667990791e+03
2.923471418074338089e+03
2.470008121579085127e+03
3.349370593959851249e+03
2.101555132600885372e+03
3.468156087272088826e+03
2.023171177071221564e+03
2.820641660529097862e+03
2.313508850255966536e+03
1.837945614041608223e+03
3.051204341575244143e+03
2.538635374881169810e+03
2.713160078428222732e+03
2.592643580381810807e+03
2.219677292218906587e+03
3.284687841329016010e+03
2.944692970350495671e+03
2.182611478447333866e+03
2.556060638205247415e+03
1.840455714240074713e+03
3.192932224844081702e+03
2.263922206826427100e+03
2.335444211331677707e+03
2.628665280626555614e+03
3.480698941320457834e+03
3.675354205346665367e+03
3.727976044915486909e+03
3.571843095693002397e+03
3.562122910130451146e+03
3.819551113705258558e+03
4.413493554683301227e+03
5.579060316248382151e+03
5.454457151340882774e+03
4.501970224872486142e+03
5.474811064798032021e+03
4.886382084642205882e+03
4.268714983721920362e+03
4.084840938708956401e+03
3.497097046590376067e+03
3.424551310334568825e+03
3.472162795517985160e+03
3.517738794184198923e+03
4.623245808579367804e+03
3.712129888542780463e+03
4.079177920771431673e+03
3.736492052402540594e+03
2.951628984440190379e+03
4.143104919741775120e+03
2.983118798819638414e+03
3.604793729658363191e+03
3.631176383870519203e+03
3.840291343295472416e+03
3.791135760821760414e+03
4.220942712040251536e+03
4.642125770454365011e+03
3.939178297688738894e+03
4.017595709720503237e+03
2.729209157499563844e+03
3.192969503701786834e+03
3.064203153591686259e+03
3.386557253705565472e+03
4.216739430209725469e+03
4.047759644325939462e+03
6.558170529221753895e+03
3.271812232876646249e+03
2.905470829304816107e+03
3.229709777548198417e+03
3.139625497685670325e+03
2.082813122126472081e+03
1.587289457385344122e+03
1.799278636977126098e+03
2.674456096843245632e+03
2.731201640680750643e+03
2.473712345247630765e+03
3.224853375698390664e+03
2.012075315793633536e+03
3.161714058391694380e+03
2.347100308530447819e+03
2.010825506312920652e+03
6.258402529694310033e+03
3.695185557350246654e+03
4.289462591132883972e+03
4.701266372709010284e+03
3.986349259159672783e+03
4.589403676844865004e+03
4.206852908824795122e+03
2.422410667407635628e+03
2.037901167776483135e+03
2.681326892525491530e+03
2.367957558660969880e+03
3.125652569337807563e+03
2.609025815664321271e+03
3.017399628530420159e+03
2.987645270079086458e+03
2.085914939302121638e+03
5.008890160975887738e+03
3.469354601427196030e+03
2.595381275484172420e+03
3.707214182908473049e+03
2.992253771597461309e+03
3.947262451669784696e+03
4.218073996912257826e+03
2.800279760891554361e+03
3.983267702005586671e+03
3.016163873073617196e+03
2.236456016886338602e+03
4.190909982282594683e+03
3.759430143683867300e+03
3.148043478613291882e+03
2.574655831563349693e+03
2.835571278222975707e+03
3.278332521562531383e+03
3.452530639771382539e+03
4.653809665957049219e+03
2.764173533913375650e+03
1.513416152901254009e+03
2.241442484673640593e+03
2.643448713611971016e+03
2.004786343129968600e+03
2.182959610179309948e+03
2.228893461369523720e+03
1.400382726745382570e+03
2.164887098274105483e+03
2.707680491753866590e+03
8.461406281938019674e+03
4.706791546724494765e+03
5.151624781899392474e+03
3.859301181041363634e+03
3.683961806765138135e+03
3.899820774021887246e+03
4.027310054462838252e+03
3.663001072098672012e+03
4.143254387968992887e+03
3.332945184018563396e+03
3.142011266540843735e+03
3.193903938923926034e+03
3.961134405199235061e+03
3.378043585742499090e+03
2.804816035470315910e+03
2.780428094865584171e+03
2.392315420270277173e+03
2.358186050216485910e+03
2.475424613722712365e+03
1.927030834829712603e+03
2.222979581105114903e+03
2.691208568357757031e+03
3.794028864676587546e+03
4.008006096227901708e+03
4.205860530852468401e+03
4.126200301221060727e+03
3.147917382168885069e+03
2.314622382268634738e+03
2.625949675107905023e+03
2.478428205823725420e+03
2.752217309185632530e+03
2.298082114297326825e+03
2.293432780966835708e+03
3.435514250446718052e+03
2.558730823042758857e+03
1.819984554652893848e+03
1.177912147161172697e+03
1.562972374307674727e+03
1.534944376053821088e+03
2.030416567450531602e+03
1.276851709179455383e+03
1.422991935660947320e+03
1.438290060078731130e+03
1.926023220101710649e+03
1.337826515531821997e+03
1.186722434375566991e+03
1.326990918559154579e+03
4.156054578526725891e+03
1.584412139803523360e+03
1.730313372390239692e+03
1.417644472298715300e+03
4.195015836576482798e+03
2.389378243523651236e+03
2.809646557441095865e+03
3.180575060744096390e+03
