2.816786437219718664e+03
2.803350452062306886e+03
2.612062002586834296e+03
4.011178408049649988e+03
1.659047754905482407e+03
1.753286386048808026e+03
1.306148997122964374e+03
3.075377048679979453e+03
2.359861772920305157e+03
1.145658637061330410e+03
2.358578221710869002e+03
1.377564527480268225e+03
1.990049391847197512e+03
3.153829726977301561e+03
1.937046501943246767e+03
1.713559049934170844e+03
2.792949063507500341e+03
2.053778347455677704e+03
2.037423422423518559e+03
2.153215457185404375e+03
1.355426846829720489e+03
1.086709639338270335e+03
2.008296118591496906e+03
1.627964004426742122e+03
2.237669034997926246e+03
3.766619044857541667e+03
3.509818730571549622e+03
3.741786178090548674e+03
4.020485139288296068e+03
6.004630303818747961e+03
3.343476968345775276e+03
3.282075133795275178e+03
3.883226651612772912e+03
2.994962941621273785e+03
3.228736269657979847e+03
2.765919178145742080e+03
3.085407032906730365e+03
1.053241459595918741e+03
1.017545913722518321e+03
1.608637273136148451e+03
2.418224751094865951e+03
1.688255489624554002e+03
1.899927054788533042e+03
2.675505240792060704e+03
1.804895340796466371e+03
2.944587469593652713e+03
1.849227209425882847e+03
2.781661203113677402e+03
1.967239756534244634e+03
2.675260020950164289e+03
2.701366735322427758e+03
3.117067945711326047e+03
2.652692934458755644e+03
2.990991420215838389e+03
2.076017778550136882e+03
2.623111891035033750e+03
2.009695894736994660e+03
1.420088387998853250e+03
1.852314491946802718e+03
2.167349740291544094e+03
2.126816603676089017e+03
2.146386573329837120e+03
2.347569464347098346e+03
3.291326364467890471e+03
2.426326238236714744e+03
2.402611859681768237e+03
2.336344753793269774e+03
1.545169332002169313e+03
1.447414954683755013e+03
1.455044056220873927e+03
1.116092084851570689e+03
2.239014604981988668e+03
4.556520305955862568e+03
3.341429662658588313e+03
2.659167923040497953e+03
2.455619586772493221e+03
2.409793648023356127e+03
1.475969492496717294e+03
2.453370590449078918e+03
1.152722297526711145e+03
1.828137885768388287e+03
2.490065387594618187e+03
1.617437566521943381e+03
1.549494257270574963e+03
1.106013690710403125e+03
2.306115927966923664e+03
2.198114179581708868e+03
2.846982044983112701e+03
3.037699645147250976e+03
1.578678155067067337e+03
1.784071357444265459e+03
1.491514966394143585e+03
1.825090366751737065e+03
1.407433982695192526e+03
1.529681193096441348e+03
1.835989759068889498e+03
1.036990467718460877e+03
9.833919971853913466e+02
2.011144498048311561e+03
1.519168883284265348e+03
1.498542816272433129e+03
1.289905791154278631e+03
1.233664288013427040e+03
1.068044675714404320e+03
1.492811278671990067e+03
1.608774404958342529e+03
1.569415994397690383e+03
2.669428709375341896e+03
1.585307203476974564e+03
3.489050396955075030e+03
2.618284346774813002e+03
1.844639372813371210e+03
1.967627593970235694e+03
3.232484154971983571e+03
1.793543325332505901e+03
1.695055270795827710e+03
1.821273036010121359e+03
1.746602579007029590e+03
2.996328146775454570e+03
2.776047769216722372e+03
1.749449983681269714e+03
1.146562502015065547e+03
1.942424401181257736e+03
1.733444428992155281e+03
2.556298889399144628e+03
2.920180290846570188e+03
3.236352499069557780e+03
3.808902094701203168e+03
4.038360887741068382e+03
3.443396922617704604e+03
3.378022798619782861e+03
4.578012786894531928e+03
3.878537699796522702e+03
3.218686574094541356e+03
4.164394001578059033e+03
4.704616620676274579e+03
5.208595516458436578e+03
6.039139309603689981e+03
3.846570542740800647e+03
3.713222672570916529e+03
2.329876112696398195e+03
2.545452384287353652e+03
1.620491390403117748e+03
2.978759155733188891e+03
2.702009499298490937e+03
3.408710005868086228e+03
5.146002300707508766e+03
3.409389616972660860e+03
5.054048309554602383e+03
3.529208970957914062e+03
4.666106674112335895e+03
4.466049064359107433e+03
3.207320387237993600e+03
3.222994622142047319e+03
4.287558577154416525e+03
3.274223441227512922e+03
3.230899033716922077e+03
3.738741363906876813e+03
4.951077673630149548e+03
2.457079601789806475e+03
3.182714781146960831e+03
4.070922463699567288e+03
5.099935451952553194e+03
5.394883721109258659e+03
5.253764934853544219e+03
5.194194006586539217e+03
5.277234272024064012e+03
5.157202906758359859e+03
4.025684485443228823e+03
4.003583811055372735e+03
3.072103224023544499e+03
2.217437553549425502e+03
1.901347718131338297e+03
1.245490690527464722e+03
4.740302792453633629e+03
3.960390102206362371e+03
3.844602998949935227e+03
3.471555740337621955e+03
4.511183338136352177e+03
2.221110812899492885e+03
1.571634921601423002e+03
1.336291550207062301e+03
5.615506379853391081e+03
7.301944469739442866e+03
4.273700035921571725e+03
2.803443790253595580e+03
3.209423297539317446e+03
4.378646404350348348e+03
3.139839431825977044e+03
2.893430402887126547e+03
2.872593453289718582e+03
3.356937904082811201e+03
2.159686840425789342e+03
1.870692898545766184e+03
2.792087573126548705e+03
3.700939979686682818e+03
2.639156243714439370e+03
1.884266016693472238e+03
3.258657627261729886e+03
2.755925230162591561e+03
3.598335495602870651e+03
3.572705834112205139e+03
2.724684936720171663e+03
1.833334730498730096e+03
2.148840352424589582e+03
1.949827505664873570e+03
1.801938797900558484e+03
1.892231266431387212e+03
2.037229968177882711e+03
1.894150783596987367e+03
2.949911907383392190e+03
2.520062452127719098e+03
2.657496717261850790e+03
2.926377962037483030e+03
2.602937612580326459e+03
2.211960008358175855e+03
1.817330438936094879e+03
1.171117149303197493e+03
2.044960555709181563e+03
1.808229330526608237e+03
2.358240122612162395e+03
4.227953366297767388e+03
2.216526360066103280e+03
2.604493061928591032e+03
3.362344194304209850e+03
3.450347684376371035e+03
2.467569820264228838e+03
2.262856933097400997e+03
3.251249912358690835e+03
2.864889283238005646e+03
2.535851579759953893e+03
2.963685074119138335e+03
3.739857549116558403e+03
2.132710134015024323e+03
2.151671730351467431e+03
3.722182361797279555e+03
2.983672975674609461e+03
6.087173941866735731e+03
4.890518871082226724e+03
4.198254297660797420e+03
4.462054089190566629e+03
5.875887173953351521e+03
5.501801470595945830e+03
4.448160985452236673e+03
4.729342089457839393e+03
4.264739367289485926e+03
3.825868038245370371e+03
3.444184938095996586e+03
3.291954759901895159e+03
2.073351829088878276e+03
2.005324574155367600e+03
1.934793227219924574e+03
1.391694321377691040e+03
1.645094563267647118e+03
1.661597667874444369e+03
1.650124999892457026e+03
1.954876354063461349e+03
3.141250503896705141e+03
1.805642885235387439e+03
1.284334994636640886e+03
1.190814739761685814e+03
3.534530553229255474e+03
1.906285458817167182e+03
2.078097739718187313e+03
1.014455625702383600e+03
1.283599469875098066e+03
1.577893510730479420e+03
1.421788202870230407e+03
2.281840835675449853e+03
1.325732938119709843e+03
1.775678571198875261e+03
1.805621993024456515e+03
2.403241744109813226e+03
1.709743638283949167e+03
2.790903125870205713e+03
2.666216580474116654e+03
2.254716153599121299e+03
1.184271372733064482e+03
1.421203231022833279e+03
2.305265927750664559e+03
2.081496494516291477e+03
1.467115244165498325e+03
2.292341001286899427e+03
1.682200889700326798e+03
2.198029752930086033e+03
1.758914955134053571e+03
2.755952426707870472e+03
2.088315044571298586e+03
2.207158520386095915e+03
1.806565319575406193e+03
1.775031906274328549e+03
1.932525148007842290e+03
1.396701124521956444e+03
3.569737382524990153e+03
2.609621376949482965e+03
1.181995541518185064e+03
1.345424637383351865e+03
1.595951940359405171e+03
1.890236358314626614e+03
1.299396051032616242e+03
1.180792719812228142e+03
1.332951796828705028e+03
2.777732896595099191e+03
1.608135853821095907e+03
1.893921340881208152e+03
1.884692445472219561e+03
1.276802514540743914e+03
1.380303280765811451e+03
1.342590062420291588e+03
1.344596011742013388e+03
1.771103335666053454e+03
2.283673300387675681e+03
1.653303263360858637e+03
1.626371858244214081e+03
1.705986937873253964e+03
1.471489900498532506e+03
1.552805715083440191e+03
1.838422191111799748e+03
1.514508381849395391e+03
2.018028279334007038e+03
1.897537108740069925e+03
1.349502228267720511e+03
1.291078220226160965e+03
2.471850870161407784e+03
2.372975959733646505e+03
1.148268114643871058e+03
2.690962861153094309e+03
1.220137469651126594e+03
1.945475874205161290e+03
2.703474304650728754e+03
1.973228033722378768e+03
1.587404676302465987e+03
2.030880762714892853e+03
1.783729842530492988e+03
1.705640318104193284e+03
1.511114614485670927e+03
1.152779673407632799e+03
1.008336907089492570e+03
3.089702994568938720e+03
2.386289154516862254e+03
1.868145643044267445e+03
1.824967828118411262e+03
2.059753799064535997e+03
1.102178713437614761e+03
2.655126602581246971e+03
3.334830684909927186e+03
3.323785267698671305e+03
1.862032518568224987e+03
2.386774711988078707e+03
2.486555112197143444e+03
1.477089777764532755e+03
1.652710480971272546e+03
2.919951398810535466e+03
1.707457447416712057e+03
1.049013697740556381e+03
1.088246503351307183e+03
1.739323499465390114e+03
1.155170315702264588e+03
1.378130083983424356e+03
2.442383935469841163e+03
1.448766001286269784e+03
1.478882546363931624e+03
1.094949540272463537e+03
2.746765706397082795e+03
4.040516570362710809e+03
3.994097466477805938e+03
3.734494455186995310e+03
5.253490092932041080e+03
4.132980314644876671e+03
4.473276840192315831e+03
3.161773683652496857e+03
2.278972486366825251e+03
2.255058443998043458e+03
2.604532069358419903e+03
2.150767977770520247e+03
1.464747664885627046e+03
6.507707162912140120e+03
5.061025179221303915e+03
5.007503874688118231e+03
4.621608925288143837e+03
3.634896441655624130e+03
4.388770636232697143e+03
4.332918369788965720e+03
2.063618429807382199e+03
1.512584101646195222e+03
2.536969852945525872e+03
1.821059508263785801e+03
3.013567746380072094e+03
2.757130860725440016e+03
2.531793106231500587e+03
4.704513726067991229e+03
4.825439054737730658e+03
2.987540433241056689e+03
2.353252504092239633e+03
2.553799475427653306e+03
3.327973904547335223e+03
2.736510335543671772e+03
3.373657922185683219e+03
3.414504345950877905e+03
3.849011992972941698e+03
4.199794737759507370e+03
3.672235228009253206e+03
4.251356061805275203e+03
2.565330016105716822e+03
2.716164399745700393e+03
2.984521034205454725e+03
2.175046971301291705e+03
3.819298510554556287e+03
2.590049812391111573e+03
2.106587258031850979e+03
2.523637679027142894e+03
2.433507457837389666e+03
4.803002495513415852e+03
3.585577262457572033e+03
3.239178438052133970e+03
3.282411446605874971e+03
2.665951709613905223e+03
4.201638387870314546e+03
2.455916063351100092e+03
2.786324317407552826e+03
2.213300633712032322e+03
3.199247712668521217e+03
2.932256597541507745e+03
3.586273755054002777e+03
3.835996197355472304e+03
2.304259952336150036e+03
2.438131527603614813e+03
2.872711807789165050e+03
2.360212315825484893e+03
3.130803937727716857e+03
4.146740377753823850e+03
3.887195745001464275e+03
4.148291702531234478e+03
3.838035037857929183e+03
3.685615093364734548e+03
3.342209741014625251e+03
3.066558675216230313e+03
2.342218816717874233e+03
2.441499247983358146e+03
2.718058122647882101e+03
2.145947064567120378e+03
1.857534826985433256e+03
3.518732821869439249e+03
2.823150461183777225e+03
2.147772358374587839e+03
2.112900916487626546e+03
2.591008754667100220e+03
3.210905328871984239e+03
2.220445636459237448e+03
1.667742507740002338e+03
2.502452001813233892e+03
2.299396467365149419e+03
3.427580064479661814e+03
3.670614093441087334e+03
2.165333160390875946e+03
2.234767790429556953e+03
2.048347399313827736e+03
9.776728243787596284e+02
1.522726694608962816e+03
1.775555589859627617e+03
1.931149603219347682e+03
1.655344996765421911e+03
2.851300203437995606e+03
3.375079281323992745e+03
2.009192764153372536e+03
1.547609301238298031e+03
1.919660377691160875e+03
2.138116009399983795e+03
1.927549375376550643e+03
1.187869273292045364e+03
1.302883095674007564e+03
8.429128032294765944e+02
1.057288597653312308e+03
2.558110588376343458e+03
3.059051918666526944e+03
4.207918955257003290e+03
3.051794513385745631e+03
2.298936859158185598e+03
2.637126011133870179e+03
2.803837352502157955e+03
2.225367987634539531e+03
2.012373943979738897e+03
2.332647925415488317e+03
1.888241815428201335e+03
1.784739036980030050e+03
2.531436789001417765e+03
2.211603382236104153e+03
2.616264723008714100e+03
3.607728539061575248e+03
2.060521313309299330e+03
2.613784319374008192e+03
3.969916241231806907e+03
3.863311426359506186e+03
4.026445401153288458e+03
3.255837528097201812e+03
2.529589687225816760e+03
2.616360081114631157e+03
1.666535697919788163e+03
