6.019872884399404938e+03
4.863141443108284875e+03
4.294614137156102515e+03
4.817144434788448962e+03
3.053120589226618449e+03
2.831406935225329107e+03
2.202231890365890195e+03
1.269888888745837676e+03
1.682817865205841599e+03
1.307880334492144129e+03
1.363372296503877124e+03
9.399505214625306735e+02
1.673605943143875947e+03
1.163656216298801837e+03
1.117529958582957079e+03
1.134399365646688238e+03
1.211235165325088474e+03
1.546449492971708423e+03
1.044448497867409515e+03
9.520259936585325704e+02
1.759537297665491451e+03
8.594130275476223687e+03
1.058722059975943557e+04
1.159482529182159851e+04
1.772134954098995422e+03
5.701335947193115317e+03
7.779674816252797427e+03
3.461742449558885710e+03
6.456042904871808787e+03
4.847833389574214380e+03
5.342105004567330980e+03
5.665792498876377977e+03
4.161808782293019249e+03
4.441927033899613889e+03
3.774202720067436985e+03
3.301535845916593189e+03
2.459884921997837409e+03
2.509075606219296333e+03
2.114598154330327361e+03
1.983385499508690600e+03
2.960420233956798711e+03
3.541541407589415485e+03
3.284271690911303722e+03
4.804173894758889219e+03
4.114004160829184002e+03
4.418494389339051850e+03
5.303202429021047465e+03
5.657811738272662296e+03
6.712202431288576918e+03
5.407510118929687451e+03
5.083382385280085145e+03
3.310231762386812079e+03
3.696495601618798446e+03
4.438404499764511456e+03
3.742386624668380136e+03
3.650763241309138266e+03
4.932618512247400758e+03
3.986648708296197583e+03
3.678870313649182208e+03
2.569243068887203663e+03
3.497197733990456072e+03
1.820433412640622237e+03
2.936200406696450500e+03
2.156234914577156815e+03
1.908869504632269354e+03
2.004797674525272441e+03
1.038778833601664019e+03
1.224073197503611937e+03
2.244655580316123633e+03
4.875634671958214312e+03
6.839050718928790957e+03
3.666601230345947442e+03
5.748895166833193798e+03
6.128182768558552198e+03
5.100381036130021130e+03
5.196095395463610657e+03
5.243395148964418695e+03
6.509785651599439916e+03
6.657526747615213935e+03
4.529767918076800925e+03
4.702918594606733677e+03
6.973935740261969841e+03
6.324559405429086837e+03
4.857889360527748067e+03
3.903066856295855359e+03
3.519788462439328669e+03
3.811820264682678044e+03
4.902061678757863774e+03
4.636699262599016038e+03
4.862894608187869380e+03
5.653823326290154000e+03
5.543092259616802949e+03
4.834944718995802759e+03
4.746847479708392711e+03
4.513660390281062064e+03
3.354393427835538205e+03
3.281077438641966637e+03
4.932215296265800134e+03
5.420581474410721967e+03
5.504246191619905403e+03
4.167525171806925755e+03
4.715015530951252913e+03
4.244588011984034893e+03
3.782342434593536382e+03
3.792068037865878523e+03
5.277476697252087433e+03
2.739423941480170015e+03
3.818761004012763806e+03
4.782925336052355306e+03
5.539459455761243589e+03
5.786330248244044014e+03
2.272140060986610024e+03
1.386351958810342694e+03
2.402349870301442024e+03
2.061032482426239767e+03
3.068307283615491087e+03
3.094846576407742305e+03
2.562530458336674656e+03
3.502521332622694899e+03
3.621889941364794595e+03
1.487053677552947192e+03
9.700189557296210978e+02
1.164710888405224296e+03
4.316888257140441965e+03
2.652513453727064643e+03
2.434625102408087514e+03
4.427657398195318819e+03
6.252355878647248574e+03
5.930637142245108407e+03
4.550117726261692951e+03
5.967953797355199640e+03
4.246953531173056035e+03
5.009982840909598963e+03
3.974541837820774617e+03
4.278871279379618500e+03
3.257059353339011523e+03
3.571152144236674303e+03
3.015272145764330162e+03
2.153179576342174187e+03
1.373149809615451659e+03
3.333150760239723695e+03
3.902342297932408655e+03
5.031709839752399603e+03
1.828548204415176542e+03
6.142728785549194072e+03
3.780277562149945879e+03
3.647258496010028011e+03
3.487477287035749669e+03
3.956216714293298992e+03
3.037699626729604461e+03
1.851831374418607083e+03
7.537359576603842015e+02
8.008238851439361952e+02
6.607960364092929240e+02
2.495742524211892487e+03
2.179447346469097738e+03
3.417514698451622735e+03
2.677871180125009232e+03
5.315765815275511159e+03
4.942775921346125870e+03
6.015202454353447138e+03
4.052396264155996050e+03
5.311891081018120531e+03
6.216930747119786247e+03
4.805393020036134658e+03
8.135281335591639618e+03
5.828602998517351807e+03
3.957957218048706636e+03
5.299027119137086629e+03
5.251627309878599590e+03
6.409349975374783753e+03
3.138763925631567872e+03
1.806408515190947583e+03
1.094896866341676514e+03
3.064725232829915512e+03
1.964814846505681544e+03
2.389276561873984974e+03
2.552213718754768252e+03
2.416812741717515109e+03
1.854870110875959654e+03
2.731048302522641734e+03
2.510055450281590765e+03
3.124202489141079695e+03
3.827054135820361807e+03
3.754291685980360853e+03
2.832302353832522840e+03
2.126601671298557903e+03
2.346351841515191154e+03
2.541908887987496655e+03
2.159459433089979484e+03
1.403532525597968515e+03
1.246378548320743448e+03
1.141699514755136079e+03
1.534704803048952726e+03
1.427349797266118912e+03
1.195313282612858529e+03
1.395557675742606534e+03
1.363762428394957624e+03
8.503697650300277928e+02
1.175739374017282898e+03
7.723165277485246634e+02
9.375186838376332616e+02
1.075586838856045460e+03
1.197141989174962191e+03
1.014680780840155307e+03
1.354903331074321159e+03
1.155791216016259341e+03
1.028576023116367878e+03
1.133837686606730585e+03
9.143007863185735005e+02
9.832508923751371412e+02
9.962615509673494216e+02
1.185926097411414958e+03
1.085021064115584750e+03
1.533297027384625608e+03
1.615101270200048702e+03
1.574677997189564849e+03
1.115538179897289183e+03
1.318039833224690938e+03
1.231715129114775436e+03
1.103899582019999798e+03
1.232402094826296661e+03
8.008738596740237199e+02
1.004423998940231968e+03
1.701073788437432995e+03
1.962432079047672232e+03
1.273000658691535364e+03
1.205494514230593268e+03
1.228033749408199583e+03
1.136177341017845492e+03
1.093611377786024832e+03
1.552071111856131893e+03
1.045852976422284200e+03
1.126389191951897828e+03
1.041220065272113288e+03
1.743011583572681275e+03
1.781644169433083107e+03
1.311522775329172418e+03
1.210656319748311944e+03
1.319332561785387952e+03
1.339006861164562679e+03
1.498375399830604010e+03
6.075463693788403816e+02
2.071107665671068844e+03
1.133790292170513339e+03
1.094933878478128918e+03
1.075774533208373668e+03
1.792554887560203042e+03
1.784828554633570320e+03
2.693238332221004384e+03
2.592558324001950950e+03
2.664409226189523906e+03
1.964903776670273146e+03
3.392772071555204093e+03
2.929147197908062481e+03
3.499575935492466670e+03
3.094254555507581699e+03
2.032184014225552801e+03
2.723239551393929560e+03
2.164807224052385664e+03
2.057595426272305758e+03
2.863486827804140376e+03
1.618613903770718707e+03
3.389259611776847578e+03
2.794605162496809498e+03
4.069731492097671889e+03
3.549295312980309973e+03
5.028991857504159270e+03
4.292071216451674445e+03
4.404000931538644181e+03
3.652369169445261377e+03
3.700345904272429834e+03
5.551081773659985629e+03
5.113669538592023855e+03
5.191409097878824468e+03
5.781836594585022794e+03
5.989190716367104869e+03
7.411761584893801228e+03
4.278293865663425095e+03
1.938913411750137811e+03
6.181482603908511919e+03
6.987381166943370772e+03
5.698286315020834081e+03
3.560578529093462748e+03
4.181143697263690228e+03
3.360469325029655465e+03
3.710515907294797216e+03
3.983083629342406311e+03
3.061186718807686702e+03
4.441218844726870884e+03
5.331023006027106931e+03
6.574603496923544299e+03
5.785913622456952908e+03
5.060251864900505097e+03
6.486381453686110945e+03
4.974862406899481357e+03
5.282818294293988401e+03
3.157883648617735162e+03
3.555913027179000437e+03
3.135390338477018304e+03
4.556781394229258694e+03
1.332543338282331206e+03
1.592637845959856804e+03
1.745780274916149892e+03
9.479897108612698275e+02
4.698883940923577029e+03
6.183072777128713824e+03
5.199077998162460062e+03
5.910010295583799234e+03
5.449683956734112144e+03
6.179241454135626554e+03
6.440012097802024982e+03
6.226050677508760600e+03
6.590430811846685174e+03
6.308428463536304662e+03
5.359174534278950887e+03
3.824539732828543947e+03
2.741822017334416159e+03
2.795683655242508394e+03
2.846704564816190214e+03
3.461580638930668556e+03
2.392242788994078182e+03
2.864437089677484437e+03
1.980908858052902133e+03
2.048132167596896124e+03
2.758982846122149567e+03
2.508874767650806916e+03
3.628899343629363557e+03
2.990570978245711558e+03
3.599813867190638575e+03
3.970766108294070818e+03
3.825792967803940428e+03
5.059005579660645708e+03
5.528897082390904870e+03
4.453872273049934847e+03
3.347019037578108055e+03
4.310580684125153311e+03
3.759951650036798583e+03
2.288735190446811885e+03
4.826029277115453624e+03
5.790063315081758446e+03
6.699291027367892639e+03
4.647363748512600978e+03
1.985380902215418018e+03
3.083414372847344566e+03
3.488222800344922689e+03
3.160424915035633603e+03
2.885233965618039747e+03
2.604849291052402805e+03
2.656857985066134006e+03
3.425462589163724260e+03
3.424687672957280938e+03
3.938292439505203220e+03
4.387224699139545010e+03
4.332362593867533178e+03
4.259753210088831111e+03
3.325614052552908561e+03
2.884869220749938904e+03
4.000440456854345939e+03
3.355869721630835102e+03
3.887287737316867151e+03
5.198084629336649414e+03
3.823365723298553348e+03
2.537722774768762065e+03
3.596363327762622248e+03
3.541472002852825881e+03
3.551461121404435744e+03
1.772360256019038161e+03
2.767864854005656525e+03
2.777864900853073323e+03
2.901474002646993085e+03
2.962634512732709481e+03
2.563101139588153728e+03
2.723652093908008737e+03
3.710466693261151249e+03
2.557908690307101097e+03
3.134015860615555994e+03
2.754459119125868256e+03
2.094231755945885652e+03
3.216178298610600450e+03
2.598292901143195195e+03
2.361752450468824009e+03
2.971740305472302225e+03
1.636231835257673993e+03
1.753912914462202934e+03
1.449539773382758767e+03
2.516264290335839178e+03
1.213653375992390465e+03
2.573406878119983048e+03
2.794730322494512166e+03
2.793203195307920396e+03
2.541807349032067123e+03
2.064879273550800008e+03
2.410728874620608622e+03
4.106544359462711327e+03
2.876158203978861366e+03
3.466677071226987664e+03
2.766303236129108882e+03
2.440708484621528896e+03
3.190353471633523895e+03
3.223492939303860567e+03
2.592252128682904186e+03
3.088843102542439738e+03
4.513686636278485821e+03
2.979358191348950186e+03
3.375192198732269844e+03
3.596847444000843552e+03
4.273698739359209867e+03
3.481515304830247715e+03
3.547996794082399447e+03
3.916163504617409671e+03
2.994213424660015335e+03
3.052959808419288947e+03
3.719052286328745595e+03
4.301572041108949634e+03
2.795685170488403855e+03
2.702931574704802642e+03
3.160082396477213479e+03
3.769799426773256073e+03
2.596983437243354274e+03
2.167617300666610390e+03
1.715071911118101298e+03
2.258339760860225397e+03
1.833906323713844131e+03
1.718666763843032186e+03
2.871411019113970724e+03
3.561670199541214060e+03
4.021544791788352086e+03
3.426949097428250752e+03
3.888120260399042309e+03
2.910434238689748327e+03
2.438544377689372141e+03
1.579099879990992576e+03
3.901140006739635282e+03
4.139574620036912165e+03
3.210202657621493927e+03
3.195928995329520149e+03
4.130080727814279271e+03
3.366101737510375642e+03
3.515484851443249681e+03
3.690630838583321747e+03
4.203518165837556808e+03
4.644326686019373483e+03
6.186284953775126269e+03
7.034972829989948877e+03
4.289162412838021737e+03
5.983012511558619735e+03
7.777094716155846072e+03
6.615926460967037201e+03
5.262109788369634771e+03
6.725271753510883173e+03
4.273579222960781408e+03
5.902302944401230889e+03
6.464969412738556457e+03
7.079625599282597250e+03
7.696630564297270212e+03
3.287181721579836903e+03
1.696936576259785170e+03
1.051740913319349829e+03
1.016922746116164262e+03
1.026142061602124386e+03
1.007384635493054361e+03
9.988746342873023423e+02
9.396527650334097643e+02
9.122372366140763233e+02
1.316259877237585897e+03
1.363273089290375765e+03
1.265804329294195213e+03
1.024836362871505798e+03
9.480819332550241825e+02
1.282642287926906874e+03
1.175804583720614346e+03
9.505188350579576309e+02
1.182622650457798272e+03
1.267793581297032006e+03
1.290802916241905223e+03
1.485554800627415261e+03
9.136120701480286925e+02
1.322565987954479397e+03
1.030095627476659956e+03
1.203669272424511291e+03
1.288805378062381124e+03
1.923269961394503980e+03
1.530861837461716505e+03
1.155049119427876576e+03
2.327452896722423702e+03
5.588400040430891750e+03
3.314396107457747803e+03
5.806467295330317029e+03
4.921681741379232335e+03
5.464429420104068413e+03
4.859040417376001642e+03
4.799068466009266558e+03
4.899060735317511899e+03
3.817244321051613042e+03
4.782942752676540294e+03
4.945965077362496231e+03
5.995652408433103119e+03
5.906389516328148602e+03
