1.935377026087509876e+03
2.482004367010046280e+03
2.378819228690455020e+03
3.952575430749696352e+03
2.728801236470538697e+03
3.528136916859145913e+03
2.789565573927610785e+03
2.815434907987949828e+03
2.968966847287006658e+03
3.439252826092166742e+03
3.013307709479910045e+03
3.246980549904574218e+03
3.669842352274486529e+03
2.640109370704094545e+03
3.795489252711426616e+03
4.168987744676082912e+03
2.927926487481982349e+03
9.590306602871748964e+02
1.883040387007334630e+03
1.503506966682794200e+03
2.118605279314611835e+03
2.651470242276040608e+03
2.357793440705053854e+03
2.580696002770860105e+03
2.626482168264752545e+03
2.396162831462471786e+03
1.593332488891125195e+03
1.666796864815929894e+03
1.590921742189232646e+03
1.446693528244086338e+03
1.183098595922563163e+03
9.780671388249049869e+02
1.575977195528422044e+03
1.969261096163169668e+03
2.496509955459470348e+03
3.244562058159303433e+03
2.871667694780534475e+03
3.041484415741909288e+03
3.008186640736278605e+03
3.040448653192836900e+03
3.480342831703582306e+03
3.516548991292598657e+03
4.421700641466745765e+03
5.510998759323490049e+03
5.090451400174173614e+03
5.265771301133543602e+03
5.064234745541675693e+03
4.879039005445268231e+03
5.173579470119470898e+03
5.225020503339302195e+03
4.591399482815982992e+03
4.328770643896720685e+03
3.884506872441726955e+03
3.432559118610326095e+03
3.127289727490609039e+03
2.940250815508277810e+03
2.839432077905501046e+03
2.940770282979924104e+03
2.962166804935540767e+03
3.756047659305058005e+03
4.950315363236034500e+03
4.732285245501283498e+03
5.113726032738772119e+03
4.674806937803477922e+03
4.760249196337624198e+03
3.672074759930726486e+03
3.274813306941546216e+03
2.671166248649652516e+03
3.439352888550679381e+03
4.221025743658241481e+03
3.160667472920145883e+03
3.107691353169889680e+03
1.714069267989445052e+03
2.418449866402156658e+03
3.656792732338332371e+03
1.484006825467133467e+03
1.912546825151005578e+03
1.561399792368152703e+03
1.731847463071271932e+03
1.925655898369193437e+03
2.002691796267694826e+03
2.260128824762537533e+03
2.387688268861480537e+03
2.993730387804207112e+03
2.964089885508229145e+03
2.653438888548952491e+03
2.823387139627534452e+03
2.978874725527020473e+03
2.259473286135366379e+03
2.504385781099059386e+03
2.825695701203647786e+03
3.117240579612309375e+03
2.978265523340386153e+03
2.828763813463614952e+03
2.674173555062855030e+03
2.321122373289229927e+03
1.650913975040753257e+03
2.371293525417325782e+03
2.585035884901918962e+03
3.488286998968900662e+03
3.446284862511490246e+03
3.454395242725927346e+03
3.266926256197712974e+03
3.005316844020374447e+03
3.288375300634559153e+03
4.088767098286709370e+03
3.149265421902295657e+03
2.678321355698723437e+03
2.061405278623651157e+03
3.255417082480118097e+03
3.079782293814170316e+03
2.658027235327002018e+03
3.327526687359308198e+03
2.906152828895031234e+03
1.943211939039887966e+03
1.995743062973318501e+03
1.388890393320023122e+03
1.611278870903779762e+03
1.554612373887084232e+03
1.811626725394584355e+03
1.205916507136363634e+03
1.400380216803376470e+03
1.096405672251779379e+03
2.011159455012611033e+03
2.836575155426701713e+03
2.674335327764142676e+03
2.591291934259781101e+03
2.762429725797185256e+03
3.077992488574157960e+03
3.073654705376754464e+03
3.415501210513053593e+03
2.631021262818441755e+03
2.555242691231526805e+03
2.787903210506944106e+03
2.697102586251030516e+03
2.014189990439846497e+03
2.229627474627566244e+03
1.785789719297453757e+03
2.564919754853987342e+03
3.124364815744635962e+03
3.179690606727988325e+03
3.593696096025325005e+03
2.115713279325315398e+03
9.728041115962845424e+02
1.436624449396660793e+03
1.672584402256024077e+03
1.734438745448787131e+03
1.584762752898544250e+03
1.146774187194709157e+03
2.590253140764923501e+03
2.941568900297947039e+03
3.886921184522694602e+03
5.301588680467096310e+03
4.592524866016720807e+03
4.364809522990216465e+03
6.269583891138840045e+03
4.288596207947625771e+03
3.287458977625696207e+03
2.825391822624621000e+03
3.781793667942523825e+03
1.581564816103142448e+03
1.048584163230157856e+03
2.503038028490459055e+03
3.484881243379199077e+03
2.747601135738796984e+03
2.920404988325306022e+03
2.063201184921022104e+03
2.819726050095263417e+03
2.720386283973337868e+03
2.783190310469503856e+03
2.773916088104735991e+03
3.386175056493576903e+03
3.020580702927304173e+03
2.906676556276539941e+03
3.050634062292031103e+03
2.430349691953365891e+03
2.225557816510144221e+03
2.765760949884348065e+03
2.436585666298318301e+03
2.132665677657498236e+03
2.413157210624503477e+03
1.850735385169143456e+03
1.431524723071906919e+03
1.280328640556142318e+03
1.643249131686950477e+03
2.434153542877298150e+03
1.627097128101425596e+03
2.100126458112952605e+03
2.419880690582557691e+03
2.160285910812589918e+03
2.478318073148277563e+03
1.814254104092106672e+03
3.624628484110029603e+03
4.854651505369017286e+03
4.736716417369686496e+03
5.393715965306791077e+03
4.308349764977610903e+03
4.180156026075125737e+03
2.954745430486531859e+03
2.502045994875007636e+03
3.007634401648909261e+03
2.947342596941218744e+03
2.833287295415633253e+03
4.648851443900310187e+03
4.877481036400389712e+03
4.736056220890846816e+03
4.629084372067070035e+03
5.704819186351272037e+03
4.244191397123800925e+03
5.361243034677671858e+03
4.467082030692491571e+03
3.741359127778343463e+03
2.721888202024994371e+03
2.587870039351719697e+03
2.624213066771168997e+03
2.428435009649367657e+03
2.507947458686718619e+03
2.870068415020885368e+03
2.924136912785519144e+03
4.244951454946392005e+03
4.651361004817643334e+03
3.855400767634972453e+03
2.438347231349501271e+03
2.440828924282040589e+03
1.694264698568272479e+03
1.675052378819166961e+03
1.578983912758470979e+03
2.044173248795836344e+03
2.631374283739864950e+03
1.762094695753694850e+03
1.547480886469031930e+03
2.512466187529711078e+03
5.305255457127069349e+03
5.511909551363344690e+03
6.110454766998817831e+03
4.477238231932498820e+03
4.531924543228615221e+03
2.952095485400614962e+03
2.083822971675695499e+03
1.646915147868202666e+03
1.634817157002267095e+03
4.883020220812331900e+03
5.079437464179473864e+03
4.324619507086092199e+03
3.992230804215910211e+03
3.293194492254440775e+03
3.046625349049520082e+03
2.827163038796580167e+03
3.181589698287669307e+03
4.029090072867606978e+03
2.948649308314311384e+03
3.089585784298040835e+03
3.530260014302691616e+03
2.496168726402906486e+03
1.974542515971217426e+03
3.103115963484150143e+03
3.518268768517123590e+03
2.672076571736814913e+03
1.821336761162505582e+03
4.128208084463982232e+03
5.404510799088062413e+03
3.623852848071539029e+03
4.619084913119649173e+03
4.589866042249163002e+03
4.442423464776108631e+03
3.969399227558441453e+03
4.416056180806617704e+03
3.889359524217210492e+03
3.599608455268188663e+03
3.917692962922416882e+03
4.247094543233038166e+03
3.324688256026686759e+03
4.006619637789289754e+03
2.468212775569908445e+03
1.677496725016074606e+03
2.451313556607000919e+03
1.238703127049253908e+03
1.298631655479357050e+03
3.059653690553705928e+03
4.000042517321172454e+03
2.756396707622476242e+03
1.995474516407251940e+03
3.348564638683111298e+03
3.223841316698070841e+03
2.438586188473301263e+03
4.853600643128725096e+03
4.024263316660109467e+03
4.254397341880849126e+03
3.080348677180485538e+03
2.728363496186213979e+03
1.921658694136639951e+03
2.722815499050446306e+03
2.055625578446547024e+03
1.716747812935789852e+03
2.270324914803934007e+03
4.638535768531326539e+03
2.541669763616714135e+03
4.213304612912163975e+03
2.514501795019300516e+03
1.977409208465645179e+03
1.933998821527547307e+03
1.662005321674603465e+03
2.483190811135942567e+03
3.211723503514607728e+03
3.004129062106310812e+03
4.468638679397598935e+03
3.502562909701126955e+03
4.103635988886726409e+03
5.039145865945986770e+03
3.774377489501639047e+03
2.263894737232201805e+03
2.711956691768473320e+03
3.212032268023065626e+03
2.745364702545508408e+03
1.357068487492519580e+03
1.628852312785383901e+03
1.414428756218047056e+03
1.132364733636807159e+03
2.203223787731696120e+03
3.589062808075713747e+03
4.007590606341111652e+03
3.435985967827600234e+03
3.242160958978438885e+03
3.345906937438045588e+03
3.315610239917453782e+03
2.918800506065198533e+03
3.308617138479755795e+03
3.202769292264559681e+03
3.936685936960767776e+03
2.505790203488460520e+03
1.165010517911760417e+03
1.179476150980378634e+03
1.677746535983838612e+03
2.023746182066267693e+03
1.376933601789428394e+03
2.022623959734067512e+03
1.631833700872299232e+03
2.545021123295578036e+03
3.515341957364412337e+03
4.434627715085830459e+03
4.887889147918407616e+03
1.996167859421829235e+03
2.211950802104787726e+03
2.211256213143747118e+03
1.721201751406673111e+03
1.850245800030976397e+03
2.602815082837467344e+03
3.456751605364912848e+03
4.574179947855849605e+03
4.195005892835039958e+03
5.218830580782484503e+03
5.124637177638660432e+03
4.424915718600953369e+03
4.072385433377565732e+03
3.193100134091414930e+03
3.550563243816544855e+03
3.728225815291275921e+03
2.757747150240034898e+03
1.854222366298044108e+03
2.084328741082713805e+03
1.717024267641746064e+03
2.893697835582316202e+03
5.785553814186222553e+03
4.064518335613628551e+03
3.841297294429321482e+03
4.321021019207923928e+03
4.025986537794281048e+03
2.940286950687949229e+03
2.186417768705763592e+03
1.153579927526820256e+03
2.059312130066621648e+03
4.410145538758638395e+03
3.840278773211901353e+03
5.007591585570657116e+03
3.684677540978236266e+03
3.121425470621741624e+03
3.455685694308155689e+03
2.853125820355092856e+03
3.704801544527250826e+03
4.045227339097707954e+03
2.021254735467504588e+03
2.375153617061763725e+03
1.839039624779239603e+03
1.662276771429092605e+03
1.583518153953542878e+03
1.638014528317194618e+03
2.028015093444879994e+03
1.828847339019324636e+03
3.202366162217934288e+03
2.022576428551986965e+03
2.442602033978043437e+03
2.462674783404271693e+03
2.738636464158416857e+03
2.506015020454396563e+03
1.486354423452941774e+03
2.446743891773334781e+03
2.301562252656354303e+03
2.112717827918555486e+03
2.564994521724213882e+03
2.313295870722605287e+03
3.314048047018550733e+03
2.309198661486951551e+03
2.373665443092854730e+03
2.788594740227897546e+03
2.006448929447044748e+03
1.470841593536564233e+03
1.974580626070401195e+03
1.621640264764187805e+03
2.151288050624544212e+03
3.544183223723140600e+03
3.588678647286398700e+03
4.022732928151610395e+03
4.213354615997259316e+03
3.952687622283127439e+03
4.430557485196392918e+03
3.622117990426837423e+03
3.593740926625238899e+03
3.311376692972256023e+03
3.482814640569567928e+03
3.404955426972894657e+03
2.774238871639433000e+03
1.454018261425933588e+03
1.548197388640324334e+03
2.284967030344986142e+03
2.253529539471050612e+03
3.483766000018729301e+03
4.244431888598190199e+03
4.043262704303881947e+03
3.857807392757423258e+03
3.972881264117575938e+03
3.551152864954331108e+03
2.515329254692725954e+03
1.866995476869043387e+03
2.236399300439497893e+03
1.959717389645378034e+03
3.036259992154547490e+03
2.474454855216200940e+03
4.184115172042065751e+03
3.829439253587743679e+03
3.391106082613960098e+03
3.279859861855323743e+03
3.369580098571600956e+03
3.391254974910953479e+03
5.314252422438198664e+03
4.296985392099097226e+03
4.362430808054577938e+03
3.786411326058739633e+03
3.742458149798156228e+03
4.560279624477219841e+03
4.809176814070693581e+03
3.802112888079691402e+03
3.837307856314904257e+03
5.077226040300579371e+03
3.779232366470853322e+03
3.648827031905264903e+03
3.994742306643891425e+03
3.990596490885011463e+03
3.484486931186193033e+03
5.409816803408909436e+03
7.796025798084021517e+03
4.369098311064143672e+03
4.663232359767263915e+03
3.505829417424800795e+03
4.556236525256646019e+03
5.212419700017189825e+03
3.853197572419331209e+03
3.986318542724749022e+03
4.135788355837508789e+03
4.103847443076139825e+03
4.257117159239773173e+03
3.209285216321562530e+03
3.956282693962157737e+03
4.442146551042692408e+03
4.404642307957866251e+03
3.417884679195620720e+03
3.438576053983575093e+03
3.489560527841592375e+03
5.406931066323691084e+03
4.671145141215433796e+03
5.510420519484627221e+03
5.662271860714931790e+03
4.698013159548595468e+03
3.577382749202508876e+03
2.421159382777773772e+03
1.586449217935507477e+03
1.492873585956885563e+03
1.128238453208159854e+03
2.010404811564395686e+03
2.778379114078280054e+03
3.744073709609449452e+03
3.449095068451749739e+03
4.339637470354282414e+03
3.579560253331246258e+03
4.335834740532950491e+03
2.595756099283813910e+03
1.349117451190530801e+03
