2.877765775381266394e+03
5.248008993561968055e+03
4.809582998550898083e+03
3.586173818271967320e+03
3.431617957489302171e+03
3.061452671594294770e+03
3.567818425843776367e+03
3.856108282311398852e+03
3.042496885660117186e+03
2.819002607472355066e+03
3.102866196417947322e+03
4.418761458576904261e+03
4.400735340194588389e+03
3.331540602820270124e+03
2.498257232858133648e+03
1.452888510985773109e+03
1.242688432775549472e+03
1.970024172588172860e+03
1.881920840866312801e+03
1.726986715730824926e+03
2.198028145305358066e+03
1.879572471222502372e+03
2.777998137139446044e+03
2.402137480463670727e+03
2.668996314067426738e+03
3.695620368427128142e+03
1.212201842430998795e+03
2.339854890369043460e+03
1.774559281364888193e+03
2.403937471352783177e+03
1.385161476432273048e+03
2.852176283697312556e+03
3.510066197421780998e+03
3.442849192004409815e+03
2.863296491170252011e+03
2.631214864454334474e+03
2.072332530790251894e+03
3.083592286418764161e+03
2.586908762412278520e+03
2.320375591961884311e+03
2.483356871231651894e+03
1.858265265380792471e+03
1.857098525728006962e+03
3.005971895028360905e+03
2.323305292984156949e+03
2.372597976065149396e+03
2.210902615712765964e+03
3.031473491174191622e+03
2.699251391669780332e+03
2.718590078601101141e+03
3.025757896555952357e+03
2.884389264772536990e+03
2.254317356579905208e+03
2.027036729570794478e+03
1.383563615086064601e+03
2.340254328029453973e+03
1.955506077281698254e+03
1.935434576587081665e+03
1.576366915151432295e+03
1.643519881005065372e+03
1.993750653580582593e+03
2.752266963854672667e+03
2.044035430072113058e+03
1.430812581662993352e+03
1.692604492815916274e+03
1.267203203554722677e+03
1.643352668998961235e+03
1.026565741914621640e+03
1.674846832266365027e+03
1.173355593241745055e+03
1.651301772436702095e+03
1.826774244697734503e+03
1.771948656645269011e+03
2.236667820316895359e+03
2.013447055518158550e+03
1.450141810152026665e+03
1.099822634064375279e+03
6.584945431454269055e+03
7.132338890528817501e+03
4.220725257023175800e+03
3.573766616525170775e+03
4.740468443642758757e+03
6.130697753012451358e+03
3.642879490786976930e+03
3.710056419004735289e+03
4.615664863969966063e+03
3.741045026259059796e+03
2.366086296295035481e+03
1.647385347378615052e+03
1.656884528567693678e+03
1.993305855117636838e+03
4.063663886161463779e+03
3.075268283091759258e+03
3.414042916554247768e+03
3.923167114402634070e+03
2.662760960961048113e+03
3.428103661040295719e+03
1.517738182752533248e+03
1.867656887857039692e+03
1.120708862150180266e+03
1.826842616229790110e+03
1.239045634411561423e+03
1.888157688941242441e+03
2.092017593912673874e+03
3.444115257404623208e+03
3.904679006817591471e+03
1.758493599447562246e+03
1.518910369992715914e+03
2.030581166138031904e+03
2.599938910281422977e+03
1.958909546877775938e+03
2.042775034158905100e+03
1.729677602669599764e+03
2.641340627197298545e+03
2.359633139709086663e+03
2.579457493752830032e+03
2.704348126357742331e+03
3.009865944555102942e+03
2.787759417965408375e+03
2.866510897334146648e+03
2.959329091617692939e+03
2.469383969399595117e+03
3.328228855484572250e+03
4.011393836751004528e+03
2.691251858279827502e+03
2.510362179115553772e+03
2.879487200628690971e+03
4.709346180877842016e+03
3.981801144302837656e+03
3.826610214198336962e+03
2.961130091916300444e+03
4.006892900407405250e+03
4.117433671266612691e+03
4.357549313790550514e+03
4.673609073965386415e+03
4.547848033273984584e+03
4.625493350701463896e+03
3.182837763724912293e+03
3.559926242580712369e+03
4.503652607198206169e+03
5.002354178945504827e+03
4.600446548062913280e+03
4.160164844950001680e+03
4.440123964183458156e+03
2.982250770255425778e+03
3.768741004734984017e+03
3.457008678722208515e+03
2.820105776551786221e+03
2.519252329601747078e+03
2.444994256730397865e+03
2.387822333170201546e+03
2.101603850846458045e+03
2.576116345316997013e+03
2.767022229894800603e+03
2.382028741121058374e+03
2.749432740548308175e+03
2.722979327273043054e+03
2.614129417153370923e+03
3.304233662345522589e+03
3.909576199930129405e+03
3.986219292015301107e+03
4.855322589178987073e+03
4.771466574758469505e+03
3.287149104630028432e+03
1.485123007717358632e+03
2.681424474302416456e+03
2.544877428491365208e+03
1.963566234094038236e+03
1.603993494595239781e+03
3.910590405224741971e+03
1.114843605541778516e+03
1.591355385726546274e+03
1.414926729647404045e+03
1.751539078367908360e+03
1.407990176511861591e+03
1.782414464122634854e+03
1.813128899518621211e+03
2.233402790723404451e+03
1.809949277441440245e+03
1.822648891226508113e+03
1.613044494012266796e+03
1.829951695256341964e+03
2.419187130538387464e+03
2.698007660656489861e+03
1.730071355919423468e+03
2.769033173097207055e+03
2.275996585552165016e+03
1.608314860698281109e+03
1.555818762355577746e+03
1.291457794729517900e+03
2.243696410162366192e+03
2.750901997777069937e+03
3.251671781022686901e+03
3.644655613504713983e+03
3.105167115310398003e+03
3.003025029497961896e+03
4.460222002611127209e+03
3.268466228200783917e+03
2.624791084257487455e+03
2.112868010546666483e+03
2.377485679001111748e+03
1.992965969430600580e+03
1.857384314288398400e+03
1.796716218477307393e+03
2.433266424183920208e+03
2.218675104779966205e+03
2.073362081010948714e+03
2.908638790395817523e+03
4.079943708397590854e+03
2.941359269230521477e+03
2.318448765243865637e+03
3.943802652789129297e+03
2.300244894240711801e+03
2.481689415035436923e+03
2.182185253704596107e+03
2.009122471189536782e+03
2.187106791377926584e+03
2.700981006376774531e+03
2.594651470113992218e+03
2.526529999712453900e+03
3.016889026067866325e+03
3.398641674192717801e+03
1.264902666955128780e+03
2.683076264927769898e+03
2.960011619873424479e+03
2.108496258620050412e+03
3.658274559972908719e+03
2.251035746282231230e+03
2.215472266104266510e+03
2.995751869716834790e+03
1.770851567236151368e+03
2.164237669253318472e+03
3.166342543584803479e+03
1.377797310836471524e+03
2.097895785452233213e+03
1.825110813790860902e+03
1.971526828546428078e+03
1.593725933182066456e+03
1.613801068031415070e+03
4.114404551119047028e+03
4.604948450327456158e+03
3.925378785655629599e+03
3.639969111325362974e+03
3.768760206253386059e+03
4.428481925995034544e+03
4.272649099486434352e+03
3.604508458809113108e+03
2.900448868539469004e+03
1.859741715570481347e+03
2.163535468179148211e+03
1.883142890789516969e+03
2.057212024606546038e+03
1.633141215667089682e+03
1.274646706773983169e+03
1.871938079396466946e+03
1.397237518815527210e+03
3.385075699290552620e+03
5.331231362006605195e+03
5.255226508805504636e+03
4.335154713577626353e+03
4.598098435972845436e+03
4.510957231821814275e+03
3.757049556175263660e+03
3.506565730960258406e+03
3.199915939184448234e+03
3.325377946874400095e+03
3.339055650584236901e+03
3.540008150748541084e+03
3.113788173071693109e+03
2.920555041221417923e+03
2.007832641831103047e+03
1.270556568908177269e+03
1.517916280738786099e+03
2.815696504729486605e+03
3.207152427767631707e+03
2.812427952194274894e+03
2.656387488239467075e+03
3.240800840190578583e+03
3.543574188501074786e+03
3.177676691324555577e+03
3.302910811838625250e+03
1.479685501866568302e+03
1.268615229083129179e+03
2.615199944431744370e+03
4.039050894985260129e+03
4.750912218860385110e+03
3.472892392356296568e+03
2.329978828282160976e+03
2.300922256496865430e+03
2.842466949628974817e+03
1.568056359747421993e+03
1.676231313592514653e+03
1.651117050198817878e+03
2.561261086551595781e+03
1.518000994584299406e+03
2.646110828219921132e+03
2.548515463358495253e+03
2.015818717032160976e+03
2.477718126488510279e+03
4.132059977303219057e+03
3.163691250537484393e+03
2.924147086545521688e+03
2.790667772694829637e+03
2.540529053737173854e+03
2.053359689987701131e+03
1.952169781283660086e+03
3.014396583159557849e+03
3.390224699620901447e+03
2.337457467691170223e+03
2.281287300811926798e+03
2.614070624898577080e+03
1.943851187819638426e+03
2.517409460370858142e+03
1.976769778437341984e+03
3.357657287346716203e+03
3.558752391973451722e+03
2.483833282575893918e+03
2.626570913445387305e+03
2.950164584110940268e+03
1.830707641391443985e+03
2.043227765860206773e+03
1.807108490962968062e+03
1.844034087965920207e+03
2.742006129823077117e+03
2.174474208466302571e+03
1.989180122357848632e+03
1.736853224721563947e+03
1.573177439967371356e+03
2.687383466867730476e+03
3.680341976241479642e+03
3.955153253913816570e+03
4.437123063892950995e+03
3.728419215460934993e+03
3.005779508885339055e+03
1.583008262432726269e+03
1.575600685074569355e+03
1.719963908537912403e+03
2.242813514194352592e+03
1.827079649149359966e+03
1.069474126239736734e+03
1.511543377019494756e+03
2.071798743491618552e+03
1.936391634082262044e+03
3.105393205553454209e+03
1.800341014266816046e+03
4.008571160755660003e+03
4.159958492332155402e+03
4.520014841109546978e+03
3.451022659270867280e+03
4.345415251460842228e+03
3.280309834193554707e+03
3.966092412079008227e+03
2.783242392519061923e+03
2.494640078533722317e+03
2.873488487676608656e+03
3.431921664140188113e+03
2.855805069628073852e+03
3.299940695378099917e+03
2.868190998345372464e+03
3.076366954394953609e+03
2.222677911562364443e+03
1.782422171433361882e+03
2.262432577797691010e+03
1.306724790157577672e+03
2.042908633303014994e+03
2.323764348576327848e+03
3.093412676773323255e+03
2.306604784025370463e+03
2.807832728180341292e+03
2.083557130942529966e+03
2.410974197150398140e+03
1.407824560090292835e+03
2.182410401296895543e+03
2.461343432483870401e+03
2.833603901758079701e+03
2.786584895887513539e+03
2.190625246283989782e+03
3.063712527120925643e+03
2.840744458020262755e+03
2.185075125181929252e+03
1.963707528543791796e+03
3.869601983574048518e+03
3.237869105495410167e+03
3.986330315967600654e+03
3.527106522849613611e+03
2.685954157852165736e+03
2.549784024539235361e+03
3.208885563132330390e+03
2.795602353573549408e+03
1.993481766109790442e+03
2.515553299240183151e+03
3.019523306627078000e+03
1.868245118993878805e+03
1.906067112456381437e+03
1.041148413308004365e+03
1.714983313864424417e+03
3.343023982585516023e+03
3.404160204752060054e+03
3.101859874873019635e+03
2.751725332800407159e+03
3.091391857073150732e+03
2.634300735958965561e+03
3.191100250791505914e+03
1.711490689397076039e+03
1.767912329186576244e+03
2.694525484432721441e+03
3.149250953260539063e+03
3.236289951666453362e+03
1.454981305757264636e+03
1.406901167535975901e+03
2.034050206443123216e+03
1.551688535508493032e+03
1.917602937187603175e+03
2.253689317073109123e+03
1.659782266076806309e+03
3.481977594824154039e+03
5.017662836696710656e+03
3.223450046355579616e+03
4.496286073190630304e+03
3.226576909468506528e+03
2.586206582022033217e+03
2.598142731909691520e+03
2.636596068559364085e+03
3.578159624561948931e+03
2.610608927596306785e+03
3.055444901369460695e+03
2.526459398982864059e+03
3.458268270306742124e+03
3.155609445369620062e+03
1.371068264160621311e+03
1.163093456986078081e+03
2.548041029410611372e+03
2.965242772943256114e+03
2.902639010555452387e+03
2.092102455565310720e+03
2.797030925724724966e+03
3.331412711211045917e+03
2.542860569632540319e+03
1.428043482548348265e+03
2.103929043341216584e+03
3.082863704476565090e+03
3.615860624495807315e+03
2.375721828625425587e+03
2.463999451690631759e+03
3.620324528244816520e+03
4.262223375794249478e+03
4.432059709110617405e+03
4.681272942596227949e+03
4.576835357396061227e+03
4.687902890102283891e+03
3.771574842561257356e+03
3.520331343385550099e+03
2.315879226536870192e+03
2.929978925009775139e+03
3.040666886503599471e+03
3.644322942771571888e+03
3.042694924473659285e+03
2.914318124170144984e+03
2.337170902347733318e+03
1.930065630813808866e+03
1.734552675241894121e+03
1.587835245937944137e+03
1.074394543218150147e+03
1.224790630347772776e+03
1.666156322819982279e+03
1.701724261346727872e+03
2.137095594717749464e+03
2.264226527539812651e+03
2.575072592978995999e+03
3.226773783232416008e+03
5.761922860063157714e+03
5.176843361553536852e+03
4.845101863236202917e+03
3.350074729723897690e+03
4.732423217194464996e+03
3.319072034353933759e+03
3.618446366382404449e+03
2.433649182325474158e+03
2.744792808031512322e+03
2.784687306623214226e+03
1.983763791347991400e+03
1.671862098233180632e+03
2.181134303515537340e+03
2.326726734641005351e+03
3.634500268955008778e+03
3.042030096696544661e+03
3.354447633813121229e+03
2.663259536724977806e+03
2.033938706217159051e+03
1.835042854812599217e+03
1.337796911506719425e+03
1.527266899823760241e+03
1.901030959801191329e+03
1.444855912833019147e+03
1.440843762802220908e+03
1.142545979353724533e+03
1.918237519268062442e+03
