3.407657620502976897e+03
4.869183786833127670e+03
2.980423530056166783e+03
3.879426890455171815e+03
3.110836936779715415e+03
4.373307894770005987e+03
5.839214899400674767e+03
2.073487580531348158e+03
1.503694297005708222e+03
1.260391304629127944e+03
8.535251172025564301e+02
7.341071770804655898e+02
8.149883299241571422e+02
9.177841994365942355e+02
7.107685590232031245e+02
6.563088820522716560e+02
6.225691262882838828e+02
1.221382472289870975e+03
2.469496592088343277e+03
3.350255336519905995e+03
3.932169255901384531e+03
3.760324204377102433e+03
3.238765046351893488e+03
3.448989378126318570e+03
3.353193747086158055e+03
3.095820160115352337e+03
2.842692915672359049e+03
3.430332254107839162e+03
3.919284617199533386e+03
3.131341785851990608e+03
4.340074413710068256e+03
3.797925079496520993e+03
3.652942880526371482e+03
3.900742095023723323e+03
4.818140043003225401e+03
6.049132751964136332e+03
6.059111180368878195e+03
4.943632184224325101e+03
5.862732896443440040e+03
5.647113718392284682e+03
3.675454214823465918e+03
5.584174837954343275e+03
2.822911579367290869e+03
3.789451663871755045e+03
5.415202144312496785e+03
4.540322967725173839e+03
3.133968671046505278e+03
3.711481769396973050e+03
4.086792615703796400e+03
1.916058147823949867e+03
1.817180069687112109e+03
1.597798396696911823e+03
1.112441683369104794e+03
7.134459666444154209e+02
7.175837014928881672e+02
5.056603095855939500e+02
7.441639738269133204e+02
5.976976116275596951e+02
6.096235970823404386e+02
1.122973814221935527e+03
1.301993065819045341e+03
1.703616886752895425e+03
1.118000099282616247e+03
1.182863773107644192e+03
1.160765335628748744e+03
9.061048854368143566e+02
9.326462360748967058e+02
7.723748162194442557e+02
6.325045153681525107e+02
1.059102815130951967e+03
9.234757288572316156e+02
5.025509549138439525e+02
5.569565873933605644e+02
7.178809326102127670e+02
8.624344030138948938e+02
7.876798672354067321e+02
7.190062922395809437e+02
6.445749428751697678e+02
1.071940589363835670e+03
2.563996830565606615e+03
2.509598252942959334e+03
2.155129139888054851e+03
8.481289094772700992e+02
1.161091306782170250e+03
1.516791305491537742e+03
1.261515213484309470e+03
1.054536309623963689e+03
1.020773034088269696e+03
1.238969273382313304e+03
8.580810072073522861e+02
1.005254497045926314e+03
9.231408555925452220e+02
1.251240346257057126e+03
9.186690685280270827e+02
1.071743613849619351e+03
9.398402240781704222e+02
7.440423502502676456e+02
7.662773047218499869e+02
9.257026992795412070e+02
8.222630295893429775e+02
7.570674063797181361e+02
1.263167244203205428e+03
1.268737857847525447e+03
1.782194265437990225e+03
1.916266663753876628e+03
7.747369836810872812e+02
1.623806343421516431e+03
3.877003780253582136e+03
3.430388850230645403e+03
2.561409463623651845e+03
2.096420612374625762e+03
3.190490071564556729e+03
2.453658629819010912e+03
2.812458022073356005e+03
3.282108568144227320e+03
3.317221858528341272e+03
4.495420456629508408e+03
3.962764945994848404e+03
4.205647211390974007e+03
3.762019343484409546e+03
4.647615686590733276e+03
3.361088548793148220e+03
4.017638646353611421e+03
4.148680328522614218e+03
3.789022841165418868e+03
3.582578574706058134e+03
3.692484499854402202e+03
3.277919096666695623e+03
3.244237859827680040e+03
3.776931318061920592e+03
4.162209346939122952e+03
4.115465757292548005e+03
3.855571100439174188e+03
3.616434150488167234e+03
5.884911703119406411e+03
3.236324556616181326e+03
2.848465183363664437e+03
4.650694581520488100e+03
4.220213302878199102e+03
3.131504049575749377e+03
3.189727293103766897e+03
3.302013348130760733e+03
3.294105658815705283e+03
2.716542455731545033e+03
1.976901338027404336e+03
2.440177084165824454e+03
3.101514183637734732e+03
1.427105129687446833e+03
6.846928170694957316e+02
3.955887589319522704e+03
4.541782312065230144e+03
4.672091245509745931e+03
5.050256781767630855e+03
4.348491366678301347e+03
5.181716625056520570e+03
3.413550143071741786e+03
3.275237930238693480e+03
4.127366851309640879e+03
1.729887226685967789e+03
1.045592338436085811e+03
1.433888516906197083e+03
1.365465151584621481e+03
1.047946690687294904e+03
9.164578628468796069e+02
2.500736050596694895e+03
1.878603540226985160e+03
2.559275242487516152e+03
2.087971102008479193e+03
3.151946039614752408e+03
3.317089032217036674e+03
3.589197394100669044e+03
4.808783462028263784e+03
3.086567747009971754e+03
3.143358376694076924e+03
3.781225346274628009e+03
2.303521886077286126e+03
2.423940271579101591e+03
2.785381719424151015e+03
3.302473209865406716e+03
2.462235506773026373e+03
2.731138057828401088e+03
2.275943180355739969e+03
2.567011984035192654e+03
2.607306164086237459e+03
2.530701421454903539e+03
1.551817475773074193e+03
1.473216065082935074e+03
1.764453127704513690e+03
1.968187661197412581e+03
1.613799433634381558e+03
2.618023845995664033e+03
4.111732231204325217e+03
3.551101120351152531e+03
5.733125914083090720e+03
4.309162970388954818e+03
2.361537752043693672e+03
3.452090539598370015e+03
2.770490830622946760e+03
2.552131229661366433e+03
2.032625863264354393e+03
1.172878978320887427e+03
1.271839456897353784e+03
1.843671776985054748e+03
1.656907079443549947e+03
9.577842528164583200e+02
2.600423951069309624e+03
2.501073021815206175e+03
2.217273817812834295e+03
2.599997812233990317e+03
2.328003605151846386e+03
2.610079409431510612e+03
2.806055317933679817e+03
4.061262113002625028e+03
7.814129358826573480e+03
6.856677007863152539e+03
6.577127795517268169e+03
7.750850239037906249e+03
7.844758981142539596e+03
7.471688313251889667e+03
7.342467247623659205e+03
5.542547464799451518e+03
7.037037448649865837e+03
9.713118379567347802e+03
3.960898891570443539e+03
2.395197374959797344e+03
1.343157061854447875e+03
1.366423996964364505e+03
1.118612776427207564e+03
2.295524416845707947e+03
6.336150024508892784e+03
5.279900429057978727e+03
3.287154196328398939e+03
2.362199056604796169e+03
2.769090668143320727e+03
3.428097591958490284e+03
3.100333359707909949e+03
2.284583698981843554e+03
1.942846098437720002e+03
2.225735332887894401e+03
2.384886721143976047e+03
1.411581649436184989e+03
1.805869521381705681e+03
9.280638738404782089e+02
1.533638592966278338e+03
1.643885602758203277e+03
1.142921476556866764e+03
1.320938901648389674e+03
1.459646429661238017e+03
1.585927594146443425e+03
1.884650782828085312e+03
1.941954950886420875e+03
5.186546035568027037e+03
7.573103687614368027e+03
5.004968742912918970e+03
4.721428143017043112e+03
3.356211261832827404e+03
4.012702677979544660e+03
3.452102073655324602e+03
4.331729710226944917e+03
3.381564384817786959e+03
4.203827593961622370e+03
4.627951616426933469e+03
4.233553685517376834e+03
6.393933793188522941e+03
4.606880762541503827e+03
3.858925489216741425e+03
5.390181125688666725e+03
4.968087080508751569e+03
7.383816623900148443e+03
5.082833202345151221e+03
5.128180548843872202e+03
8.175850369434243476e+03
5.758930760269102393e+03
6.899764893083133757e+03
7.418651598997987094e+03
4.816940234660789429e+03
3.813952980378408029e+03
5.653107164939163340e+03
3.080768025485971521e+03
2.408483525067381379e+03
2.463608002046865295e+03
2.205897984761892531e+03
1.789305974769383965e+03
1.984501909078612925e+03
2.574796226389515596e+03
2.040601879495020057e+03
2.067085268654588617e+03
1.936907992814506997e+03
2.505806231268945794e+03
3.097374339396357300e+03
3.369290568123155481e+03
2.080245520429750286e+03
1.390443742684601148e+03
1.100518779001758048e+03
1.078544419202796234e+03
9.378226730433912053e+02
9.957156900691328474e+02
1.152569504058497841e+03
1.284154566239911219e+03
1.182061123594557557e+03
2.196349194531048852e+03
3.476784296527616789e+03
8.401177647533695563e+03
4.583117955658962273e+03
4.622258264417213468e+03
4.230190647324816382e+03
5.451017281297064073e+03
5.714525136250169453e+03
5.097206104814882565e+03
5.375212980845057245e+03
7.431394409173006352e+03
5.804618215001731187e+03
3.272044653143921551e+03
2.928363217560959129e+03
4.840432166056802089e+03
5.116130012112638724e+03
5.330486093146664643e+03
5.670946783963718190e+03
4.272709936176618612e+03
4.496667267503478797e+03
6.114273243648208336e+03
4.708685706747186487e+03
5.454697713379972811e+03
3.836921023154875911e+03
3.702476099218287345e+03
2.510180422425211873e+03
2.780255731084391300e+03
2.160251296142075716e+03
4.230160855113659636e+03
3.475841702906736373e+03
4.698726575413613318e+03
3.773914737790088111e+03
3.416226843844706309e+03
3.568260801743890624e+03
3.423872906629329009e+03
3.800901478140105610e+03
3.163583495516573294e+03
3.594122886538293187e+03
3.965583121354790819e+03
2.605387842828621160e+03
3.885292629726770429e+03
3.491316531270709220e+03
4.047945206953924298e+03
3.331251529805196242e+03
3.740746365594464805e+03
3.155401012748594439e+03
2.780437995671553836e+03
2.556698758881291269e+03
2.385501030254144098e+03
2.624682174952512923e+03
2.509414842062514253e+03
2.159265839168496314e+03
2.106872291557384870e+03
1.624462277363584917e+03
2.086537887908572429e+03
2.744091587295361023e+03
2.712788186584145933e+03
2.471413531082239388e+03
3.227582806975914082e+03
4.474246898435473668e+03
2.821712281676605471e+03
3.073232439675608930e+03
3.279242926588356113e+03
3.083208888661576566e+03
3.272036196517045937e+03
4.060932220748668442e+03
3.222128456975876361e+03
3.571964465739815751e+03
3.173307675551001012e+03
3.517016788981350601e+03
3.372854914275429110e+03
2.933231715830047506e+03
2.698486536165988127e+03
2.735057266656794582e+03
2.772346979558513794e+03
4.164006255873303417e+03
4.592467560733768551e+03
2.895363492794338981e+03
2.518226252825769279e+03
2.433943327777691138e+03
2.682290755158261618e+03
2.598700440439880367e+03
2.300548018415262959e+03
2.322656565220938319e+03
3.044499081344549722e+03
2.648849876158818461e+03
2.436196063377561131e+03
2.153950536023005043e+03
1.742272480702949451e+03
1.275177318117868936e+03
1.629905155917912907e+03
1.092852525006662518e+03
1.142885573096943517e+03
1.673646349293669118e+03
1.380556359422236255e+03
6.882898998317688211e+02
4.384571657963754205e+02
7.374173781612012135e+02
1.352676701196566228e+03
1.333961417408891521e+03
1.845594681550007635e+03
1.391717340833767139e+03
1.347978831100326488e+03
8.316448179875317237e+02
1.453394167579323266e+03
2.708640485625825022e+03
2.374560186378118487e+03
2.682732888530640594e+03
1.751703205136814859e+03
3.348368587193397616e+03
3.457845406369174270e+03
2.003729976235112417e+03
3.398569232702983754e+03
4.050221237035193099e+03
3.333015215548410197e+03
2.171978509397672497e+03
2.826442415759484447e+03
2.130816685002686881e+03
2.641397972918107371e+03
3.678886688460214373e+03
3.452567179707249124e+03
4.489309852540238353e+03
4.592659222273198793e+03
4.163699896006798554e+03
5.089608907243152316e+03
5.742410531413137505e+03
8.748841938630197546e+03
1.026123797147387086e+04
6.683130581760614405e+03
6.774483906608798861e+03
4.831829914315806491e+03
1.760770340076926232e+03
1.730145448745440945e+03
1.830622028489157174e+03
1.756372852980529387e+03
2.336590316893476484e+03
3.798210344922302738e+03
3.600268799430277795e+03
2.802969510399378123e+03
3.808074950717928004e+03
3.857285799190528905e+03
2.874088681669448306e+03
4.551031167652105978e+03
3.839434153592419534e+03
3.374208926907741898e+03
3.293689621922297647e+03
4.168648870314663327e+03
5.622558745507049025e+03
1.750442911709442797e+03
3.959073232296851984e+03
3.835722593654081265e+03
4.910429432286176052e+03
3.986257413761386033e+03
3.265944673700627391e+03
4.294305466349077506e+03
2.842143535886541031e+03
4.356472023450381130e+03
4.767616692628191231e+03
4.229130213705439019e+03
4.927331965092340397e+03
3.714615760531411979e+03
4.053403159594658064e+03
2.628282204617596108e+03
4.043930653042340509e+03
2.609149104115108457e+03
1.428715866808624696e+03
1.541014465031893678e+03
2.317706460438740578e+03
2.267397984627121332e+03
1.749510011014382599e+03
1.391738642922194003e+03
2.764604813289350204e+03
3.757831775245711924e+03
2.918056540479522937e+03
3.410349871281514424e+03
3.287218331091039545e+03
3.963182732017172384e+03
6.049702197698515192e+03
5.377518677453728742e+03
3.021652939643843638e+03
9.847402453355575744e+02
1.212901041982192510e+03
1.366511264799477658e+03
1.671884831229863039e+03
1.511321189847317328e+03
2.072918779671980246e+03
9.604157989056589031e+02
3.258547566931929850e+03
4.737307059887916694e+03
4.072755471298736666e+03
5.262203650753722286e+03
5.462322974249184881e+03
3.778671068863429355e+03
6.873784404557798553e+03
4.531499797056748321e+03
2.266143498159350656e+03
1.996518448674851925e+03
1.578253680165707692e+03
2.639616802019062106e+03
