1.384777235601287202e+03
1.190503035013228555e+03
1.466559061502759732e+03
1.191980795635552568e+03
2.363223087479320839e+03
2.604382658782667477e+03
2.071269412648985053e+03
1.735379418719921659e+03
2.482771255765800561e+03
1.427836644488560523e+03
2.031580844380985127e+03
2.496187842677343269e+03
1.811022002785257882e+03
2.237405090173666395e+03
2.248301637724827742e+03
2.230875065494626597e+03
1.815598594284295814e+03
2.243050449434511847e+03
1.523350662410130099e+03
2.370978605475129825e+03
2.588162218439827029e+03
3.565109356052531439e+03
3.564852918574026717e+03
4.318724982199474653e+03
4.376508163375695403e+03
5.480436981480964278e+03
4.863364877416221134e+03
5.125629147159854256e+03
4.493330889636184111e+03
5.022775900540665134e+03
4.724718652382718574e+03
4.044167551910248221e+03
3.875706694080730813e+03
2.931386470885269318e+03
2.556126908644180730e+03
2.885944064202553363e+03
3.134269566544977351e+03
3.369153715874970658e+03
3.487085453055387916e+03
2.757311773201153756e+03
3.782654716215939061e+03
3.424428917664214623e+03
3.241232620154242341e+03
4.451518198343117547e+03
4.420531611132740181e+03
4.963263631761705255e+03
5.589614404047936659e+03
4.714899336750776456e+03
3.601529550605115674e+03
2.779696530035961132e+03
3.126002883644712256e+03
3.435067896712410402e+03
2.703637246356884134e+03
2.600416116822473214e+03
2.272157835454722772e+03
1.389546906208975997e+03
2.585879834864070745e+03
3.356052097987844718e+03
4.569880196398197768e+03
3.334469936495885122e+03
3.467095322549235789e+03
4.039216567373305679e+03
3.718292506893961217e+03
3.093885504666252928e+03
3.186201191686463062e+03
3.329466615846361037e+03
2.448241506110779937e+03
3.146901176034460150e+03
1.705715616639024120e+03
1.016450579914087939e+03
2.075456958669621599e+03
1.014325848902392636e+03
2.679550366977320209e+03
3.831310958205734096e+03
3.034846208189270328e+03
3.481755678103063019e+03
3.517774994091026201e+03
2.037556485340610834e+03
2.205437820345824093e+03
2.115850576340223142e+03
1.101737780371371628e+03
2.334670202652238004e+03
1.544275257328837370e+03
2.435205605731320247e+03
3.802073301833935147e+03
3.764767858190039533e+03
3.804747919029007335e+03
3.947160941806292612e+03
4.285914870315588814e+03
3.083185147872060043e+03
1.001968737406230616e+03
9.615740853896195404e+02
2.224321417473172914e+03
3.112874384907011063e+03
4.436645085502419533e+03
4.271848610406685111e+03
3.164331542368047849e+03
3.505515309326336137e+03
3.406689500071980092e+03
2.559594629631011230e+03
2.416635335876116642e+03
2.197971353748467664e+03
1.968108907518610749e+03
2.743422477162174346e+03
1.449909108599365481e+03
1.759218167653412820e+03
1.849937265151810152e+03
2.576792977007185527e+03
2.175521955762433663e+03
1.708104718215169214e+03
2.449365679955320047e+03
2.015290199352451282e+03
1.818968151613598593e+03
1.574588635399961959e+03
1.835921224437014871e+03
1.451008302929569027e+03
9.631836367272524058e+02
1.386816761933792804e+03
2.099572840362999614e+03
2.596726308043093468e+03
1.342585194809676523e+03
2.146032287778359660e+03
2.309180728762215494e+03
2.059456668161255038e+03
1.529515597150566236e+03
1.633008075914427764e+03
1.650708195956238569e+03
1.560388966819080451e+03
1.740373371184716689e+03
2.410462606211222919e+03
1.223440373803137163e+03
1.154130893541737123e+03
1.071177023896828814e+03
1.184643176536428882e+03
1.091172082027369470e+03
1.839143076962789792e+03
2.110271385670616382e+03
3.251187033453705681e+03
3.690723924829784664e+03
2.919763397530402017e+03
3.670551072848485092e+03
3.325264862723914121e+03
3.988472941312923922e+03
4.113759464897008002e+03
4.390508349785558494e+03
4.561523602018115525e+03
4.483571563788642379e+03
4.452174280195561550e+03
4.978648651026870539e+03
4.690852064077857904e+03
4.034725486873041518e+03
3.600755746991373144e+03
3.458392376514954321e+03
3.310513027470924499e+03
3.297758715612053948e+03
3.483263195433413330e+03
3.604021795665189074e+03
4.793798967777009238e+03
5.210495801558147832e+03
5.114906662782472267e+03
5.061022952153085498e+03
3.574573548261237647e+03
3.762943596940138832e+03
2.784078239078799470e+03
1.504940514717615770e+03
1.745956637358056696e+03
1.417798508534632447e+03
1.386447730723264613e+03
2.202093316218549717e+03
1.561187402156522921e+03
1.549027047466776366e+03
1.294177405942521773e+03
2.073447860678458255e+03
1.617956670772964117e+03
1.555026755790200696e+03
3.059808984415337363e+03
5.328724533695239188e+03
4.416374213919418253e+03
3.036091631663589396e+03
2.387990589294703568e+03
2.810671429837501364e+03
2.524465157244815146e+03
4.125137209081347464e+03
3.188069583135890753e+03
4.382300094375874323e+03
2.751246933828441342e+03
3.854061404682603097e+03
4.117668717454364923e+03
3.622721597624283277e+03
3.952433170971524760e+03
4.887919501878026495e+03
2.870234775122662541e+03
3.147539606809626548e+03
3.776708716334770997e+03
3.937439065751143971e+03
3.384944722310812722e+03
3.687111076712006707e+03
3.003404499577558454e+03
3.477735575738113312e+03
1.678434255413354322e+03
2.849583784258308242e+03
2.376187262246200589e+03
2.339485595235160417e+03
1.630256760631048792e+03
1.369632462721655884e+03
1.340582984177064873e+03
1.496252716852141020e+03
2.703308299528343014e+03
2.709198831793752106e+03
2.773989737709035126e+03
4.941094397341729746e+03
4.799031912641839881e+03
2.511197088319716386e+03
3.530568746706093862e+03
3.154307473696981106e+03
3.622721715645429867e+03
4.666948944673488768e+03
4.594618394351458846e+03
4.109707421540607356e+03
2.808989851036008531e+03
3.211906050649057306e+03
3.607919814301566475e+03
2.776595875059997979e+03
2.371012646623526962e+03
3.081749147248790450e+03
2.948731407038663747e+03
3.060640155792717906e+03
2.794716892302684300e+03
1.639493806694753857e+03
8.494937054306172968e+02
1.887908694057339062e+03
1.458077817729685194e+03
1.621957384193319285e+03
1.848746569015218029e+03
1.120817679734852391e+03
1.497933112892772442e+03
1.007926132693722593e+03
1.319402331292200415e+03
2.487515482788074678e+03
2.075651750636289762e+03
1.251507305415219207e+03
2.059466114959423521e+03
3.075696512791364512e+03
3.764425941753813277e+03
5.278385163572624151e+03
3.448020353697735118e+03
6.920586447503604177e+03
3.553927351268108396e+03
3.836956428695900286e+03
4.261135508730884794e+03
3.334928578213531182e+03
3.677826108508652396e+03
4.283962183817244295e+03
3.700724975837626971e+03
3.736175753853367496e+03
3.760556483439233943e+03
4.177163421127899710e+03
3.332418644863736063e+03
2.265096499626794866e+03
2.395099074886416929e+03
1.789677537384727430e+03
1.544779702303615977e+03
1.893899402544877375e+03
1.337965864690771468e+03
1.394470763269299823e+03
1.429101513606231492e+03
1.238937548962527671e+03
1.518947738222857879e+03
1.786954862510876410e+03
1.738093904468159508e+03
2.151663805747866718e+03
2.171704367366211955e+03
1.586076130446434718e+03
2.295129820979551823e+03
1.956590740992386372e+03
1.302813754355599258e+03
1.863385699476037416e+03
2.188869072538690034e+03
2.195124168638443280e+03
2.761224087412571407e+03
2.485644398596100473e+03
2.509116100843139520e+03
2.911690560096279569e+03
4.085254952290424626e+03
2.650173564196141342e+03
2.385183511225166058e+03
3.426478072478325885e+03
2.311507028005788925e+03
2.266793852216807863e+03
2.547132887606496752e+03
1.548354633079795803e+03
2.030377357878663588e+03
3.690863320260794808e+03
3.897533330403845866e+03
2.677927077335946706e+03
1.960407968603146855e+03
2.687585690218711079e+03
3.687427460299745690e+03
3.559825936795670714e+03
4.202351214763829375e+03
3.723446136152196232e+03
2.443617574852444704e+03
2.595836339478948503e+03
3.126741020459237461e+03
2.022764906097906533e+03
4.117448148424519786e+03
3.243570985004053455e+03
2.856853168197482319e+03
3.371612683967956855e+03
3.134017149161204088e+03
3.328672752522932569e+03
2.455164319505907315e+03
2.054308351854615012e+03
1.789074884512002654e+03
7.881236544842488456e+02
1.111173404004818394e+03
1.314970334503100275e+03
1.227281211206414810e+03
1.198867154389980215e+03
1.700098811347603259e+03
2.893548842701288777e+03
1.885589049402557066e+03
4.006586587034975310e+03
3.283941153646248040e+03
2.002328126105598813e+03
2.764309233922333533e+03
3.853566779547691567e+03
3.146565332673079411e+03
3.266892934920765128e+03
2.821501643983448503e+03
3.226053096128238394e+03
3.538981178451478172e+03
3.480620786440556913e+03
3.329887983404201805e+03
3.380360249707672210e+03
3.567227297772220936e+03
2.958852065989268795e+03
4.121131982116642575e+03
2.933303619211618752e+03
2.779150363544442826e+03
1.096698030295846820e+03
1.293174135476205265e+03
1.449987343695737309e+03
2.327518722206459188e+03
2.532168288041900269e+03
2.362663232870157572e+03
3.028442006503800712e+03
2.293204676588202801e+03
2.670259475879190632e+03
1.854838991022513483e+03
2.019498478256310136e+03
2.601240990961478929e+03
2.075883990991526389e+03
2.976934326152918402e+03
1.518413925138682316e+03
2.016211935621438442e+03
2.608824083944853101e+03
1.215205783746168208e+03
2.137808500464711415e+03
2.775739065630619280e+03
2.039057084407297452e+03
2.142032560582629685e+03
2.344434039763151759e+03
3.878512101930199151e+03
2.454454447699051798e+03
3.643949367438459831e+03
3.514943747081146739e+03
3.539224278153260457e+03
2.662265669324968712e+03
2.537284304756140955e+03
3.512511690217434989e+03
3.901381853656494059e+03
3.805538851436027471e+03
3.559522954339152420e+03
4.397993520858824013e+03
3.728804659853991780e+03
4.076911155912733648e+03
4.305134680767678219e+03
3.948996281690202068e+03
2.958310732181261301e+03
2.331219245035329095e+03
3.012154460835318787e+03
3.589249474503338661e+03
3.451714567346962667e+03
3.553961007596631134e+03
2.950240595501056760e+03
2.322860534254567028e+03
3.519072849962567943e+03
4.504647650299748420e+03
4.224037961509175148e+03
3.649836626163722030e+03
3.803697374719355139e+03
5.826004545325949039e+03
5.808475854677105417e+03
5.070547406759020305e+03
3.434373925792308000e+03
2.011935150705884780e+03
1.672668040445103770e+03
1.294701167006334799e+03
1.939892886403005377e+03
1.486538444630188678e+03
1.718605810804895782e+03
1.223504974768375178e+03
1.513366668405042674e+03
1.724363941244677335e+03
2.722794289479727468e+03
2.111221975092415050e+03
4.050099926053223953e+03
2.603679517764694992e+03
2.786714865285161068e+03
2.574254856424539412e+03
2.000456577170584751e+03
2.385256402528010767e+03
2.249119694481302759e+03
3.054702723501437049e+03
2.078324762259864656e+03
2.487367937371188418e+03
2.510871800731440999e+03
2.058712827144418952e+03
1.886934539619376210e+03
1.774150586140478254e+03
1.550120030524524509e+03
2.142576886374453807e+03
2.959927287496503141e+03
3.161601626183404733e+03
2.557098460105411050e+03
2.468838288088461013e+03
1.685945072618896575e+03
1.175158982614811748e+03
2.160009431263634269e+03
3.139117710630883721e+03
2.593410717987798307e+03
3.787823425296637652e+03
3.080439910563232388e+03
2.959745728257336395e+03
3.486437804578466967e+03
3.648491112291999343e+03
2.694511333299910802e+03
3.536794003542918290e+03
3.800412011099863776e+03
2.877069342491820407e+03
4.248333403993000502e+03
3.221510308025054201e+03
3.592389882930424847e+03
3.925187260323460578e+03
4.620358827244974236e+03
2.952913436103379809e+03
3.023859865345256367e+03
3.016445354787925226e+03
2.352185914230790786e+03
2.689794034857460701e+03
3.929698339498649602e+03
3.030237804546157349e+03
3.506724246618051438e+03
3.976857836347315242e+03
2.841049078567374636e+03
2.511651171416043326e+03
2.731585959564288260e+03
3.706446664504731871e+03
2.984756631748806285e+03
3.904395282968125684e+03
3.007497630165815281e+03
2.661009953590400983e+03
2.337313234685435418e+03
2.413324640003739660e+03
2.793483423677408609e+03
1.925741231466573254e+03
2.028453988135293457e+03
2.986042523379381237e+03
2.631345267600075658e+03
3.203806490081346055e+03
4.524654800028988575e+03
5.446251913082164720e+03
4.021965324871711346e+03
5.033578497040087314e+03
3.735053362247030691e+03
2.397819716906665690e+03
3.327444325580322129e+03
2.283455668649384734e+03
2.260043562107160142e+03
2.375632519309597228e+03
2.387467864007071512e+03
2.985972529287828820e+03
3.786533469235753273e+03
3.111059827962241343e+03
2.055154918790883585e+03
2.307378434817103425e+03
1.583540055700484572e+03
1.254992541350301963e+03
1.701121716258296829e+03
1.414519670235969443e+03
1.487041034010193471e+03
1.231662424043540796e+03
2.114504453816814930e+03
2.220842763964816641e+03
3.055373260718166875e+03
