4.516062652821276060e+03
5.558970489939038998e+03
4.790126361980733236e+03
3.817615527828045742e+03
5.021231126960729853e+03
4.748756792239757488e+03
4.443045118785586965e+03
4.056426524078119655e+03
4.175514178588827235e+03
4.392058700799946564e+03
3.911817645180969976e+03
3.425039574655699653e+03
3.934425812149670946e+03
4.013277257507068953e+03
4.284727081140206792e+03
3.202954055227576191e+03
3.177171560564796437e+03
4.078598321455307541e+03
2.533310304263069156e+03
4.136448492808716765e+03
4.122126309023763497e+03
2.964687643682534599e+03
2.481506041016187282e+03
3.522902425834545738e+03
2.019745290111086206e+03
2.433314798392818830e+03
2.757058467384592404e+03
2.160136141687203690e+03
1.980585081627515365e+03
2.738167056010540364e+03
3.362952401345518865e+03
2.399532647455337610e+03
3.335569449742307825e+03
4.776744369451976127e+03
3.569450744059362478e+03
3.139605319221658192e+03
4.481821404817192160e+03
3.640919984174607180e+03
3.099047430720168450e+03
2.481219216874828362e+03
4.307793218825637268e+03
3.072348455463579285e+03
2.765767077591928683e+03
3.348845025219909985e+03
2.185067130328728126e+03
3.203496450553473096e+03
2.843680592414036255e+03
1.916186635040699230e+03
1.832510679662636676e+03
1.649015420718233599e+03
3.660272273495093032e+03
1.617792906287534834e+03
2.643583117620593384e+03
3.151687579125382854e+03
2.891815994340023735e+03
2.890805974022689497e+03
3.730124295699938557e+03
3.530067658851424312e+03
3.537476637854430919e+03
4.695865436295585823e+03
4.311979015179909766e+03
5.724220928446467042e+03
5.497699614557870518e+03
4.082904613141746722e+03
5.722596774029569133e+03
6.569440718939419639e+03
6.787114022102622584e+03
1.785326269453564009e+03
1.634172113439398345e+03
1.224097659987538009e+03
1.266573054629650414e+03
1.051398720085681816e+03
1.247795961565378320e+03
2.740280312468060401e+03
3.768025933332842669e+03
5.264135827745211827e+03
5.676576310099281727e+03
6.095456919140674472e+03
7.866212910092311176e+03
5.860846571254709488e+03
6.800726273815976128e+03
6.105696654324467090e+03
1.538691577937894408e+03
2.682832326512674626e+03
2.088218410226470041e+03
1.093977196605831750e+03
1.314897903918601287e+03
1.264429404709488608e+03
1.431294052055192424e+03
1.287061512853003705e+03
1.431862020323971592e+03
1.519749119749352531e+03
1.114905232924701295e+03
1.236204151326204283e+03
3.923034286020862965e+03
2.725267336161211006e+03
3.755274774677774985e+03
4.859900492737055174e+03
3.847456453350307584e+03
2.737234212480635051e+03
2.130744185906672101e+03
2.505117399014289731e+03
2.344000845228292292e+03
2.727351926999588613e+03
2.550815234672079441e+03
3.149827954807532933e+03
2.856671747073360166e+03
2.536868926285471844e+03
2.476956552829763496e+03
2.875829286816105196e+03
3.819209664888262523e+03
2.577745306281286048e+03
3.702545477015690267e+03
3.440761544366569069e+03
2.728878737665143035e+03
2.358986982402685044e+03
3.709830014906288852e+03
4.366190417762851212e+03
4.075228615999673821e+03
3.971536108200910348e+03
4.658977027285824079e+03
3.894478695886527930e+03
2.381788683483564000e+03
1.596392727061570895e+03
1.912913445736381618e+03
2.464436589908246788e+03
2.326028540332410103e+03
1.872418475544163812e+03
2.618084731117779029e+03
3.367604940662163699e+03
2.298174828368819817e+03
4.237724502410910645e+03
3.655333019746515674e+03
3.902318876453346547e+03
3.308779693594437958e+03
3.835623331100916857e+03
4.136908628441428846e+03
4.551557589331623603e+03
3.381295137248234369e+03
2.067987843785591394e+03
2.738783482613469914e+03
3.721396813989922521e+03
2.596341525538887254e+03
4.026403957232841094e+03
3.170189059745504892e+03
3.143354063061200577e+03
2.932686966988031600e+03
2.428560553218017503e+03
2.382779879379845624e+03
2.378685664491468287e+03
2.282998755327276740e+03
2.863399699908174171e+03
2.298089652206220308e+03
2.126642143931042483e+03
1.977125999271190494e+03
1.582266865505941951e+03
2.206923296631821813e+03
2.028187885217981830e+03
1.841926235314789665e+03
1.980938052382059141e+03
1.914168703326115747e+03
1.830058972019237217e+03
2.205881772014231956e+03
2.315440131611858305e+03
2.077144697574641214e+03
1.180410924134273955e+03
1.114928127377193505e+03
1.156901868789640957e+03
1.488152974350153272e+03
1.021987632601405039e+03
1.545444543487459669e+03
1.366233579834288093e+03
1.779422457508569778e+03
1.307061463605185963e+03
1.202091226585414006e+03
1.085970408246823808e+03
1.134422486335312442e+03
1.055022891050967928e+03
8.309027833470378255e+02
1.867433256757295567e+03
1.560062259780724844e+03
1.045915211021575942e+03
2.249332521216446366e+03
2.375312058209103725e+03
2.238933805588323594e+03
1.323795494099172174e+03
1.902561213952923708e+03
1.480294928355578350e+03
2.487916111797355825e+03
2.740466688238421284e+03
1.953729915567001626e+03
1.306405428189111717e+03
1.636486028448598063e+03
2.020916472417981367e+03
1.282454740029835421e+03
2.009424925338833873e+03
1.334009581851832763e+03
1.515807878833908262e+03
1.072952564272753762e+03
1.222382221528925584e+03
1.150051100460913403e+03
9.419473173708464628e+02
1.120468458728634687e+03
1.271398382943843899e+03
2.149577322961411937e+03
1.837420730862847449e+03
1.774349067600487615e+03
1.637333784195950329e+03
2.281947208695653899e+03
1.584554216795389721e+03
1.736044373840327125e+03
1.536134422390628060e+03
1.486793188643425992e+03
1.459937854741845513e+03
1.517970415908220730e+03
7.797264173562238057e+02
7.924723064396769132e+02
1.039118976120154457e+03
1.497967609284319906e+03
1.509036318605711813e+03
1.558448183388739153e+03
1.543551217084711880e+03
1.299122800839053298e+03
1.423192825303169002e+03
9.994415646067554917e+02
1.084520730829601007e+03
1.191056177671952355e+03
1.125603455289907743e+03
1.206969493093363099e+03
1.241670403425270024e+03
8.900413395945514594e+02
1.072397574105507147e+03
9.707246343989149864e+02
7.327649304441861204e+02
1.515710058455807712e+03
2.157248573661956016e+03
1.126951400131475111e+03
1.519055962500294527e+03
1.114069469887046353e+03
1.001291270080565710e+03
8.936997444402724113e+02
9.633311884945437669e+02
1.254680658725669218e+03
1.547160283238302327e+03
1.682017558691407203e+03
9.536534596282739358e+02
1.187604178394845349e+03
7.343546467633334487e+02
9.547470813837098831e+02
1.029532314935851218e+03
1.091221681219946049e+03
1.069452331802026265e+03
9.888601930708581449e+02
8.709526849420643657e+02
6.979926442056257656e+02
6.858109983642456200e+02
6.570624140429788440e+02
7.808903527933426858e+02
7.668069083255121541e+02
1.178611283657154445e+03
1.137195074523325275e+03
1.613471251688148868e+03
1.109839946105051240e+03
1.420473473620620780e+03
1.252583865843413832e+03
1.544241646457192701e+03
1.360307220437181059e+03
1.557874571211800458e+03
1.458417119778505366e+03
1.828022215567509875e+03
1.462182950948451207e+03
1.059662263540982394e+03
6.158057769357645839e+02
6.076546711612598983e+02
1.120232526428893607e+03
1.032994367529590818e+03
1.389576725204977947e+03
8.692961089636261249e+02
9.335806553768389904e+02
1.070161187982219190e+03
1.101133288194186662e+03
8.050320019782410554e+02
6.959866203803178450e+02
8.405516953095816461e+02
1.312849028770475343e+03
2.261943246099306180e+03
1.260888805308763722e+03
1.128359548730052438e+03
9.098059214196055109e+02
8.642635251828597802e+02
9.803128300019659491e+02
1.141035100022794268e+03
1.005045632315912940e+03
8.900828933064926787e+02
8.670913108008173822e+02
6.690421669199390635e+02
8.781062197995431688e+02
1.317760449127443053e+03
1.246686701465203214e+03
1.036679367834655977e+03
8.922128863296103418e+02
1.664137292164186874e+03
1.938055453005736581e+03
8.457045729395616718e+02
1.093338314899297757e+03
9.948930300155515170e+02
1.080882636659439868e+03
1.385125927281494342e+03
1.217737080966176791e+03
1.019313696017183020e+03
9.538546034949341674e+02
8.085393443816666377e+02
6.779339298540376149e+02
9.878428137336308055e+02
1.909806469243934771e+03
1.977065007573418370e+03
1.131857933935009214e+03
1.103510144866783776e+03
1.196444099485717743e+03
1.664734937619105040e+03
1.562383714753053710e+03
1.191819064679332087e+03
1.368387528201129726e+03
1.194195521422496540e+03
1.505740140297865082e+03
1.397607990804869814e+03
1.212249387370527529e+03
1.321267941517965028e+03
8.483946938983641530e+02
1.312440756568890265e+03
1.143644401194628017e+03
1.262813639981788810e+03
1.177128369266192976e+03
1.100734096283730423e+03
1.155451171000418753e+03
1.018005691238218787e+03
1.249288713310626918e+03
1.096035327861418182e+03
9.557905676169963272e+02
1.286298808888313943e+03
1.324222808438152470e+03
1.351481506191745666e+03
1.392639415285632367e+03
1.737632758196195937e+03
1.355323182743292364e+03
1.193046691594660160e+03
1.097300483040191011e+03
1.928242800187036664e+03
1.030939838390564773e+03
1.196824254028793575e+03
1.612382136999174918e+03
1.104639055247201668e+03
8.681668494754147787e+02
6.462119780559046376e+02
1.046113627182713117e+03
6.464073563901874877e+02
1.251076488377422265e+03
1.115037533637393608e+03
8.360031263196545979e+02
1.033853521366046607e+03
1.152820491096754267e+03
1.431634057422361820e+03
1.639420248775618347e+03
2.221994887918513996e+03
1.387893500873334233e+03
1.261524742797656927e+03
1.765897950206954874e+03
1.718499167834717355e+03
8.647306232764101424e+02
1.758883808953388552e+03
1.134539290501895266e+03
1.719228637383354226e+03
2.003322059491383698e+03
1.265193520815644433e+03
1.270658572279808141e+03
1.444618024819717220e+03
1.438876718239572710e+03
1.517930735760049174e+03
9.246426675834736670e+02
9.115903878633495196e+02
1.069119481092097658e+03
1.447133646281694382e+03
1.363576447848100770e+03
9.413476455247666763e+02
9.400823171001175069e+02
1.174350564966811589e+03
1.813746275170158924e+03
1.151026232030330675e+03
1.307269293797057117e+03
9.881726821105971794e+02
8.483090687105600409e+02
1.071070975716502062e+03
1.340588044966877305e+03
1.965042960254858144e+03
2.171304596145971573e+03
2.413164256427614418e+03
1.699065538802537503e+03
1.618637987367510505e+03
1.134826541506597323e+03
1.653590164499509683e+03
1.286764630405702064e+03
1.629178179962262675e+03
2.800900810278714289e+03
3.974209448868064101e+03
5.831362190668291987e+03
6.437390907319659163e+03
2.372036222131143404e+03
3.090511575439351418e+03
2.551479790103283449e+03
1.631831220459584301e+03
1.341450200420172223e+03
1.514963076237607311e+03
1.948611586154496081e+03
1.901236323799533920e+03
1.929966939255037914e+03
1.797462011586617336e+03
3.132165836494235919e+03
2.709452084707294944e+03
2.594818132973530737e+03
1.672736007963672137e+03
2.207575742847552192e+03
1.367098358865393720e+03
2.247764193164460266e+03
1.129229872643447834e+03
1.395732742743098470e+03
1.007657489596281039e+03
2.032471360702791799e+03
3.468127180788968872e+03
3.508809309163962098e+03
1.509179217946474864e+03
1.781017145927369938e+03
1.348743290804712160e+03
1.312313838079465540e+03
1.008074682179977231e+03
1.430111345406676264e+03
1.206718208269600609e+03
1.551399912010302160e+03
1.269949670987100944e+03
1.220775090553871905e+03
1.411238333987495707e+03
1.074931632097711372e+03
1.324964470470054493e+03
1.460427585396395216e+03
1.460580353804029073e+03
1.508568936306488922e+03
1.053719601171358136e+03
9.703658014935049323e+02
9.150813811507114224e+02
1.628499385312473350e+03
1.854205722769221666e+03
1.995860916243302199e+03
3.129216931804190153e+03
2.700904522698056098e+03
2.842094811528218543e+03
1.128561166771527724e+03
1.659803941199446399e+03
1.894830553466416632e+03
2.638783139462829240e+03
2.307452020269977311e+03
1.061103456510976912e+03
9.981580993192258120e+02
1.254684812186370664e+03
1.100127593659793547e+03
2.121209656519214150e+03
2.147366122383365564e+03
2.797912708821315391e+03
3.418645440877530746e+03
2.997613213973274014e+03
3.393707524572554576e+03
2.606862121074424977e+03
3.172918278031605951e+03
2.203925744295064760e+03
3.084663219118040615e+03
2.585409778159385041e+03
4.911435432103104176e+03
2.625013331640319848e+03
4.238585324486400168e+03
3.377138915993437422e+03
3.045181300479504444e+03
3.347082568707352493e+03
4.395663341966412190e+03
3.466713730614074393e+03
2.659136316494623770e+03
2.813238358460513609e+03
4.605294701244989483e+03
4.317157795808929222e+03
3.006768834149100257e+03
3.301046589918890277e+03
2.848112804755075558e+03
2.979691631491763019e+03
3.413451765976114075e+03
2.960724516593597855e+03
3.539481004701692200e+03
4.742916102199670604e+03
2.931783969484251429e+03
3.660894775239288720e+03
4.774501842201128966e+03
