3.752773629080634691e+03
3.165215712194333264e+03
2.723523704973878921e+03
4.190726107978507571e+03
4.562616800754410178e+03
3.904851616729104990e+03
4.647455458400215321e+03
3.869844306159600364e+03
3.778078527200756071e+03
3.673919444061138620e+03
3.683230133485107217e+03
4.128848442522078585e+03
3.803716560351785574e+03
4.428608339371893635e+03
5.444050080453205737e+03
5.802939386256731268e+03
4.787741465695762599e+03
2.922541990288337274e+03
2.921296136825318627e+03
4.009911332745165055e+03
2.519813550735410900e+03
3.636706241892485650e+03
5.213408972821687712e+03
5.772593026131703482e+03
5.673108991389321091e+03
6.603580160255593910e+03
6.249045079091082698e+03
6.005424087601433712e+03
5.679399679828003173e+03
2.982182923185298478e+03
3.673818725173920484e+03
3.893466685445910571e+03
2.791409276565791515e+03
2.630093842579602551e+03
2.298487344187038161e+03
1.507124879768733990e+03
1.270649057839250190e+03
1.380883197919661143e+03
1.630000353312761263e+03
1.735803618043594724e+03
2.312783403579963760e+03
3.145799462578706425e+03
4.849810839447343824e+03
5.300812966591830445e+03
3.916062095800496536e+03
4.581423350567118177e+03
5.313568891007862476e+03
4.975231043812456846e+03
4.467923419232673041e+03
4.286322928922065330e+03
2.338965330716137032e+03
2.708992014413625839e+03
2.432360260658174866e+03
2.072641074579014003e+03
3.290971002352235701e+03
3.873841626684023140e+03
3.980263388043934356e+03
3.805259206696689489e+03
3.066667583218045365e+03
3.156345624675242561e+03
3.992079283449333161e+03
4.032630237670400675e+03
3.358865778668961866e+03
3.387000118742879749e+03
3.837627326088955670e+03
4.369729438517536437e+03
4.475832051015289835e+03
4.209956564717461333e+03
2.876807196326882149e+03
2.558716563897569813e+03
2.452698491811199347e+03
4.297954732610806786e+03
3.463358159040485589e+03
1.961190039362679272e+03
2.924105960414613946e+03
2.111089840355236447e+03
1.883185082546931653e+03
1.430610124320993236e+03
2.796505933832558185e+03
1.509591557677390256e+03
4.078937160372568997e+03
4.104767483687272033e+03
2.436571953297477648e+03
7.981708616492928741e+03
7.480426550561237491e+03
4.436186559729972032e+03
4.269402385368181058e+03
4.195346245456629731e+03
4.762276801603088643e+03
3.529206116793204274e+03
2.134458756074001485e+03
1.617011900458972377e+03
2.441578975757475291e+03
3.196669933103862149e+03
2.516768451409724094e+03
3.143255934184670423e+03
2.902924264828828655e+03
3.587168652202984504e+03
3.312718687903100999e+03
5.438486680350749339e+03
5.771114381833810512e+03
5.247355473082880053e+03
2.872404243277605474e+03
3.601226846629749161e+03
3.838217408677714957e+03
4.747529545495987804e+03
3.587233049026074696e+03
3.365146580945246569e+03
4.867042422552347489e+03
4.143854704310119814e+03
4.196099272145968825e+03
3.660576044552796702e+03
4.362676392413130998e+03
4.698828714532483900e+03
2.256973905142687272e+03
4.862194484624266806e+03
4.380103082212355730e+03
3.421859655702655346e+03
3.824800760376734615e+03
3.252105265136030084e+03
3.679211745835909824e+03
3.956050050149697199e+03
4.379161685407646473e+03
4.829110255611191860e+03
5.293028403592351424e+03
4.447431320866602618e+03
2.889409194598100839e+03
3.747955316932917412e+03
3.230506225972377251e+03
2.909810627021237451e+03
5.067694458690749343e+03
4.957331240989261460e+03
5.075541245747444009e+03
5.281109470525779216e+03
7.206725241004375675e+03
6.863297387825185069e+03
5.578762133381018430e+03
3.344906503418661487e+03
2.252390367493989288e+03
3.636580251905368186e+03
4.912168563395232013e+03
2.641539520045615518e+03
4.253970123027295813e+03
4.778592696859553143e+03
3.957233854098994925e+03
4.146204381860515241e+03
3.202483678834035345e+03
3.138391863841186478e+03
5.226332141116593448e+03
4.921189288817447050e+03
2.599786521405205349e+03
1.831096555714837223e+03
2.442903656891553510e+03
1.836617391376113346e+03
1.578863693534026879e+03
1.792803991071448081e+03
2.059038161551740359e+03
1.995921668748625279e+03
2.913174494639531531e+03
3.010086861936835248e+03
4.064172985792419695e+03
2.946200031322608538e+03
2.101465946888525195e+03
3.920372233632560892e+03
3.139022132558337034e+03
3.423167277893059236e+03
4.125246858316107136e+03
3.650022268185887697e+03
2.629360785859846146e+03
2.358513051183906555e+03
2.991764669548810161e+03
2.386387567065070925e+03
1.251490376797224826e+03
2.076424758732603095e+03
1.961535835383061794e+03
4.471558929521367645e+03
3.483446276758446857e+03
5.336469186417795754e+03
3.046267644297982315e+03
2.029600967051234420e+03
1.371328538255918602e+03
1.229814548234754511e+03
1.248589523139415633e+03
1.541019880912556573e+03
5.249400491672072349e+03
5.438650088407793191e+03
2.696491639088304510e+03
3.300625906635560568e+03
5.279135282553480465e+03
4.215950816205717274e+03
5.220264661266865005e+03
5.181238561514086541e+03
4.724567643333365595e+03
4.249440674395840688e+03
2.950384640871053762e+03
1.973369034578628771e+03
1.475191218318200072e+03
2.469859746182164599e+03
2.854589274832668707e+03
3.608272059417955006e+03
2.745902758350021486e+03
3.045841092027190825e+03
2.783974478620955324e+03
3.333758981499770016e+03
3.915318205558802219e+03
3.278562217068017162e+03
4.035015458784736438e+03
3.659240107993392485e+03
3.251517990721489241e+03
5.415302179990414515e+03
5.974738161262852373e+03
4.328747019864467802e+03
3.941210824111171405e+03
4.736692071229110297e+03
4.571188353392381032e+03
4.392109888244319336e+03
3.995616669667500446e+03
3.982318274888858923e+03
4.199549242635897826e+03
4.722011744299282327e+03
3.510280323788077567e+03
4.520208837622063584e+03
7.117805399422392838e+03
6.936090587770272577e+03
4.332618002626550151e+03
3.822385880437861033e+03
4.109172775135892152e+03
5.501234239011176214e+03
6.886770209270893247e+03
6.008920187747626187e+03
6.477538587971629568e+03
4.785598702796801263e+03
3.346414429699182620e+03
3.951310862954514050e+03
3.205456183184583097e+03
3.728082906894999269e+03
4.183623980412420678e+03
4.688114531210092537e+03
3.720947689901271133e+03
2.686013434845960091e+03
2.772744475165595759e+03
6.364663254739674812e+03
3.701892651408486472e+03
3.393645344397261852e+03
3.112766719155335977e+03
3.885063189651460561e+03
3.535165427459880902e+03
4.723956618652729958e+03
3.714318085153905940e+03
4.339120112316812993e+03
3.839625182043415407e+03
3.824435696262687543e+03
3.611958665206038404e+03
4.110002734327877988e+03
3.687362312580618436e+03
4.879182498963712533e+03
5.710430570711558175e+03
7.140599088147026123e+03
3.864623694218873425e+03
3.626574141073607734e+03
4.217230929309498606e+03
4.968515464835751118e+03
2.434536919984472661e+03
2.987292469244682707e+03
3.342062532120406559e+03
3.027647759413696349e+03
3.361016735920685733e+03
3.876774470523668242e+03
4.834348963444882429e+03
2.689211442800532495e+03
1.950200240141957011e+03
3.154359797348291522e+03
3.575103017618427657e+03
3.228360388536891151e+03
3.447567240316621792e+03
4.420307860865802468e+03
3.407904924276317161e+03
2.837372426269796506e+03
2.287838938105789566e+03
3.308637636265337733e+03
4.208451742732941966e+03
5.009837271527424491e+03
5.309241208765148258e+03
6.220879094611890650e+03
6.100079292345846625e+03
5.405072035138565298e+03
4.873832679464084322e+03
6.060722038366620836e+03
5.049944627088289963e+03
4.569358088794754622e+03
5.385586614177253068e+03
5.431105862877830987e+03
5.319627593707657979e+03
5.234945995237931129e+03
4.947088022222272230e+03
5.005415516652317820e+03
6.862899285493059324e+03
6.758034149861018705e+03
3.461849401642972225e+03
3.425221121297442096e+03
2.270912594619038373e+03
2.773797393562445905e+03
2.866048031303863354e+03
2.098352443072270489e+03
1.599470558763434610e+03
3.924502639284247380e+03
3.168965797237032348e+03
3.133679327434045263e+03
3.537330155953310623e+03
3.292369695129460524e+03
4.121597475847433998e+03
5.417117077489206167e+03
3.832428162066080858e+03
4.815373179298713694e+03
4.084094806963199972e+03
3.178791723692875621e+03
3.314587817936075680e+03
2.781984769058159600e+03
4.390007704989141530e+03
3.801705440748159617e+03
4.464539169047216092e+03
3.743523943014429278e+03
3.442295921337266918e+03
2.596814305688712921e+03
3.416916297887072687e+03
4.564216695256763160e+03
4.738425523214519671e+03
3.234550957524333171e+03
2.542880625091600905e+03
3.367793911006577673e+03
1.705658289947766661e+03
1.550489347159486215e+03
1.393101089612218857e+03
1.188266433984635114e+03
4.245599098680483621e+03
1.880866610986165824e+03
4.655730527025932133e+03
5.165319547727131066e+03
6.584525035124405804e+03
5.077251525047497125e+03
4.792187733164164456e+03
6.800397426029300732e+03
5.156884008543362143e+03
6.518505900352276512e+03
7.928182041902043238e+03
7.124010504184664569e+03
6.793091854787882767e+03
6.639889058667306017e+03
3.789320019403834067e+03
5.507630929072677645e+03
4.636367023663969121e+03
5.369536650757340794e+03
6.519746677639463996e+03
7.419383361308749954e+03
6.622607990411625906e+03
5.719693140372010021e+03
5.013583256111209266e+03
4.567609839071751594e+03
4.431372927961860114e+03
4.118553531026233031e+03
4.188341469348314604e+03
2.928403690663159978e+03
3.059388797773081933e+03
3.207826314545375226e+03
3.375805843771520813e+03
4.208403161165911115e+03
6.157801570864375208e+03
5.106503362327028299e+03
4.873090703856541950e+03
4.584716809830722923e+03
3.533920708048643064e+03
3.276917623611597719e+03
3.464099099655550617e+03
4.416340371171854713e+03
2.875485301367637931e+03
2.757556577581022793e+03
3.160426781995697183e+03
2.420621305353992739e+03
4.091284597452359776e+03
3.387403955899676930e+03
3.743638333713281554e+03
3.830167263755544809e+03
2.974319073616781679e+03
2.296232196424553422e+03
2.365615801919448131e+03
2.344841970446324922e+03
2.754481281150570794e+03
2.632900005003838942e+03
3.382424643587090941e+03
3.156177437783481764e+03
4.755356072960894380e+03
4.137781465061720155e+03
3.812596419240183877e+03
4.036058583386113696e+03
2.962531463873011489e+03
2.827192964873182063e+03
3.892602018639332528e+03
4.196846646155159760e+03
3.439664043085400408e+03
3.474230323988486816e+03
4.509028315939106506e+03
3.837919226433424683e+03
3.093717769627342477e+03
3.081956501248109362e+03
2.418061141830524321e+03
3.173422866296297798e+03
2.670728644661379803e+03
2.069402237099431659e+03
3.508962596022792241e+03
3.659670026465269075e+03
3.457799413900462241e+03
3.063008036116488711e+03
3.426827405817746694e+03
2.944348253890036176e+03
2.700665308463078873e+03
2.459207031162314706e+03
2.152559914355427736e+03
2.136636334556686961e+03
2.046087193013193428e+03
1.364984679271608684e+03
1.774820277053891004e+03
1.638893006342310855e+03
1.873707840317523960e+03
1.878642896283757409e+03
2.139480121224893992e+03
1.988718746123257688e+03
1.926344347248642407e+03
1.575810903785134315e+03
2.434995022802178937e+03
1.640097988483035351e+03
1.155397977316436936e+03
1.634433490133048963e+03
2.112122984380699108e+03
3.370794752487446658e+03
3.602772030880653347e+03
2.160310588514012579e+03
3.747221955745124887e+03
2.948745002341833242e+03
4.342644475627581414e+03
4.945588330741488789e+03
3.293286754980733349e+03
3.559376123324794207e+03
2.794213068741647930e+03
3.139384567176387009e+03
5.363576916540664570e+03
3.868604208744773587e+03
3.575353726405910493e+03
2.673866531091834531e+03
3.054621301300560845e+03
3.782944251432179044e+03
3.261200056461680106e+03
3.550534037905296827e+03
3.761007369350561930e+03
3.454090610151849887e+03
3.390366217526155651e+03
3.756694582802309924e+03
2.001894813085818441e+03
2.450219283600187282e+03
2.506733106845130806e+03
2.688123961558192605e+03
3.053861744950822413e+03
3.235875965945647749e+03
5.071824328777777737e+03
3.966886085202765116e+03
3.343615753819796282e+03
2.136740883526508242e+03
2.273596128485829468e+03
5.036820474634447237e+03
4.452089809588282151e+03
3.877168908080401252e+03
4.373532702866557884e+03
4.535194509526807451e+03
4.434085264754638956e+03
2.683683781202677892e+03
3.562041826376637800e+03
2.780963569307659782e+03
4.503150078873414714e+03
5.077124125758956325e+03
5.285478085195954009e+03
3.729481911826127089e+03
5.287136363511828677e+03
4.479858671512904948e+03
2.535272812996820448e+03
3.063925446017829472e+03
3.068681965425597355e+03
2.316930768201506453e+03
2.357836083330224028e+03
2.128108621093479087e+03
3.086050738053279474e+03
4.277347835596128789e+03
4.122605224433096737e+03
