1.285483908190489274e+03
9.633890559219524903e+02
7.504680009844140613e+02
9.823980762226958632e+02
1.332713576747642264e+03
1.450509093483864262e+03
3.156190891999384348e+03
3.067453077623879381e+03
6.204413880803075699e+03
3.566765504316994338e+03
4.014169713751513427e+03
4.149924218011292396e+03
5.059667314782004723e+03
3.861117572839973491e+03
4.678370530433347085e+03
4.146178788724658261e+03
4.063039106528240609e+03
4.058459407052388542e+03
5.268179375884270485e+03
5.417032731979752498e+03
5.586583584362721012e+03
5.976403079014999093e+03
5.533295072984392391e+03
5.194331418183121059e+03
6.238880609758693026e+03
5.215707336877785565e+03
5.416035015288690374e+03
6.542516187266889574e+03
6.368466271455748938e+03
4.211412754518370093e+03
2.688537860856471070e+03
2.830080465771433410e+03
2.445068889426772330e+03
1.962667404133000218e+03
2.493020309310867560e+03
3.575397078331972807e+03
2.954837139153715725e+03
2.675271641643650582e+03
3.407962819294677956e+03
3.394930224677754268e+03
2.504884739729210196e+03
2.043254281373953518e+03
2.780206539968526613e+03
2.180529934395850432e+03
3.046265104840606000e+03
3.299077194018906084e+03
2.550987021361357165e+03
3.153340236194599584e+03
3.730545439755042480e+03
4.099467824829095662e+03
2.653116292430609064e+03
3.631159935048737680e+03
3.013123207997884947e+03
2.659729704730514641e+03
3.447577337328687463e+03
3.430541322968478653e+03
2.620265906206406271e+03
2.443763814537896906e+03
1.895685162192668486e+03
2.875118317166751694e+03
1.735065051733805149e+03
4.511589950505368506e+03
6.459296886407571947e+03
5.854073032548865740e+03
5.342327232835405994e+03
5.009882399153507322e+03
5.532645873478755675e+03
3.084101630043422574e+03
4.389528808546749133e+03
3.624958652535603505e+03
4.321611074532832390e+03
3.551510212922696155e+03
3.419595304851654873e+03
3.418164721986204313e+03
4.021144519806831340e+03
3.209836938344911232e+03
3.525073515127928658e+03
3.253260094500974446e+03
3.996762401320807385e+03
3.824770756770320077e+03
5.241287085297154590e+03
4.407036620846229198e+03
3.738156508252043295e+03
4.991504484633400352e+03
3.756818113682330022e+03
4.219057255384293967e+03
3.453252157326628549e+03
4.871807656131128169e+03
5.794777518041252733e+03
5.342441347207634863e+03
5.215196039062220734e+03
6.328313107537242104e+03
7.672809812347493789e+03
4.971754218818592562e+03
4.995951988153971797e+03
5.022426004963925152e+03
3.807468478900765149e+03
4.676716181600735581e+03
4.188994690639232431e+03
2.952979411764485576e+03
3.611211870690895921e+03
4.361295249434625475e+03
6.169528331421910480e+03
5.437009747814427101e+03
5.094476623274548729e+03
2.932139589929755857e+03
2.313303836762995161e+03
2.454844212485051685e+03
1.792943445730720214e+03
1.707500261456585577e+03
1.655494622681598003e+03
1.300076366996300521e+03
1.490162718444002167e+03
1.310968955892211852e+03
1.032251110094056912e+03
1.844770825242723959e+03
1.851258388101459559e+03
1.781378004465999766e+03
2.697830384198045522e+03
2.617672036886483511e+03
1.397819734675515292e+03
1.550486871308947457e+03
1.260907097000878593e+03
1.992203208726599314e+03
1.038163540952776430e+03
1.248847438667323331e+03
1.286359990135271801e+03
4.760728391937963352e+03
5.431117444937240180e+03
4.190677545176159583e+03
3.180610318053005813e+03
3.431191915653269916e+03
3.349367195002591870e+03
3.119919266873502238e+03
3.603683140648571225e+03
3.672656761948372150e+03
2.702297516116148017e+03
3.670665592262993869e+03
3.230970777198103860e+03
4.147197138121356147e+03
4.077189566574352739e+03
2.621822127354271288e+03
3.667437367138347327e+03
4.838549861450588651e+03
5.342820002358431339e+03
5.561239506109870490e+03
4.839646488951525498e+03
3.596524706098547540e+03
3.605757536611555224e+03
4.531144790573564023e+03
3.281706727406249229e+03
3.249976528579169553e+03
2.683643572746996142e+03
4.258594554713901744e+03
4.524165043136772510e+03
3.786046748699743148e+03
4.115988474153175048e+03
5.263991352941782679e+03
5.307264259233352277e+03
4.589108992149438564e+03
4.049486837665076109e+03
4.476680471751490586e+03
5.745276836341553462e+03
5.390886657672439469e+03
5.475203754664145890e+03
4.579474417090804309e+03
4.340336569594889625e+03
5.057101001319857460e+03
5.132626420387074177e+03
4.953942081135401168e+03
5.162963489258032496e+03
5.159827262014397093e+03
4.773341830379272324e+03
4.461532539514999371e+03
4.097129776724842486e+03
4.542166983565248302e+03
4.771497675832951245e+03
4.719328394899124760e+03
4.726465298962660199e+03
4.141546642422051264e+03
4.574217548664856622e+03
3.278491946907091005e+03
4.517028547394847919e+03
6.563733419338800559e+03
5.394747697544376933e+03
4.388717969716643893e+03
3.777604134049432105e+03
4.692038620482205260e+03
3.375877664162579094e+03
3.008476579350370230e+03
3.458754609059098129e+03
4.837297864492813460e+03
5.078840352758826157e+03
3.169450547793163423e+03
3.348595129692909268e+03
2.294782102730902807e+03
2.191722475481333277e+03
3.871518252597639730e+03
5.260592252360251223e+03
3.661485660900460061e+03
6.478625065746955443e+03
4.174109676244482216e+03
2.564529438879058034e+03
3.216188104660902354e+03
3.632336860403932405e+03
2.057370521289850785e+03
2.454771052613210486e+03
2.209575071768482303e+03
2.686160763740924267e+03
2.874158779169016270e+03
2.289961042471894416e+03
2.788459516973630343e+03
2.997767495364097613e+03
3.211597262965798564e+03
3.002612536404838465e+03
3.576258954998992067e+03
2.905989041075705700e+03
2.201644209592189327e+03
4.584834347000919479e+03
3.751088752052809923e+03
4.368640961028732818e+03
3.132023573144830607e+03
5.024158949858636333e+03
5.750692798395338286e+03
5.310894785993201367e+03
4.353012478788749831e+03
5.255900425538613490e+03
4.877055688337709398e+03
5.466119072682341539e+03
5.881819423781071237e+03
7.475006911133454196e+03
7.827163405932480600e+03
6.603569254884828297e+03
4.836221239172418791e+03
4.475248467466976763e+03
4.873541473315820440e+03
3.317881574859180091e+03
3.111535035772659285e+03
2.627388841595682607e+03
4.187845209258545765e+03
4.734544772085848308e+03
3.438996875304952027e+03
3.540672294944963141e+03
4.316892059921824512e+03
4.764871757902265927e+03
5.147506796890155783e+03
4.667342448471647003e+03
4.531074775656007660e+03
3.045158782670324854e+03
4.364207860592447105e+03
3.671386485805279790e+03
4.728882825295875591e+03
5.360900683706903692e+03
3.163328760460206013e+03
2.857573230885348039e+03
5.947722998569609445e+03
4.745877034560406173e+03
4.954977675074918807e+03
5.121078702368719860e+03
4.986272149676540721e+03
5.808204232603970922e+03
4.916248496517016974e+03
4.004873435816552046e+03
4.212447201940783998e+03
4.636370446450036070e+03
5.438876185710755635e+03
4.329541787235265474e+03
4.359040975859727041e+03
5.307848889269497704e+03
4.904419430728288717e+03
4.092554047972410444e+03
4.026666053468823065e+03
3.559481311377742713e+03
5.291304590035148976e+03
3.878932263074673756e+03
4.844233125474895132e+03
4.654872954226008915e+03
4.460978117950381602e+03
2.579949276212832046e+03
1.531346822608836192e+03
1.855395910393048780e+03
1.725462338255686973e+03
1.805168929260895311e+03
2.038375383763190030e+03
1.523686713338364598e+03
1.523871303671120813e+03
8.793873664110300297e+02
1.613635130518004416e+03
1.956844503279630771e+03
2.797772441738002271e+03
1.937043019945305332e+03
2.243656930867441133e+03
2.260221874295576526e+03
2.619133088387548469e+03
1.992184979753142670e+03
2.680458783105697876e+03
2.472176334281896743e+03
2.198631563488133907e+03
2.561965872689644129e+03
2.528207832341530775e+03
2.877591459728408154e+03
2.050106974088618244e+03
4.049783903301009104e+03
2.181338389178557463e+03
2.350734596234606670e+03
2.748969287364697266e+03
3.366244963017571081e+03
2.537234149469636122e+03
3.363861514003283446e+03
2.329797857323976586e+03
2.948924748263768834e+03
3.467689363563306870e+03
3.310976110916166363e+03
2.915651109132835245e+03
3.178206328914718142e+03
1.744600152464446182e+03
2.335060883143002229e+03
2.515695441214070343e+03
1.579499042860059944e+03
8.164547206722113515e+02
7.422756084054743724e+02
9.124382542993126890e+02
1.924080336136512642e+03
3.698793856661456630e+03
5.253251607448755749e+03
4.075673799583089476e+03
7.435360845407891247e+03
4.586155341816906002e+03
4.095024986629281102e+03
4.340238512191316659e+03
4.096962254498511356e+03
4.708448085992507913e+03
4.798503013793415448e+03
4.958519357145118192e+03
4.137006469300550634e+03
5.573723617186685260e+03
3.282900227316064047e+03
3.705224099283093892e+03
3.436040368734587901e+03
1.861566570162855669e+03
1.603276057026900162e+03
2.255805348334071823e+03
1.647175435416477512e+03
1.537928348628290223e+03
1.969800776753425225e+03
4.100320647674089741e+03
2.763086230364355742e+03
1.703411526795409145e+03
2.711654576142146652e+03
5.227675607764714186e+03
5.956960265435258407e+03
4.529040169424283704e+03
3.901430795132469484e+03
7.111675743416796649e+03
5.869065721220971682e+03
5.835855740545865956e+03
7.723636029211915229e+03
8.740801872665553674e+03
6.947514734039652467e+03
6.753231898534771062e+03
5.875184463456775120e+03
5.100914022092465530e+03
5.807784133693950935e+03
5.639446745420104889e+03
4.546613554900748568e+03
2.761112588403002064e+03
3.808071435858889345e+03
4.059371878058794209e+03
3.448698642090809244e+03
3.586825463925200893e+03
3.175244400025429513e+03
3.432788346822881522e+03
2.823642001728971536e+03
3.186353044841762767e+03
2.630019149519361235e+03
1.994910519156588862e+03
2.328886160498870140e+03
4.718686117676031245e+03
6.515183349940502922e+03
5.415963265271594537e+03
4.335484708724026859e+03
5.958831648687355482e+03
5.724126041932229782e+03
5.589626386248759445e+03
2.841278176648087538e+03
1.916813254017339659e+03
2.393909958834545705e+03
2.013174172003820104e+03
2.612026999238727512e+03
1.554294715767258594e+03
1.919923438203404203e+03
1.414228898711470720e+03
1.523722900983139652e+03
1.472558861696841404e+03
1.678664547418328539e+03
1.571910373851364966e+03
1.751588644774714339e+03
1.136210381117703719e+03
1.194070475080512324e+03
1.159422914670897853e+03
9.783564599183739574e+02
9.460911040282363729e+02
9.169861622097927238e+02
9.722602940751401093e+02
8.438583986141205742e+02
2.106528693252681933e+03
3.266039179291558412e+03
5.141250438727779510e+03
4.016998243772541173e+03
4.077335128079842889e+03
3.913287512362514008e+03
5.704764810290150308e+03
5.506177922668271094e+03
6.026035029441674851e+03
5.491611000225654607e+03
6.300872209887600548e+03
6.095338841210841565e+03
5.889283537157991304e+03
6.386563209912237653e+03
5.483142655017523794e+03
3.542841144676383465e+03
5.409072500951914662e+03
6.342171759245242356e+03
5.172292782894034644e+03
5.279111318225620380e+03
6.694326721535419892e+03
6.442949752819075911e+03
3.851561642708248655e+03
3.595328298645827545e+03
5.667035957941769993e+03
4.300640444577780727e+03
4.408446414322203964e+03
5.140531825812993702e+03
4.827524930341080108e+03
5.980031474510306907e+03
6.402519857209556903e+03
4.928867242278546655e+03
4.728671779447314293e+03
6.571412989018511325e+03
4.663186918980991322e+03
4.179711251023571094e+03
4.416179701524882148e+03
3.985940818544624562e+03
4.555590784031993280e+03
2.015180243420779789e+03
2.911503207324882169e+03
4.320748273024518312e+03
3.465929679511439190e+03
1.944838457824538636e+03
2.061649441512796329e+03
1.396329472950027366e+03
1.570177771707633156e+03
1.647463643966476411e+03
1.648917995342030281e+03
1.301471019857089459e+03
1.736693815350277646e+03
1.734499624920658334e+03
1.094217700614954083e+03
3.960246749598417409e+03
4.142700961943695802e+03
2.645850894053058710e+03
4.939580894698776319e+03
5.721908632509260315e+03
6.343050480331713516e+03
5.397472788913748445e+03
5.640600174533183235e+03
4.971123732330039275e+03
5.423454937859968595e+03
3.125995747646925793e+03
3.899411975651711600e+03
6.558984321259895296e+03
6.316029926211062957e+03
4.651262322892372140e+03
4.365160508045331881e+03
4.107922836647815529e+03
4.371170674160821363e+03
5.872416201166674909e+03
6.364580111200834835e+03
5.735852586962701025e+03
5.760167110092735129e+03
6.119890031154616736e+03
6.457796568010417104e+03
4.855131211326372068e+03
5.198805694458414109e+03
5.592543930224029282e+03
5.815738456409603714e+03
6.060240477284656663e+03
7.724930951395030206e+03
8.965710891100156005e+03
5.824081144220625902e+03
5.975521812397082613e+03
6.482873318904079497e+03
5.359691653072764893e+03
5.595376540826251585e+03
5.560713107791996663e+03
3.628739737707504901e+03
3.643847581758112938e+03
3.403548282714849847e+03
5.286818808539232123e+03
