1.848079485907258913e+03
2.653419205219091054e+03
2.855811062752997714e+03
2.815148938811107200e+03
1.897727097239516752e+03
2.130477347487326369e+03
2.782075593789596041e+03
1.814314096055122718e+03
3.088254808897479052e+03
2.104749114217656370e+03
1.723938068689185911e+03
2.405658372568010691e+03
3.508730034373534181e+03
1.518415333061943329e+03
1.491039834999238565e+03
2.486467303117073243e+03
2.896196938864723052e+03
2.971762987043140129e+03
2.483594032548033738e+03
1.695526381267482975e+03
2.905234606943481140e+03
2.645523638847239909e+03
2.396124217119566765e+03
2.491499948273300561e+03
1.761975442646657712e+03
1.871227145591592034e+03
1.954610698480075371e+03
2.798484280085492173e+03
3.428912101274136148e+03
5.023567756878763248e+03
5.485652442886095741e+03
4.802307381087549402e+03
3.661241373088165801e+03
3.785167152938664913e+03
3.347559677718272724e+03
3.874429666106389050e+03
3.581602869826326696e+03
2.607235380185376016e+03
3.237561408432922690e+03
2.699882512190544276e+03
3.859578402489655673e+03
4.002979227814365458e+03
3.000254204507363283e+03
3.563745670121124476e+03
3.556487018115790306e+03
2.397307413952173192e+03
4.173353139402349370e+03
4.210515038940158774e+03
3.115953162892704313e+03
2.833144646232443392e+03
3.420038847541585255e+03
3.009564264677781466e+03
2.723477174871008629e+03
2.316203218106339136e+03
2.851461563594157269e+03
2.989394084961449607e+03
2.285367430764542405e+03
2.136529029318991434e+03
2.185909124381525999e+03
2.146613120659840661e+03
2.418513241210707292e+03
3.344876036809580455e+03
3.167268167100110986e+03
2.516044969069825584e+03
1.579735594610101771e+03
2.081498582406366950e+03
3.329106614846053162e+03
3.062633475989794988e+03
2.061242869704201894e+03
1.865104864671670157e+03
2.948580237636164384e+03
2.182300025996783006e+03
1.432391586461637189e+03
2.463426498653886483e+03
2.455992445402147951e+03
1.564188019883807783e+03
2.816186706185867934e+03
2.068397411711425320e+03
2.385455833321826049e+03
2.340060997101949852e+03
1.470418303490498374e+03
1.919492573305061114e+03
1.988096761180543808e+03
2.022851198918294358e+03
2.347348958858807237e+03
2.915367063395733567e+03
3.172252689814607038e+03
1.662652267678359749e+03
1.875993255065739049e+03
2.019745945001961445e+03
2.558342436027227905e+03
2.550456675859468760e+03
1.885142027816756581e+03
1.608290837772459781e+03
2.221433746116234943e+03
2.491123734162644269e+03
1.853437571694608323e+03
1.915576989136634211e+03
1.597463854577671782e+03
1.820698677969398204e+03
2.619830769175959631e+03
2.065783839981937945e+03
1.634652642422119698e+03
1.395306421715118631e+03
1.357472571673102493e+03
1.914565246915912894e+03
2.295106940913862672e+03
2.332207845701252154e+03
2.117156448594799258e+03
1.762448856662227172e+03
1.754537496957967051e+03
1.880684960753433643e+03
2.427002534912266128e+03
3.029379071486584508e+03
2.185621404988918130e+03
1.873129162072116515e+03
3.133503242204146318e+03
1.796523665652333875e+03
2.059828882300504574e+03
3.032723749751304695e+03
2.216738819714779765e+03
2.797675180919989543e+03
3.332721282326980599e+03
3.103422880007126878e+03
3.047340969178101204e+03
3.598334540134241252e+03
2.611210205609011609e+03
2.533570629397033827e+03
2.923616058932776923e+03
2.546691924925323292e+03
1.836990171114980740e+03
2.105930127160855136e+03
1.920586284386046600e+03
1.743787058518292270e+03
2.314479904996700043e+03
1.868930125773828877e+03
2.009194213955894156e+03
2.127963177816789539e+03
2.709585706018883229e+03
2.083770495212998867e+03
1.942384038147064075e+03
1.790403781273123514e+03
2.078430377340273026e+03
2.768671792609708973e+03
4.931312605700347376e+03
4.556206632554520183e+03
4.822280379211735635e+03
5.594255739985876062e+03
4.305718465550633482e+03
4.566529414397296932e+03
3.505669203740088051e+03
4.928784792616898812e+03
4.714088169406862107e+03
2.586273105234241029e+03
2.860960255011335448e+03
3.391674408692682846e+03
4.067698219784019329e+03
2.417611024523346714e+03
1.815618717452656028e+03
2.555130847589511632e+03
2.670862511858002108e+03
2.737282511058888304e+03
1.852569300085143368e+03
2.047773638856028583e+03
3.392293949115184660e+03
1.966563838037473261e+03
2.987246197740472326e+03
2.218859016252054516e+03
3.409649612379257178e+03
2.615573775576327080e+03
2.653479796131691728e+03
2.975245251909830131e+03
1.443480859523488334e+03
1.714784193964864699e+03
2.229644913632761472e+03
2.162996174789027009e+03
3.149192889481844759e+03
3.140931819499380708e+03
2.622904161067640416e+03
1.797165151796712962e+03
2.200378971027660555e+03
2.303951568312555082e+03
2.676781884834139419e+03
2.140287561296646800e+03
1.778853230158463930e+03
1.895839680505439446e+03
2.900917185442466689e+03
2.392711968739220083e+03
2.137725657127286013e+03
2.084400268244342442e+03
2.153116580184977465e+03
2.122190619982071439e+03
1.864560453064626699e+03
2.862224334280174389e+03
2.956345532490276128e+03
2.209337696127497566e+03
1.766122099930480090e+03
2.056385494634427687e+03
3.437380515799753539e+03
2.890400855701872388e+03
2.016764147020532846e+03
2.704257646193107576e+03
1.539453668834778000e+03
1.808148457305294187e+03
2.082344082431836796e+03
1.849566689104281522e+03
1.952010123585734846e+03
1.692293714589755609e+03
3.224397727192811544e+03
3.064047936240717263e+03
1.591519413989355598e+03
2.242743446839466287e+03
2.084624319060802463e+03
2.113775092708019656e+03
3.051971183359065435e+03
2.032186423468336216e+03
2.275319567940317029e+03
2.849105816806186340e+03
3.103298327343010442e+03
2.722187490365918620e+03
2.058771855951410998e+03
1.754829570996082566e+03
2.557243194544551443e+03
1.950949744823469246e+03
2.215909269641412720e+03
3.683675634790279219e+03
1.742681807497532191e+03
2.063253373326419478e+03
3.430855348623578720e+03
2.458555463851093918e+03
2.482127464162548222e+03
2.230626096903207781e+03
3.327349199550844332e+03
1.807825955903208069e+03
1.860296706450066040e+03
1.781840912535652706e+03
2.151660665364275701e+03
1.573954621910124843e+03
1.615543512463428897e+03
2.495982245045185209e+03
3.611826060438272634e+03
2.133773154420630362e+03
3.102205254531496848e+03
2.179265989031168374e+03
2.147880909287483519e+03
2.110830937535275552e+03
2.681247787526756383e+03
2.388643934413381885e+03
2.156890826213654236e+03
1.788689367605669759e+03
2.027008605690890363e+03
2.384225737875151026e+03
2.142383073940366103e+03
1.718748767668206938e+03
3.128034239483246893e+03
1.940270910231422476e+03
1.983080179952591834e+03
2.781405580228829876e+03
2.109451749271325298e+03
2.637425088579886051e+03
2.853997828869593832e+03
2.065308447701245768e+03
2.339077679348441052e+03
2.242312576163816175e+03
1.467547589636369139e+03
2.298211561825296030e+03
2.083382755744258247e+03
2.978207194251808232e+03
1.536537000111691668e+03
1.835550031452472922e+03
3.120192732860788965e+03
1.719109213744586214e+03
2.347473777410399634e+03
2.054068909164604520e+03
2.118500707343751856e+03
3.470493792402339295e+03
2.537430638478085712e+03
2.243202191098312142e+03
1.784232421178618097e+03
4.084680873253028039e+03
6.402507485354555683e+03
3.359529952843815863e+03
2.577518020446811988e+03
3.916985578737983815e+03
3.267636509924329857e+03
3.346903937292337559e+03
3.490115059301894235e+03
2.834107872150432740e+03
3.509693844761310174e+03
2.774503332843441058e+03
3.077915257158524582e+03
2.851387314183138187e+03
3.664194213964817664e+03
4.406686364984629108e+03
4.296295285141592103e+03
4.726078895547696447e+03
4.519439706357572504e+03
3.674270522751370663e+03
4.306049022214047909e+03
4.924301306858087628e+03
3.049296911808834011e+03
2.809598452249557340e+03
3.029295569966793664e+03
2.720489177238365755e+03
2.613921792162047950e+03
2.752900615876137181e+03
2.780572967101887571e+03
3.182528060028577784e+03
2.741588892145192403e+03
3.447979629301618388e+03
2.644641774035478193e+03
3.742998556847635427e+03
3.163995909479123839e+03
2.152500499033146298e+03
3.050168608170051357e+03
2.593876579974694323e+03
2.095250029130427720e+03
2.020847862715198062e+03
2.185958228924493596e+03
2.649959601277256297e+03
2.539825930175221856e+03
2.546062859021017630e+03
2.746730218574913124e+03
2.612428752172296299e+03
2.847721653628736021e+03
3.013741965948912366e+03
2.441802978437515776e+03
2.807096861195302154e+03
3.603286685643144210e+03
1.789894932078611419e+03
2.305675473392782351e+03
2.945938488809829323e+03
3.546654811354630965e+03
2.774978004080185201e+03
3.314741444312361637e+03
3.631592830192746078e+03
3.214363975599962487e+03
1.737669729858590472e+03
3.392689309111992316e+03
3.841886724250590760e+03
4.440708677750702009e+03
3.260179994625808376e+03
3.878028017699873544e+03
3.257407761419599410e+03
3.318425879003516457e+03
2.254064554207815036e+03
2.546181450521280567e+03
4.039525617611420330e+03
3.456312609284276732e+03
3.229995483226697615e+03
2.823287800029964728e+03
4.341579296447441266e+03
3.772149633144284053e+03
4.175482239977927748e+03
4.343609674390563669e+03
4.123699144322365100e+03
3.873494581544713583e+03
4.743155624841724602e+03
4.419916949802736781e+03
3.935367909970580968e+03
3.756299594654037719e+03
4.147145749048012476e+03
3.739509073958430236e+03
3.732062593290441782e+03
3.300987243191300877e+03
3.290279799982571603e+03
2.907998727739114656e+03
2.700049732851683530e+03
3.043213122459691022e+03
2.605720919687266814e+03
2.551110135259096296e+03
3.296134577487442584e+03
3.987340939447977689e+03
3.841487312243529686e+03
2.943945327175699731e+03
2.417906236790092407e+03
2.767716935896507039e+03
2.392212182543349627e+03
2.883286021255494688e+03
3.613844226284001707e+03
4.263418844517756952e+03
5.103105063613320453e+03
4.467242246345448621e+03
3.580950105662730493e+03
2.724344411108647819e+03
2.889809686787679766e+03
3.059920211035688226e+03
2.343518099197098763e+03
2.684807809910269043e+03
2.330148849764963870e+03
2.483206309747340129e+03
2.197138230707852017e+03
1.878730103036093624e+03
2.018286865066517976e+03
2.156230003584817496e+03
2.627984735240237114e+03
3.658568644074357053e+03
2.876843231386298157e+03
3.317731986344624602e+03
2.461686859043933509e+03
2.664275556618928931e+03
3.206548380113743860e+03
2.314815761871012000e+03
2.903104293423063609e+03
2.497090330604751671e+03
2.517986670434579082e+03
1.879998060505383364e+03
2.426154577173108464e+03
2.401894891951678346e+03
3.346219798919732057e+03
2.942795042257826026e+03
3.197049928804960473e+03
4.246935270852437498e+03
4.232701865949920830e+03
4.054014607189429626e+03
4.750184499306501493e+03
4.738127667938787454e+03
3.627849488661068790e+03
5.194009609738553991e+03
5.962280787418093496e+03
4.086336961923061608e+03
5.076820560268782174e+03
3.624804327540774466e+03
4.278956651955916641e+03
3.704220922879136651e+03
4.622996808090721061e+03
3.793333470707155357e+03
3.948619543237010930e+03
5.072509298432551077e+03
4.590794183024151607e+03
4.480471647944961660e+03
3.954424595271988892e+03
3.794865361025207676e+03
3.487167123475161588e+03
4.601743635146240194e+03
3.430789339821414615e+03
3.778993148036522143e+03
4.297803151501089815e+03
3.752420944683687139e+03
3.230698112156861043e+03
2.528737345558798097e+03
2.352087917196509807e+03
3.436077245454042895e+03
3.200804701614260921e+03
2.708077475445672462e+03
3.660613109888930467e+03
4.143513934876706116e+03
3.365510023633420587e+03
3.380684418174431357e+03
3.564100511813336198e+03
2.848054502943275111e+03
2.537089064882807179e+03
2.534163630637420283e+03
2.818734362778226114e+03
2.334183076182869627e+03
2.842443430083987550e+03
2.618167424221790043e+03
2.623729818754768075e+03
2.780146318833066289e+03
2.893060218556787731e+03
2.240582298551312306e+03
2.825405298714537366e+03
3.135869058729490916e+03
3.264672482321643201e+03
2.112783786620347200e+03
1.997471661911207775e+03
2.314943926758210637e+03
3.083208050246765652e+03
2.978219374978521955e+03
2.763841532205284238e+03
3.273279827761795332e+03
3.186170144593039367e+03
3.487537046379447474e+03
3.055289322823617567e+03
2.419164028688370763e+03
2.881043806692909584e+03
1.486917652134474793e+03
2.112186427045333858e+03
3.218262613232788681e+03
6.997632950999101013e+03
4.417196867175525767e+03
6.513389702625159771e+03
4.309437175265728001e+03
3.669904680252695471e+03
3.576383446801648006e+03
3.369504558657008147e+03
2.784181345755866005e+03
2.712655506723226154e+03
2.354878721166928699e+03
1.774214566693527104e+03
1.817469640967966370e+03
1.810108443296423275e+03
2.031270205817816759e+03
3.155035487123992880e+03
