2.511251483553175603e+03
2.429724234913127020e+03
1.881570446953794999e+03
2.433854385094308782e+03
2.330484021999258857e+03
1.638897389276768990e+03
1.508746373045468545e+03
2.035687651783575802e+03
1.708551930873260062e+03
1.164998037424334598e+03
1.294433997200366321e+03
1.208784866921409048e+03
1.204061311376817002e+03
8.074094360227967400e+02
1.070237178001305892e+03
1.454372343378470077e+03
1.207996950231208757e+03
1.136468671527246443e+03
1.344172856886447335e+03
1.821795748812822467e+03
1.642982702954282331e+03
1.901185471228017377e+03
2.613309398851868536e+03
1.913009729590035249e+03
1.119330781166828274e+03
2.065412065570378218e+03
2.319119183858079850e+03
1.871511390776812505e+03
1.508801502913713648e+03
3.142491072855470065e+03
5.079282790200091767e+03
5.418607769609962816e+03
3.845989921508119551e+03
2.992352731492630028e+03
3.691193522116409440e+03
3.787945125194854882e+03
3.322715206859410500e+03
4.163164114020766647e+03
6.275656378537135424e+03
4.480604066634662558e+03
4.738859618703876549e+03
5.088009468276603911e+03
4.329375374326183191e+03
6.528630591555655883e+03
3.330183663384906140e+03
3.162691777446702417e+03
4.537979790554594729e+03
3.362004747014089844e+03
1.826296829409651082e+03
2.338765700053275395e+03
1.788421776133312051e+03
9.834812626804161937e+02
9.505639777418745098e+02
9.095274735784704490e+02
7.670328336779942902e+02
6.010793198529823940e+02
5.466995356426692751e+02
5.893580752641856861e+02
7.112325391466284827e+02
1.132839182075491181e+03
7.829031135665211423e+02
6.071343433587529717e+02
8.027144769523589503e+02
1.015100428212213387e+03
7.957945300573484246e+02
1.866316729383787333e+03
3.091600780623882656e+03
4.463390314323653911e+03
4.530079763756594730e+03
3.984381285309452323e+03
3.929117931508043966e+03
3.771344763250423057e+03
3.086932489620557135e+03
4.208998456985749726e+03
5.091424020216424651e+03
3.449058648363450175e+03
3.710503452861211827e+03
6.154404547862241088e+03
5.309146589473767563e+03
5.166744681619835319e+03
6.390973424488098317e+03
5.651996055020771564e+03
4.740132885534267189e+03
5.962681410853199850e+03
4.156359424368459258e+03
4.317661179738618557e+03
4.257681307984677915e+03
5.065013947809822639e+03
3.317680828208619459e+03
2.932883359205831312e+03
3.400352519234490501e+03
2.915975243960960597e+03
4.441788406418969316e+03
3.788824403131519375e+03
4.448838989666675843e+03
5.171921165116680640e+03
5.096751246004487257e+03
2.822976295306991233e+03
4.084919550668740612e+03
4.757039897316851238e+03
3.623222688583593481e+03
6.174992967547445915e+03
5.546984885448961904e+03
4.377918066867863672e+03
5.091871737611142635e+03
5.428899561015346080e+03
5.191754127618140956e+03
4.000058030575657085e+03
6.440712341941203704e+03
4.674349855064754593e+03
4.920346030041810081e+03
5.133236057050924501e+03
3.591403763836007784e+03
5.332988459120851076e+03
3.280201448733233065e+03
5.190243785096195097e+03
4.382304911409631131e+03
5.104837086306292804e+03
6.102514325293289403e+03
4.380624415277211483e+03
5.524257601698012877e+03
4.866988899496391241e+03
2.312537466474638677e+03
1.468416249796320699e+03
1.420759761992947460e+03
1.318119680117873941e+03
1.124675584177919973e+03
8.544174887019777316e+02
1.022306203448147699e+03
1.225525193181742907e+03
1.438962534570067419e+03
1.568463370218894397e+03
1.819797969789516628e+03
3.248726767456710149e+03
4.284277895418653316e+03
3.265227266331450664e+03
3.297288414683010160e+03
3.301916024369250863e+03
3.536476021847956872e+03
3.613684782529486711e+03
4.648479924102348377e+03
4.963207180315341247e+03
5.432119834376321705e+03
5.078629954246816851e+03
6.701027083674269306e+03
5.743963840990047174e+03
4.381685827956967842e+03
3.366029669356509203e+03
3.483545960701640070e+03
2.614669578650341009e+03
2.160669576474711903e+03
2.335357168221094526e+03
2.852173945586147056e+03
1.980836230365328447e+03
1.541677468171307737e+03
2.470467983079472560e+03
3.983768323278134176e+03
6.276836308043344616e+03
5.100128965003950725e+03
3.949281005003834707e+03
2.882053839512519971e+03
3.837327160703292520e+03
3.905293712353128740e+03
4.798536656037581452e+03
5.886011581532031414e+03
4.036596118383214161e+03
5.081492667834551867e+03
5.453117742127070414e+03
4.114763846600711076e+03
4.438913606545509538e+03
4.455249077505497553e+03
5.913286913779527822e+03
4.696967143661749105e+03
5.310675744668305015e+03
5.196091656263337427e+03
3.910993705706006040e+03
3.436961744382791949e+03
3.631694905565494082e+03
3.034305968243782900e+03
1.888958977570195202e+03
2.508786396561844867e+03
2.851325345837086388e+03
2.301419925627572411e+03
1.801517073141282253e+03
1.031467327419171397e+03
1.472264953063697021e+03
9.384800930961365566e+02
7.911565555445117752e+02
7.508438891888505395e+02
1.226489479338091769e+03
1.710500367058871689e+03
1.148530696047865831e+03
1.005377222630219080e+03
1.248873675272544460e+03
1.650398417552248475e+03
1.214613188449610334e+03
8.001284573462853587e+02
8.527221904107598220e+02
1.238703066324828796e+03
1.363724949716566698e+03
1.603768401249130875e+03
1.258051372442975435e+03
1.011444674643511007e+03
9.634281077061619953e+02
1.101332347749796099e+03
1.037570609503190326e+03
1.011226413420973813e+03
1.659468123625563294e+03
1.422881069256462069e+03
8.267738872664690462e+02
8.775018216834225768e+02
7.586641215052754887e+02
7.419375583388321047e+02
7.935058789660016600e+02
7.635578900008985102e+02
1.914595221472637149e+03
2.146107670838126069e+03
4.085563970848744248e+03
4.077208531817951098e+03
2.474670008836612396e+03
2.623767371642403759e+03
5.052593087909688620e+03
5.241357949716409166e+03
4.656226150236027934e+03
3.374533051350134429e+03
3.036828959365114315e+03
3.445569857565374605e+03
4.337616337412781832e+03
5.290515747292294691e+03
4.461158432865579016e+03
3.369517689885904474e+03
4.345759822084743973e+03
3.697168101830547585e+03
3.420983252855351566e+03
4.403986561282546973e+03
3.540476016678309406e+03
4.953387719496974569e+03
4.018633696570141183e+03
1.984877471623557312e+03
2.655973545177293545e+03
1.868482559103124686e+03
2.688605162797561206e+03
2.554264323272320780e+03
3.584292540529916550e+03
3.973745341625186484e+03
3.707307390090599256e+03
3.103430240541325020e+03
2.186965305486482976e+03
2.471697787997379237e+03
2.317596621077487725e+03
1.626324363944695278e+03
1.290700574225599212e+03
2.090218975752339702e+03
2.495709938975098794e+03
4.306086680138450902e+03
3.687215046962562155e+03
5.710181380222564258e+03
4.175189222537142996e+03
3.570148487616910643e+03
3.759961148294603845e+03
3.977928981482486051e+03
3.602737877130014112e+03
3.662396195461798925e+03
2.805767144237382126e+03
1.946198763571456993e+03
1.829147498996695504e+03
2.379681149615779304e+03
2.213798575282244201e+03
3.042844104247957148e+03
4.728353486502652231e+03
5.188989618957708444e+03
5.112503863949761580e+03
5.081641409100402598e+03
3.678677793209770698e+03
3.207725899823413329e+03
3.366987042375273631e+03
3.237504342576207364e+03
3.121337614754386777e+03
2.310899168981849925e+03
2.053919447689518165e+03
1.601956216254477340e+03
3.220461460524138147e+03
3.543368391385931318e+03
4.686422004815633954e+03
6.225402179625056306e+03
6.147185620787636253e+03
4.542447883916061983e+03
5.011467138014041666e+03
5.417519257103957898e+03
5.482991082471740810e+03
4.929361004240896364e+03
3.736632096858078057e+03
5.555444555623934320e+03
6.957203592595496957e+03
4.065416652728744339e+03
5.631570419763172140e+03
7.014057547261842956e+03
5.799905254806291850e+03
4.277387757192546815e+03
5.289408981903349741e+03
4.461685598331011533e+03
3.948336009585772445e+03
7.980305688915474093e+03
4.161407046071363766e+03
6.460517489794211542e+03
8.489559454989386722e+03
8.719458799021165760e+03
7.589445991211462569e+03
6.547462693316077093e+03
6.581247947769007624e+03
4.227050367373881272e+03
3.920676880245119719e+03
3.814507954098708979e+03
4.767319773435069692e+03
3.164105205246804417e+03
4.443632628977524291e+03
2.406439481598792554e+03
2.063884359557227071e+03
1.781670280087831543e+03
1.845043011487009608e+03
1.043329543754118504e+03
1.140445283318732891e+03
1.397775088362878250e+03
1.559032647592980538e+03
1.570047626865111170e+03
2.067635793778375046e+03
1.425152278345007289e+03
1.104195688762254122e+03
1.522723100742754468e+03
1.787542236554552574e+03
1.681007831144316469e+03
1.596771250761562214e+03
1.150144706503013367e+03
1.244737260073607331e+03
1.614217638331746912e+03
1.468952378025506277e+03
1.992282960281005899e+03
2.508428130674442855e+03
2.626552774789838168e+03
3.302891437780915112e+03
3.299506957731461171e+03
3.490257515554794736e+03
3.868177633881480233e+03
3.857542937189355143e+03
4.648211313308223907e+03
5.452734006053786288e+03
6.259354372789835907e+03
6.058385354380108765e+03
5.742968869762492432e+03
5.760144336786111126e+03
5.719852481540855479e+03
4.737069037963367919e+03
7.123217551850377276e+03
5.682092813067873976e+03
5.761130801815531413e+03
4.328961374151161181e+03
6.832167012059556328e+03
4.960933081362198209e+03
4.617210614207961044e+03
1.070423981292371354e+04
5.499800153902508100e+03
5.948078061014719424e+03
5.255373462048840338e+03
5.296618097812457563e+03
7.531612232845957806e+03
6.736942705108426708e+03
5.131657453217747388e+03
6.348837377035936697e+03
7.337549478640469715e+03
6.188614504564888193e+03
5.312837179354046384e+03
5.770247626356861474e+03
3.199368783843090114e+03
5.986620811296271313e+03
5.014448814102664983e+03
4.213905315722316118e+03
5.834555229885342669e+03
4.013558542020248751e+03
4.751604631145642998e+03
4.632572610494738001e+03
4.494732640797560634e+03
4.010808445487563404e+03
3.182927300964901406e+03
4.912229667497748778e+03
3.294196233536536965e+03
4.474528647898328018e+03
3.844485448003649708e+03
4.051213901170151985e+03
3.782142670040332632e+03
3.804667900727341930e+03
2.863697157856319791e+03
3.181373215322711985e+03
3.337147188991491930e+03
3.341512772201161170e+03
4.029813659621063834e+03
3.894437143865538928e+03
2.843677318937785458e+03
2.226925500376570653e+03
1.559212512271558580e+03
2.160923767057452096e+03
2.560517570644751686e+03
1.764427189421506228e+03
2.234490754672355251e+03
2.431637339774169504e+03
2.762835408667568117e+03
3.099350589963346465e+03
2.967277400144257626e+03
1.469883566369203663e+03
1.486830798692614053e+03
1.984649252386554735e+03
1.790402895917933620e+03
5.098107177461193714e+03
6.871144964384285231e+03
6.734174614008644312e+03
4.685958415636633617e+03
4.515841668952118198e+03
4.404635531099052059e+03
5.762759093708297769e+03
7.974204402592273254e+03
7.909906871297046564e+03
4.610573726238861127e+03
6.582107477222828493e+03
5.220516964901919891e+03
5.093097453563229465e+03
2.404410948404689407e+03
2.333295647142620510e+03
3.852159803159420790e+03
3.814662459094688984e+03
3.010785365982851545e+03
5.617512700043673249e+03
5.539447117076524592e+03
4.959637746897385114e+03
6.030005932096470133e+03
3.970229012399197018e+03
3.313788000483835276e+03
5.709529030999305178e+03
6.511691902424713589e+03
6.033863054045612444e+03
8.143825261893274728e+03
5.372545591776151014e+03
6.108788879350218849e+03
5.082091980091961887e+03
4.419898080880512680e+03
5.304571361118548339e+03
3.019657636909085795e+03
2.462753905601340648e+03
3.115688419268065900e+03
3.707232112447926283e+03
5.520069369225828268e+03
4.636323826593897138e+03
3.987967121983328980e+03
4.118739233090218477e+03
5.396475958872240881e+03
5.112208446473258846e+03
5.111799524890979228e+03
4.696336155121563024e+03
4.504266156079741450e+03
4.161913946271699388e+03
4.661955869624203842e+03
4.756611963133642348e+03
4.105029757310265268e+03
4.569188941867136236e+03
5.394399322479839611e+03
6.401738043665099212e+03
7.830275148486099170e+03
5.201480744756818240e+03
9.121605747355908534e+03
4.276069603477433702e+03
4.890735273050417163e+03
4.375779950135786748e+03
6.657613070434213114e+03
5.699947198072816718e+03
4.665710349510230117e+03
5.546357465637932364e+03
4.355639424556721679e+03
3.288355021106136519e+03
3.865974998144351957e+03
4.052377040977682100e+03
4.487897458581477622e+03
3.318417650239553495e+03
4.178173853879083254e+03
3.318319273486715701e+03
2.741081570282752182e+03
4.403164725808795993e+03
3.175586932381707811e+03
3.400458740789225885e+03
2.129485124193839056e+03
1.189650206264566350e+03
1.325059751113075890e+03
1.074646007372451322e+03
1.360885504740260785e+03
1.233524698639325152e+03
2.271288035865997699e+03
2.343699222525964615e+03
1.948879167724935769e+03
1.814322358091186516e+03
2.019719868988569942e+03
1.294929792034997945e+03
1.814989067394943049e+03
