4.580710987638654842e+03
3.295479246403973775e+03
3.851666366823815679e+03
3.204600268971707010e+03
3.859662491752033475e+03
4.778246663182990233e+03
4.226985856277667153e+03
3.367241929899170827e+03
3.660463801473313652e+03
3.310978020962735172e+03
3.144878734439734671e+03
3.315833999700604181e+03
2.810463991060149056e+03
2.414824190587916746e+03
2.028951076350143921e+03
1.108186225845317267e+03
1.210690978211659740e+03
1.821511947368883057e+03
2.060221439592872230e+03
2.650283074049160859e+03
2.646195659430364231e+03
2.615773545267249119e+03
3.845675379605246690e+03
3.414101651473013135e+03
3.973661485524661202e+03
3.746208432437098963e+03
3.226767938782681085e+03
2.095412631896959738e+03
2.758672727573326029e+03
2.153145271013204365e+03
2.222361496351944425e+03
1.427536737053300385e+03
1.521479056812291901e+03
1.955293452219605115e+03
2.813101057742102057e+03
2.014515823282583369e+03
2.065069363716528642e+03
2.132740819953176924e+03
1.685687144427649400e+03
1.694808139212947481e+03
3.896315682303169524e+03
3.755169153565605029e+03
4.374443873520323905e+03
2.115782240207769064e+03
4.222593399047646017e+03
3.402533535855835453e+03
4.828944111371160034e+03
3.630749480537402178e+03
4.527552537605321049e+03
2.842722309841098195e+03
3.311410188808686598e+03
1.742146910019304642e+03
9.544841054284720485e+02
9.173957312556843817e+02
1.194874673862975897e+03
1.670817528413832633e+03
1.782366476238750010e+03
1.301090204381119975e+03
1.182365158223591607e+03
2.993431421859782404e+03
3.088970002598645806e+03
2.458491749341095328e+03
2.571477612872849022e+03
4.823071020522822437e+03
4.254398468868366763e+03
4.743028872231107016e+03
4.095301959686235477e+03
4.257723249492226387e+03
4.117163772634605266e+03
3.582952510366165825e+03
2.531947055919199101e+03
4.102740189454095344e+03
4.086932083526869519e+03
5.140793247529233668e+03
7.535087684916403305e+03
4.060696385428446774e+03
5.289205582941189277e+03
5.522284032733057757e+03
7.728367417444037528e+03
7.223033350927578795e+03
3.180010389051693437e+03
3.279722946692479127e+03
6.504939956354052811e+03
6.113678961062852977e+03
5.163091256078860170e+03
5.201890827954282940e+03
5.158433654986392867e+03
5.116592931715155828e+03
4.929471509754478575e+03
4.895707662387706478e+03
4.139744691742467694e+03
4.047290161613784221e+03
3.847821282810255525e+03
4.140424968691457252e+03
5.502179350451840037e+03
4.507864187096481146e+03
4.357125291546123663e+03
6.048115313443156992e+03
4.047234270566364557e+03
4.622063719106256940e+03
4.462166011527249793e+03
2.062963674420630468e+03
1.743274762299322674e+03
1.921175092240587219e+03
2.758054398539968133e+03
2.263850434968559966e+03
4.709110515368855886e+03
4.331010889658495216e+03
2.484600887338788652e+03
2.514610018310889700e+03
2.827341851404686622e+03
3.547394231130178014e+03
3.849012252275567789e+03
5.360352366616783911e+03
7.039306822359912076e+03
5.444482395765017827e+03
4.190556833820302927e+03
3.945149697325372472e+03
5.257819910193466058e+03
5.997795849737632125e+03
3.633183899684986955e+03
2.662626084802291643e+03
2.049336790933059092e+03
3.643357210964526075e+03
4.045193748525638057e+03
5.477425825520635044e+03
5.452969014890320977e+03
3.406318554678793134e+03
4.708303763495386193e+03
4.610554026358168812e+03
4.996387848522216700e+03
4.902452130755144935e+03
4.892871541611420980e+03
5.259839135208134394e+03
5.482726061889708035e+03
2.674486733243067647e+03
4.137886524884956998e+03
4.995380252395878415e+03
2.697293784013299955e+03
4.128963814135684515e+03
4.551467901158132918e+03
6.230321920454675819e+03
4.783034774395657223e+03
4.630116377327191003e+03
4.432560069027748796e+03
7.005740386204525748e+03
4.497749806481285304e+03
5.946687737755666603e+03
5.731745166143755341e+03
5.658347135531358617e+03
5.789269886628486347e+03
5.078138609251028356e+03
4.654789417225975740e+03
4.226784289089922822e+03
3.820962073915463861e+03
4.822952753102242241e+03
4.716635657189798621e+03
2.004171257958085789e+03
2.068516112518772843e+03
1.280222025827496054e+03
2.622492909102806152e+03
5.913247402031855927e+03
4.808889207857137990e+03
3.602083891239181412e+03
2.575475777111405023e+03
3.569277784125423750e+03
3.814388473187953878e+03
4.831355082695014971e+03
3.236178040790005980e+03
2.951295561000237740e+03
4.146148480460505198e+03
4.354258651837429170e+03
4.796415576689436421e+03
3.570962770740221004e+03
3.470667353145312518e+03
2.946526398123450690e+03
2.869193345512197993e+03
3.600638429086868655e+03
3.225508386960470943e+03
4.332461658566845472e+03
2.396382407477189645e+03
3.026385765264726615e+03
2.546966811836600755e+03
2.162493107276024148e+03
2.960572111842722734e+03
2.524760129252799743e+03
2.986024017691725476e+03
2.176299617009016401e+03
4.514772488750054436e+03
2.687590264883656801e+03
2.272766756863307819e+03
1.776940497487277298e+03
2.748451765725480072e+03
2.182693646607536266e+03
6.365899480740497893e+03
3.335927247409323172e+03
2.002749253813061159e+03
2.015855249725464773e+03
9.771865792783617053e+02
1.364540529439303555e+03
1.287873561665084935e+03
3.283826686754510320e+03
3.794839891655068186e+03
4.714177976033883169e+03
2.623665545187168391e+03
2.750652666148854223e+03
3.501766066673214027e+03
6.242729192237765346e+03
6.111757039101804367e+03
3.005976410026617032e+03
1.869553022802678242e+03
2.933609528555486577e+03
2.215252082365908336e+03
2.371000658772335555e+03
2.227750885021821887e+03
2.870154933562159840e+03
3.380603358024942736e+03
2.532342329118920588e+03
2.601717614855584088e+03
3.112282195975314607e+03
4.022164363240938201e+03
5.586005114774445246e+03
5.586465249529840548e+03
5.559583366315747298e+03
4.637075709410357376e+03
4.656804587274982623e+03
5.087798511119076466e+03
5.637004536072518022e+03
5.621796275940339001e+03
5.299379817641316549e+03
6.186844723303889623e+03
3.666539290637424074e+03
3.865557036198155856e+03
3.507474117010271584e+03
3.449858710956659252e+03
2.622313880209962917e+03
2.263229328647097645e+03
1.403499863279925876e+03
2.440063462237732438e+03
2.830434607217318444e+03
2.439458597674164594e+03
2.369415615119354698e+03
4.309221403280282175e+03
6.690120128844979263e+03
5.026254739640124171e+03
4.798811801057754565e+03
6.342143294534820598e+03
5.404369492612737304e+03
4.681342925689787990e+03
5.846274344908320927e+03
4.382185974271365012e+03
4.517275846529389128e+03
6.498027421186140600e+03
6.406574094902017350e+03
7.026211550058236753e+03
4.059543554955598665e+03
5.634444797504002054e+03
6.729767936169837412e+03
5.961935502755688503e+03
5.228424061737296142e+03
6.797032473968849445e+03
5.602580314661352531e+03
5.040436376145076792e+03
6.761684906606360528e+03
6.592578547895302108e+03
3.599805042133681127e+03
1.583904061427123679e+03
5.465698657712185195e+03
6.640158503032316730e+03
6.526368148500629104e+03
6.220929216717700911e+03
4.622178109970436708e+03
5.944599937349492393e+03
5.333074223623199032e+03
4.662930885339610541e+03
4.347836329221656342e+03
3.783544914374276686e+03
4.281793550529235290e+03
3.869912635086524460e+03
2.513565340114983883e+03
3.051359671192693895e+03
1.951009961530959799e+03
1.552996008725759339e+03
2.303448187653728837e+03
4.078351388325307653e+03
3.822882179621008163e+03
3.331405506122624956e+03
2.907480290848596269e+03
4.423462065489983615e+03
5.883360314365522754e+03
5.687875579562611165e+03
4.144592016371488171e+03
3.043098099187947810e+03
3.604733392030551386e+03
3.408270721604662413e+03
3.008872410088328252e+03
3.355079286878860785e+03
3.891534793472977071e+03
3.547225727137549711e+03
4.494965586263164369e+03
2.816006450447722727e+03
3.444799527821139691e+03
3.132163371384239326e+03
2.312166114364361420e+03
1.965301882602242813e+03
2.304266765595023571e+03
1.519866889354858586e+03
1.495958952662909496e+03
2.608791729685809514e+03
2.378824971544863274e+03
2.543727801109620941e+03
2.005718397860124696e+03
1.954673929058993963e+03
1.203822956330066972e+03
1.327545673844254225e+03
2.201175300026319746e+03
2.534934211774817868e+03
2.161142434956489979e+03
1.738287271086843248e+03
1.530479158388499400e+03
2.326476440635898598e+03
1.909939117687996031e+03
3.297696570281575077e+03
1.821336263287222209e+03
2.325505530783596896e+03
2.746318930082947190e+03
2.985235228912148614e+03
2.734534166027036008e+03
3.033714547236800172e+03
2.695893470873108527e+03
2.215676580940902568e+03
1.334653385585946353e+03
2.604832439618984608e+03
1.969985062225374122e+03
2.419584441725437500e+03
4.244253265638715675e+03
3.700579617191685429e+03
3.537472901639608608e+03
4.940423561664229965e+03
4.277604908571032865e+03
3.212671832888151130e+03
4.311479550360622852e+03
3.917105038633072127e+03
4.224744640807718497e+03
5.936003436931675424e+03
2.780807549435845431e+03
4.149249612597366649e+03
2.786094096207162238e+03
4.224493009122102194e+03
8.188209174886625078e+03
6.030605675733276257e+03
7.357424869500429850e+03
6.046008280800535431e+03
7.166815193372876820e+03
5.807947371594730612e+03
6.271661409942146747e+03
5.257117155543216541e+03
8.945286715011321576e+03
7.313872391393420003e+03
6.568207539411890139e+03
5.501712912693036742e+03
5.690434919579320194e+03
2.641828563175032286e+03
2.842571434318780121e+03
1.357878105539960416e+03
1.326285141878983723e+03
9.753354033288707114e+02
5.112685222573567444e+03
6.920874308031106921e+03
7.663602806943972610e+03
6.473174799302627434e+03
6.655530696460393301e+03
7.121507357483373198e+03
4.676184476090339558e+03
4.272770456461525100e+03
3.627811058453543865e+03
4.098678816398251911e+03
3.228601059502715088e+03
3.227318205146280889e+03
1.959989878867160996e+03
2.405507572574786082e+03
1.938402243278813557e+03
4.475538593578175096e+03
5.278034103627931472e+03
4.423074269451898545e+03
1.758724304498961374e+03
1.277913874847589113e+03
1.690749082794735386e+03
3.753770954313262791e+03
3.785814257274548709e+03
3.162211727150916431e+03
2.558544084305186971e+03
5.697758303005010021e+03
5.646134130138803812e+03
2.803994260945317819e+03
4.107327175975844511e+03
2.610587887990409854e+03
3.471756393733096047e+03
3.984664949134892140e+03
4.845740758223478224e+03
6.014658624337578658e+03
4.622026605800257130e+03
5.401833787285236212e+03
5.766909701014953498e+03
5.578630330826203135e+03
4.087664440656013539e+03
5.274557917229906707e+03
2.992560013136034286e+03
3.590589658822857928e+03
2.963977210697601549e+03
2.915232113471635785e+03
2.578178458575387140e+03
3.404430001187829021e+03
5.556363927503336527e+03
3.820603611390770766e+03
4.002393669192935249e+03
5.145414353459043014e+03
2.592998528603454815e+03
2.627316178411687360e+03
1.256109272463108709e+03
1.391336049136249130e+03
1.571425175156833120e+03
1.584655555130053926e+03
3.541055866121935196e+03
4.845442722559873800e+03
3.279024010670233110e+03
5.132228283962877867e+03
7.500949458734277869e+03
8.934111245316475106e+03
6.011943975948818661e+03
5.901022372273530891e+03
4.930260930821520560e+03
4.457860097256884728e+03
4.184018253211055708e+03
4.661956639263446050e+03
4.851237541326803694e+03
3.238011164034899593e+03
3.623007730507528322e+03
3.040695482390925918e+03
3.304092290643358865e+03
4.199956388115061600e+03
3.642520131246461915e+03
2.744270282752635921e+03
4.063797839359960108e+03
2.387562921001544510e+03
2.725185794244588578e+03
2.540664961711732758e+03
1.340684422894183172e+03
1.858261920022092681e+03
1.639914706860906335e+03
2.080360192000458028e+03
2.140857666795859586e+03
1.860566456427661478e+03
2.729293651234625486e+03
2.074334576032079895e+03
3.338943063989022903e+03
2.629235182191473996e+03
1.785906897881362966e+03
3.642565723173594051e+03
3.616034025099192604e+03
3.388199486508802693e+03
1.820033160000073622e+03
3.546862212327114776e+03
2.280203884965264479e+03
2.409977820269588847e+03
3.764416834723738248e+03
4.340495846852943032e+03
4.289513770374144769e+03
5.037753368008253346e+03
4.699769704596841621e+03
3.259035726901722228e+03
3.232397326923244236e+03
5.075505444236964649e+03
4.291147732522176739e+03
4.150007815926551302e+03
3.693092843123891726e+03
4.708700268612327818e+03
2.242882595383709031e+03
4.621414888644801067e+03
4.211986969170038719e+03
2.923469419402301355e+03
3.555264761800137876e+03
2.781520850280223840e+03
2.731969534165285950e+03
3.933387484513667459e+03
2.930789610747108327e+03
3.806526624395392901e+03
3.807891566143435739e+03
2.467912434409890011e+03
4.584852126689644138e+03
2.472595751026422477e+03
2.666189764478083362e+03
2.304641647346475111e+03
3.333310528117444392e+03
6.701507186088815615e+03
3.451021719083549669e+03
2.137291752432383419e+03
