2.955721714247500131e+03
3.244448055172038949e+03
4.299256025447491993e+03
3.051391992260394090e+03
2.870668162336530258e+03
3.303385415283639759e+03
2.102092226989811479e+03
1.785652268519749441e+03
1.225339921946318555e+03
1.239470463457109190e+03
2.805213369563848573e+03
3.781565248588013674e+03
5.487944684213315668e+03
2.632881012754979565e+03
4.152070207024889896e+03
5.246819365659594041e+03
4.260357461241336750e+03
3.987855564224041245e+03
2.786541624060646882e+03
3.334975647803291849e+03
3.282902335381098055e+03
4.036685077208454459e+03
4.145068483828081298e+03
6.418146509345540835e+03
4.785409477496905311e+03
5.270172499626518402e+03
3.111576651681581097e+03
3.680363249762295254e+03
2.081319205840662562e+03
3.667624850701751711e+03
3.055374686172192469e+03
2.636196544131023529e+03
2.728602613268512869e+03
2.675890764356819545e+03
2.272768858123460177e+03
2.384925904585091757e+03
2.218714203480966262e+03
3.859864920554266973e+03
2.726661567311493400e+03
3.348213842866322921e+03
2.194507427512952745e+03
2.477656462443517739e+03
1.369124848704268970e+03
1.700670089586933955e+03
1.131847699340823510e+03
6.088935539465392139e+03
4.083619912211780957e+03
4.112381437090952204e+03
4.599412022547071501e+03
4.424645751089581609e+03
4.017847909957915363e+03
3.591082624706326442e+03
3.264822858122872276e+03
3.402517713443317461e+03
3.624967799220622510e+03
3.009842917478524669e+03
3.085218153438181616e+03
3.922772831749143279e+03
3.411519653629925870e+03
3.325219291793894172e+03
3.345229934162551672e+03
3.794523465265629056e+03
2.448369117865884618e+03
2.604173814257524555e+03
4.651053411688724736e+03
3.294499141049056561e+03
2.820962013979838503e+03
3.137791221411876904e+03
2.918871410016771733e+03
5.224649645371057886e+03
3.793953656832007709e+03
3.206841566001035062e+03
4.415389397846151951e+03
5.861081722576866923e+03
4.426946938081983717e+03
2.816099604403942067e+03
2.542069991389334973e+03
1.725922116823421902e+03
1.938855483358659740e+03
3.485826695912098785e+03
6.268405590069456593e+03
5.086860413695576426e+03
4.839630974886597869e+03
5.024172966130746318e+03
3.937936907465008971e+03
4.464074763924489162e+03
3.830097510303575746e+03
4.138623782291539101e+03
3.924693050923353439e+03
3.940820421413981421e+03
4.384889533800102981e+03
4.377799452681645562e+03
4.798803267553847945e+03
4.422012007615791845e+03
4.015764026893491973e+03
4.910075756586644275e+03
4.171999498252986996e+03
3.167505535895534194e+03
2.811122417115230292e+03
2.754711640594899109e+03
1.956581785745726847e+03
1.434732390777859337e+03
7.999314203598762560e+02
8.022355889358819923e+02
8.256144121322289493e+02
9.558214149066077425e+02
1.079749296709546798e+03
1.245545078713109433e+03
1.376899415778156254e+03
6.894380232898261056e+02
6.702265812066054878e+02
6.539982167908567590e+02
8.241951123096395122e+02
7.262508339111965370e+02
9.466353551993967130e+02
1.021191489306303879e+03
8.377482437100601373e+02
7.929212199375572254e+02
1.059275999702679428e+03
1.300165467026230772e+03
1.344585675172109404e+03
2.102319844257367549e+03
2.664231617084672052e+03
2.749226874855660753e+03
3.186479302711304626e+03
2.654511072982135374e+03
2.495026653434530999e+03
3.431152310010313613e+03
3.210572483477089008e+03
2.557310619048029821e+03
2.313014927594213077e+03
3.701086770564748349e+03
3.016179959285698715e+03
3.260892110520174356e+03
3.074139032453635991e+03
2.393989289403687508e+03
3.396838663156875100e+03
2.937528140802657617e+03
4.142756822558974818e+03
3.259575071805678363e+03
3.838485261592082679e+03
3.111123238492243217e+03
3.638404651333526544e+03
3.786546800113515474e+03
3.001849595863397099e+03
3.486347913637222064e+03
3.514407346585444429e+03
1.641631795805442607e+03
2.123789762357595464e+03
1.233881427497996128e+03
2.493533586320708309e+03
2.249424472871244234e+03
2.632525324317519789e+03
2.626429080801622149e+03
2.601117858569414238e+03
1.669325282868304157e+03
2.703329015234327017e+03
2.200047321391040441e+03
1.909068394601037653e+03
2.836437116227090883e+03
4.008613386058807464e+03
3.628930484848096967e+03
4.023619890365683204e+03
4.882371323257436416e+03
3.490778800007724840e+03
3.407254363489084881e+03
3.079118005884950435e+03
4.344882952878921969e+03
2.921279821499309492e+03
4.743172348241872896e+03
4.535044605916677028e+03
4.944299879555132975e+03
4.108333111980520698e+03
4.327443429209547503e+03
5.185668888343782783e+03
4.641978039514647207e+03
5.745075296715880540e+03
5.986991982978515807e+03
5.364024207728948568e+03
5.050462193799939996e+03
4.742061676816083491e+03
3.035312542830372422e+03
3.017509956003640582e+03
1.712899430171367385e+03
3.084183957952170658e+03
4.084415024187426297e+03
2.433861555177459650e+03
2.410355378169758751e+03
1.798643280641167166e+03
1.100183245615591204e+03
2.476203346502282329e+03
5.470884014615897286e+03
4.647520445211441256e+03
5.003031436148090506e+03
4.447589252015033708e+03
4.718259675460833932e+03
5.182781589898520906e+03
5.207471016623061587e+03
5.831248022805191795e+03
5.974640860229590544e+03
5.917289535201198305e+03
6.440543817209993904e+03
5.688311805300718333e+03
5.413676722552825595e+03
3.569567840780899132e+03
4.791482303411964494e+03
2.520800579182497586e+03
4.256429309439226927e+03
3.382941198146983425e+03
3.338530682612463806e+03
2.983512398090677834e+03
1.453421207429509423e+03
2.102270804036016216e+03
1.177889293315993655e+03
1.510503417166523377e+03
1.706952441542576935e+03
1.192870882515170251e+03
9.569186952887081361e+02
3.895073989314929804e+03
4.426259296161718339e+03
3.053619469277715325e+03
3.946305748410712113e+03
4.745967069297263151e+03
4.462504079512407770e+03
3.519720036813944716e+03
5.090353100569732305e+03
4.826871684595384068e+03
5.467580443425577869e+03
5.864675773537778696e+03
3.353119046602509115e+03
3.680291910527624623e+03
3.021561533070687801e+03
3.082611642952238071e+03
4.425778657244450187e+03
4.221905233487846090e+03
3.503425411313471614e+03
3.725868566927649681e+03
4.933409035680920169e+03
3.919922016399239965e+03
2.471802177304834458e+03
2.812076005609967524e+03
3.718212911490307761e+03
4.515505327008330823e+03
4.854938615222793487e+03
3.230159458189796624e+03
3.562995714889597821e+03
3.974858056893675894e+03
2.963012309644844663e+03
3.655494964380312467e+03
4.050412063517685056e+03
4.257980151834178287e+03
4.175159868352517151e+03
6.018673777622582747e+03
4.816805635021341004e+03
2.497197291441643756e+03
1.675265275166471383e+03
1.575228432167493111e+03
1.114433187749713852e+03
1.590320093354353958e+03
1.302578848751730675e+03
3.249678365305294847e+03
5.200969600216164508e+03
3.820475800947107473e+03
2.796170796199069628e+03
2.904471394485198289e+03
4.028604599385065285e+03
2.656731923902678318e+03
4.591083381855278276e+03
3.844281988393096981e+03
2.789198736930099130e+03
2.479739979439307263e+03
3.156457606030156967e+03
2.295588673910202942e+03
2.486159256486229879e+03
2.846405538268560576e+03
2.647174120269360628e+03
2.672304761392550972e+03
2.733180211922078342e+03
2.007494459238405625e+03
2.293283263739217546e+03
4.766875135620683977e+03
4.158677991949510215e+03
5.500481898405264474e+03
5.309257115010831512e+03
3.089806506271339458e+03
4.386695434267589917e+03
3.638075951792795877e+03
4.556537715880269388e+03
5.201301196754769080e+03
3.868740244146195892e+03
4.166314610785123477e+03
4.164389433497916798e+03
4.205092393685220486e+03
3.053480545937816714e+03
3.900895227803134730e+03
4.410052801239678047e+03
2.884809910136340477e+03
3.966662000951434948e+03
7.238533549319479789e+03
3.860608051170510862e+03
5.265639935229295588e+03
4.151585103071060075e+03
4.463071073746906222e+03
2.010904501844996730e+03
3.557276274613992882e+03
2.906767395684606527e+03
2.912110783682923739e+03
2.322372312430606598e+03
4.735492875627751346e+03
6.526503360633772900e+03
4.106784442197978024e+03
4.298106578924494897e+03
4.566134284368460612e+03
2.023689647055266732e+03
2.706008049007533373e+03
2.136525828781436303e+03
1.193566563126812980e+03
1.527411417270432821e+03
1.752851323025480042e+03
2.139024839994220201e+03
4.198713533569767606e+03
3.777345545562250209e+03
3.472010915044456397e+03
3.523510284009504630e+03
3.012947194616111119e+03
4.631426244012403004e+03
4.211378046835479836e+03
6.405240828507728111e+03
5.198817640554471836e+03
5.687016603658993517e+03
7.713705697199114184e+03
5.048459309481710079e+03
8.337116779352831145e+03
4.443279994017031640e+03
4.816688161419836433e+03
3.543094912039814062e+03
3.630580368290708975e+03
4.367751621191851882e+03
3.035494209012405463e+03
4.728639720777700859e+03
3.868559614373650220e+03
1.744865650072101289e+03
1.572560260348748216e+03
1.598617180787319967e+03
1.142375495865004723e+03
8.776116347232563157e+02
1.965277939339451450e+03
1.955225204243454527e+03
2.400927630052602581e+03
2.952884574327090377e+03
1.987128740728830735e+03
3.631629720869417724e+03
2.622808554106333304e+03
2.527225579849260612e+03
2.035879179103863180e+03
2.393993593004351624e+03
3.110901829829771941e+03
3.805543791300422981e+03
4.227546678649285241e+03
3.388878013658651071e+03
3.019692892294322064e+03
3.101219563720254882e+03
3.388035589603900007e+03
3.791181319077618809e+03
2.529978023144284634e+03
4.646749504134889321e+03
2.950823131215193825e+03
4.546431706039789788e+03
2.923760029713320364e+03
3.353958042788631701e+03
2.805781830660560445e+03
3.593816214875941114e+03
2.543491677973560400e+03
2.215647725354768227e+03
2.496861346388840047e+03
5.657237919525568941e+03
3.771413307006784635e+03
5.015234108815436230e+03
6.062277937579327954e+03
4.574039146460127085e+03
6.190029888464356191e+03
5.015133970023771326e+03
5.421432571728821131e+03
3.656784301063084968e+03
2.710022284850409505e+03
2.626666749335691293e+03
3.774366331626902593e+03
3.601950967066084104e+03
4.252987511354110211e+03
3.610557510319087214e+03
1.607809901477382937e+03
3.230960304390287547e+03
3.917890515495464115e+03
3.833504345128764271e+03
3.209152340758624177e+03
3.170760129660141502e+03
2.434615151964240340e+03
2.406228800758663510e+03
4.199740214526766977e+03
4.881002789247453620e+03
4.971618973339904187e+03
5.093527251572423665e+03
5.047966448400662557e+03
3.976463969576984255e+03
5.602740777480283214e+03
6.670050658405827562e+03
5.504042996198097171e+03
9.901373206505314783e+02
2.150006996450841143e+03
1.028252442957870244e+03
1.301434944414544134e+03
1.548969147576988007e+03
8.395240816834821089e+02
8.557372695730159649e+02
6.792968141624427290e+02
7.477733371031663410e+02
9.044777254321290911e+02
7.081200873184789089e+02
7.672371088513610857e+02
1.964003343569476556e+03
1.702693257990475104e+03
4.471111293329797263e+03
3.373912522576416450e+03
6.572630547573940021e+03
4.053333412233819217e+03
3.748662737463263511e+03
3.874641674940426583e+03
4.245871140125452257e+03
3.264287760385412639e+03
2.496442501862401514e+03
1.736326254883085994e+03
2.011743439830497664e+03
1.224212371989252460e+03
1.723247360466816872e+03
8.723008053634841872e+02
7.018822601543796509e+02
7.434332619169787904e+03
5.075672723099268296e+03
3.300533344262152241e+03
3.257091149618886902e+03
2.614590197916847956e+03
4.481150972305947107e+03
5.056863323179754843e+03
5.072446610533434068e+03
5.295820659285134752e+03
5.648969058769132971e+03
4.743441380340006617e+03
5.606710503272913229e+03
5.778567981728774612e+03
5.132691094478965169e+03
4.377995412650019716e+03
5.834128845120861115e+03
5.040603902974388802e+03
4.679102217863517581e+03
5.342253024828341040e+03
6.452773147141227128e+03
3.301370509441706872e+03
2.718598356153542227e+03
1.975539533102019504e+03
2.333883727632337468e+03
3.177577077026442566e+03
2.059022786116178850e+03
2.220469224204937291e+03
1.570991970194430451e+03
2.975063705340136949e+03
1.679085608668782697e+03
3.896284121765170767e+03
4.427657610514672342e+03
5.363005289280993566e+03
3.896128603216086049e+03
4.965226147191554446e+03
3.606895220939057253e+03
3.238716951796569901e+03
4.386241227870369585e+03
6.920987504930657451e+03
4.127200012798107309e+03
3.227937653860251430e+03
3.970914541745956740e+03
3.217322876034540968e+03
3.672229369084005612e+03
2.450374977055591444e+03
1.833734745387423345e+03
2.994443999512719074e+03
2.057947217781246763e+03
1.495995191752139135e+03
1.021553115402996468e+03
1.427631164520328412e+03
9.635971841750458680e+02
8.823697371324723235e+02
7.863659924528855072e+02
1.293112195820527859e+03
7.843788154169302516e+02
2.581885080974641369e+03
3.708366764297087684e+03
4.021794741413887550e+03
6.131106234008557294e+03
5.102802378555063115e+03
4.354724060487347742e+03
6.352907419066262264e+03
