3.325583216436618386e+03
2.050106974088618244e+03
4.049783903301009104e+03
2.181338389178557463e+03
2.350734596234606670e+03
2.748969287364697266e+03
3.366244963017571081e+03
2.537234149469636122e+03
3.363861514003283446e+03
2.329797857323976586e+03
2.948924748263768834e+03
3.467689363563306870e+03
3.310976110916166363e+03
2.915651109132835245e+03
3.178206328914718142e+03
1.744600152464446182e+03
2.335060883143002229e+03
2.515695441214070343e+03
1.579499042860059944e+03
8.164547206722113515e+02
7.422756084054743724e+02
9.124382542993126890e+02
1.924080336136512642e+03
3.698793856661456630e+03
5.253251607448755749e+03
4.075673799583089476e+03
7.435360845407891247e+03
4.586155341816906002e+03
4.095024986629281102e+03
4.340238512191316659e+03
4.096962254498511356e+03
4.708448085992507913e+03
4.798503013793415448e+03
4.958519357145118192e+03
4.137006469300550634e+03
5.573723617186685260e+03
3.282900227316064047e+03
3.705224099283093892e+03
3.436040368734587901e+03
1.861566570162855669e+03
1.603276057026900162e+03
2.255805348334071823e+03
1.647175435416477512e+03
1.537928348628290223e+03
1.969800776753425225e+03
4.100320647674089741e+03
2.763086230364355742e+03
1.703411526795409145e+03
2.711654576142146652e+03
5.227675607764714186e+03
5.956960265435258407e+03
4.529040169424283704e+03
3.901430795132469484e+03
7.111675743416796649e+03
5.869065721220971682e+03
5.835855740545865956e+03
7.723636029211915229e+03
8.740801872665553674e+03
6.947514734039652467e+03
6.753231898534771062e+03
5.875184463456775120e+03
5.100914022092465530e+03
5.807784133693950935e+03
5.639446745420104889e+03
4.546613554900748568e+03
2.761112588403002064e+03
3.808071435858889345e+03
4.059371878058794209e+03
3.448698642090809244e+03
3.586825463925200893e+03
3.175244400025429513e+03
3.432788346822881522e+03
2.823642001728971536e+03
3.186353044841762767e+03
2.630019149519361235e+03
1.994910519156588862e+03
2.328886160498870140e+03
4.718686117676031245e+03
6.515183349940502922e+03
5.415963265271594537e+03
4.335484708724026859e+03
5.958831648687355482e+03
5.724126041932229782e+03
5.589626386248759445e+03
2.841278176648087538e+03
1.916813254017339659e+03
2.393909958834545705e+03
2.013174172003820104e+03
2.612026999238727512e+03
1.554294715767258594e+03
1.919923438203404203e+03
1.414228898711470720e+03
1.523722900983139652e+03
1.472558861696841404e+03
1.678664547418328539e+03
1.571910373851364966e+03
1.751588644774714339e+03
1.136210381117703719e+03
1.194070475080512324e+03
1.159422914670897853e+03
9.783564599183739574e+02
9.460911040282363729e+02
9.169861622097927238e+02
9.722602940751401093e+02
8.438583986141205742e+02
2.106528693252681933e+03
3.266039179291558412e+03
5.141250438727779510e+03
4.016998243772541173e+03
4.077335128079842889e+03
3.913287512362514008e+03
5.704764810290150308e+03
5.506177922668271094e+03
6.026035029441674851e+03
5.491611000225654607e+03
6.300872209887600548e+03
6.095338841210841565e+03
5.889283537157991304e+03
6.386563209912237653e+03
5.483142655017523794e+03
3.542841144676383465e+03
5.409072500951914662e+03
6.342171759245242356e+03
5.172292782894034644e+03
5.279111318225620380e+03
6.694326721535419892e+03
6.442949752819075911e+03
3.851561642708248655e+03
3.595328298645827545e+03
5.667035957941769993e+03
4.300640444577780727e+03
4.408446414322203964e+03
5.140531825812993702e+03
4.827524930341080108e+03
5.980031474510306907e+03
6.402519857209556903e+03
4.928867242278546655e+03
4.728671779447314293e+03
6.571412989018511325e+03
4.663186918980991322e+03
4.179711251023571094e+03
4.416179701524882148e+03
3.985940818544624562e+03
4.555590784031993280e+03
2.015180243420779789e+03
2.911503207324882169e+03
4.320748273024518312e+03
3.465929679511439190e+03
1.944838457824538636e+03
2.061649441512796329e+03
1.396329472950027366e+03
1.570177771707633156e+03
1.647463643966476411e+03
1.648917995342030281e+03
1.301471019857089459e+03
1.736693815350277646e+03
1.734499624920658334e+03
1.094217700614954083e+03
3.960246749598417409e+03
4.142700961943695802e+03
2.645850894053058710e+03
4.939580894698776319e+03
5.721908632509260315e+03
6.343050480331713516e+03
5.397472788913748445e+03
5.640600174533183235e+03
4.971123732330039275e+03
5.423454937859968595e+03
3.125995747646925793e+03
3.899411975651711600e+03
6.558984321259895296e+03
6.316029926211062957e+03
4.651262322892372140e+03
4.365160508045331881e+03
4.107922836647815529e+03
4.371170674160821363e+03
5.872416201166674909e+03
6.364580111200834835e+03
5.735852586962701025e+03
5.760167110092735129e+03
6.119890031154616736e+03
6.457796568010417104e+03
4.855131211326372068e+03
5.198805694458414109e+03
5.592543930224029282e+03
5.815738456409603714e+03
6.060240477284656663e+03
7.724930951395030206e+03
8.965710891100156005e+03
5.824081144220625902e+03
5.975521812397082613e+03
6.482873318904079497e+03
5.359691653072764893e+03
5.595376540826251585e+03
5.560713107791996663e+03
3.628739737707504901e+03
3.643847581758112938e+03
3.403548282714849847e+03
5.334850528118881812e+03
2.638529288563632690e+03
3.538849422672771198e+03
2.298264399427680019e+03
2.391887812101541840e+03
4.244686239325759743e+03
2.587648355536256076e+03
1.153142370406327927e+03
4.067434173757211283e+03
4.066244324181789125e+03
6.451729576238258232e+03
7.354612693035909615e+03
6.190469356244335358e+03
6.673295844551006667e+03
5.051420868100848566e+03
3.681374876582920933e+03
3.054746018327657112e+03
5.205900553886125635e+03
4.724338765835875165e+03
5.058756443099100579e+03
4.922311074192301930e+03
5.866593769270792109e+03
5.683612579639552678e+03
6.231765924538896797e+03
4.662885324663640858e+03
6.502436851214641138e+03
4.307053224163052619e+03
5.390631623653262068e+03
7.287405649074178655e+03
4.502353452442463094e+03
6.319068691557842612e+03
5.109993232953801453e+03
4.808819586094740771e+03
4.315398489736608099e+03
4.139936705560930932e+03
4.952797935334200702e+03
5.527233233080279206e+03
5.250234309292681246e+03
4.695708663353743759e+03
5.203002297636443473e+03
4.524403816629414905e+03
4.019471044919531323e+03
5.177763923160082413e+03
4.101305170590504531e+03
4.332083084725624758e+03
1.942398451051533812e+03
2.281280565318210392e+03
2.539531029913370730e+03
2.787562714078237150e+03
2.428130269570638120e+03
2.019684550485325417e+03
3.332647011326652773e+03
3.332585912962457769e+03
3.154738580605069728e+03
2.829907021725720824e+03
2.048773628030933651e+03
2.139580577579622513e+03
4.851431419579324029e+03
4.554843822812344115e+03
5.267549279768179076e+03
4.827552147002536003e+03
4.093528181027551454e+03
3.822030010363419024e+03
4.099833106104731996e+03
3.513388808437443458e+03
3.857797741649066666e+03
3.702651367316583674e+03
6.535239283159996376e+03
5.281197268799891390e+03
3.966092594998258846e+03
3.409905402180131659e+03
4.481612908720022460e+03
4.244125568903685235e+03
2.635450345884575654e+03
3.203923958640974888e+03
2.529971360847588585e+03
2.029081194008301736e+03
1.991132496247817926e+03
2.267668103649321893e+03
2.266175282389044241e+03
1.341470795451668437e+03
1.301470111603896839e+03
1.172704564609119871e+03
1.059468398951781182e+03
1.130914743448851823e+03
1.440709072629328602e+03
1.315271844646459840e+03
1.275146048471745644e+03
1.159759917615666154e+03
1.432348936404001734e+03
1.338526780106273918e+03
1.356276316623873072e+03
1.292913739513871860e+03
1.282947107027781840e+03
1.021138201493781708e+03
9.146059857932801833e+02
8.989019511060223522e+02
8.513607861790480911e+02
1.047855922726974313e+03
1.402468525410608891e+03
2.095777527939452284e+03
2.691873413174271263e+03
2.744800130440073644e+03
3.238819328617467818e+03
2.421971635513637011e+03
3.975324222633226782e+03
3.455827084401773845e+03
4.516322853964148635e+03
2.923814290960061953e+03
2.714918511535840935e+03
2.812923293871459919e+03
2.347622166984750947e+03
2.407471716412831483e+03
5.031694057645769135e+03
4.883703621180216942e+03
3.776109878363859934e+03
3.989960436604419556e+03
3.699471920134454194e+03
3.171324301104197275e+03
2.958015850141111059e+03
3.560263316030831447e+03
2.420046577631844229e+03
3.671020484794661570e+03
4.775704194859131348e+03
4.581476229659378987e+03
5.968369097071866236e+03
6.534344764431922158e+03
5.963577581888951499e+03
8.202849611810450369e+03
8.175421583579098296e+03
7.639026293201454791e+03
7.736472841208938007e+03
6.177983879825346776e+03
7.386674820951622678e+03
5.466332353536083247e+03
5.070777924028289817e+03
4.185430649513578828e+03
4.075709406399407726e+03
4.875677452250393799e+03
4.538966481513242798e+03
4.384639395700514797e+03
4.430272976321484748e+03
3.114501142337456258e+03
3.315755327020598088e+03
3.457749128033877241e+03
3.231579346034755417e+03
2.852358471271367307e+03
3.259177268687060405e+03
4.050673072029019750e+03
4.960190820652516777e+03
4.409513245300693598e+03
3.500842672309358022e+03
5.392048970940865729e+03
3.121485929804060106e+03
4.600035406290117862e+03
6.195744968221716590e+03
4.792117065916037063e+03
4.050068328963059230e+03
4.677420830945942726e+03
4.658471453246399506e+03
3.770057149161933467e+03
3.417971757187273397e+03
3.346748843037197730e+03
2.981709265903287815e+03
2.890371952512658481e+03
3.265902647668828649e+03
3.486025390521035206e+03
4.132746265088484506e+03
3.762019743922625366e+03
4.495135756956022306e+03
4.351830298094653699e+03
4.285451350998214366e+03
4.357874142219292480e+03
2.959410867265288744e+03
2.874909720557815945e+03
3.958737678443383174e+03
4.500775125924200438e+03
4.170909534145296675e+03
4.307206373903259191e+03
5.477033465018752395e+03
4.575125105479057311e+03
4.972297933929378814e+03
6.229119753901020886e+03
4.009366201599399574e+03
4.270643427092093589e+03
3.959170172202898357e+03
4.081207897171057084e+03
4.799787932207654194e+03
5.669212764707996939e+03
5.735475672786054020e+03
5.527136988265348009e+03
5.335188908836323208e+03
4.508893917764979051e+03
4.269951416288226937e+03
3.021635968470907756e+03
2.839065259826398687e+03
2.469630389367739554e+03
2.431527562666426093e+03
2.696038102005602923e+03
1.359564205674292907e+03
1.560785673910369496e+03
9.275364056157677624e+02
3.975651242519750667e+03
3.234557205977187095e+03
2.013539398133125360e+03
1.806093166362569036e+03
2.625530666435151943e+03
4.300008590333416578e+03
5.848779204415032837e+03
5.884153751864670085e+03
4.913089279091084791e+03
5.631582725505445524e+03
4.895781381108201458e+03
4.255032804930761813e+03
4.458125010114980796e+03
5.865811137910789512e+03
5.466399209619109570e+03
4.463570503094980268e+03
3.628967590074427790e+03
4.945942306205081877e+03
5.519033694547068080e+03
6.628570796980201521e+03
6.563210482411461271e+03
3.429619030766104970e+03
5.052666706972890097e+03
4.850906044402907355e+03
5.639539032941364894e+03
7.136323680651158611e+03
4.822114306231030241e+03
6.061351949569956560e+03
4.926713123881728279e+03
6.778798273934835379e+03
7.545000205579131034e+03
5.767634173830458167e+03
5.069712350141836396e+03
3.610244880335834296e+03
3.206009084555334539e+03
3.376536150473538783e+03
3.239539594341430529e+03
2.160908694311142426e+03
2.859653928232893577e+03
3.180320425244464786e+03
2.447646373288343966e+03
2.807195743795506132e+03
3.004146512979380987e+03
3.307401744584720291e+03
4.453209893611115149e+03
2.579767758448917903e+03
4.223993048885101416e+03
2.669470403857193105e+03
2.509526340099502704e+03
2.963902469526702134e+03
2.356605570395985069e+03
2.540528694687018742e+03
3.056460267065317112e+03
5.235406156658674263e+03
2.678179488870115165e+03
4.045294375087531535e+03
4.186933720087014080e+03
2.126595450091351267e+03
3.198159676191851304e+03
3.461419688458116980e+03
2.576933932853920851e+03
2.452977407295184548e+03
2.001784879203484479e+03
2.265684656197838649e+03
2.846935714472856034e+03
2.955883963839119588e+03
2.450048531804161485e+03
2.380432620906610737e+03
2.184507140074354083e+03
1.548044573839882105e+03
1.637072162846349784e+03
1.892963255090158100e+03
1.585488878214543320e+03
1.680200678360816482e+03
1.862121512998513936e+03
1.541990538246649294e+03
8.485168214012585395e+02
1.032656402118430606e+03
1.242728451417296810e+03
1.096918248437927559e+03
1.000170819519131669e+03
9.631782815037123555e+02
1.104195344286426916e+03
1.052969093430933754e+03
1.483316689452962009e+03
1.495855733799923428e+03
1.523317375388995515e+03
7.567519052707654055e+02
7.766198756998969657e+02
8.440444790509235418e+02
1.029229439056839738e+03
1.334305138394148798e+03
1.251508922655086508e+03
1.837786036191613221e+03
1.552662874500127145e+03
1.347410847387826607e+03
1.103873263091245235e+03
1.597237205876728694e+03
4.092335315234411155e+03
