7.290261996951543324e+02
7.180685530234699172e+02
8.445407147213688859e+02
8.385244374511847809e+02
9.237999340721829640e+02
1.660205645914494426e+03
2.159043138959897078e+03
2.938319915576740641e+03
3.519533964490896778e+03
4.243167675313567997e+03
4.662233943824830021e+03
4.180150767196286324e+03
2.102019678841241785e+03
3.891854188846768011e+03
3.771888775449843251e+03
3.874298035081599664e+03
1.268058452255764450e+03
3.738405672483700073e+03
3.034268945698060634e+03
3.078093737082223015e+03
3.188264236265542877e+03
2.745644982669242381e+03
2.000522335146728437e+03
1.805127314442024726e+03
2.065420974878288234e+03
2.426682235407472035e+03
2.248574461356842676e+03
2.600458000226748482e+03
1.036380053813460790e+03
2.012019754106720939e+03
2.536810341348285874e+03
1.694719373289332225e+03
3.086074373833416303e+03
3.405106215699980567e+03
4.169674705080204149e+03
4.523627261616176838e+03
2.618973590675809191e+03
2.637838389940371599e+03
3.777223000968047018e+03
2.517583071437474246e+03
2.924944096961780360e+03
3.291599514086831732e+03
3.693356221893486236e+03
3.427026572151461096e+03
3.122377229108632946e+03
2.535689458989421382e+03
2.045687823371707054e+03
3.115452411915983248e+03
3.409850742165944212e+03
2.472460199911094605e+03
2.567253847327680432e+03
2.552650681233179057e+03
2.002299925230646522e+03
2.254440669686126512e+03
2.179786068804679871e+03
2.043912262044765839e+03
1.709079054676672740e+03
2.113746003872449364e+03
1.853052355766064920e+03
1.972038755378091082e+03
2.023433658988510160e+03
2.443677927889660168e+03
3.414612577034361493e+03
2.162217179134153412e+03
2.088163590631084844e+03
1.740575559731012618e+03
1.934707638583933658e+03
2.751115052125170223e+03
3.085829322264135953e+03
2.520575697182231579e+03
2.165229695676664505e+03
2.298303619247119059e+03
2.379683085951471639e+03
2.244556671050919249e+03
3.916570438414470118e+03
2.515891311056911036e+03
3.272022021505978500e+03
1.800685396061877782e+03
1.876282572209446244e+03
2.025856978359579443e+03
3.127134679604349913e+03
1.737213807773822282e+03
2.954400681541178074e+03
2.482863735632543012e+03
1.773107066822560228e+03
2.195808600860108527e+03
1.326854153991798512e+03
1.242617405327763436e+03
1.569464077883359323e+03
2.250564537452962668e+03
1.691398071312642514e+03
4.229934055545279080e+03
2.122027764578177539e+03
2.733407784797961995e+03
2.518016041405862325e+03
2.566498713290125124e+03
1.663031874109005685e+03
1.307538113910101401e+03
2.677268077879081829e+03
3.987364954290615970e+03
3.809544928728230843e+03
3.358775677783831270e+03
4.745640534191265942e+03
2.944718631764521888e+03
2.907612489460031156e+03
3.728608226554543762e+03
1.038165728639059807e+03
3.337246768057901591e+03
2.342171342326691956e+03
2.626661907548540967e+03
2.340657429309893814e+03
1.972827931728187878e+03
2.436160218838005676e+03
3.118234832724622265e+03
3.542551768468093996e+03
2.085277285677932923e+03
1.624469378412384231e+03
2.296749180386223998e+03
2.080717633936582843e+03
2.206065586868255195e+03
1.148707261225469438e+03
1.894458066779179262e+03
2.427732094531636449e+03
2.164866149926386697e+03
2.226150368292565872e+03
2.373764047430763640e+03
2.592507775102819323e+03
1.843488022035110589e+03
2.348391685099391452e+03
2.195083556617008526e+03
1.854552983725811146e+03
1.765785524157916825e+03
1.471146794690179604e+03
1.862652040288012586e+03
1.578163608288536807e+03
1.539732117538040256e+03
1.690006319678409000e+03
2.880415665503441232e+03
1.791130677259691311e+03
2.161786871070876259e+03
1.643470538658857549e+03
2.385152565213503294e+03
2.317899971774758342e+03
2.040907486677355337e+03
2.290213573808714045e+03
2.453770776977081823e+03
2.221771418069789888e+03
1.453549404607211045e+03
1.695352651393806582e+03
1.494793887451093951e+03
1.927355622626478407e+03
1.835905429851519784e+03
2.462642968118364934e+03
2.402906524620679647e+03
3.210074824976353284e+03
2.748855416822308143e+03
2.570543183113864416e+03
2.910294107083260769e+03
2.708476296343646936e+03
2.644725445153345845e+03
3.400876735409781304e+03
3.281531513681497017e+03
2.615530966457435625e+03
2.400679574773235800e+03
1.380886605784923404e+03
1.957963263200289248e+03
2.728787203391021194e+03
3.257047832639869284e+03
2.658918942442100160e+03
3.549878300913273051e+03
2.408173263499154928e+03
2.860337786206914643e+03
2.445527110747509141e+03
2.534834053462398060e+03
2.875046743784792852e+03
1.901689234683621635e+03
2.558801447125791128e+03
3.022553637729300135e+03
2.548056826131165963e+03
2.809871628094434072e+03
3.082311427798536897e+03
2.114451900676556761e+03
2.371021526889542201e+03
2.204905182446150775e+03
2.065079447316934875e+03
2.113509827476722421e+03
1.639562455892368462e+03
1.555183643848835572e+03
3.210673391554215868e+03
3.529604529269730392e+03
2.287588465155576159e+03
2.771297523530584385e+03
2.436414010819376472e+03
3.209652798395494756e+03
2.760772224818393170e+03
2.721182629832800558e+03
2.820918742052962443e+03
2.327142368917086969e+03
2.775773215370442358e+03
2.136838100598638448e+03
2.271546501506583354e+03
2.274031691719388618e+03
1.694807466077986419e+03
1.807406576811796867e+03
1.219812326269696541e+03
1.862471784253105852e+03
1.166665518594016476e+03
1.314495180850751240e+03
1.442875085372085550e+03
9.912997952957559846e+02
8.945364215417801006e+02
9.034771779298645242e+02
7.820704547723322548e+02
7.731028348857632864e+02
8.517064252530881276e+02
8.645644826693676350e+02
2.024831395090188153e+03
1.746690443619408597e+03
1.952167163185322806e+03
1.863477003973583578e+03
2.322330139583792970e+03
2.292943816678613530e+03
2.791523773455422543e+03
2.303080692476207332e+03
2.591723542827000983e+03
2.374921951586647538e+03
2.106355974668167619e+03
2.423438868461463244e+03
1.430247724418226653e+03
1.738551875406993986e+03
2.144243141321288931e+03
1.609389906186960616e+03
1.390671778533075667e+03
1.777429777468016255e+03
1.459953955020957437e+03
1.413434383709515714e+03
1.524781698638882972e+03
1.710566646190780602e+03
2.089778854445362867e+03
1.189565695937418468e+03
1.583390792075238096e+03
2.264787712597909376e+03
2.829464107700357090e+03
2.603568494524966809e+03
3.275353396813738073e+03
3.086652111924179280e+03
2.358151007595035935e+03
2.138300890470830382e+03
2.263509745292502430e+03
2.579295898358364866e+03
2.047747144867031011e+03
2.217217620312982945e+03
2.228643894741498571e+03
2.492402224970162933e+03
2.698914557113102092e+03
2.750726383722515948e+03
2.492936947974922532e+03
1.890713891504858339e+03
2.047844058899448100e+03
2.539331780117134713e+03
2.559109584914806419e+03
2.565381256911401579e+03
2.441312818405791404e+03
2.467867437878635883e+03
1.542488043778363817e+03
1.441607268374620844e+03
1.677663769147602125e+03
1.549614632468745185e+03
1.499929753975952281e+03
1.416328828429469468e+03
1.146957068874237166e+03
1.075503440190588435e+03
1.596683836931286123e+03
1.616254456782285160e+03
3.084471422599804555e+03
2.864604511197996999e+03
2.918427380090998213e+03
2.660030204939708256e+03
2.463781316049527959e+03
2.934580177182641364e+03
2.944242282210603662e+03
1.871072294003453635e+03
3.205606375171630589e+03
2.546320127923199379e+03
2.697023098847839719e+03
2.430606044210740038e+03
2.934239989940652322e+03
2.802571894694981893e+03
2.289750238527715737e+03
1.878791490433697390e+03
2.678144926604417378e+03
2.012974668617618136e+03
1.694386411778585625e+03
1.638098644492074754e+03
1.165200283472919182e+03
1.782618695457058038e+03
1.438223173322382763e+03
1.368294786512965175e+03
1.428872897589124022e+03
1.470346497170744669e+03
1.728272897740208464e+03
1.649641345792485026e+03
1.407182911454696068e+03
1.488765773487821434e+03
1.436465965768343722e+03
1.268847423378570966e+03
9.995645262532718789e+02
1.691389187186710387e+03
3.796547742310850481e+03
3.304565298666961553e+03
3.215450405274911645e+03
3.065997168652003893e+03
2.353521713571436521e+03
2.324557049518318308e+03
1.437259584146270981e+03
1.924654265389883676e+03
1.719394590359869426e+03
1.779040837302703039e+03
1.367809194915101898e+03
1.042795523412420380e+03
1.168633921777736532e+03
2.497953638906450124e+03
3.579056089925540164e+03
2.423777983595970454e+03
2.423664805423095004e+03
2.315493524769872238e+03
2.576110596215338774e+03
1.924856683485497342e+03
2.232899086912636903e+03
1.971965540220943694e+03
2.704310888950712979e+03
2.308678540096160759e+03
3.510553827452562018e+03
2.759038120393897771e+03
2.481138146942735602e+03
2.298391816502407892e+03
2.257666564390977328e+03
2.246436086991986031e+03
3.005846084453732601e+03
2.056307457692144908e+03
1.989119552550421531e+03
2.508870969602950026e+03
2.165000357099572739e+03
2.881290254875960727e+03
2.743568393258442939e+03
2.227685595894539347e+03
2.407908886320505189e+03
1.912495422827627863e+03
2.844346275331947254e+03
2.673660619020721697e+03
3.327282454565493026e+03
2.877353011016382425e+03
3.085837795103276676e+03
2.569995594822240491e+03
2.296503907444212928e+03
2.548890239449624914e+03
2.619384079823876618e+03
2.756551933970927621e+03
2.640723488176193314e+03
1.817650382172362697e+03
2.491094504086354391e+03
2.357076552632408493e+03
2.900483675616963865e+03
3.817385118577949925e+03
2.574021769103314909e+03
2.915073819794387418e+03
3.537549461375190276e+03
3.370176951874128463e+03
2.502591903912963517e+03
2.670191447583443278e+03
2.610592672511607361e+03
2.679851293446075033e+03
3.363480020130095909e+03
3.656483680856221781e+03
1.890772008045122220e+03
2.111979515423494377e+03
2.337494248000734842e+03
1.735368305454745723e+03
1.847392706518490741e+03
1.494670472977280042e+03
1.305160901147475215e+03
1.336230920298300134e+03
1.670982467211866151e+03
1.274115092140537172e+03
1.652739847079164974e+03
1.500451754420226735e+03
2.038853566363722393e+03
3.221869368053096423e+03
2.889325961802409893e+03
2.933607393290568325e+03
2.575380249899649243e+03
2.730928177856534603e+03
3.223412291148388704e+03
2.531704321114463710e+03
3.851992187289139110e+03
3.150699331207300020e+03
4.030502339160846532e+03
3.532734699441979956e+03
3.210733720863676808e+03
3.149608816380789904e+03
3.509219227156518627e+03
2.373203658326486220e+03
2.384039811436703985e+03
2.529230342516974360e+03
1.938312504344069794e+03
2.174503742165904896e+03
1.698239132324742059e+03
1.943518883607796624e+03
1.931687734558241573e+03
2.276923631294098868e+03
4.098849837359407502e+03
2.702894800554391168e+03
2.601628180343259828e+03
2.363899038819059115e+03
3.344226378224048403e+03
3.634298461050655078e+03
2.337650226527623090e+03
1.600656095072781682e+03
2.931326333725081895e+03
3.498822649773488138e+03
3.005794723505530783e+03
2.675756517990045268e+03
2.402895991162350128e+03
4.389773550056022032e+03
2.107700687042574373e+03
2.551363344483952005e+03
2.464968319983359379e+03
2.444092358334106848e+03
2.880409206984192679e+03
1.734289498963388951e+03
1.673749296472562492e+03
2.513047618346533454e+03
2.171835217978135006e+03
3.673111815696198846e+03
2.251566207406282956e+03
2.061735678597201968e+03
2.387891297273182317e+03
1.507257368990388841e+03
1.694986999608227052e+03
4.652392002509076519e+03
3.637209672917961598e+03
2.542340860640330447e+03
2.254838918323207963e+03
1.883097182179204538e+03
1.992469962123462892e+03
2.548422762854423127e+03
2.872181065569534894e+03
3.479926846573866442e+03
2.320238692531411289e+03
2.244372656749668295e+03
2.935283731140138570e+03
2.742815098153615509e+03
2.305434333084540413e+03
2.355920692410714764e+03
2.132787786281420267e+03
2.214884464189761729e+03
2.754193857910796396e+03
2.216132879713298735e+03
1.650502247016126148e+03
2.279467860765933438e+03
2.328773884865215223e+03
2.501836450914904162e+03
1.960019798494560973e+03
1.834310370164487949e+03
1.322932676889200138e+03
2.534835623798761844e+03
3.259734064077637868e+03
3.326640508914766542e+03
3.383495586191993880e+03
2.788694292394726745e+03
2.390453919402095380e+03
3.232744232855625796e+03
2.247353761403561748e+03
1.982678719739926009e+03
2.276351325052143238e+03
1.941277270016717239e+03
1.737976049220489131e+03
2.518662441448639129e+03
1.934809454432289840e+03
2.461945147172290035e+03
4.076902709796290310e+03
2.550980242564284254e+03
2.566081819428224662e+03
2.337718890503721013e+03
2.009368682794234473e+03
2.399890934822209147e+03
2.206808953516241672e+03
2.987912188268304362e+03
