1.819986852149923834e+03
3.060922646762779550e+03
3.174601694874101668e+03
3.532754456876752556e+03
3.331536366967472077e+03
3.315314091144367467e+03
2.471450544753629401e+03
2.618017017497579218e+03
3.622513451202995384e+03
3.234352323447679737e+03
3.340935297240497675e+03
3.557125105459405404e+03
3.135243858281717621e+03
2.802558940621160673e+03
3.371174085710176769e+03
2.743780621137377238e+03
3.053052854701639717e+03
1.971994668896209532e+03
2.603334316160233357e+03
3.766697306625105739e+03
2.645170400004399653e+03
2.650954226375412418e+03
2.955271456800693159e+03
3.263838795063520138e+03
2.247635861596472296e+03
1.777950596670978484e+03
2.387533434412556289e+03
3.584363694802461850e+03
2.419637276007813398e+03
1.759984634913255377e+03
1.755876215920781988e+03
2.279815878974441148e+03
1.484422941691741926e+03
2.732975544213848480e+03
3.324474280917026135e+03
2.665506886667447361e+03
2.998419493777387743e+03
2.128378568288650968e+03
2.797937420709098660e+03
2.019049310896915358e+03
2.064060143707850330e+03
1.887366707422523177e+03
2.691526898536681983e+03
1.648027054500268605e+03
1.875933080115024950e+03
2.643367013793674687e+03
2.191124782550498821e+03
1.971856089321798891e+03
1.502116088726573935e+03
2.241529933593561054e+03
3.247744154439968952e+03
2.518744775956845388e+03
3.289960803683014092e+03
2.712199235980948288e+03
1.771630419230801635e+03
1.944722571850279564e+03
1.560577472911721088e+03
2.500164812603060909e+03
2.272531647207570586e+03
2.113790950499448627e+03
3.017519931275386625e+03
1.421830432402313818e+03
2.210515637155453533e+03
3.917598218724873277e+03
2.002805499681750007e+03
1.324636407965262606e+03
2.557804115098356760e+03
3.970727661882312077e+03
1.744126216366792050e+03
1.827340261741683435e+03
3.724563510130931263e+03
2.871567652351139714e+03
2.357033641524236828e+03
2.262672216302821198e+03
2.360444079852997675e+03
2.401958144210167575e+03
3.030157083553254779e+03
2.970343615704629428e+03
2.456556012669940174e+03
2.138370134056759525e+03
2.289134123327555699e+03
2.404290734927899848e+03
1.480810900184668299e+03
2.968449419195861992e+03
2.644647525294544266e+03
1.798354634810776815e+03
2.109521553589952873e+03
2.271596964911758732e+03
2.793179538202612093e+03
3.084317131163443264e+03
2.601474817424910725e+03
2.193175167008588687e+03
1.756493057374343152e+03
2.183516540848658678e+03
3.866876370367242544e+03
3.144007740727203327e+03
1.642786860522604002e+03
2.013715106379307372e+03
2.477461062716999550e+03
2.387213372370759771e+03
2.439557132489491323e+03
1.849563313857980120e+03
1.811685664716367000e+03
1.830554634950582113e+03
3.732473315769361761e+03
2.741133537291535504e+03
1.641073442881793198e+03
2.036757630588723941e+03
2.339164647971896557e+03
1.609723334946779914e+03
1.905781235006192219e+03
2.311774836769112426e+03
2.557628119495549072e+03
3.067172988841111419e+03
3.151151671376971990e+03
2.917676205432383540e+03
2.437701252680820289e+03
2.132369761587346147e+03
1.572862311361007414e+03
1.804770408106178820e+03
2.395854661169765677e+03
2.559458867664101945e+03
2.504140167071623182e+03
2.458184650207203958e+03
1.770481476609354786e+03
2.185805312164772658e+03
1.646696151838120613e+03
2.005559823885613241e+03
2.490440425429586412e+03
2.298515758381558499e+03
2.075554939327605098e+03
2.179528694523870399e+03
1.919695621993086661e+03
1.994493895376375804e+03
2.654112078648833631e+03
2.185461876802949519e+03
2.048579752956591165e+03
2.573112302416443526e+03
2.600001767422676494e+03
1.570683321693801190e+03
2.124159161630268500e+03
1.855613664758138611e+03
1.853543617945952064e+03
1.876560446577758967e+03
2.097458495862808832e+03
1.984494956180263443e+03
2.354567868645780436e+03
2.777652052278951032e+03
3.125905682043115576e+03
3.394228307688166751e+03
3.372976800370172441e+03
3.744330753482978253e+03
2.546463354233423615e+03
2.422648560972646465e+03
2.213495835343558610e+03
1.696238713571222661e+03
1.520427355003733283e+03
2.289483748059979007e+03
1.839833415860642617e+03
2.680183354334537853e+03
2.748922568139610576e+03
3.123366566734209300e+03
2.394852340335718054e+03
2.226323316963053458e+03
2.002195622126913804e+03
2.024219279474975792e+03
2.590322111544006020e+03
3.209666228331022921e+03
2.049508659226960390e+03
2.220836561524609351e+03
2.816425526031876871e+03
2.718587410649510730e+03
2.278697676206047618e+03
1.742348375711619838e+03
2.162448178692429337e+03
2.258028239749939985e+03
2.556407250283707526e+03
1.706581425702761635e+03
2.681096204711283463e+03
3.890960621118805193e+03
2.195361618354956136e+03
1.439371463561135897e+03
3.091854021562740854e+03
2.239141223647352490e+03
1.868847930445753036e+03
1.842564609260002953e+03
3.355023218766801165e+03
2.739418649810058923e+03
3.195932300443911117e+03
2.007587514640094014e+03
2.278988311909391996e+03
2.498020756760430231e+03
2.428109378495733381e+03
3.167259169625105642e+03
2.282157030926543484e+03
2.195083410152901706e+03
1.744482809921642001e+03
2.563398958619055520e+03
2.034563757491483784e+03
1.605420409410794036e+03
1.998545944421890454e+03
2.834245662623602584e+03
3.618879836072391299e+03
2.155090743344660495e+03
1.620527532992060287e+03
2.200539353005058729e+03
2.044638206778888616e+03
1.678616127708016620e+03
3.469099038074449709e+03
2.059883180816642380e+03
3.054599637393401281e+03
2.443057439472493115e+03
2.072559697964966745e+03
1.595877139871433656e+03
1.801732416219932475e+03
2.925641358511692488e+03
2.046143062870260792e+03
1.283295293785685544e+03
2.469335626797682380e+03
3.320359481212628907e+03
3.967615015708506235e+03
1.282301335657869458e+03
3.230358718600294196e+03
2.284107919377599956e+03
2.329453709151494422e+03
2.906292142707693529e+03
1.726827598499253554e+03
1.674171106715624092e+03
1.933941520009592296e+03
2.065389963771830480e+03
2.370690419668521372e+03
1.902876146494243585e+03
2.164049259891290603e+03
2.523061767332021645e+03
2.500903969340376079e+03
2.535069482913358115e+03
2.917294862259610454e+03
3.102565995235150240e+03
2.148654963799050165e+03
2.307518874634206895e+03
1.918523112125462376e+03
2.154520441582225885e+03
2.191490377106164942e+03
1.979078809761821731e+03
1.892190289760910900e+03
3.410333408304237309e+03
2.456932230300293668e+03
2.193486870813797395e+03
2.207226819800346675e+03
2.317466170931210399e+03
1.654576144744410612e+03
1.893738933940118159e+03
2.180004326339957515e+03
2.470829649458729364e+03
2.041412711113157911e+03
2.222689998041792023e+03
2.311113394106477244e+03
2.524146683354446850e+03
1.708038399076435098e+03
2.692203872647621210e+03
3.008804606233289633e+03
1.970966404333476248e+03
2.107279119541942237e+03
1.598229196046761672e+03
1.589411326561085161e+03
3.524699243257274702e+03
2.331773713343777672e+03
2.386840014452807281e+03
2.978702665374143635e+03
3.111588331148312136e+03
1.848777976557697002e+03
2.121181351333826569e+03
2.016951063600555472e+03
3.106383161708416537e+03
2.127038214160764710e+03
2.449798521221920055e+03
2.264341790985867192e+03
1.938380341057835494e+03
2.148462446781518793e+03
3.107214131515167537e+03
3.346378834226828531e+03
1.988637510405761759e+03
3.542367467966504137e+03
1.942515423549861225e+03
3.175701668611422065e+03
1.902158442754976249e+03
1.866664725622324568e+03
2.884309599378841540e+03
1.995073065487117447e+03
3.253944353145711830e+03
2.093483105612075633e+03
2.043950255914679019e+03
1.912302939030554626e+03
1.981239224325797522e+03
2.427981603660924065e+03
3.242005841386866450e+03
2.007503698496941979e+03
2.312404908944620274e+03
1.775887584422201598e+03
2.053704593293987728e+03
2.761127687519915980e+03
2.693410280137232348e+03
2.080846202023501519e+03
1.547681269287733812e+03
2.438542446164412013e+03
2.308527349523449175e+03
2.021648871915301470e+03
3.371254279441071958e+03
2.186452929919499638e+03
2.050518227544127058e+03
2.309241728111329849e+03
1.338032053629037819e+03
2.015999944128862808e+03
2.946443930125791667e+03
2.060127249568826755e+03
2.615032873748291877e+03
2.396825745703301891e+03
4.980658931624351681e+03
2.232363653469388282e+03
3.171295105046313893e+03
3.606643356262327870e+03
3.052781788887476068e+03
5.035993037292913868e+03
4.024395075025813640e+03
2.672013002250140289e+03
3.489639083374812344e+03
4.666205975461576600e+03
3.951419745462191258e+03
3.099845130502531447e+03
3.235723252677863456e+03
3.107508998787096971e+03
2.765391940431691182e+03
3.645039985569357214e+03
3.527707976239898017e+03
3.412940547049265206e+03
3.994472021879898421e+03
3.512636340954195020e+03
2.804539142356391494e+03
3.914712231564378271e+03
4.089716840249570396e+03
4.692425534198795503e+03
4.475731585463360716e+03
4.509482137379390224e+03
3.692846367918044962e+03
3.251097116526336777e+03
3.570343623567237501e+03
4.269620090221464125e+03
3.696959160175907982e+03
3.689990308062889198e+03
3.559748022205860707e+03
3.928521275420396705e+03
2.166279918965343768e+03
2.246690660514789670e+03
2.909915279384498263e+03
3.092300776115177996e+03
2.307347472400272181e+03
2.450944776256474142e+03
2.616855278077558978e+03
2.064107630460831388e+03
2.452385644602770753e+03
2.933144140153195622e+03
2.639799171180028225e+03
2.920210987052618748e+03
3.883280533637070221e+03
3.566162663898278879e+03
2.874316826696475800e+03
2.668789471365606460e+03
1.828929594102088686e+03
1.893138241858283891e+03
2.218936714487536847e+03
2.384402365327536700e+03
2.526288235053429162e+03
2.770676477462617640e+03
3.775554487422580223e+03
3.532815327208034432e+03
3.741336412616639336e+03
3.292326424764165495e+03
3.313585933456210114e+03
2.854362864735074709e+03
1.518224899550293458e+03
1.678784867108926164e+03
1.315951886828253691e+03
1.327611295672430515e+03
1.894755777955243730e+03
1.486940951589300994e+03
1.461903538349621840e+03
1.439977822839478222e+03
1.911557418324322043e+03
2.202562299384650487e+03
1.963189752633034686e+03
1.891182467948626709e+03
4.362912521421795645e+03
3.999589167742472455e+03
5.013511759409838305e+03
3.324393238786457914e+03
2.774840060768257899e+03
4.124755083459695015e+03
2.777230058386871406e+03
2.234238945679780500e+03
3.166227071770715611e+03
2.186296534681600860e+03
2.412159923471513139e+03
2.269112332701830383e+03
1.315897408701502854e+03
2.763082460891098435e+03
3.237051750998567059e+03
2.768925672608718742e+03
2.767010097492141540e+03
3.546906888786686068e+03
3.145554427480769846e+03
2.230130420114671324e+03
2.455797656717827977e+03
2.177106460341609818e+03
2.101853049507654305e+03
1.743627262286152700e+03
2.278603113210564516e+03
2.797383861157377851e+03
4.083252022216325713e+03
3.642706803443817535e+03
3.657977694351420723e+03
3.859444615762936337e+03
3.719266103268645566e+03
4.231541385915544197e+03
3.171792461884758723e+03
3.251550956256578047e+03
3.565501434770379547e+03
2.546347330752550079e+03
2.237872902599502595e+03
2.361867328877926411e+03
3.759564312942887227e+03
2.923193391226891890e+03
2.432259008731533868e+03
1.564030710492983872e+03
1.946654312206270333e+03
1.953618089207878256e+03
2.364941335675544906e+03
2.886140074424134127e+03
3.455941557116791955e+03
4.159947456305911146e+03
3.548604715333988224e+03
3.650752452180984164e+03
3.080139051047175144e+03
3.574148291520926705e+03
4.751160938308415098e+03
4.045381520121600261e+03
3.987377286918213485e+03
2.479683491793306075e+03
1.892595750357364523e+03
2.202609796318354711e+03
2.478514668404254735e+03
2.822594267331996434e+03
2.099355224575738248e+03
1.677878926337759594e+03
2.113990711201590784e+03
3.454198548021365241e+03
2.833459431925301942e+03
2.997221341710354864e+03
2.698750537281886864e+03
2.288782661117847056e+03
1.528143983337809686e+03
2.016390020158187554e+03
1.964064545444470923e+03
1.678132357215029970e+03
2.133471124437428443e+03
1.770115126369151540e+03
1.399729988890916502e+03
2.134859169223931985e+03
2.403341666152192829e+03
2.717773348229774911e+03
1.579543937711626995e+03
1.692920852053358203e+03
1.928379959796894809e+03
2.411570886631159738e+03
3.921638003610161377e+03
3.549753751122734684e+03
3.507123994895313444e+03
3.142281178763256321e+03
3.992057083757919372e+03
2.871992616176227784e+03
2.886528568383918355e+03
2.732762563699942802e+03
2.514335252429368666e+03
2.483741838955067578e+03
2.205933993319229103e+03
2.717315448364580334e+03
2.796781489562096795e+03
2.586926901085716963e+03
2.774612240835566354e+03
1.810000939870315733e+03
1.956118602247953731e+03
