4.365282569634939136e+03
2.337338909594592224e+03
2.893104409307932656e+03
2.929260516540937715e+03
2.469148489577705277e+03
2.637735731175442197e+03
2.082215284616615463e+03
2.444141670758673172e+03
2.836429368709772461e+03
2.744313569970814115e+03
2.286169279407853537e+03
2.462791018078120487e+03
2.889168761489093868e+03
2.590854633934219692e+03
3.118994449380346850e+03
2.838834340280598553e+03
3.318697560283286293e+03
3.675882831878466732e+03
3.324744080142065741e+03
3.161413343671147686e+03
3.384092745212541104e+03
2.751543791016919840e+03
2.548619088620094317e+03
3.001890169481208432e+03
3.086821927022978798e+03
3.202179596961250809e+03
3.060998543187822179e+03
3.515079920631804725e+03
3.721479840097251326e+03
3.118245373906428540e+03
2.931717815032943236e+03
2.612231758577677738e+03
2.672126740859234815e+03
2.586826403828566981e+03
2.665924149775358728e+03
2.400904686491955999e+03
2.318907404139340997e+03
2.674989811296450171e+03
1.690043454925075594e+03
1.710163542695994920e+03
1.765944401030568315e+03
1.907322512633201313e+03
1.500854957464978270e+03
1.881425371236857927e+03
1.241900978055491123e+03
9.875724871378594116e+02
1.461345883203918675e+03
1.334671427873602397e+03
8.727073292998327361e+02
7.669971601767118727e+02
7.966726313394818817e+02
8.455746789907428820e+02
1.584526266346794955e+03
2.174757740805949197e+03
1.690184675073215431e+03
4.613099904272602544e+03
5.155871448002691068e+03
4.159457004363277520e+03
2.779535870458529644e+03
3.356095317869427618e+03
2.364615212471560881e+03
2.530884990404103974e+03
3.084485651606956708e+03
4.129554078754500551e+03
4.457509870184060674e+03
3.370347668184684608e+03
3.623371921591684441e+03
4.201814883949113209e+03
4.658766079044735307e+03
4.985609946880417738e+03
4.901392965165591704e+03
6.107701540018670130e+03
4.837564070414771777e+03
5.105056562337838841e+03
5.906950256926749717e+03
3.010951036278139782e+03
2.899300675427828082e+03
2.357107601675670594e+03
2.184195627714538659e+03
1.575899141930704445e+03
8.862744163181644126e+02
1.240313933764444300e+03
9.292110762218143236e+02
1.059024388411716018e+03
1.012744588297310202e+03
8.937506851074526821e+02
1.814664177328536653e+03
4.159683429628948033e+03
3.488990375944864354e+03
4.910531932271285768e+03
3.716972497952411231e+03
2.144226859465347388e+03
1.735150546388803832e+03
3.012755251057902115e+03
3.517641624393798793e+03
5.345898023648925118e+03
4.342365326597944659e+03
4.252888015414179790e+03
4.815520443792180231e+03
4.000690718113286493e+03
3.286085893450433105e+03
3.553314833494472623e+03
3.518143685046957671e+03
3.873583696404631610e+03
2.665622406199513080e+03
2.634535071998410331e+03
2.991801711735711706e+03
3.479449768366142052e+03
4.293525743317650267e+03
3.258009663292133610e+03
3.315151214827230888e+03
3.655522730538331871e+03
2.802101486908926745e+03
3.664043771067807938e+03
3.693960201097270783e+03
4.252137836347445045e+03
4.448373320010237876e+03
5.827054336811085705e+03
5.913114773997014709e+03
6.114002581111933978e+03
6.234578547118299866e+03
6.437029305546089745e+03
7.143060352241393048e+03
8.147189406817681629e+03
8.138169638078749813e+03
6.964857132216309765e+03
5.132217395961890361e+03
4.226540175861997341e+03
4.139846253966144104e+03
3.521595786288058662e+03
4.260969782714119901e+03
4.442058063818527444e+03
5.075078479804189556e+03
5.310724092964422198e+03
5.823407605769446491e+03
4.483497661311950651e+03
5.373505229809226876e+03
5.032864994886675049e+03
5.118772231030594412e+03
4.901722507110113838e+03
4.597074104843053647e+03
4.105332968943374908e+03
4.658941624027138459e+03
4.550621767144627484e+03
3.874373500319541108e+03
4.284653707441198094e+03
4.456527892589245312e+03
4.521556447605461472e+03
4.755628420021040256e+03
6.861297687317847704e+03
5.244231122577924907e+03
4.236513475594510055e+03
5.115337098585352578e+03
5.841115832649543336e+03
5.406099322626289904e+03
4.783646103462648171e+03
4.868827219032383255e+03
3.715309655515968643e+03
3.457523058212424530e+03
4.300148971419093868e+03
4.180697797632495167e+03
4.584135611676076223e+03
5.930083408663786031e+03
4.930114717173920326e+03
4.305757994676371709e+03
2.567648303033589855e+03
2.823839539246978802e+03
2.205469208449300368e+03
2.035387177109949562e+03
2.448496897471487500e+03
2.067348725071428817e+03
2.963381131830332833e+03
2.950376777713231149e+03
2.934006867833542856e+03
3.198851163878204261e+03
3.144049990819788491e+03
2.632402269832327420e+03
2.807142249025553610e+03
3.017384730009876876e+03
3.076592677051977716e+03
4.921285444977202133e+03
5.657142675966162642e+03
3.820143759425920052e+03
2.888353282430958188e+03
3.225511005101761384e+03
4.713377914893610068e+03
2.993059077254706608e+03
4.581669843386898719e+03
2.589483287780259161e+03
3.651643146496518057e+03
3.071044649654266323e+03
3.610802646818539870e+03
3.802901658067239623e+03
2.743961476020287591e+03
2.316573955513423698e+03
3.462009628338461880e+03
3.141542640457204470e+03
3.235669881971482482e+03
2.680586143322009320e+03
2.616765644375583634e+03
2.505110814868708530e+03
3.338701352036373009e+03
3.409728201431190428e+03
4.095227456068005722e+03
2.402309838471660896e+03
3.055788521335657606e+03
3.039022283757124114e+03
3.254685278678833129e+03
3.894394253123126418e+03
5.296565487230112012e+03
5.817065303322808177e+03
5.192238771092907882e+03
4.069532103012546941e+03
5.105734793398899455e+03
3.401077742715220666e+03
5.018932779005764132e+03
6.587658315664706606e+03
6.164609252685092542e+03
5.924803277057438208e+03
6.189301113554539370e+03
6.651452332045508228e+03
5.406963349706265035e+03
4.771662538275935731e+03
3.790023307884844598e+03
4.939722127975807780e+03
7.324867342693633873e+03
5.531453113575687894e+03
5.063682217006438805e+03
4.866153287350043684e+03
6.472301408772380455e+03
6.754065096227605864e+03
7.794357431526409528e+03
2.223695545812231558e+03
2.400898010679942217e+03
1.924670843726178418e+03
5.011853616389152194e+03
7.183099295291471208e+03
6.825761330010310303e+03
3.333143808654346685e+03
3.044679712388018288e+03
2.209091790894721271e+03
2.534050682921779753e+03
6.867255161066337678e+03
5.352616147880890821e+03
4.431385625810824422e+03
3.717345756846691529e+03
2.328914406696426795e+03
3.005914035828808210e+03
4.382342920478587985e+03
3.037490078797553451e+03
2.594760364946125264e+03
2.432512897368693302e+03
2.269815058402424711e+03
3.341359860541752823e+03
2.477495783639767069e+03
2.363994123383296028e+03
2.956036424453380278e+03
3.518165575968404937e+03
2.280202999884452311e+03
2.783043749221170401e+03
2.457300361594592687e+03
2.568583315358384880e+03
2.773829417284676765e+03
3.447291926200940452e+03
4.221083518977776293e+03
4.781681999049692422e+03
5.326815098339763608e+03
4.797152611493792392e+03
4.845314235230575832e+03
5.389102614007023476e+03
5.351445295283849191e+03
5.566561959204001141e+03
5.580730833041232472e+03
5.317644459156013909e+03
5.748021023080688792e+03
5.723802174153492160e+03
6.629961331443961171e+03
7.606854086192630348e+03
5.765470300578490424e+03
5.001105119538645340e+03
6.004383515509965036e+03
4.880234784290016250e+03
4.750890570782522445e+03
4.328429758434216637e+03
3.646140913034362256e+03
4.691805349310803649e+03
4.215792052453143697e+03
4.176208880575964031e+03
4.286211038156779068e+03
4.116127388630336100e+03
5.974813474243268502e+03
4.337380198825217121e+03
1.570641749182951799e+03
1.801964130780686673e+03
1.867399634928592832e+03
3.195059195669520705e+03
3.698449535614388424e+03
4.468815373842445297e+03
2.174552226371488359e+03
4.013191771676211829e+03
5.900148183692946077e+03
4.372441269868542804e+03
3.785959700596451512e+03
3.002769489183033784e+03
4.011595090474436802e+03
4.887454311774977214e+03
4.482948922294312069e+03
3.985806487602046218e+03
3.537241125323066626e+03
5.463443590879123803e+03
5.811990252907636204e+03
4.581661528924362756e+03
3.936911952655776986e+03
4.008583693919470988e+03
4.059871429813750183e+03
4.842196291406289674e+03
3.955374315561254207e+03
5.217937839085776432e+03
5.224554205408726375e+03
5.046054145708006217e+03
4.789356286636055302e+03
3.659561552401401968e+03
5.268151410211873554e+03
3.694848534875028236e+03
5.378580503451085860e+03
5.443541590263324906e+03
3.494366579922840629e+03
4.386800784195070264e+03
4.341840546323321178e+03
3.508653641763496580e+03
2.838619035743628046e+03
3.805759399087258316e+03
3.867571551090653884e+03
3.340297814183774335e+03
4.141778951021090506e+03
4.169616765958851829e+03
5.144846294844832300e+03
2.142326604008379945e+03
1.061312696338296973e+03
1.637481346584483390e+03
1.505558013747313680e+03
1.062579589147505658e+03
1.709895874438982219e+03
9.633679573531021560e+02
1.110550826336867885e+03
1.350959319456508410e+03
2.099892924507385487e+03
2.036895089374506142e+03
1.722872087404331069e+03
1.637881471853502262e+03
1.004975255487472509e+03
1.413656105389309459e+03
1.432572516502597409e+03
1.533028700026816068e+03
2.194767677467933026e+03
2.134559875825717427e+03
2.653713477608362155e+03
2.744446622462471623e+03
2.805577878458297619e+03
3.099168003621295156e+03
2.531239448535664906e+03
3.011912193072476839e+03
2.743378529970510044e+03
3.230945333126794139e+03
2.680186165322292709e+03
1.932701969190217142e+03
2.550086427211935188e+03
3.135331018273259360e+03
2.791890128213917251e+03
2.346366991851070907e+03
2.832498516315104553e+03
2.207572333124605848e+03
2.527145318309643699e+03
3.012929941692369084e+03
2.604715007257915659e+03
4.474392697070737995e+03
6.679580258705817869e+03
4.691232230468241141e+03
3.042703565805799371e+03
6.338628081995850152e+03
4.276707210601192855e+03
4.447347497603380361e+03
3.704902285752205444e+03
3.150542103118291834e+03
5.341121794662562024e+03
4.903959964117063464e+03
4.895236245987334769e+03
4.171052259683544435e+03
4.337334227238760832e+03
4.658127574047070993e+03
3.680004431988656961e+03
4.268662459471986949e+03
3.269415498047262190e+03
1.147389896446954026e+03
2.359356407214188039e+03
1.497963387093309166e+03
1.525469406734102904e+03
1.825541107919422757e+03
3.907400124789913207e+03
3.583288556120377507e+03
4.859114185068451661e+03
5.016623762278693903e+03
4.001353734742859160e+03
3.143590662903477551e+03
3.039346474421001403e+03
3.787292376567449992e+03
4.816500721985200471e+03
6.045013124103375958e+03
2.917527403002759456e+03
2.817825855297381167e+03
4.525269294896757856e+03
3.988329403029071273e+03
3.175996895936170404e+03
3.986230330555163619e+03
3.284049353644709754e+03
2.785056001903006290e+03
3.463646698885704609e+03
4.073334745797254527e+03
4.838212532222773916e+03
5.353941066838588995e+03
3.850531400080186813e+03
4.285963463167856389e+03
5.212031079211285942e+03
5.085272118106629932e+03
4.492689842623553886e+03
4.202044515042603052e+03
5.175201060319143835e+03
4.954640876694814324e+03
5.361178570489557387e+03
5.728355998470668965e+03
6.574552406021854949e+03
6.774157067751821160e+03
6.851590262403031375e+03
5.134687795607878797e+03
5.780735283206566237e+03
4.155945793299295474e+03
5.329385338480845348e+03
5.766567972612594531e+03
6.461581543231684009e+03
5.715518417262751427e+03
5.666657657696823662e+03
8.068392148656947029e+03
4.236282113093478984e+03
6.092213821359726353e+03
2.979283820106415533e+03
5.167477630627460712e+03
4.259202433303206817e+03
5.498339023175514740e+03
3.295246653999903174e+03
3.743831168151819384e+03
3.065333972302938037e+03
2.932342732559340675e+03
2.545732855267387549e+03
1.718680996696852162e+03
2.047445904942213929e+03
1.747887746659833283e+03
1.642892497629096624e+03
1.462333654262604568e+03
1.605499231015078522e+03
2.390934761407460428e+03
3.821132364820400653e+03
4.248404497013547370e+03
2.066267234923815977e+03
2.791406448340646421e+03
4.746442304899276678e+03
4.896774574420204772e+03
2.889161487390186721e+03
3.195448304669695517e+03
3.491763081415808756e+03
4.811901375271741927e+03
3.759413466374668133e+03
5.901042882828731308e+03
5.380482550827867271e+03
5.878610633602113012e+03
5.647526905210146651e+03
4.661458861009369684e+03
3.704346317583755081e+03
3.257271305570067398e+03
3.302683421339978395e+03
3.692473844278304568e+03
4.754637071271700734e+03
5.597522903430000952e+03
6.806137030643357321e+03
3.755803644768000140e+03
3.095441804712555495e+03
1.939881265658718348e+03
1.719841020361812753e+03
1.033687731419604688e+03
1.180864952674705819e+03
1.627169738185793221e+03
1.578459714368231516e+03
1.623428444262553739e+03
8.472572373828259515e+03
4.155182770947402787e+03
3.389436638887233130e+03
3.638585933929700332e+03
