2.628081259218858122e+03
3.353200174842580509e+03
5.957985213951764308e+03
4.719980911817575361e+03
4.457914376606643600e+03
5.904720653857682009e+03
7.255601688658544845e+03
6.121214683432764105e+03
7.069157878070026527e+03
4.511780594200095948e+03
3.996776837576559046e+03
4.309082214701951671e+03
4.049860974083564543e+03
3.209768306715298422e+03
3.427026528413860888e+03
6.674450634977659320e+03
5.346035078875677755e+03
2.562742353183528849e+03
2.441338976893006929e+03
4.599121729986077298e+03
6.273275013369237968e+03
6.181902660592111715e+03
4.020868400522212596e+03
4.432199568235781044e+03
3.706951435237615897e+03
4.598079315031662190e+03
4.122733484225190296e+03
4.113671792904482572e+03
3.607327511931117442e+03
2.994962911335504941e+03
3.048095052166826463e+03
6.646362293485191003e+03
4.950830263350461792e+03
3.354583160341650910e+03
4.874667688301894486e+03
4.933032200070732870e+03
7.526894280973319837e+03
6.716206889046083234e+03
5.472632580120462990e+03
4.494036602866712201e+03
5.931981080509614912e+03
6.120681388908094959e+03
6.580887643249160647e+03
3.535041601749484471e+03
6.734005241764170023e+03
7.382491824038287632e+03
6.738773667517696595e+03
9.706496571965006297e+03
6.701939765346246531e+03
8.852941888407367514e+03
4.014745328534932924e+03
7.047871782844707013e+03
4.116404627799157424e+03
3.161311039163573241e+03
4.003640727944327409e+03
3.134853674098606461e+03
3.225391466145362756e+03
1.867455824799021912e+03
8.916162697234053667e+02
6.212287409024897897e+02
7.666677176270745804e+02
8.727566432740070468e+02
2.999920803218985384e+03
3.069996203750270524e+03
3.542420516594157107e+03
3.800566605650016754e+03
5.433674913866630959e+03
5.858006919610093064e+03
7.802401094487899172e+03
7.227113214658744255e+03
1.027195339297767168e+04
7.723602785717412189e+03
5.943557397365601901e+03
8.529077650110823015e+03
7.753140540996357231e+03
9.232512016283159028e+03
9.381057849517430441e+03
8.275329203042176232e+03
7.669449921723056832e+03
6.103643131471078959e+03
6.984508567176133511e+03
7.480431457827269696e+03
7.844365891191603623e+03
7.091963914646589728e+03
7.469985457356799088e+03
7.899760246619300233e+03
7.412712367696268302e+03
7.455589252489194223e+03
7.050418577880787780e+03
6.361962839109506604e+03
5.479783655514998827e+03
4.235999039234494376e+03
3.615226606294368594e+03
3.105235119482120808e+03
2.682365198263034472e+03
2.314043186669036913e+03
2.239135921797930678e+03
2.487602073253267463e+03
2.825620880158242926e+03
2.815660153927009105e+03
4.212317034216926913e+03
4.145006301007025286e+03
4.459149193870701311e+03
6.849100201052402554e+03
4.454403582275512235e+03
5.917330407158856360e+03
5.034267715556484291e+03
5.018718106889732553e+03
5.580283143626061246e+03
2.827813226211721940e+03
1.814732303792157381e+03
8.645917149483377671e+02
1.848460671716130037e+03
2.684262687707541772e+03
5.805731823989735858e+03
6.485863652765720872e+03
6.925392362194098496e+03
7.211657762958583589e+03
5.833197904970330455e+03
6.107585915794777975e+03
6.569763507129033314e+03
6.657331844243654814e+03
5.922533028656168426e+03
5.589861655822346620e+03
6.490969320855806473e+03
6.450778782666850020e+03
6.463581006831384002e+03
8.233114962667430518e+03
8.443791388539142645e+03
5.763185891997998624e+03
4.967772822799050118e+03
4.566828537035752561e+03
3.291298858107244541e+03
3.485326863582663009e+03
5.882279086025229844e+03
2.112633187466830350e+03
1.943191478492946544e+03
2.695992715866196249e+03
2.065952876918739548e+03
2.722357270758839604e+03
2.964286939408944363e+03
2.312160415076237314e+03
3.030479171379889067e+03
3.106748941622427992e+03
1.935583283488655979e+03
4.230227518137416155e+03
4.934905297853657430e+03
6.070854302442887274e+03
4.642245013428368111e+03
5.041040340702438698e+03
6.697591808903966012e+03
5.584197342620801464e+03
6.592747970636351056e+03
6.639750714680831152e+03
5.497140934685201501e+03
6.037512630657495720e+03
4.973499422696791953e+03
5.455715294020591500e+03
6.789378015293785211e+03
4.918919763593268726e+03
6.504836314531122298e+03
5.541249494757343200e+03
5.139732912488859256e+03
5.925717797884301035e+03
7.754849080922134817e+03
5.189147233693905946e+03
4.451146742630233348e+03
5.923945475407834238e+03
6.332959437223482382e+03
2.471356577909945827e+03
3.819832475086139766e+03
6.277732389928900375e+03
9.482342288101239319e+03
8.404965101034922554e+03
7.383824789189326111e+03
8.823987287557623858e+03
7.100687918261945015e+03
9.201047137488125372e+03
6.630454951026730669e+03
6.488436356545158560e+03
1.104613316988963197e+04
9.426118202779398416e+03
8.593304919696638535e+03
9.289347349378544095e+03
7.981814128303541111e+03
9.742238496366322579e+03
6.511549609641909228e+03
5.664877440273300635e+03
6.110259426235135834e+03
4.109529891592068452e+03
3.705023184231952655e+03
3.578107046943126534e+03
3.598017938033414794e+03
3.085771038770318228e+03
2.447088567563831475e+03
1.468192689040480445e+03
1.290984456181116002e+03
2.542082312474674382e+03
2.366802659584661797e+03
1.581759689985835394e+03
1.308713379043473196e+03
9.702975048787449168e+02
5.782902094871864165e+02
8.055694536577325380e+02
6.832625368416213405e+02
9.288759608336538349e+02
6.402144301774227415e+02
7.313632329883012062e+02
6.403350095981218146e+02
7.346350002877393308e+02
6.797665645461220265e+02
7.412801316565819434e+02
8.687739926736602456e+02
2.259463043708959958e+03
3.781546176681479210e+03
3.457688562917160652e+03
4.853673301491468919e+03
5.987257385751689071e+03
6.319777327631816661e+03
7.462373965672035411e+03
9.068441246026868612e+03
3.868588600387980932e+03
5.141159538730469649e+03
3.292741129734049537e+03
2.861386845360207644e+03
2.534177241371903165e+03
2.214423776071291286e+03
2.993782935457548319e+03
4.816230425449605718e+03
6.117840085824180278e+03
7.043207133376515230e+03
6.031838867740681053e+03
5.823333214464303637e+03
6.266272368218601514e+03
8.458695573614950263e+03
5.452361816486901262e+03
3.193695225378878149e+03
5.104339842996271727e+03
4.882691784238902983e+03
6.264330821222479244e+03
4.452286843625198344e+03
6.221807080990667600e+03
3.840994145447036317e+03
2.136061866410584116e+03
5.556557407792943195e+03
3.434758003591578017e+03
3.462841857435854763e+03
2.872738360894430571e+03
2.967649214079465764e+03
4.392245914045161044e+03
3.793234326970320581e+03
3.003678244508614171e+03
3.542270560681480674e+03
4.202746177323809206e+03
4.832952688936802588e+03
4.117789325048453065e+03
4.995334100910629786e+03
4.104885891222881583e+03
4.338476307838126559e+03
6.402197946415725710e+03
6.033132913122545688e+03
5.107828118723744410e+03
4.449786414999851331e+03
4.852209834419633808e+03
4.207041661664822641e+03
3.783152267506639873e+03
3.161920304148192372e+03
3.674080916552832605e+03
3.669592745407521306e+03
4.004475914776347508e+03
5.286484744141382180e+03
5.908144723206542949e+03
6.788596571476628924e+03
6.540808990086692575e+03
4.909538521936543475e+03
9.636267064263858629e+03
5.346462322090809721e+03
5.556840130965886601e+03
5.902114348031788722e+03
4.137215785721778047e+03
5.470817612852740240e+03
5.762602254784552315e+03
4.305488980602823176e+03
6.190744809464799800e+03
6.026630587124255726e+03
4.385547901396576890e+03
6.361232253921577467e+03
5.274627274307994412e+03
4.510131945207483113e+03
4.899534935117458190e+03
5.592169828715072072e+03
6.568210794820496631e+03
6.443073069322981610e+03
8.564492940761305363e+03
7.259913849149203088e+03
5.792864599018902481e+03
8.273314699523820309e+03
8.384281584068832672e+03
7.919667692235999311e+03
8.159245362841522365e+03
7.173065341267078111e+03
7.336729783516150746e+03
6.566725982884964651e+03
5.944454745529644242e+03
4.596412493604985684e+03
3.696282238242467429e+03
3.730219231803011553e+03
3.940301107505011259e+03
3.347134275039233216e+03
3.772242090511472270e+03
4.542012323823455517e+03
8.435557522311828507e+03
9.190169303323966233e+03
1.052771215505639339e+04
8.623675693326518740e+03
7.737117311820154100e+03
4.896159025184818347e+03
9.692732549401394863e+03
4.830673965774243698e+03
5.025726916977527253e+03
6.560282380966184064e+03
4.879702048660167748e+03
5.745109840338395770e+03
5.699263437525476547e+03
4.470660213090892285e+03
5.302283460117750110e+03
5.812103141319065799e+03
7.056952365205959723e+03
9.358824256440799218e+03
9.897841767462065036e+03
8.331078988612724061e+03
5.693156028738490022e+03
4.286954273757952251e+03
4.612259698357946036e+03
5.280981130908981868e+03
7.864175368235044516e+03
6.166241600980813018e+03
6.439632399566753520e+03
6.255131965575481445e+03
7.404914479915844822e+03
7.910496924612119983e+03
6.807995366265047778e+03
5.636496484300384509e+03
5.226271437991120365e+03
3.646772486359891900e+03
4.658994093543594317e+03
3.039078693457624922e+03
2.442499632041194673e+03
1.401547227768427547e+03
1.559309953846632425e+03
1.545995789933449714e+03
2.313511268979865690e+03
3.560872312336101913e+03
4.751128504697455355e+03
4.179911783381896385e+03
4.421036351301874674e+03
4.286724682187002145e+03
4.241255580197605013e+03
4.468923577708585981e+03
4.362682059362365180e+03
4.702374013245650531e+03
3.474254783617886915e+03
2.748933765226054220e+03
2.794323464036172936e+03
2.701621830867323297e+03
1.600328773382720328e+03
2.045562055434886588e+03
1.354390994696473172e+03
1.547788628224364629e+03
2.275548912625875346e+03
4.188778421789968888e+03
6.622322406796719406e+03
7.483023507864236308e+03
8.120734245753938012e+03
8.411755235985834588e+03
7.975046175364557712e+03
7.373903638665847211e+03
6.807555629915072132e+03
6.639589856902694009e+03
7.287092080073078250e+03
5.681703824964348314e+03
5.152258995511918329e+03
3.491067309691688934e+03
2.717085365072015065e+03
3.627746906213466900e+03
4.179913301022586893e+03
4.861342325980134774e+03
5.103002470493919645e+03
4.215650699074793920e+03
3.591042616144202384e+03
4.683516886668543520e+03
4.328274023781838878e+03
3.391409174121371507e+03
4.974137534599562059e+03
3.988423075868932756e+03
3.929416659665921998e+03
2.960850324979784091e+03
3.423071382071735115e+03
2.936741703686424898e+03
2.961303707468514858e+03
3.158629610147720996e+03
2.922208664479327581e+03
3.124581725440082209e+03
1.885074718529427628e+03
2.145526954962379023e+03
1.761912395170111267e+03
1.088424933458393525e+03
9.742868949141759458e+02
8.101748229113593425e+02
7.932649973806589969e+02
9.684903964503459974e+02
5.482875772956186893e+02
5.926579842791635429e+02
5.993686199966832646e+02
1.037626099790645867e+03
1.089659633107157333e+03
7.911172380341421331e+02
8.673817710246520392e+02
1.213433802763482163e+03
8.564730063400825202e+02
5.970259466955310472e+02
1.216884098835902250e+03
1.475361353860919053e+03
1.728393364414732559e+03
1.419029481245840316e+03
1.033058887514135222e+03
8.495050998843565822e+02
5.080848788458352487e+02
6.667606334995725774e+02
1.220762663620100739e+03
1.281609053775439406e+03
8.532077786794181975e+02
1.070494115894863853e+03
9.334912663257698568e+02
8.990622790547116665e+02
1.591886622508881828e+03
3.189615498700540684e+03
6.077991390887764283e+03
4.622126220978025231e+03
5.642363238629929583e+03
6.306689089032686752e+03
5.551807224542594668e+03
3.861944057336522746e+03
3.456795495195418880e+03
5.275846256583232389e+03
5.177337309982208353e+03
5.931505023976234952e+03
5.050980336193058974e+03
3.932714727245169797e+03
3.568105294278088422e+03
5.989784321890431784e+03
3.823638404818151230e+03
5.549793552271555200e+03
5.073021482137246494e+03
3.476724145473747285e+03
4.874192490765275579e+03
4.214692468716407348e+03
4.552187530572879041e+03
3.533266301522915455e+03
4.475540784661116049e+03
4.696238523873200393e+03
7.375424493102585984e+03
6.654357394885606482e+03
7.696075037175937723e+03
7.645418069472630123e+03
7.476553464265816729e+03
7.237708307196607166e+03
7.517554752118870056e+03
6.608407369845830544e+03
7.630022019871439625e+03
6.976083653509502255e+03
7.241863344273422626e+03
6.011709123406471008e+03
7.291704592704849347e+03
6.393609408609289858e+03
5.540181379609817668e+03
4.584011900505142876e+03
4.717533072781880946e+03
4.087298296896678949e+03
3.384110958607328030e+03
2.476788077224091012e+03
2.308429012933948343e+03
2.115515226459658606e+03
2.558186918460052766e+03
2.720638801451828840e+03
3.767885127739773452e+03
2.570269410637870351e+03
3.365045460428925253e+03
3.418961988285855568e+03
3.849697255113841948e+03
5.352943061482389567e+03
7.030890250552130965e+03
6.892524177158870771e+03
5.900591172874828771e+03
8.144197691030095484e+03
7.837340909584538167e+03
5.901946665266576019e+03
5.437574427973659112e+03
4.239970072709696979e+03
