4.505467374654399464e+03
6.165016654331185237e+03
5.694629129988279601e+03
6.279634556620607327e+03
5.952926707176759010e+03
4.846485062715662025e+03
5.198677424034470278e+03
2.551894823669803827e+03
3.062055795385984311e+03
3.493552142203423500e+03
4.013543975224962196e+03
3.374275920132827650e+03
2.319564467196344140e+03
2.649026058382181418e+03
2.041021616400835228e+03
3.089329601422106862e+03
3.387122413678062458e+03
2.347583669917980387e+03
2.638611454432439587e+03
2.172400042051274795e+03
3.297879667590701501e+03
3.204915531812019708e+03
1.820630189711198682e+03
2.605417226872632000e+03
4.032631534035911955e+03
3.119783238029524910e+03
2.628457447724054873e+03
2.339880612602110432e+03
2.238086646156040388e+03
4.002546215837071031e+03
3.219277849205140683e+03
2.336781783133554200e+03
1.821688105506696502e+03
2.021419923094687420e+03
1.728113450735788092e+03
1.257750646117468477e+03
1.853597428012676573e+03
1.380783819267141780e+03
1.690128586890854194e+03
9.166695972308311866e+02
1.255578388100937218e+03
1.835980855121244758e+03
1.978489157687233956e+03
2.149761839180271636e+03
1.732836206647970585e+03
1.189931892810423506e+03
9.848355011161669381e+02
1.444273409522256543e+03
1.330629234317330884e+03
1.529578635323754725e+03
1.685252686137559067e+03
1.593966251361744298e+03
1.556304768011097849e+03
2.138230636708267411e+03
1.958506221873331924e+03
1.749828785767751242e+03
2.123068761669842388e+03
1.299144949634816385e+03
1.299144949634816385e+03
1.299144949634816385e+03
1.299144949634816385e+03
1.299144949634816385e+03
1.299144949634816385e+03
1.299144949634816385e+03
1.299144949634816385e+03
1.299144949634816385e+03
1.299144949634816385e+03
1.299144949634816385e+03
1.299144949634816385e+03
1.299144949634816385e+03
1.299144949634816385e+03
1.299144949634816385e+03
1.299144949634816385e+03
1.299144949634816385e+03
1.299144949634816385e+03
1.299144949634816385e+03
1.299144949634816385e+03
2.256747458276366160e+03
1.813610031192357610e+03
2.058650585640752979e+03
3.025901502050927320e+03
2.615913714613370757e+03
1.223144810816527524e+03
1.119777409379037408e+03
9.779665720818294403e+02
9.654154094733231659e+02
1.080181776636310815e+03
1.158425073553123184e+03
1.237648528142233545e+03
9.596512135245129684e+02
7.677324680261444882e+02
1.127674591042641168e+03
1.054943083400825572e+03
8.479384215621879548e+02
1.529442837553288882e+03
1.737888281159578582e+03
1.364852317031446319e+03
1.257176383782995345e+03
1.491279055703364065e+03
1.820338095169453254e+03
1.540720531033005045e+03
1.605358835933657701e+03
1.096500843983352297e+03
1.278588264036381588e+03
1.375187282968202680e+03
1.311851651520913038e+03
1.711353026155624093e+03
1.515530223830426621e+03
1.494005851193926219e+03
1.443108352520637254e+03
8.770238703033281809e+02
8.165365207047244667e+02
1.179627756777156037e+03
1.043604639638469280e+03
2.254877710687040235e+03
9.454510300798458502e+02
1.814907490852032652e+03
2.811841242156955104e+03
5.494865904193366077e+03
2.607244031955152423e+03
2.239714997559597577e+03
2.703801743025944688e+03
3.445167698823408045e+03
4.008392091557473123e+03
3.790497611894068541e+03
3.845376080595387066e+03
5.849362399840988473e+03
4.585671620886531855e+03
7.288970938313800616e+03
4.154000651671436572e+03
3.402940760535357185e+03
1.581270192736047875e+03
1.617732454122576655e+03
1.396342648252859817e+03
2.421444721237344311e+03
3.460597703623927828e+03
4.951521463964690156e+03
2.892688775073213947e+03
3.726434872059769987e+03
5.426752169543323362e+03
4.547154972961788189e+03
4.614197696689398072e+03
4.951855785539662065e+03
6.338798815832236869e+03
5.279572698855283306e+03
3.359059978861877426e+03
1.145045676085037485e+03
7.866059202344753203e+02
1.223238403007868101e+03
4.612433398100057275e+03
4.010621120037289984e+03
2.730698764880087310e+03
5.722495429122284804e+03
3.585580652905203351e+03
4.393869014015217545e+03
3.112270726844678393e+03
5.553437784771723273e+03
3.478021386163228726e+03
4.549963111879706048e+03
2.689283196816777036e+03
1.999706726537020359e+03
3.221685816706282367e+03
4.969875906517352632e+03
4.672745877093315357e+03
4.069883186202107936e+03
4.202667560928558487e+03
4.597408827160515102e+03
4.166352458876675882e+03
3.448215439097777107e+03
3.446781319083552262e+03
3.554228438812641343e+03
3.565653229812024620e+03
2.849096912024896483e+03
3.234380196836575124e+03
3.941819555585454964e+03
4.998467018363689931e+03
4.021340058569446683e+03
2.427698079627453353e+03
4.601952595113600182e+03
4.391867618604907875e+03
5.119867009168870027e+03
3.344615841144126989e+03
3.060863089899906299e+03
3.773600811836614412e+03
5.118912967706078234e+03
4.731879991496643015e+03
4.659735925142055748e+03
3.595528606310709165e+03
5.471154916473100457e+03
3.422459850557846494e+03
4.702511112132440758e+03
4.845113785252943671e+03
5.662075622907135767e+03
4.828245902737385222e+03
5.904508319269574713e+03
4.726870800806512307e+03
5.146456481261609952e+03
4.406502335794102692e+03
4.905148414980612870e+03
3.147462370840647509e+03
4.535800565803077916e+03
3.929554983984687169e+03
4.953473081886045293e+03
5.409273945602591084e+03
4.441818704893090398e+03
4.602969000207552199e+03
3.609142251404801300e+03
3.608608510240628675e+03
3.839719163649210714e+03
2.613800838741467032e+03
3.130782947821496691e+03
3.018198563090978496e+03
3.128672270742712954e+03
2.354290959427613416e+03
2.004749968375127764e+03
2.224949567090138316e+03
2.142714435002475966e+03
3.119348682183627716e+03
3.006580246377326603e+03
2.283726234683906569e+03
2.623197642979165266e+03
2.567915902516070673e+03
2.568690105166915146e+03
1.655830292276459659e+03
3.191123209839893661e+03
3.117772043520049465e+03
3.489734107096762727e+03
1.928816456757723472e+03
1.259136295219944486e+03
1.346065634774631917e+03
1.809500481655445128e+03
1.712659384414212354e+03
3.561462673714509492e+03
3.149885492579085621e+03
5.657431652715082237e+03
3.134722386182887476e+03
2.900928005485713584e+03
4.389281398024852024e+03
5.226956442473243442e+03
4.449477352726369645e+03
4.902235092634535249e+03
6.104432550928225282e+03
4.815651758524541037e+03
4.173427719986723787e+03
4.563215601312094805e+03
6.191698870434874152e+03
6.005070059458153082e+03
3.624253753915274956e+03
5.459747837377389260e+03
4.209356220954933633e+03
4.799737294103309978e+03
4.488355336333306695e+03
4.910218779788424399e+03
4.015756928198414244e+03
4.178399373669495617e+03
4.666212111371660285e+03
4.555998694320885988e+03
4.243786829456676060e+03
4.571334387233150665e+03
4.410308990984529373e+03
4.024101048174595235e+03
3.397128489120685572e+03
3.643477026359206320e+03
4.905117534629673173e+03
4.850053024484327580e+03
4.689697565404822853e+03
5.554733632061098433e+03
5.092337521497714988e+03
3.827909718495345714e+03
4.156884648938897953e+03
5.672607266499126126e+03
6.180425071835744347e+03
4.372428767325320223e+03
5.957986363332541259e+03
4.414145439285829525e+03
3.751251199773607823e+03
5.432760597376743135e+03
4.159706274039816890e+03
3.451515694634782903e+03
4.354446226605258744e+03
5.253992573960114896e+03
4.166790777678184895e+03
3.718124839991297449e+03
4.500646496317190213e+03
4.683194053061425620e+03
5.473558495607419900e+03
3.866189715600552518e+03
3.269371051136465667e+03
3.929368779672949586e+03
5.155429392242394897e+03
6.413366475265638655e+03
5.080834298227530780e+03
4.482404666884543985e+03
4.889374251681800160e+03
5.041927336798960823e+03
6.460779071990939883e+03
5.435438828669490249e+03
3.535551675700130090e+03
5.439608378296235969e+03
5.258483790591700199e+03
4.071104589633502655e+03
2.855438688914564864e+03
1.655223810919279458e+03
8.135920828666614852e+02
1.405024265142568993e+03
1.236926932839003030e+03
1.449740789427946765e+03
1.552936993286919233e+03
1.339713471005898100e+03
1.219760602007019543e+03
1.225249206855333568e+03
1.373470151862762350e+03
1.215625423982721259e+03
1.291095456255883619e+03
1.168779536413504275e+03
1.032429203132595831e+03
1.393227275963203738e+03
1.489289905267434051e+03
1.191042622334819725e+03
1.112159612308854548e+03
2.877365264733221920e+03
3.705202328394697361e+03
2.276893160255398925e+03
4.404733849752292372e+03
4.731308486232490395e+03
4.837944928229944708e+03
3.498212944396781495e+03
2.423022823978102679e+03
4.030797987613674195e+03
3.744888532127347844e+03
4.152649864156348485e+03
4.242775998470649938e+03
5.205157485498687493e+03
2.869682458882495666e+03
3.086854620825459278e+03
1.495810923463405743e+03
2.107916028798587377e+03
2.372771016292674176e+03
2.502733770219299913e+03
2.983209497216907494e+03
3.237956046708407484e+03
2.626758026095980313e+03
2.950834892048707843e+03
3.529657721744899845e+03
3.389490487223839409e+03
3.243460009792461278e+03
3.464462168038750860e+03
5.059817108235811247e+03
3.900430022042527071e+03
4.319697208728789519e+03
5.305745515458711452e+03
5.187690563565827688e+03
3.495571244031892547e+03
3.025241181145146584e+03
4.021629539834418665e+03
3.726777988608185296e+03
5.633743309455870076e+03
3.714642477132312706e+03
4.439285104053156829e+03
2.570196502941265408e+03
1.892835196799422420e+03
8.172165463259542548e+02
1.913074489473406629e+03
1.462212840842992364e+03
1.024113308657182415e+03
1.067541588167422560e+03
1.577448393839388928e+03
3.174229694788785309e+03
2.736604155920304493e+03
4.911132229434019791e+03
6.366482462641635721e+03
6.572806048541026030e+03
4.632587566040407182e+03
6.430285820362486447e+03
4.471978352441441530e+03
4.892528350737405162e+03
4.336200306758939405e+03
5.318043757125330558e+03
6.142870639191238297e+03
7.607861371464710828e+03
6.935736428450483800e+03
5.084970600595254837e+03
4.732024307104377840e+03
6.395002177285543439e+03
7.661198626587813123e+03
6.472400646722398960e+03
6.920912075791291500e+03
5.704935480910510705e+03
5.462133871978163370e+03
3.814056165380921811e+03
4.352220855529016262e+03
6.289333359765781097e+03
6.054947559132985589e+03
5.849623739944359841e+03
4.979195621730006678e+03
4.999369482754855198e+03
4.211742399526750887e+03
5.043290988689143887e+03
5.897567438052370562e+03
6.094089527236539652e+03
5.161567766722472697e+03
5.329316949266397387e+03
6.608355496776754990e+03
5.314124956994935019e+03
7.499796550326084798e+03
6.077627222409108072e+03
4.030997333123065346e+03
6.212566301081255006e+03
4.990990503434251877e+03
6.172091592254248098e+03
4.127940750047368965e+03
3.291016857190428709e+03
3.867227270186570422e+03
4.370203758695774013e+03
3.875472451645623096e+03
4.959254972462243131e+03
5.329327788329870600e+03
5.534196967911658248e+03
4.739441297804712121e+03
6.037407453652233926e+03
4.861146244949611173e+03
5.309243720211433356e+03
4.411160347415190699e+03
7.784999698777543927e+03
7.117268943972948364e+03
5.527321302765853943e+03
6.272288926861366235e+03
5.559471185321253870e+03
4.566701946286138991e+03
6.583727215587250612e+03
4.986274235083552412e+03
4.638703105779543876e+03
5.298605574252981569e+03
4.067913504859491695e+03
3.915680202846686370e+03
4.580453140274892576e+03
5.171160758477319177e+03
7.027051043334718997e+03
6.434559101486509462e+03
6.752671351543129276e+03
8.032958288824390365e+03
7.339505575946161116e+03
4.812326048143224398e+03
5.958193729029577298e+03
7.048407689171526727e+03
8.021176258979277918e+03
6.711488730749280876e+03
3.732886852705094498e+03
3.898071023429012712e+03
1.857178098125089718e+03
1.641437774828795682e+03
3.232964237944323486e+03
3.148896721994562540e+03
2.441205667013582570e+03
5.717772155905032378e+03
4.460586028159022135e+03
3.258156963603324584e+03
4.197553747761667182e+03
4.660449845965269560e+03
5.153534975160169779e+03
3.275014222315905499e+03
4.056378131534217118e+03
3.643325861635023102e+03
4.686139453054965088e+03
3.321256681845050934e+03
3.938518649260614438e+03
3.444879246600547049e+03
3.409257369654167633e+03
3.815162028379293588e+03
2.285977758081742195e+03
1.209269211294114484e+03
2.381290922279269125e+03
2.405765639689108866e+03
1.782014706717171066e+03
2.989712528580228536e+03
3.161698270036030863e+03
4.227289720881931316e+03
3.400965994042723196e+03
5.308744550577072005e+03
4.019882771173534366e+03
4.815449556372653205e+03
4.606902287669907309e+03
6.282562709583570722e+03
4.422840715364476637e+03
4.669989804370068669e+03
4.758972105845535225e+03
5.021781504383674474e+03
5.680416114249757811e+03
4.301780901520031875e+03
4.035437834047669185e+03
4.316042837844993301e+03
7.048439685945947531e+03
4.901476204108062120e+03
2.416497519789948456e+03
3.732254347963669716e+03
4.552082027330698111e+03
