2.455580402574101754e+03
2.374610079501159362e+03
2.482319896628308470e+03
2.504398523261024366e+03
3.913460939458233497e+03
3.528738224689830986e+03
3.533856741291451272e+03
2.267190128726571857e+03
2.109843774305517854e+03
3.517773283329976039e+03
3.154955700969637292e+03
2.290283179398985340e+03
2.510121652432765586e+03
3.342073475187712120e+03
2.971626387228119256e+03
3.456611079770781544e+03
3.242853976889063233e+03
2.239214893713586662e+03
2.148926706468461362e+03
1.968545116795277409e+03
2.393035455736854146e+03
1.507769804281864253e+03
2.466157362788102546e+03
2.810067475214204933e+03
2.885358273476809245e+03
3.792366837102022600e+03
5.358390302078332752e+03
3.616081784126006369e+03
4.165114706871246199e+03
3.832003349707793404e+03
3.179568087936251231e+03
2.748564942035006879e+03
2.376665748369599896e+03
1.283879363550526932e+03
2.080292754961058563e+03
1.384372200871183168e+03
4.883724000794579297e+03
5.345005256453521724e+03
4.631417879307698968e+03
5.079931397172090328e+03
4.029322111343475626e+03
3.681257908755196695e+03
2.072995831528213785e+03
2.356594928348060421e+03
1.745252635762528598e+03
1.598873867937040131e+03
1.349293439347197818e+03
2.814763405966524260e+03
2.632058460173581352e+03
3.215242034839038752e+03
2.691194588176545039e+03
3.328062589306573045e+03
4.270937151108899343e+03
6.102355829891107533e+03
3.301297511441609913e+03
2.089936747437049689e+03
1.821575541299208453e+03
2.976388320195689630e+03
3.560858880743297959e+03
3.133945772908233721e+03
3.718970708299196303e+03
2.894570987862321090e+03
4.036303944851661072e+03
3.342451395170475735e+03
4.142345141297671034e+03
3.062506865610997465e+03
3.328660442201861315e+03
2.545157724892202623e+03
2.661062389871619416e+03
2.469239947807321187e+03
3.156957292776862687e+03
2.559599118294822347e+03
2.333835859515717402e+03
2.637654716655482844e+03
2.765674608048115260e+03
3.084019123439974919e+03
2.919314245518149619e+03
2.589923259363971283e+03
3.019747215946340930e+03
1.950140092339190460e+03
2.830611746241636865e+03
3.979227347106451816e+03
4.460977981897870450e+03
4.948792807736855139e+03
5.388330466645619708e+03
5.297935851329050820e+03
7.631007830503539481e+03
7.155594106435826689e+03
7.529786520603182908e+03
5.301448439222267552e+03
4.521708270275939867e+03
3.092107544286928714e+03
3.154970849365861795e+03
3.727694315491999077e+03
3.880980490513607037e+03
3.427034205402248972e+03
2.484030758643482841e+03
1.363379358810592521e+03
1.367033368619931707e+03
1.436304744167258605e+03
1.862535934852958007e+03
2.195903561335637733e+03
3.284444451153354294e+03
2.979272697323984175e+03
3.455560999321927738e+03
4.522546789477907623e+03
5.248633559337293264e+03
4.899510595639585517e+03
4.651568924938978853e+03
2.847624902600711266e+03
3.358723664712746086e+03
4.147896061742267193e+03
2.029362680766321091e+03
2.962034889168627615e+03
3.646478810924798381e+03
3.923305258387287722e+03
2.676159031311552098e+03
2.554594908606418812e+03
2.654069496180567967e+03
1.986897839685875397e+03
2.651360163303014815e+03
1.875176018018108834e+03
1.386217303147980601e+03
1.645715312532876851e+03
1.762301691427814603e+03
1.992667539341972770e+03
2.284251349876282347e+03
2.071895163991607205e+03
1.865645518034976021e+03
1.891715723633702510e+03
2.761506443661460253e+03
2.126982514703763172e+03
1.352651350338742986e+03
1.752047066174687870e+03
2.167598369900108082e+03
2.839575200422762919e+03
1.547825300053827959e+03
1.074075532111822668e+03
1.879783723212461382e+03
2.885372612387407116e+03
1.701510440256539823e+03
1.280437263103389796e+03
1.673878827056685168e+03
2.010757107280959872e+03
3.469977902273778454e+03
2.825642882934446789e+03
1.327609597380306013e+03
1.290550700277050055e+03
1.853896517529384482e+03
1.773015920725320029e+03
1.509842219493710218e+03
1.141706023936111933e+03
1.246002971905574441e+03
1.057480243117433020e+03
2.725452011304464577e+03
1.613681796848087515e+03
1.888427777154052592e+03
1.983633142383153881e+03
1.808628132940363912e+03
2.133048315648570224e+03
1.481668591221318366e+03
1.412657527243252844e+03
1.187469786695026869e+03
8.957258625916576875e+02
1.664440662085589338e+03
2.054713959028255886e+03
2.128163505324266680e+03
3.727516567582023072e+03
1.928464093676708899e+03
2.638264550828390838e+03
2.462487607018529616e+03
2.748073338908172445e+03
2.418397596763169531e+03
2.277527744246062866e+03
4.213071779362343477e+03
3.775645370149205974e+03
5.327031189883810839e+03
5.231997772133665421e+03
5.168023001844710052e+03
4.479992213516987249e+03
1.752332904350238096e+03
2.396362947343151063e+03
4.301573977425462544e+03
3.310321932087420464e+03
3.702803404490482990e+03
3.357976593362105177e+03
2.757588157572331056e+03
2.361814143664198127e+03
2.548748785620856324e+03
2.629861028180562244e+03
1.235035431717758911e+03
1.886992322988156957e+03
1.326583762003171159e+03
9.291212307059058730e+02
2.353004939127491525e+03
1.446380202998168897e+03
1.407762006318521117e+03
2.781206907972425597e+03
2.595538210677635561e+03
1.296148756982247505e+03
2.230337324658024954e+03
2.354075082435982040e+03
2.797249567056521300e+03
1.992904475514080104e+03
4.169666616205608079e+03
4.279534072027693583e+03
4.441588280719563045e+03
3.959470293620567645e+03
4.579075243160723403e+03
3.812266882268877907e+03
3.486926853392703833e+03
3.230929854138994415e+03
3.334737860571116471e+03
4.312162556916435278e+03
2.917999134167625471e+03
2.951581312233144672e+03
1.408573409278033751e+03
1.026939238029060562e+03
1.111023662951424058e+03
2.637719242781433422e+03
3.324472222814039924e+03
3.359492646849873836e+03
2.668803633736034499e+03
2.361888959473179511e+03
3.218310547378647243e+03
2.902125866242637130e+03
3.774972761146591893e+03
2.838633031673384721e+03
1.907437920056699340e+03
3.047552301834947230e+03
3.223940574637315876e+03
3.158037300838182546e+03
1.975530377653482219e+03
2.089361002707906209e+03
2.036694667400796561e+03
1.855102663471645428e+03
2.026424535026322474e+03
1.850999299540205129e+03
2.114088496655793733e+03
1.796942566217268677e+03
2.085889487368823666e+03
2.530574787456071135e+03
3.290763470934623456e+03
3.801430217184717549e+03
2.712369655869146300e+03
2.397701396069503062e+03
1.842431414336045691e+03
2.330741243769896755e+03
2.377619010151419388e+03
3.601577232370881120e+03
1.758026886934736467e+03
1.361398783787788261e+03
1.840195005566883310e+03
1.400279489979069695e+03
1.836099224545787820e+03
1.541045494708323986e+03
1.661698895491529356e+03
1.536807001887998240e+03
2.190873066054234187e+03
1.783730611420640116e+03
1.681176970292430497e+03
1.254089528073346628e+03
1.831306028688272818e+03
2.837169567180204922e+03
1.635353264747933054e+03
2.168107122768878526e+03
2.211810706556499099e+03
1.898413324286219449e+03
1.665497776021163190e+03
2.900296887654805232e+03
1.307424195365920014e+03
2.512331971130515740e+03
1.696005209770231431e+03
2.475426693002549200e+03
1.514235970299712790e+03
2.075396155571144845e+03
1.327083229716472943e+03
1.592349624722632825e+03
1.514165114955841545e+03
1.468721714548071986e+03
3.562582638988071267e+03
4.562389217531364920e+03
5.320735712014428827e+03
4.847703223854365206e+03
3.475129083196285137e+03
4.248746989882719390e+03
4.528306065404285619e+03
5.235451681952297804e+03
4.757503354458679496e+03
5.360901326014560254e+03
4.864145740591199683e+03
5.083465570179214410e+03
4.417825445177340043e+03
4.412225084923597933e+03
6.224182641336053166e+03
3.764138169276709505e+03
2.192851932658913938e+03
3.438573168591778995e+03
1.519740617105040201e+03
1.476293575554329891e+03
1.721560652779823840e+03
1.091770922981161902e+03
1.980903113562912495e+03
2.143720805219224076e+03
1.313673955428239424e+03
1.390167277797499764e+03
1.731742134132700357e+03
1.355346671721566736e+03
2.316557648409145258e+03
4.753274079199019980e+03
5.507729079562851439e+03
3.364902608377241449e+03
3.199796439840405583e+03
4.426846457720157559e+03
5.174660916940084462e+03
5.452251006895073260e+03
4.112727216368259178e+03
5.020235726905106276e+03
2.878250125306648442e+03
2.702542923259533836e+03
4.179345522207268004e+03
4.480685112579522865e+03
4.503390095401024155e+03
4.170331537943619878e+03
3.624654603938848140e+03
3.038079323867992116e+03
4.264259966017488296e+03
3.862166242977036291e+03
5.244449866472619760e+03
4.168254914635529531e+03
4.674005436185896542e+03
3.752719475576805962e+03
2.726892064558815491e+03
1.549127625476501180e+03
2.860994788135162253e+03
3.142744837931776601e+03
2.159281020460812215e+03
1.418677277776708252e+03
2.592874277809682098e+03
1.529768172139036778e+03
3.288059828056954302e+03
2.214263232264810540e+03
1.168859193722652890e+03
1.160145070587609553e+03
2.261549064190689933e+03
1.444911122565658843e+03
1.488038639099373540e+03
2.430777938676948452e+03
1.725479891031130364e+03
1.817346952294255516e+03
1.947294198330097743e+03
1.237658337800210347e+03
1.295458360661229790e+03
2.919940332799219050e+03
1.729471370219526762e+03
1.787703112160486171e+03
9.140084666609312762e+02
1.533109811037198369e+03
1.457508008862823090e+03
1.256896064539977942e+03
1.636017799703106220e+03
1.449507102064300625e+03
1.144523231115161025e+03
1.889969175604597012e+03
1.082219259119367734e+03
2.417786266174909542e+03
2.130236411882632183e+03
1.933377713087483926e+03
3.442839015121539433e+03
2.744882980723273704e+03
1.558825948565096496e+03
2.671301371833133999e+03
2.137873165146962037e+03
1.880935850948842699e+03
1.213650972492178653e+03
1.386943774014148403e+03
1.675305072745580446e+03
9.956740702661664955e+02
1.447334165109007245e+03
2.868017484177786628e+03
1.607752571094920540e+03
1.555963897981573155e+03
1.412312465668015193e+03
3.264269208524324767e+03
3.210398365638988253e+03
4.190310312125913697e+03
2.655119948607981314e+03
3.142898086174345735e+03
4.997179095845555821e+03
3.837666820404020655e+03
3.842234387894349311e+03
3.963944255500657619e+03
3.497959915090192681e+03
4.401566760763796083e+03
4.109165151519000574e+03
4.539572602557781465e+03
3.761938954559165268e+03
3.058744199823052440e+03
2.619485212827392843e+03
3.528507561344817077e+03
4.372876196099209665e+03
5.951614999613113469e+03
4.148235099104201254e+03
4.539081431987779979e+03
4.826609001844299200e+03
5.201622022045649828e+03
4.215450019135621915e+03
3.621758706065992101e+03
4.063835103228086609e+03
4.062863793346451075e+03
4.583721737326635775e+03
4.406429457632513731e+03
3.664105066782100494e+03
3.707859049524837701e+03
4.306333302372198887e+03
3.688312643385063893e+03
3.249623609739861877e+03
4.469405604524851697e+03
3.821290113543793723e+03
3.951819479374622460e+03
3.187581106536604693e+03
4.924795189998923888e+03
3.542263907602380641e+03
3.957342231171068761e+03
4.073605191305458902e+03
3.204104177107516080e+03
3.190190941141298026e+03
2.531305974023172439e+03
2.525485289806209948e+03
3.737832615952469041e+03
4.216651501854847993e+03
3.834303825774583402e+03
4.092915612972000872e+03
4.641278051999884156e+03
4.157789164044641439e+03
4.327846831594431023e+03
4.607902039159515880e+03
4.043839625757443173e+03
4.596772074709000663e+03
3.575554051264971804e+03
2.663246920715586384e+03
2.800588601114263383e+03
3.277919176015546782e+03
2.831543510198620424e+03
2.124292481533945647e+03
2.114457543380108291e+03
1.851606819671561198e+03
3.472389541082833603e+03
1.939285398026180019e+03
3.622435037452809411e+03
3.576658568264633232e+03
3.923134161316279915e+03
3.080318329003367580e+03
2.190156237773062912e+03
2.830479999429115651e+03
3.274844914443323432e+03
3.104722827414647327e+03
3.013769592501480474e+03
3.636535621326135242e+03
4.103040768450200630e+03
4.222197126130659854e+03
7.849727601829491505e+03
4.195002173882984607e+03
5.118721750242990311e+03
3.072636255951728344e+03
3.156228056768759416e+03
2.268784108257785647e+03
2.908433817995687605e+03
2.680314363474214588e+03
3.432159286165286176e+03
2.944494634647059229e+03
4.325151798360128851e+03
4.245085592541142432e+03
2.748939841512084513e+03
2.897868326723177688e+03
2.796995925894081211e+03
2.597870554820232428e+03
2.601181050142759432e+03
3.368525451160509874e+03
4.356881105971147917e+03
3.723345605015561432e+03
4.349448017602528125e+03
5.118716073308846717e+03
5.126898067197895216e+03
4.395708560810939161e+03
4.087563078354960453e+03
4.136264933765713977e+03
4.491634802353330087e+03
5.070540518679101297e+03
5.441591195361796963e+03
5.421964389667820797e+03
5.613195245351079393e+03
4.426248953312518097e+03
3.858122415598967109e+03
3.901616898619542553e+03
3.570351334161550767e+03
3.714000591972531311e+03
2.791561345316391908e+03
2.222449350985445562e+03
