5.461888045119842900e+03
3.643204528039781508e+03
4.367884916033775880e+03
4.538405414503218708e+03
2.800175444011013042e+03
3.469831703288241897e+03
3.972409153565651650e+03
4.501423290009697666e+03
3.044381244400160085e+03
4.431539525186768515e+03
2.186186606852551449e+03
9.762309245702329008e+02
1.021087064195591438e+03
1.734544165529428938e+03
4.318631380121532857e+03
4.759082763180032089e+03
3.481419294859613274e+03
2.935538716527740235e+03
3.262957072535838506e+03
3.563935105059812940e+03
2.517626439037741420e+03
5.240359960398509429e+03
6.643138205779869168e+03
5.007548395981633803e+03
8.496338212635888340e+03
6.165935390228331016e+03
5.216902109672052575e+03
6.330524183183049900e+03
5.166248716665704706e+03
4.498485399510390380e+03
5.113222345973892516e+03
5.260534347261928815e+03
5.212971795576526347e+03
5.165788841083127409e+03
5.101770422853041055e+03
4.438849579398361129e+03
4.553676445941206111e+03
3.697297358672276005e+03
4.068606545376604572e+03
6.732030936425358050e+03
4.844303898001157904e+03
3.771997980747045858e+03
3.882136498899690196e+03
3.699645110954787015e+03
5.759082626518881625e+03
3.971314943068121920e+03
2.451123795174772567e+03
2.057929782341864666e+03
1.812473545190625600e+03
1.705237616409065822e+03
1.716681965084885633e+03
1.700336358049821911e+03
1.930866619098498632e+03
2.813139041635349713e+03
2.189821257830622471e+03
2.952809032789686171e+03
2.103497532956504529e+03
3.470738189232766217e+03
4.728802781859502829e+03
3.669332286403550825e+03
4.938878133244660603e+03
5.904213200093109663e+03
3.306614104300062536e+03
5.824681070286738759e+03
5.911791363266974258e+03
4.202283727660478689e+03
5.742118620691268006e+03
4.773597367339861194e+03
6.532135316142859665e+03
4.278599970730047971e+03
3.725991068038740650e+03
3.719596425114275007e+03
3.733422955071066554e+03
3.827881311953572094e+03
3.379036749535550371e+03
3.778084866113358203e+03
4.374277156525759892e+03
3.747743643982640151e+03
4.877083587260075547e+03
3.377370151471061945e+03
2.771392529505831590e+03
2.156725585280995347e+03
2.756111021065396471e+03
2.621389047650553493e+03
2.945192622458608639e+03
2.127171968960893992e+03
1.757320621443207301e+03
1.581332637329885529e+03
1.535473928140825819e+03
1.987218492690285530e+03
1.748372964097228987e+03
1.934573860356913428e+03
1.471798002744794303e+03
1.052176735398607434e+03
1.172175749135500155e+03
1.544744704789786965e+03
1.733125757411011364e+03
1.903306142668775692e+03
7.940855785012167871e+02
7.386895067967914201e+02
1.414535576985574608e+03
1.748953374001966722e+03
1.454213130509670918e+03
1.175245391591466841e+03
1.083660277314925679e+03
1.019398979395480637e+03
1.094057842555972911e+03
9.546346280066884447e+02
7.251857583688133673e+02
1.407789066211760428e+03
1.205221112804341601e+03
7.547694837625921309e+02
1.199320149136480040e+03
1.271267209174455047e+03
2.118720724647423594e+03
2.113495043337897641e+03
2.123959307712448663e+03
1.499998788401968568e+03
1.742925937741447797e+03
2.788056232937024106e+03
3.175196574673722807e+03
2.316893068473096264e+03
1.740252350587991032e+03
1.452496958737564000e+03
1.406293520821857555e+03
1.141844044589575333e+03
1.546258785304148432e+03
2.006537617462794287e+03
5.101030008570422069e+03
5.153678198452882498e+03
2.870639902973294738e+03
6.330484530458755216e+03
4.141384626034342546e+03
2.890012407709707531e+03
2.007918929640772149e+03
2.106269737479723062e+03
1.113810064091940603e+03
7.955797357039832605e+02
7.770496716435322924e+02
2.432847057987773951e+03
2.795343032955539002e+03
2.329715158794487252e+03
3.207807806947912468e+03
4.246714604350209811e+03
4.076778149808981652e+03
4.701562683984668183e+03
3.393393120439665836e+03
3.169731599548260874e+03
3.116983643923851560e+03
1.757800811197502298e+03
2.037476423685481222e+03
2.634097760195908904e+03
2.705030138062310925e+03
2.577840802397540301e+03
2.679446679564537590e+03
2.601180993238841893e+03
2.445336300642085007e+03
2.549949201001851179e+03
3.642774047997399975e+03
4.342587092796637080e+03
3.577588267633913347e+03
4.797707161641326820e+03
3.227670309286162592e+03
4.080644411010428485e+03
5.032665345070761759e+03
3.584416857702653033e+03
2.140623533733630211e+03
2.898642053105424111e+03
3.096040632074715177e+03
5.128853021285009163e+03
4.726860361784491943e+03
6.677054487703499944e+03
4.405312361613939174e+03
5.840493524359851108e+03
8.795371386822871500e+03
4.944360856833694015e+03
5.854220294116317746e+03
6.677875877359292645e+03
4.354205941397878632e+03
6.123548409530066237e+03
5.695665161473902117e+03
4.724155089245735326e+03
5.256944726750231894e+03
1.594572044873181767e+03
1.936793813615234512e+03
2.399199201892511610e+03
1.885586958305543931e+03
1.535807520951316974e+03
2.190009544882350838e+03
2.445740103490640649e+03
4.505979142019376013e+03
2.578878226059816370e+03
2.495732978547024231e+03
1.863098267373358340e+03
4.374225895913516979e+03
4.290065871752189196e+03
5.518863066560928928e+03
4.049249168188312524e+03
4.911543225069181062e+03
4.970412109966930984e+03
4.601935575799581784e+03
5.807642547368437590e+03
3.971333077014281116e+03
3.963340110005708993e+03
3.244912105643542873e+03
3.192815558449497985e+03
3.071093378212681728e+03
4.545138407595451099e+03
3.175474745495915613e+03
3.399598501035924073e+03
2.580475752940368238e+03
2.493834568861912430e+03
1.894136881130498296e+03
2.848815681733242400e+03
1.967784759113615110e+03
2.277005651185451370e+03
1.118031444199286398e+03
2.709000806826577445e+03
3.147302354618475420e+03
4.015360007725985270e+03
3.084194590083739058e+03
4.724118139818837335e+03
4.179128049134424145e+03
3.652958700316063641e+03
5.125626142670279478e+03
5.153406224171192662e+03
3.251771879016190269e+03
2.900383299270040425e+03
2.796291281672203695e+03
3.291300773653647411e+03
4.357403056056605237e+03
2.286900773389939332e+03
2.711756452425828229e+03
3.410112919376280843e+03
2.136033650640496944e+03
3.828326189394943412e+03
4.169419075450992750e+03
5.109194245711005351e+03
4.602801955981665742e+03
3.901817242986543079e+03
4.562010593422364764e+03
4.069808521081777599e+03
2.305806895071397321e+03
3.189072644676386972e+03
3.449327330932135737e+03
4.702158148582726426e+03
3.424728139366072355e+03
5.030132995119915904e+03
3.342444361913775538e+03
3.877430181571284265e+03
3.674518122978078736e+03
5.844110376621345495e+03
5.521650854193568193e+03
5.716605863670568397e+03
3.948468905137707679e+03
1.873607139938496402e+03
8.750219270774657616e+02
2.726482757852724262e+03
3.183420327193472531e+03
3.581370285199051978e+03
3.119842473472234815e+03
3.614686189326800559e+03
2.832480643040728410e+03
2.516530005832961251e+03
2.239663046559312534e+03
1.999915944348871790e+03
1.889103697044740557e+03
1.325401032552227207e+03
1.158829367489347760e+03
1.134447338814511113e+03
8.268127848342343214e+02
1.083128994240544898e+03
2.109279589499042686e+03
3.590668984676785840e+03
3.128147773930852054e+03
2.151002219311019871e+03
3.062131194578826126e+03
3.652769427910770901e+03
5.066898564889155750e+03
4.114774332906914424e+03
4.534328540715588133e+03
4.799579081779299486e+03
2.688616993259928677e+03
1.769721152807930821e+03
2.284605824930159088e+03
2.782677361543369898e+03
2.698544032172989318e+03
1.695435905455672128e+03
1.941854308285966454e+03
2.766932786873017449e+03
4.494942576252820800e+03
4.353807614886273768e+03
5.107725850866449946e+03
4.942757617196289175e+03
4.963688411665400963e+03
4.169780339959942467e+03
3.745369398788878698e+03
3.198242477507506010e+03
3.527089562804090292e+03
2.670747542401647024e+03
2.351744408238523192e+03
2.788503632476326402e+03
3.093512703596758456e+03
4.627295664546993976e+03
2.721038746456989884e+03
3.240655410839718570e+03
3.361309367918669523e+03
4.123279236958392175e+03
3.224904182656989178e+03
2.572446132094099539e+03
1.589944807014615208e+03
1.588543124000644639e+03
3.148674504830767091e+03
1.798381870625085412e+03
2.426075875331113366e+03
2.429043704068687930e+03
2.488421477220789711e+03
2.482672151776496321e+03
1.656806199451369594e+03
3.534302414736162518e+03
3.234734901293660187e+03
4.587687193581218708e+03
6.238367095452716967e+03
3.464971331065952654e+03
5.363169482879434327e+03
5.442377277802628669e+03
4.640627149540929167e+03
5.331109584484730476e+03
5.391562936027873548e+03
5.056163276751662124e+03
2.876594130960888378e+03
3.576937293033756305e+03
1.716439341029329171e+03
2.372739410508247602e+03
1.249628961861068319e+03
1.196077849457982666e+03
1.948548119797669187e+03
1.811314221544845168e+03
2.213216173873473053e+03
1.503379074860765286e+03
1.924500748509291270e+03
9.535340933883005619e+02
1.946701913532457411e+03
1.937585013016859193e+03
1.253328790402407094e+03
2.815157498365749689e+03
4.665057270953239822e+03
4.882334981773202344e+03
2.543472830800968950e+03
1.638470840348004003e+03
1.573323170049545979e+03
1.328353668709617295e+03
1.170430054813093420e+03
1.252473357013473105e+03
1.490466849401577747e+03
1.174986829577977915e+03
1.245638488034875536e+03
1.563535902604882494e+03
2.252780923883757623e+03
1.664634918080361786e+03
1.814079586669856553e+03
1.788750184833328149e+03
1.946403153817854218e+03
1.661831633126282213e+03
1.316253709466576083e+03
1.392711933866788513e+03
1.176468909177352316e+03
1.080445646199817020e+03
1.164648713477522506e+03
8.506312670677714323e+02
1.404604104396902585e+03
1.095567877426893574e+03
1.099718897628585182e+03
7.770278954871788528e+02
1.288710769669682122e+03
1.327223028389034198e+03
1.325068452175575658e+03
1.357533536547118047e+03
1.595656127411662510e+03
1.179335270165571728e+03
1.377900817035234923e+03
7.980676307511782852e+02
9.925911661837662905e+02
1.463624494311872695e+03
1.459705475422148311e+03
2.032362159168779954e+03
1.817531898293099630e+03
1.079801138997549970e+03
1.899233798562540642e+03
1.362223530667231898e+03
1.920886423802369109e+03
1.804092549692354396e+03
1.572160148813074102e+03
2.193101985213848366e+03
1.663468796067935045e+03
1.538454617709687227e+03
1.501022164523650417e+03
2.199467441723828870e+03
1.087674057468891078e+03
1.392923983584485541e+03
1.141785774137789076e+03
1.110604550941211755e+03
1.592515654673694826e+03
1.011753725395995161e+03
1.238509047250588765e+03
1.839937319776228605e+03
1.959635397915493968e+03
1.336406065609935240e+03
1.153816118764582598e+03
1.173269532118744564e+03
1.091637053170112495e+03
1.319252434902444747e+03
1.520893427106532272e+03
1.619517616856570839e+03
1.321642458897742927e+03
1.173502797454313850e+03
1.446999616762922642e+03
2.026080660040983503e+03
1.664097924480002348e+03
1.111318277578953712e+03
1.331783662330803509e+03
1.134703486534170906e+03
1.246636262078732670e+03
1.203113306808377502e+03
1.826309713293414234e+03
1.655011191556271797e+03
1.907871643804984160e+03
1.459748486332366838e+03
1.222741512175059825e+03
1.238029768255524687e+03
1.550933986807464862e+03
1.491579933398656522e+03
1.551773901266790517e+03
1.467498978327791974e+03
1.504806698636050442e+03
1.441898465354820019e+03
1.665916019057990979e+03
3.534075975200761604e+03
3.739248844167368588e+03
1.966655845975739794e+03
1.055886048695795125e+03
1.338859618269807015e+03
8.689336779838631628e+02
2.384798865531529827e+03
2.038534216815416812e+03
2.728933547489307330e+03
1.998382567516383006e+03
1.764525572328361477e+03
1.573803254583997159e+03
1.151392040513195298e+03
1.327881507125382996e+03
1.431191232753012628e+03
1.156058291887198493e+03
1.077263222164737499e+03
1.365985794103855142e+03
1.360321285180731138e+03
1.474555633956110114e+03
1.324261285074068837e+03
1.106559331308490300e+03
1.317692619444710090e+03
1.266923026174532879e+03
9.814975267332217754e+02
1.099990893227136667e+03
9.837356374330194058e+02
9.748368462672042369e+02
1.203086627606887532e+03
1.381492811718971097e+03
1.880555130907740704e+03
2.121138693222587790e+03
1.915330128422796861e+03
2.367232018329359562e+03
3.000098552152181583e+03
2.105204340203817992e+03
2.308258766946378728e+03
2.047618413004589456e+03
1.151228705370234138e+03
1.654149792837779842e+03
2.798009450676254801e+03
2.932169599212878438e+03
2.922487525265915338e+03
3.143670161770217419e+03
4.462845134947030601e+03
2.769559937054585589e+03
3.563504148844312112e+03
4.063873197372181039e+03
3.556126182226910259e+03
2.769169870217654989e+03
2.753483595319820324e+03
2.295131603667469790e+03
2.860551526470075714e+03
3.119138977006417463e+03
3.385171681336586516e+03
4.003246761720428367e+03
3.459611269805214306e+03
4.407521627064602399e+03
3.223197443552773620e+03
2.751742519101789185e+03
3.282582602168290123e+03
