4.722524208074898525e+03
3.838756312369177067e+03
5.159082216223612704e+03
4.521686252246137883e+03
3.908453180000778048e+03
4.029184219662495707e+03
5.262941703280377624e+03
4.061926391902717114e+03
3.961292803860886124e+03
4.053028056155006198e+03
3.660907404904302894e+03
4.054878409620197999e+03
5.594696843421610538e+03
4.329524445597207887e+03
6.338842764112736404e+03
4.411995619250031268e+03
3.443623712812988742e+03
5.724472180761681557e+03
4.935192718597048952e+03
5.799505199928155889e+03
4.556597215731173492e+03
5.306579167167916239e+03
5.236730606041905048e+03
3.697308838372505306e+03
4.271332531149948409e+03
3.894463876031960808e+03
4.913078099118520186e+03
5.444980592161539789e+03
5.372921040927149079e+03
5.696705724850141451e+03
5.041928277451957001e+03
4.542975217357001384e+03
3.395507415228382342e+03
2.702525090461015679e+03
3.403996456033142294e+03
3.507314472356018541e+03
2.629312192298551963e+03
2.544463256089800780e+03
2.426620499978901989e+03
2.354867326444871196e+03
3.179619273743956001e+03
3.080667138206566051e+03
3.236917359103282251e+03
3.302620744680700227e+03
3.908497594307677446e+03
2.993461908121711986e+03
2.458009529399139865e+03
2.853278237425945917e+03
3.431836389335151125e+03
3.693061131211814882e+03
3.795644367860918464e+03
4.851334187009564630e+03
4.145909904221275610e+03
4.528979044246094418e+03
5.572518098484423717e+03
4.878172026968733917e+03
3.956615123625452725e+03
4.086649125611028012e+03
3.989211930861657947e+03
3.201660299868954098e+03
4.197853419162917817e+03
4.283594384607237771e+03
4.094237417401541279e+03
3.465994053131725650e+03
2.788212089312363787e+03
2.336185581373516470e+03
2.303644017476440240e+03
2.184463934212561071e+03
1.978976411595922400e+03
1.727330694393575641e+03
2.310102792389274327e+03
2.084206909393828482e+03
2.458065481398103657e+03
2.643239421977317761e+03
2.699597402253748442e+03
2.791902778765296716e+03
2.662483176476997414e+03
3.370970708425355042e+03
4.251528784145334612e+03
4.769920954566336150e+03
4.602569194474441247e+03
4.551521966632803924e+03
3.833610966554151219e+03
3.218357994904391944e+03
4.077376043900929290e+03
4.773668382332090005e+03
3.752384800329973132e+03
3.341577591085110271e+03
3.783005979831567402e+03
4.681151234449646836e+03
5.555802792370559473e+03
3.029653063916335213e+03
2.057338070811480065e+03
2.573985516040837865e+03
2.467918505436251507e+03
4.000575834854340428e+03
2.333241958078366679e+03
1.870305803976695415e+03
2.527783798013565047e+03
3.376267095046391660e+03
2.471780615043378930e+03
2.583254836350849018e+03
2.899568834440672617e+03
3.213123632730957070e+03
1.976325459747006107e+03
2.180896304666793185e+03
2.313940157537975665e+03
3.679312147720263965e+03
3.842370340524948460e+03
5.157445190176112192e+03
3.486268393036458292e+03
4.352036433500559724e+03
4.076910179273586436e+03
3.942266583223708039e+03
4.226238833610651454e+03
3.508089503614232399e+03
3.181615375419234169e+03
4.163693402142015657e+03
3.472884785837358777e+03
3.238226583445854885e+03
3.371744451180954457e+03
3.262302692908699100e+03
3.927425971312482488e+03
3.183029535489822138e+03
3.970312406204620856e+03
3.278556764224306335e+03
3.191737727841027663e+03
2.652164252648605725e+03
6.183295753481323118e+03
4.575547872303691292e+03
4.232320912004078309e+03
4.108222683706885618e+03
5.092800701141410173e+03
3.182856108634104203e+03
3.939870077822898111e+03
2.982402623658568700e+03
2.350159580270300921e+03
2.403447418790710344e+03
3.189396958364253351e+03
2.523963801274940579e+03
3.481751559142473070e+03
2.620295238143398819e+03
7.585143279819451891e+03
4.111703610657817080e+03
5.911423790349592309e+03
5.081451146335675730e+03
3.447404119338782948e+03
5.170688051469397578e+03
3.881019804257100077e+03
3.708568519089424171e+03
4.124799430040692641e+03
3.479321727980896867e+03
3.163221200877308547e+03
3.580294421259809496e+03
3.416483878640835883e+03
4.194592386625447944e+03
3.779703006315630773e+03
2.884917041810622322e+03
4.484084450013052447e+03
5.922487333813804980e+03
6.275478250200853836e+03
5.076140025264783617e+03
4.516664979662107726e+03
5.278114076909423602e+03
5.256696509491572215e+03
5.124163550884290999e+03
4.776086098560156643e+03
4.842347352184840929e+03
6.033763032293278229e+03
4.007821849781495985e+03
2.936601665889476863e+03
3.222907693649933663e+03
3.112064375869974356e+03
3.856939219619311643e+03
4.156820288334205543e+03
4.592171561087546252e+03
4.381505465934699714e+03
4.503350447569636344e+03
4.376969409436534988e+03
4.455976749669423953e+03
4.482576858338134116e+03
4.440421241273821579e+03
4.795307250760716670e+03
3.641111213704611146e+03
4.199177444655456384e+03
3.500659592389771205e+03
2.600739768041618390e+03
3.244037572161776552e+03
4.284014982641079769e+03
7.744000199329330826e+03
5.834231268765748609e+03
4.139544014795385920e+03
5.469289969109134290e+03
4.110004624255981980e+03
4.977326224613141676e+03
4.743999106807527824e+03
3.271728916971112540e+03
3.114712429676992542e+03
3.987023893494109416e+03
5.964538752625969209e+03
5.907434398143261205e+03
7.613896668869056157e+03
5.557754928585607558e+03
5.257548393290293461e+03
5.090794123799078079e+03
3.422150408424812213e+03
2.870556915974534149e+03
2.993001576078333983e+03
3.206411675416530670e+03
3.524842862650392817e+03
2.246849075670204911e+03
3.223561293538532027e+03
4.363477333152000028e+03
4.277938909871590113e+03
6.436589575590485765e+03
6.326955261747403711e+03
3.674936918936613438e+03
4.749935143043127027e+03
3.673636732057678728e+03
3.438509863729351309e+03
4.783378464451725449e+03
4.728836789463472087e+03
3.377418749653852046e+03
2.735738674773417642e+03
2.300975270409730911e+03
3.850076762928707467e+03
3.209564130546473734e+03
4.644536133999196863e+03
3.676333856546937113e+03
4.430447611739897184e+03
5.073634482789259891e+03
5.749145734623984936e+03
4.394594449808933859e+03
4.452618296064124479e+03
4.365864620752945484e+03
4.055994549502291193e+03
3.140468291624351878e+03
3.798626987226381061e+03
4.419472912099558016e+03
3.459731617891208771e+03
4.528142194351019498e+03
4.232270553448958708e+03
4.442504943098213516e+03
5.201649975603480016e+03
5.517319751547144733e+03
4.829726846387000478e+03
2.940153177652124668e+03
2.271156590193088050e+03
3.583402436109045084e+03
4.281865373216234730e+03
3.536461085806585743e+03
4.198949103281966018e+03
6.204232348166713564e+03
7.101112535685653711e+03
4.720496343947603236e+03
5.143009179140586639e+03
5.876863188936536972e+03
3.507451878054005192e+03
2.439307418870370384e+03
2.866937071377672964e+03
2.480922850208453838e+03
3.231314677852276873e+03
2.992468818367427957e+03
2.605098574737038234e+03
2.473103224774175487e+03
1.999980194409533851e+03
2.174309426075004922e+03
2.929178641695833903e+03
3.541074808280366142e+03
3.441856041131628899e+03
4.224039565914369632e+03
4.511530250349646849e+03
4.088128466665794804e+03
3.802371997790794921e+03
3.335380489725308962e+03
3.926422778423630007e+03
3.738663244825866968e+03
2.774049699321040862e+03
2.585469217317769107e+03
1.944708469561552192e+03
2.134891988139183013e+03
1.862018865340061211e+03
1.857791944714389047e+03
2.312559130213818662e+03
2.432259373336293720e+03
2.273207660783933079e+03
2.157633756141853610e+03
2.152734728741655545e+03
3.253138020696710555e+03
2.424396360912272939e+03
2.618746345559392012e+03
2.942666894897582551e+03
2.805030632059712843e+03
2.604910918674527238e+03
2.835017982436327657e+03
1.977120094643657922e+03
2.615525924472899078e+03
2.548987629530981849e+03
3.000823984115277199e+03
2.320404892011537413e+03
2.131819209077086725e+03
2.124162949738845327e+03
6.340066283877265050e+03
7.772016595163811871e+03
9.065086671495722840e+03
5.668820489993428964e+03
4.382739560392132262e+03
4.517303817631745005e+03
4.091582378179864008e+03
3.643665289552073318e+03
3.323075132877700526e+03
2.638671148636357884e+03
3.767948702522291114e+03
4.246174995724718428e+03
4.059290230348095520e+03
3.085574593991576876e+03
3.020120573720667380e+03
3.099627833878701495e+03
3.737253272493462646e+03
3.272866313105110748e+03
3.547151647635938843e+03
4.184315771174045040e+03
3.561828676040704522e+03
3.486602874312487984e+03
2.015424339532161866e+03
2.110843131210782303e+03
2.829205824968160414e+03
6.062061728078138913e+03
5.933552835441460047e+03
6.696295132099481634e+03
6.685853929232967857e+03
7.107328098576415869e+03
7.421076133286637742e+03
6.909986839910579874e+03
5.604638158123964786e+03
5.058208553706760540e+03
2.796246027059950848e+03
3.056411839411325218e+03
3.588471690606646462e+03
2.912553369908754576e+03
3.001516945933735315e+03
3.409530364615292910e+03
2.795694429315380603e+03
2.327986843423085702e+03
2.146031031353151320e+03
1.994604618011491311e+03
2.311551428124579616e+03
2.372104129620020103e+03
3.164653895263487811e+03
2.422346711545927519e+03
2.580043983281594592e+03
3.314759412396349035e+03
3.548349087286270333e+03
4.179842936949479736e+03
3.907523100752052869e+03
3.156664523926803213e+03
3.654720390919171223e+03
3.443641530652239453e+03
4.242895584566005709e+03
4.445359216509791622e+03
2.667784033122085020e+03
5.499558810703764721e+03
3.819352591592285080e+03
5.273428141377319662e+03
5.124976329924166748e+03
3.804674261972208114e+03
5.227058960169447346e+03
4.974219155707041864e+03
7.686874421648682073e+03
6.138325742674011053e+03
4.994914623760869290e+03
5.808342008439521123e+03
4.879077327087896265e+03
6.137726433826965149e+03
5.736453112398982739e+03
5.734681400923386718e+03
5.493113632492290890e+03
5.663170336849287196e+03
4.722800615676884263e+03
3.379906691825986854e+03
2.851136116260550352e+03
2.864125974505334398e+03
2.306936663885517191e+03
2.583352146528154663e+03
1.916103721753668879e+03
2.081129660898444854e+03
3.010502302709091964e+03
2.795416635094540652e+03
2.946845928307730446e+03
2.777449092341179039e+03
2.361193932754366870e+03
2.492599046563088450e+03
2.728075675434031382e+03
2.892720671035286159e+03
3.243220757962919834e+03
3.148918069125810234e+03
3.071174616321357007e+03
3.830419405872496100e+03
4.114712020714370738e+03
4.451152285019704323e+03
3.211416226990252653e+03
2.371741499962671696e+03
2.923746682531715123e+03
3.852209976868405192e+03
4.067408613573933962e+03
4.560458922788794553e+03
3.928185156216386076e+03
3.230461899421734415e+03
2.866658402737632514e+03
3.056372740812967095e+03
3.083479360460270527e+03
3.953434863601773941e+03
4.762799868900424372e+03
3.884009853808826847e+03
5.449914929437167302e+03
6.180967080611283563e+03
7.513018610817864101e+03
8.214450864799404371e+03
8.406559271118831020e+03
7.215076743785922190e+03
8.315181325657045818e+03
7.601152758571449340e+03
5.696265132322260797e+03
5.460469831372345652e+03
5.947007540304019130e+03
6.107045763219565742e+03
5.124367794982930718e+03
4.515902587764380769e+03
2.483457932316673578e+03
4.244458852374172238e+03
3.189667779308826539e+03
4.036702983461641907e+03
4.773119769492509477e+03
3.341237491607293578e+03
4.028405326975669141e+03
3.674485574999854634e+03
2.822152710941928035e+03
2.357748862475915757e+03
2.963442654852412034e+03
3.271406804523371648e+03
4.656304784964174360e+03
3.930021708910362122e+03
4.484757301807631848e+03
3.330829235158482334e+03
4.548275231205300770e+03
2.291058357550293749e+03
3.239595288481397802e+03
6.605999109678454261e+03
5.091697066368690685e+03
4.204995940392662305e+03
5.064168029017980189e+03
5.123805108764178840e+03
5.003110381891716315e+03
6.264209769321530985e+03
4.403991418373588203e+03
3.452071990654140791e+03
3.023482332713459982e+03
3.416590978295633249e+03
3.898243172031426184e+03
3.879695758770106295e+03
4.047137652096660531e+03
3.974974479480329592e+03
4.047133099318304176e+03
4.701403523948470138e+03
4.714582185007305270e+03
4.203581349161067919e+03
4.303392315477030024e+03
3.314181312618914944e+03
3.812389180211065195e+03
3.652108551654637722e+03
3.929903890953956761e+03
3.919097944371417725e+03
3.425437872884492208e+03
4.688390156725707129e+03
3.467656120747207297e+03
4.710083417500673931e+03
3.684858241007729703e+03
3.977614936341389239e+03
3.981672570268561230e+03
3.851783827504669262e+03
4.677851456777647400e+03
3.621303663300057451e+03
5.388332982197471210e+03
3.707951302845381178e+03
4.303723221317127354e+03
4.181858940917230939e+03
4.738814314613854549e+03
4.026098451329947238e+03
3.673241019418006090e+03
3.919081693575403733e+03
4.146694877532356259e+03
3.230287679956252759e+03
3.085869057802352472e+03
3.875693384439622150e+03
3.491032313107800746e+03
