2.275256034914506927e+03
2.888315141999778461e+03
4.418145866852365543e+03
3.209406199557103264e+03
2.920876846051590746e+03
3.436557185887834748e+03
2.592455650223018893e+03
1.995993672508216378e+03
1.463102942044633664e+03
1.882009725309279474e+03
2.802631894220695813e+03
2.839234401689543120e+03
3.808605748527759715e+03
3.991784696633349995e+03
5.254827377363701999e+03
4.243462636050380752e+03
4.588598588396474042e+03
5.292974884518147519e+03
4.611040387719760474e+03
4.536079800687037277e+03
4.871761821848337604e+03
5.548854865662872726e+03
4.597900296215077105e+03
4.176153338099488792e+03
4.262073663040097927e+03
4.390310327999372930e+03
4.080128599206586841e+03
2.796320910855000875e+03
3.701390417665294990e+03
3.802555838191908606e+03
4.156694459460035432e+03
3.777319149510755324e+03
4.335901550790659712e+03
3.749271779198202239e+03
2.751921379184375837e+03
2.435491891449438754e+03
4.663293618136190162e+03
3.377180986310532262e+03
3.235808361930179217e+03
3.895394423472971539e+03
3.970821997423779976e+03
4.010293890241112422e+03
2.882116618719202961e+03
3.164238075975022184e+03
2.569851159142236611e+03
2.923037122564693618e+03
2.909046674625777541e+03
1.690969371805266292e+03
2.838082168273704610e+03
1.997898478434382696e+03
1.622972853563994704e+03
2.681265947966227941e+03
2.420549066137582940e+03
2.503470674654538925e+03
2.042246102669853826e+03
1.685193202431331883e+03
2.688000868071395416e+03
2.564884345749847853e+03
2.925443718894493941e+03
1.556642156364133143e+03
2.247288438725560354e+03
2.739852724579972801e+03
1.946809431250362422e+03
1.756979208921912232e+03
2.202065252369324753e+03
2.868054410442251537e+03
2.619895663191467975e+03
3.017727525735309428e+03
2.610195658255414855e+03
1.682662825479979801e+03
2.524430364544813983e+03
1.636937008594027475e+03
2.141192620814413203e+03
3.352945870914108127e+03
1.779474623681696585e+03
1.612319566819358442e+03
2.287687368839905048e+03
2.587955730390785448e+03
2.613070189564177326e+03
2.518853087571449123e+03
2.794854757392406100e+03
2.517911883334363665e+03
2.125726652070377895e+03
1.900883265115123550e+03
2.651055807198485581e+03
2.177569546790506138e+03
2.290218600616553886e+03
2.963997623334472337e+03
4.019246078394696269e+03
3.270278794624722650e+03
5.003490336885701254e+03
4.164517587319885024e+03
3.194204803877461472e+03
3.791397856593468987e+03
2.704271554625756835e+03
1.566863689493620996e+03
2.584976828896637016e+03
3.128974938310142079e+03
2.894809433544477997e+03
2.905736121923742758e+03
2.674423640976036950e+03
2.602835160095855827e+03
2.563412463173276592e+03
2.924291740747690255e+03
3.395068910758316179e+03
2.505045558579224689e+03
1.760047638983241995e+03
1.549830456712932346e+03
1.313038806624318568e+03
1.503864572643937663e+03
1.929046312235981986e+03
2.372416859087588364e+03
2.135889605305404530e+03
2.010204192184015483e+03
1.699563545802044246e+03
2.217714265227593842e+03
3.231510638778775501e+03
2.574062128611020398e+03
2.264209878178407507e+03
2.088452161282136785e+03
2.532218713614262924e+03
2.671345785034566234e+03
2.304291085706289323e+03
2.368024247215849300e+03
3.115683894484591292e+03
3.550211649195964128e+03
4.177454057646170440e+03
3.242169357536829011e+03
3.369981517118106240e+03
3.566274235270763256e+03
3.313833508519228417e+03
3.622975775216511465e+03
3.003819515949030119e+03
4.204343328237266178e+03
4.529146921198359450e+03
3.539777735806215333e+03
3.867199936352952591e+03
3.990530537819050551e+03
2.537613919158950011e+03
2.351317891746801251e+03
1.886176346749107324e+03
3.450259807740623728e+03
3.987890627750195108e+03
3.668838173627837477e+03
3.452775873971710098e+03
3.541928031042051316e+03
2.879972457822178058e+03
2.741910505211182226e+03
2.141111832651816258e+03
2.619270287178359922e+03
4.304476912823425664e+03
3.483890702825491189e+03
1.548074289819267733e+03
3.972736801731213291e+03
2.233524118954901041e+03
2.047297498032644171e+03
2.608568112252772153e+03
2.071763208581821800e+03
1.787859871651356798e+03
2.127499512363342092e+03
2.615351485359608887e+03
1.907223274673314336e+03
3.402004946181319610e+03
2.412938292786021975e+03
2.530065131475478211e+03
2.194927842404802050e+03
2.229768405727773370e+03
2.427895111790523060e+03
1.392245918678028602e+03
1.857172712506358266e+03
2.433344684131164286e+03
1.698834092890008833e+03
2.916159144104138250e+03
2.674411964216973956e+03
3.140217416022994257e+03
2.148403671490112629e+03
1.899522606786983943e+03
1.905560760506505630e+03
1.763490465789058135e+03
1.301661642304437009e+03
2.877590615324088503e+03
2.216044616995764954e+03
2.991317092387891535e+03
2.507221983398355860e+03
2.281241640848222232e+03
2.478853564786686547e+03
1.718217507509083816e+03
2.074815955073141140e+03
2.963644267811017926e+03
2.847097368274928158e+03
3.657355132146490178e+03
5.353610785941938957e+03
3.547455702486267910e+03
2.549547240467132724e+03
3.210014054884499274e+03
3.616299199451719232e+03
3.014382872398968175e+03
1.354467227004139886e+03
3.302111324482156760e+03
2.714713205380750878e+03
5.206976823474873527e+03
6.262532439969728330e+03
3.774086571498836292e+03
4.654041140896318211e+03
5.530823767684744780e+03
6.147904215926457255e+03
5.362898631012193619e+03
6.433174808064102763e+03
4.513489971933968263e+03
3.610573289282832775e+03
4.510203350783785936e+03
2.969521912105276442e+03
3.155228547572585740e+03
4.271833254648277034e+03
3.810999279350142842e+03
2.694376172223173853e+03
2.454960135942276793e+03
3.067278712818267195e+03
2.927648864325613886e+03
2.966650377951280916e+03
3.322303524436478256e+03
3.791131781688643969e+03
3.574467870793564998e+03
3.899541799421771429e+03
2.476468109692149483e+03
2.952534716537062650e+03
2.070382755655881738e+03
2.384407034472749729e+03
3.495136253716522788e+03
2.951546710588856968e+03
3.979368895394359697e+03
3.904810278015323092e+03
2.584790570850629592e+03
2.443853845588532295e+03
2.456792956807757946e+03
2.469041651394305518e+03
2.338513211409629093e+03
1.766946765102363315e+03
1.649712944657190064e+03
2.694221995594419241e+03
2.352123956336555239e+03
1.501977720777721515e+03
1.982487142788615529e+03
2.452558397462705216e+03
2.066697209108870084e+03
2.215180569894034306e+03
2.466175702505399840e+03
2.130681983091826169e+03
2.433489744945697112e+03
2.086577282493110033e+03
2.550852974922031535e+03
2.864056407497531836e+03
2.906795749074564810e+03
2.915522645989576631e+03
3.144052222220412659e+03
2.627904801049875914e+03
3.199096433601085209e+03
2.814263803126738367e+03
4.127957881332144098e+03
4.151600675414314537e+03
3.585566339494954264e+03
4.254365297728738369e+03
3.906736927011080297e+03
4.056909784703834703e+03
3.928753827630473097e+03
3.694393589365025946e+03
4.028122127313028159e+03
3.650822974547761987e+03
4.214706995099249980e+03
2.968064077081703545e+03
2.780627735768242474e+03
2.807533796663930389e+03
3.979695610586938074e+03
4.333987194800754878e+03
3.058587980467191755e+03
3.515343223622331607e+03
3.484156743265780733e+03
3.284813122945732175e+03
3.378807636839955649e+03
2.820282620142366795e+03
3.514456823448078467e+03
3.489438303558855296e+03
2.852604445293560730e+03
3.627199119442797837e+03
4.523494280960540891e+03
4.102432141500537909e+03
3.261787700213342305e+03
4.407214382323366408e+03
3.438818923415713016e+03
5.068766899519836443e+03
5.670389931103797608e+03
6.519242623454431850e+03
5.451977411047090754e+03
6.345786371579426486e+03
5.162817539450931690e+03
4.286260231001352622e+03
5.152344935645490295e+03
6.778472393341374300e+03
5.134958583711377287e+03
4.899574832141074694e+03
3.678115902354127229e+03
3.156625877316299466e+03
4.497321135472529022e+03
3.795261630805573532e+03
2.860467505056340997e+03
3.883629649885095205e+03
3.963618127774558616e+03
2.997353492081657805e+03
2.381480829875357813e+03
2.662011972107432939e+03
3.171948871679621334e+03
3.452309106039766903e+03
2.439194405281331910e+03
2.141772357532517162e+03
3.269033576994476789e+03
3.450907765609971193e+03
2.192042690755965396e+03
2.622924082657649706e+03
1.776948657404395362e+03
2.750619230270557637e+03
1.736463015475177372e+03
1.558341847839933735e+03
1.629921386125140316e+03
3.141942638731143688e+03
1.917007489484596817e+03
1.696473453006445652e+03
1.847434334065341091e+03
1.424636037004167520e+03
2.729001259304851828e+03
2.770896946662760911e+03
2.328054988846282868e+03
2.773328987977426095e+03
3.063759655963663135e+03
2.417151464879935247e+03
3.351119553760888266e+03
2.164496006615988790e+03
2.391597692103424379e+03
2.819001454433748677e+03
2.902528980212523493e+03
2.401242777355662383e+03
1.992815098317615593e+03
3.095519917562208320e+03
2.505945472328445703e+03
3.121033955177029839e+03
2.089558649181645706e+03
1.928114024605055874e+03
2.430815096566998818e+03
2.965400235836144930e+03
2.952148547474540919e+03
1.887941187531024070e+03
3.187694697926678145e+03
2.889365014332973715e+03
2.114725019193802382e+03
2.305734221597903797e+03
3.480612200578826105e+03
1.519470156436955904e+03
2.729871463212621620e+03
3.468469386293297703e+03
3.031724646958511130e+03
2.722238222675863653e+03
3.652877573277753072e+03
2.822982730428993818e+03
2.376091917853555060e+03
2.657506701005615014e+03
2.698779901669001447e+03
1.997291564570098217e+03
3.764530513424623678e+03
3.316730162194437980e+03
1.341721199201394029e+03
2.426819800538954041e+03
2.586467514397240393e+03
2.777494936432861778e+03
1.601417658242947937e+03
2.808228169261428775e+03
3.034563684316312902e+03
3.307057403970950418e+03
2.317678154825286128e+03
3.043438213540956895e+03
3.441711882478018197e+03
1.987212231458222277e+03
1.560528568252213745e+03
2.527663616794325662e+03
3.008100607434764242e+03
2.285944432374144071e+03
2.422092602065821211e+03
1.954307823195162882e+03
3.009210618646458443e+03
3.332380932175118232e+03
2.591717190087339532e+03
1.501701626376083595e+03
2.637492147187342653e+03
4.149903336839996882e+03
2.039165096697131048e+03
3.336124150478952743e+03
1.973546851644465733e+03
3.265350543722688599e+03
3.395263636027787470e+03
2.803460862049876596e+03
4.259831964584938760e+03
2.373875506414003212e+03
2.836928622329159680e+03
2.945242794647047958e+03
2.334513015123135574e+03
3.527400232134388261e+03
1.418303103720366835e+03
3.927699249363349281e+03
3.804235449204360975e+03
2.189799461329583664e+03
1.470498784772659747e+03
2.585851281696496699e+03
3.078245528430310515e+03
2.500148383066421047e+03
2.624293557083570249e+03
2.178196552276071088e+03
2.138610888508161224e+03
1.589170117504024802e+03
1.924105630814768801e+03
2.710594497744562887e+03
2.365349135375018705e+03
2.161822709920928446e+03
2.428231265586528934e+03
2.436777100513857476e+03
1.978509537290916796e+03
2.875699605581130527e+03
4.381573988037729578e+03
2.564276495239073029e+03
2.755611671370932527e+03
2.648407168113923490e+03
4.190557356784452168e+03
3.396683491889254583e+03
2.830360697156946117e+03
2.801824241683951641e+03
2.564283083418786646e+03
1.777621214264164109e+03
1.941430404438254982e+03
2.233448176170082206e+03
2.347395689173407845e+03
2.806162652482582871e+03
2.053502223948642495e+03
2.096059171946318656e+03
2.696221505155076102e+03
1.920920332040960375e+03
1.807752468019026082e+03
2.008465954783677034e+03
2.490606800401363671e+03
3.255940204927788272e+03
2.543636152879202200e+03
1.943489839573265499e+03
2.330920728578910712e+03
2.261112860349478069e+03
2.159828630102424086e+03
3.093869336915524400e+03
2.341680507408359972e+03
2.567287943466704291e+03
2.226718274735021623e+03
1.781828231459854806e+03
2.283884898629954023e+03
2.279643944296871268e+03
1.753084343110036798e+03
3.826821812231771673e+03
2.657639161174278797e+03
2.003982978421817734e+03
2.987528020165912039e+03
2.554649440320728900e+03
3.297588030585693105e+03
2.100484517269239404e+03
1.678351690271417738e+03
2.813425698118060609e+03
2.351664296619778725e+03
4.190127699334134377e+03
1.989004769341142946e+03
1.777280835140713179e+03
1.856757809816755525e+03
1.591300578880580815e+03
4.255273268029612154e+03
1.600085346833878020e+03
1.981681063768863623e+03
3.964529712782277329e+03
2.359752713041486459e+03
2.360220730752270356e+03
3.089576249316212397e+03
3.127026588556275328e+03
3.867820665597256266e+03
1.902975407355764446e+03
2.186616380179161752e+03
1.679270997415109605e+03
2.486572362659719147e+03
2.102076174868992894e+03
2.044438523473089390e+03
2.788588849476895575e+03
2.488465045210614790e+03
3.406514318726863621e+03
2.694482410279919350e+03
2.871682678089952333e+03
