3.861448317295720699e+03
2.946102448413825641e+03
2.699018947525327803e+03
3.568752671781886875e+03
3.125748033536573530e+03
4.752180408061283742e+03
5.486716457558791262e+03
4.119833172448265032e+03
4.763551726990677707e+03
4.368166277820843789e+03
4.128392799684947022e+03
3.927424160588957420e+03
4.051662377974082574e+03
4.592481258776128925e+03
4.487515475325492844e+03
3.298990206275559558e+03
4.086520223972456733e+03
2.886077087968439628e+03
2.100935996963434263e+03
1.665992222565744669e+03
2.022937938458830786e+03
1.860018955165498937e+03
2.997465628611225384e+03
2.470459807367402846e+03
5.042711583804488328e+03
2.747279082400099469e+03
3.300674173444046573e+03
3.222361975767032618e+03
3.216075417597080559e+03
1.955887051252628225e+03
2.408797403598664459e+03
3.624449255168533455e+03
2.021109461083930228e+03
2.632435935326192066e+03
2.604716720889844964e+03
3.201693408675480896e+03
5.031166290088532151e+03
3.985362421335230465e+03
3.264388147026453680e+03
3.592367570374306069e+03
4.133691252344881832e+03
4.307063007306190229e+03
3.841331611737904495e+03
4.489336388225682640e+03
3.797219092047860158e+03
3.862608554187066602e+03
4.382441270301755139e+03
4.328829901012268238e+03
4.166957443114622038e+03
3.771660365683223972e+03
2.907057148630007305e+03
2.800550236315301390e+03
3.740996820259302240e+03
3.126363342879460106e+03
3.281715571823071514e+03
2.683109339838764299e+03
3.302014319033547963e+03
3.631421758107564074e+03
3.990513188398653256e+03
3.791526099006513959e+03
3.627601532471332575e+03
4.811330415642079060e+03
3.127406471572781811e+03
3.047298132575823729e+03
3.026721876362281364e+03
3.203778823706786625e+03
3.640267188792983688e+03
4.336046107401378322e+03
4.288397867458759720e+03
4.240884213253269991e+03
3.749268304512516352e+03
3.025077924905522195e+03
3.069526380751336546e+03
1.961526844198628169e+03
1.478771031288351878e+03
2.330469999769434253e+03
1.551907277355286169e+03
3.066110086313279226e+03
2.302128758304789699e+03
2.752319118807275572e+03
2.267575188248629274e+03
2.457491431976790864e+03
1.986358008020810757e+03
1.591702060800724894e+03
2.694593509964696750e+03
3.283044435627086386e+03
3.285908727754005668e+03
2.840322523771079432e+03
3.417267132046720690e+03
2.919171080516397524e+03
2.955304983812171940e+03
4.302730355613421125e+03
3.388736337340119007e+03
3.796110352195327778e+03
2.456297979316443616e+03
2.173554740487239997e+03
2.319585320859181593e+03
2.045360872848355257e+03
2.009779496952707632e+03
1.553532677551769211e+03
1.731179667475046926e+03
2.310981115129571663e+03
1.268940067829234522e+03
1.744629964389318275e+03
2.652145761097176546e+03
2.118957231490408049e+03
1.354343711524572200e+03
2.316234164835574120e+03
1.766051465925499542e+03
1.870554046052752938e+03
2.354194776317975538e+03
1.944752425872094364e+03
1.754837543082950333e+03
1.901175845768391355e+03
1.827396566326756556e+03
2.667396494510263892e+03
1.352580029889611978e+03
1.770776586838357389e+03
1.201599891745563355e+03
1.484052026485549050e+03
2.043523143904726112e+03
1.008836141921413059e+03
1.307140529183880290e+03
2.199871385503256079e+03
1.556655050360640416e+03
1.419193443144564753e+03
2.186520133532749696e+03
3.073834685485709997e+03
2.873399595253687039e+03
2.508994863975841781e+03
2.549071805173037774e+03
3.776975046312823451e+03
3.437310284001088803e+03
5.528394452296609415e+03
3.204833883061803590e+03
3.471026566157899197e+03
2.860278292657566453e+03
3.315783451474786489e+03
3.343682066049155765e+03
2.547067139142513042e+03
2.926606216434919588e+03
2.789061075761152097e+03
3.274061678228946221e+03
3.318753153740854486e+03
3.704410115706599299e+03
3.722008848293999563e+03
3.312068940001639476e+03
2.340127616277199650e+03
2.425913281192518753e+03
2.859381958634001876e+03
2.277793058070991719e+03
1.773580276371492346e+03
2.700144927485431708e+03
1.897007582834321511e+03
2.651799532161472598e+03
2.121118639817319945e+03
3.354941575243274201e+03
6.169726289172009274e+03
3.160839918288669651e+03
3.653500804693412647e+03
2.820873640901950239e+03
2.710252270761444379e+03
2.657968986171165852e+03
2.777401464314632904e+03
2.666363579040731111e+03
1.699455503999841540e+03
1.846306508860450776e+03
1.972286471604189956e+03
2.550672121305661221e+03
3.107032480547017258e+03
3.009608843152637746e+03
4.616733070000627777e+03
3.389129789719189375e+03
3.881123726790172441e+03
4.075085687352188870e+03
4.370017345372455566e+03
3.179927241380784380e+03
4.654376561940643114e+03
4.079078612341101234e+03
3.507937901412788506e+03
3.948363334336182106e+03
2.793455471822798700e+03
4.060069787572841960e+03
3.265901164988487835e+03
3.642565753632722135e+03
2.909602397207463582e+03
2.230421351714843240e+03
2.644839225589744728e+03
2.145646237388898044e+03
3.265632865678186135e+03
2.119252962538930205e+03
1.404825716843178270e+03
1.739093704375621428e+03
1.979818658203279938e+03
1.185855204843426918e+03
1.507679011300761886e+03
3.473064404903503601e+03
2.650734103538929503e+03
4.477562174212306672e+03
3.095537264548612256e+03
2.599364579325874729e+03
3.217728777444652678e+03
2.589509605795808511e+03
2.768727916613667730e+03
2.133808786049428363e+03
1.602705321711281158e+03
1.648304511983674956e+03
2.253377224294839834e+03
3.245923167539105634e+03
2.964466921391939650e+03
2.860013736211680680e+03
4.489231409738621551e+03
2.766328328427670385e+03
2.520594407863714878e+03
2.361631775298226330e+03
2.392413119280507999e+03
3.988626537692730381e+03
3.363696710494220952e+03
1.506761251084196601e+03
1.366311922405763880e+03
1.872613831062735017e+03
2.466303462580953237e+03
2.139795910854450085e+03
3.666461580398411115e+03
2.150797206566184286e+03
2.627911077551889775e+03
4.325218836760592239e+03
2.610656359951354716e+03
2.825709802883163775e+03
3.137768530393301262e+03
3.467079795057042702e+03
3.160239430118131622e+03
3.132960413366429293e+03
2.589586807438934557e+03
2.102629569786141928e+03
2.878852046459976464e+03
2.616195467273210397e+03
3.907903653333858074e+03
2.990956298121095188e+03
2.349454288208783510e+03
1.915097366400984129e+03
2.474402525191640507e+03
3.798501722643624362e+03
3.025285849078939918e+03
2.809478949941830706e+03
2.779785202710214890e+03
3.854612935258350262e+03
3.745791912655005035e+03
3.375178474155148706e+03
3.168331957574450371e+03
3.864451479246976305e+03
4.044157309650388925e+03
4.440253724468346263e+03
3.529329001146566043e+03
2.506257029140650502e+03
2.792643123825683688e+03
2.415541980587144280e+03
2.249610907504588795e+03
3.010177887762212322e+03
3.636800826324278660e+03
2.837632041251566989e+03
3.884969436577347551e+03
2.767330016435359084e+03
1.022162820531562488e+03
1.158776955747079910e+03
1.488965426710181646e+03
1.865236153961008313e+03
1.297938555035862464e+03
1.943968092066130566e+03
1.025969790384714543e+03
2.694504580401942803e+03
2.406152455740867936e+03
2.406568571879568026e+03
3.621610425143469456e+03
4.338611020216399083e+03
2.772283975837586240e+03
2.998678321368197430e+03
4.090622642212700612e+03
2.595737449556615047e+03
2.873257222826133329e+03
2.148803117615352221e+03
2.331079091379124293e+03
3.716549737350403120e+03
2.950612755393656698e+03
2.570829721939744104e+03
3.102675174408490420e+03
2.577833623001426986e+03
2.487031768251024005e+03
2.757813109652263392e+03
2.360896532585204568e+03
2.230391665071854732e+03
2.599902429896031663e+03
2.098259730275122365e+03
1.963525438839254093e+03
2.185636424075155446e+03
2.489819412427822044e+03
2.762723267467471032e+03
2.709471440768468710e+03
4.102652234907942329e+03
2.509905466821734080e+03
4.916408312221021333e+03
2.938209762889550348e+03
2.480681471370834970e+03
2.761187418506703125e+03
2.140659540861635833e+03
2.366194535200703740e+03
1.923276062551708947e+03
2.700367019354082458e+03
2.945761968524227086e+03
3.393817011040895977e+03
3.033585659515097177e+03
4.024785466257417738e+03
1.494190964812968787e+03
3.406994493261392563e+03
3.255746254526766279e+03
3.705011560402229861e+03
3.604205106174045341e+03
3.334805588987449937e+03
2.085292387018718273e+03
3.049019782973277415e+03
1.820730312172090180e+03
3.981292871123424447e+03
3.448695833537606177e+03
4.469873616432414565e+03
5.290907495884670425e+03
4.330858153993904125e+03
4.538997579577583565e+03
3.894849103031579034e+03
3.155664221530337272e+03
2.281044569724864232e+03
1.982729548144295677e+03
2.985609142300687381e+03
1.865863564457422399e+03
3.217607680145047198e+03
1.574616363633050696e+03
1.482471824831965478e+03
1.600852961140456728e+03
1.760144931067324023e+03
1.672844614588698278e+03
2.358754297049952584e+03
1.592359968241124079e+03
1.680818630407208730e+03
1.792841820146202508e+03
1.569091606033474591e+03
1.692209222388669332e+03
2.572199042965595254e+03
1.418979293716322672e+03
1.706019317104039146e+03
2.935909153125883677e+03
1.875641565351867484e+03
3.073807572248936594e+03
3.130744887501349240e+03
3.374163361230380360e+03
3.293997098734646443e+03
3.416082246419396597e+03
2.578733958310524031e+03
2.613078146332837605e+03
2.725489035121548113e+03
3.258625114983274216e+03
3.369677755188057290e+03
3.713225673379296950e+03
2.708665015423574459e+03
1.424129998773591979e+03
1.457796563614585239e+03
1.890788580432606295e+03
1.547547141975365321e+03
1.936701707570311783e+03
1.818148293853880205e+03
1.336476703067687822e+03
1.223837214141349705e+03
1.422669800482494566e+03
2.600075176450798608e+03
1.870644755473029136e+03
5.301617813087850664e+03
5.307963533123943307e+03
5.448378372314489752e+03
4.629456637550957566e+03
3.199456766839211014e+03
3.571332116567719822e+03
3.883276461672640380e+03
2.880876619545343601e+03
2.684255437212756078e+03
2.915578703070613301e+03
3.128225675879420123e+03
3.054382519680103997e+03
3.174378632318939253e+03
3.031045277373443241e+03
2.971602133385618345e+03
3.130025814819292464e+03
2.620003854648709876e+03
2.980269105663398477e+03
3.395544109489004313e+03
3.158572029544821362e+03
3.050895638238775064e+03
2.389720332868728292e+03
2.625351484113737115e+03
1.210036313077953309e+03
1.740236000405237974e+03
3.549540205697291640e+03
3.869734059465231894e+03
4.695744404055092673e+03
3.857891217720039094e+03
3.279776052994373458e+03
2.152940974374918824e+03
1.943021367963333432e+03
2.154348893616040186e+03
2.224985004942052456e+03
2.468905376069038084e+03
2.167973595044497870e+03
2.628852344373201504e+03
2.189168477448276462e+03
3.442433044954871548e+03
2.498378571708803520e+03
2.744250572543375711e+03
1.378141090528268023e+03
2.065340848120178180e+03
2.642321991421451457e+03
2.000257605080594658e+03
1.986112646861462963e+03
1.561485187144414567e+03
1.705695528561958099e+03
2.201209777650441538e+03
3.183701175581227744e+03
2.350897066995303248e+03
3.180165594026409508e+03
3.163567074753932957e+03
4.381461896396304837e+03
2.860020704080272026e+03
1.328286425825394872e+03
2.321510943431153009e+03
2.592267531636144213e+03
2.183796345285320513e+03
1.872379910255936011e+03
2.059154848243019842e+03
2.194323531794053451e+03
2.787414450216280784e+03
2.544296013079691420e+03
1.146948379312507541e+03
1.481640185054147196e+03
1.173572878852046188e+03
1.424298222596804862e+03
1.775712788337298207e+03
2.669425656556856211e+03
2.774232700290341654e+03
3.656470286215939268e+03
4.271717232125536611e+03
3.718205017126654184e+03
3.490002446389750730e+03
2.635347998532330166e+03
3.322669211630894551e+03
3.587898426489422945e+03
2.025603940279429025e+03
1.708055036390253463e+03
4.009318707787982930e+03
1.368804496648820532e+03
1.752505076270685095e+03
1.185171022963030509e+03
2.038732563186482821e+03
1.478862023796986932e+03
2.294253148840992253e+03
2.292673732739595380e+03
1.747989153817184160e+03
1.263505122231886844e+03
3.618210920007134519e+03
2.030396482680767576e+03
1.271472210631373855e+03
2.598895150936666141e+03
2.127307027944693345e+03
1.576099999334703625e+03
1.963373278229229072e+03
1.441226197108779616e+03
2.362898070189498412e+03
2.096506349883224630e+03
1.690528856485640063e+03
2.309719411457992010e+03
1.338022894919200326e+03
2.565403580282503299e+03
2.415984468116108474e+03
1.166127723485555862e+03
1.644556964686210449e+03
3.372966762752149407e+03
1.926007101900422867e+03
2.151124186381036907e+03
2.415003667167401090e+03
2.272355813674962519e+03
1.657195902136915947e+03
1.742367278991115427e+03
3.093334701772851076e+03
1.384880960884922160e+03
1.704285476493282658e+03
1.725345706920733619e+03
1.779102075475855600e+03
1.641936426356279071e+03
1.912487946556995894e+03
1.849806474096422789e+03
1.297399045920034723e+03
1.603416774273154033e+03
