2.362895682122813014e+03
2.774147611184755078e+03
3.530624786594281886e+03
2.892966721674807559e+03
3.685656192051124890e+03
5.967541357206292560e+03
5.258093143598027382e+03
5.036601217082679796e+03
5.712610379838723929e+03
4.600121295737341825e+03
5.006116155260375308e+03
5.630093999637878369e+03
5.478797891440349304e+03
5.219857440960910935e+03
6.266690329345058672e+03
6.125223779392315009e+03
6.013150486370641374e+03
4.711537514281410040e+03
4.123238652710124370e+03
3.107699745365542640e+03
3.492015938793384066e+03
2.527286726102081957e+03
2.021258348332916285e+03
6.643213202852464292e+02
6.884632355957739946e+02
1.299568386030830879e+03
1.749141362670897706e+03
3.022313339373197323e+03
2.453378074491358802e+03
3.320928362342399851e+03
4.420483660313364453e+03
4.126869333143834410e+03
3.519924164187690621e+03
3.007141763584182172e+03
4.153770572203421580e+03
5.152235364814884633e+03
4.376768805109971254e+03
4.355541344522865984e+03
3.643170896310909029e+03
4.266353546401060157e+03
3.990560162433133883e+03
4.414728709794905626e+03
4.253858227716566034e+03
3.897280724624254162e+03
4.166872510955090547e+03
4.165592802594950626e+03
4.344894632752537291e+03
4.472350654495076924e+03
2.828348502230454869e+03
3.247866201179072505e+03
2.082583997975822513e+03
1.606319292744650738e+03
1.670115783605856905e+03
1.791225361321626906e+03
1.637490208328609242e+03
1.287324120333355950e+03
1.379973078604111606e+03
1.555573434874640952e+03
1.892783755881408524e+03
1.318775858135906446e+03
1.483187769561032610e+03
1.386976380386667643e+03
1.240449199625767051e+03
1.293158867118843318e+03
1.086057710305880391e+03
1.753758794867363804e+03
1.928917489192379435e+03
2.951592579587631917e+03
4.567375213985832488e+03
4.417799948264457271e+03
5.095524244545287729e+03
5.454143875161940741e+03
5.583930702967435536e+03
5.500163935456970648e+03
6.761535618225804683e+03
6.917335702262776977e+03
6.431706689344462575e+03
6.079624431579352859e+03
5.807631431783954213e+03
5.371695032702702520e+03
6.832453630551312926e+03
5.332090841702499347e+03
7.549139523596680192e+03
5.292208786564351612e+03
5.540126888090567263e+03
4.077629088827917712e+03
5.055117552299284398e+03
6.468351515116005430e+03
2.891146576805902441e+03
4.602182938789924265e+03
4.909647630411162027e+03
4.835265866723616455e+03
4.746934038952763331e+03
5.208702077933584405e+03
5.439251953332356607e+03
5.594447909193257146e+03
6.020744135275073859e+03
5.175858481674256836e+03
5.578353228387193667e+03
3.825277163238803951e+03
3.984389357453501361e+03
3.933752342651435356e+03
3.630431258186151808e+03
3.374877041924102286e+03
3.768280945055404572e+03
4.060775132013724487e+03
4.011905971642905115e+03
4.107579284968453067e+03
4.364191654960722190e+03
4.494201927439676183e+03
3.908633768298830546e+03
4.093768629753423738e+03
5.229602831346821404e+03
7.860934332189779525e+03
6.161502175397315114e+03
6.128186052402814312e+03
5.307329682559950015e+03
5.320455070055600117e+03
4.216065927086269767e+03
4.460282803422305733e+03
2.252797731412461872e+03
2.860231547607393622e+03
2.986548947647615023e+03
2.121957043139781490e+03
1.603715713968262435e+03
1.391757942009202679e+03
1.443267968288823340e+03
1.275055538531439197e+03
1.802452409493874029e+03
2.271267571858764768e+03
2.250189205347634925e+03
2.238178733955493954e+03
2.176420716779261511e+03
2.196464568572000644e+03
3.936686146708305387e+03
6.043227611881831763e+03
5.045632059094727083e+03
5.504956078834969958e+03
8.186745381914906829e+03
6.184148418484434842e+03
6.585863783461038111e+03
5.881714848441102731e+03
5.437020591551615325e+03
5.087706887905940675e+03
5.667379201648584967e+03
5.769116850759839508e+03
4.488404357856808929e+03
4.214430979228556680e+03
3.597915927083133738e+03
4.582535490369413310e+03
4.206087896525693395e+03
3.905774107269723117e+03
4.817856793948803897e+03
3.987466912866385883e+03
4.772855588481033919e+03
4.273097595934810670e+03
4.980000739021816116e+03
4.015811998285490972e+03
4.373768636150847669e+03
5.150324223649951819e+03
6.486478081525335256e+03
5.681508524429058525e+03
4.743256362946940499e+03
5.208867285763497421e+03
4.857824137246317150e+03
3.741299397352109736e+03
3.350870132845959688e+03
3.869013350307428482e+03
3.764248090969108944e+03
3.474227401105765694e+03
4.031507274734530711e+03
4.585713264997884835e+03
3.818280271339105184e+03
3.140327506413972969e+03
3.616797606732932763e+03
4.268785112190794280e+03
3.840548419377100799e+03
4.064295906357490821e+03
2.974190400605120885e+03
4.002319389865814173e+03
3.873287846150541100e+03
3.405001113852558774e+03
4.087750803052223546e+03
3.252463758087550559e+03
3.603289017130652610e+03
2.981941554544106566e+03
3.985811617082727025e+03
3.815412349379388615e+03
3.032986226344107763e+03
2.943188835175964869e+03
2.354325296862125015e+03
1.512571368274872611e+03
1.497097696380441903e+03
1.008411180642297381e+03
1.342250004164406619e+03
1.635093915079120961e+03
1.291168644051756019e+03
1.544476628442055471e+03
1.592656111050562231e+03
1.232925289401921418e+03
1.412810067616069318e+03
1.473787290996514912e+03
1.691482879562257267e+03
1.708092767084371872e+03
1.385986385260367342e+03
1.970332185475191636e+03
2.178883169374435056e+03
2.043228331624386328e+03
1.746703435132027835e+03
2.396012714687590687e+03
3.365698103837134113e+03
3.561715545211755398e+03
4.454211174054017647e+03
4.500865511946399238e+03
4.042162522532698858e+03
4.252380996848824907e+03
4.027813151363418001e+03
5.002465510030278892e+03
3.914723344662623731e+03
3.653526599038566019e+03
3.151787986357837781e+03
2.991828980223194776e+03
3.186250148888504555e+03
3.067712887929787939e+03
1.969379684137259346e+03
1.548776045674565921e+03
2.219106000172581844e+03
2.373953993981489020e+03
2.105835989639705531e+03
1.694568332116929696e+03
1.540098677616756731e+03
1.459989581521512719e+03
1.593982208441679859e+03
2.619134204971312101e+03
2.852703665867659765e+03
2.711056593523759602e+03
3.014671987857270324e+03
2.798461943392315334e+03
2.528709519841662768e+03
1.755931607367022934e+03
2.561788489906251471e+03
2.973854235442627669e+03
3.109525158301973079e+03
3.391382611987832206e+03
4.156751966177464055e+03
3.614656313832363139e+03
3.214428761972813390e+03
3.559008234171832555e+03
3.754762628307036266e+03
4.134539662953330662e+03
4.979707922178230547e+03
5.822678229437304253e+03
3.843564308062081636e+03
5.305836606914432195e+03
5.423921341394241608e+03
3.256146039851118530e+03
5.886921144844989612e+03
5.196443259079987001e+03
4.248108878292349800e+03
6.227812696799186597e+03
5.314686310092719395e+03
4.839864131831626764e+03
3.558590102894847860e+03
5.695301519861608540e+03
4.371986075818237623e+03
4.498042117706921999e+03
4.360110671801608987e+03
5.892754740113896332e+03
5.564840128752030978e+03
3.667544633514346970e+03
4.170745087176524066e+03
4.317776428669861161e+03
5.425579820872187156e+03
4.092541988588355707e+03
4.178125258582708739e+03
4.554771968930695039e+03
5.610522282932880444e+03
3.507585128148271451e+03
5.755007470527168152e+03
6.740684665820999726e+03
4.979338758992306794e+03
4.305765833857304642e+03
6.056793711477233046e+03
5.485936496727094891e+03
4.481254726791363282e+03
4.454503702662115757e+03
5.186022153285397508e+03
4.224349478470722715e+03
4.134374385435706245e+03
4.999012297985503210e+03
6.012333685724550378e+03
3.980265732551548808e+03
6.098489946906385740e+03
4.938304769117073192e+03
4.791107079696177607e+03
5.644542979867293070e+03
6.175863703036510742e+03
4.291520629540666050e+03
4.796252893563050748e+03
6.267556548220113655e+03
5.175765174910875430e+03
5.609081583181321548e+03
6.108096557553946695e+03
5.729182108096283628e+03
5.231315567788451517e+03
5.173727933000975099e+03
4.816981976286977442e+03
5.089902582545380938e+03
4.902730114227312697e+03
4.200014371558741004e+03
4.363584186188251806e+03
4.055657662127523054e+03
3.417057616958240033e+03
3.758224472365581278e+03
3.775320501742242413e+03
3.547252671700848623e+03
2.055255828836792261e+03
4.387719556629074759e+03
2.564887566032265113e+03
3.743750438418559042e+03
3.629845608596264810e+03
4.290862871993479530e+03
4.004589087333611133e+03
4.598809232065671495e+03
3.460273114706004890e+03
2.843929199583425088e+03
2.362174595577521814e+03
3.051020457106393678e+03
4.292129852830326854e+03
4.074310894022157299e+03
3.506001675627911936e+03
2.232882703984107138e+03
3.052030176195162767e+03
3.243306923876725250e+03
2.394336565857419828e+03
4.708323335138263246e+03
5.554082623377468735e+03
5.849939127565326999e+03
5.797091335209672252e+03
4.916776262753422998e+03
5.721515637071443052e+03
5.416138020830463574e+03
5.672088866182709353e+03
5.328087272778144325e+03
5.566517012187829096e+03
6.147117281381531939e+03
5.464722238740863759e+03
5.354293014712415243e+03
6.123597469382975760e+03
5.719290353730143579e+03
5.174494212214158324e+03
5.281794470761045886e+03
4.764279272030458742e+03
5.648828318769817997e+03
5.315363107919677532e+03
4.476849191141124720e+03
5.345757706976293775e+03
3.061876712466040317e+03
4.759013136976912392e+03
6.982642616429514419e+03
4.999270688730714028e+03
2.582750423834678713e+03
2.502398565812350171e+03
3.807739766065069034e+03
5.364593752478738679e+03
5.290289841108507972e+03
6.090346485891850534e+03
4.641237381054561411e+03
6.086931194486062850e+03
5.742712452221071544e+03
5.702189872237890086e+03
6.766702480142019340e+03
7.796450851529742067e+03
5.961622867380459866e+03
6.271748589113387425e+03
5.705763144020440450e+03
5.524226384714379492e+03
6.731378638942614998e+03
6.068740454394539483e+03
6.199267189245754707e+03
6.216956497693541678e+03
4.463760273167003106e+03
5.589912885499255935e+03
6.089248593770336811e+03
5.687435738456681065e+03
4.626302359134849212e+03
5.044059053228176708e+03
4.279722810897377713e+03
4.581129474990219023e+03
5.715999292868550583e+03
5.501191020539976307e+03
5.240009780591586605e+03
6.523549625237890723e+03
6.554289260727866349e+03
5.414453791599754368e+03
4.308523654911091398e+03
4.423585585922751306e+03
3.759369422797099105e+03
3.614023872721845692e+03
1.931899086675822900e+03
3.501532230084111234e+03
3.836419070116646253e+03
3.103750907763800569e+03
3.816718562826290054e+03
3.474834878874894002e+03
2.274584454300972538e+03
2.466285319280496424e+03
3.173946218856395717e+03
3.578525803069680478e+03
3.809585346198085972e+03
3.393360458493341866e+03
4.579639462458616435e+03
4.513940992275701319e+03
3.182417602707324932e+03
2.582272488965186312e+03
2.611819144546001098e+03
3.943877355488805733e+03
4.979955927535461342e+03
3.129110319968147451e+03
4.866647015927151187e+03
5.100204382665309822e+03
5.958137046715990436e+03
6.826770204250406096e+03
6.626529219787807051e+03
5.790213932524837219e+03
4.481108954782946057e+03
5.305923801160908624e+03
5.909908218013140868e+03
6.475244314553641743e+03
6.211694944365836818e+03
7.046061434811163963e+03
5.266286528556506710e+03
5.111291268885627687e+03
5.159605390138935036e+03
6.561750324466843267e+03
5.578628540622370565e+03
5.968550377136009047e+03
4.796003925617210371e+03
4.988478294595539410e+03
5.309453465286971550e+03
5.695654115155785803e+03
5.681337608765496043e+03
5.883669024384280419e+03
4.468432903148463083e+03
6.689186534475929875e+03
5.304273141004871832e+03
5.236243822572808313e+03
5.023157933666375357e+03
3.376452427568104667e+03
5.287459992854622215e+03
8.118417643090192541e+03
5.196231154497496391e+03
5.854396057640784420e+03
7.319715813375591097e+03
5.887021459269340085e+03
7.235288933399130656e+03
5.280568793869326328e+03
5.042420974690157891e+03
4.320139092708645876e+03
4.936837613968390542e+03
3.780327845759095453e+03
4.592117326930860145e+03
6.409906739483825731e+03
4.073720163328740909e+03
3.722940919890860187e+03
2.301731318807184380e+03
2.625964022115166699e+03
1.850776320312255621e+03
1.260281380948926881e+03
1.435471775214606168e+03
1.082590710093009420e+03
1.559098520473188955e+03
9.516394961148045013e+02
9.981265047092394980e+02
9.314522126962770017e+02
9.924985475732750047e+02
1.386124093477926408e+03
1.403316348752584418e+03
1.469639762408769911e+03
1.171743449279724246e+03
1.201172121851671363e+03
9.295273727505295938e+02
9.528552515803929737e+02
1.559887460068502378e+03
2.076536957366115075e+03
2.119767783430769668e+03
2.285647375826859388e+03
2.330916953658028888e+03
2.846982707530163225e+03
2.988674073702141868e+03
2.992974578632727571e+03
3.392931810117949681e+03
2.755651291749219581e+03
2.788727433794314493e+03
2.937286407083568520e+03
4.195267185178002364e+03
4.524565576375697674e+03
3.497033398921922526e+03
3.581531057160168530e+03
