1.505626646669628371e+03
1.442600160304649080e+03
1.724223743398239094e+03
1.401296548347478392e+03
1.918664053616192405e+03
1.611809831780212335e+03
1.176615518302090322e+03
6.941589466326546471e+02
7.066105012054897543e+02
6.290703900797326469e+02
7.506630372379212304e+02
8.512094664881603876e+02
1.481191906106038687e+03
2.198830172743294497e+03
2.206619159678010874e+03
3.317948513789417120e+03
2.419779760854149117e+03
3.024566167125955872e+03
2.299927893660310929e+03
3.107941446803376948e+03
1.651757430939131837e+03
1.086190547880727763e+03
2.101135878847897857e+03
2.846102595770812513e+03
3.298608510950926302e+03
2.912365765316571469e+03
2.975588821823438593e+03
1.974519748771188688e+03
2.769869085919322060e+03
2.269599188743884042e+03
3.825488322726003389e+03
2.512838266669932636e+03
3.396667674479723246e+03
2.661669152250745356e+03
2.366014486594898699e+03
2.653571383812257409e+03
2.357843374970220339e+03
2.738664050848014540e+03
2.338326437056445684e+03
1.230222527158282446e+03
1.207217806148006048e+03
2.118307704923803158e+03
2.247750444441619948e+03
2.969528153967685284e+03
3.485566092445312734e+03
2.103508569892058858e+03
2.331093901911241574e+03
2.692094035468461698e+03
1.863740827706941445e+03
1.856392774920668899e+03
2.346115655255265665e+03
2.061670244717702644e+03
1.755731483144549884e+03
2.297009193626341585e+03
3.073495141587553462e+03
2.894535593784933553e+03
3.839277867410652107e+03
2.600118776363246070e+03
4.303658790245206546e+03
2.942126668482693276e+03
3.734182185314820799e+03
4.232852409925490974e+03
4.210043232257702584e+03
2.521257922657258860e+03
1.586293841627340498e+03
2.128198130570936883e+03
1.885430628948576214e+03
2.485774741617115069e+03
2.782910049260386131e+03
2.843058630736571104e+03
2.705513121033359766e+03
2.174648628957927031e+03
1.852327178967147802e+03
2.306619071099518351e+03
3.708828048573379419e+03
2.584542278716417968e+03
3.704944210269822634e+03
2.213025987505700868e+03
3.402110866636693572e+03
3.306813347058214276e+03
2.820051877410270663e+03
2.773398829299715544e+03
3.205139191748326084e+03
2.779720528458512945e+03
2.534349675965680945e+03
2.748991049728819235e+03
2.996849845067524257e+03
3.016097600491645608e+03
2.309518798872186380e+03
1.167660977359676281e+03
1.994154190738727266e+03
3.803247687057824805e+03
4.474303309774619265e+03
3.030718581073026598e+03
2.948151436979711434e+03
2.117021443495294534e+03
1.983283353592195454e+03
1.867311285416223882e+03
2.565229900843844462e+03
2.130416765219826175e+03
1.974387444635308839e+03
2.625653008887352826e+03
3.579499827991737675e+03
3.698378689252095228e+03
4.050358039891899352e+03
5.101594430295519487e+03
4.491078976052929647e+03
4.779708770325613841e+03
3.854301752517929799e+03
5.366280825753041427e+03
3.162728465463777866e+03
2.166588114737322485e+03
2.960422850650406872e+03
2.261673743403036042e+03
4.079765131385504901e+03
3.650201829783112316e+03
5.319768952692998027e+03
4.105517920525335285e+03
2.975528368062372465e+03
3.524217653633565988e+03
2.604380025818367812e+03
2.706942212528268101e+03
2.916415026023373230e+03
2.912639847939613901e+03
2.565916879973078721e+03
2.066999686286927044e+03
2.259456978295478166e+03
2.297336659718721421e+03
2.053739932621490425e+03
2.260905700985118983e+03
2.396425467967390432e+03
2.314023028638056076e+03
2.079081076094348191e+03
1.827585407772962526e+03
2.019784536395955911e+03
2.410012120177368161e+03
2.599204099211970515e+03
2.199456579572507962e+03
3.406427792779853462e+03
2.014832646394891526e+03
2.282953603777621083e+03
1.280592965027480659e+03
2.444291209305128632e+03
1.527599843140022813e+03
2.220404213407842690e+03
2.313247240130860973e+03
2.245658912094500465e+03
2.601154376863382367e+03
1.690762601657482037e+03
2.375324617876493448e+03
2.587343937925899809e+03
1.888681303335277789e+03
2.410925944764938322e+03
2.130910961592359854e+03
1.753622938575223770e+03
1.588572712630505293e+03
1.145887409282967383e+03
1.088068073527281285e+03
1.530020852902292972e+03
1.985497743673352943e+03
2.538829853135564917e+03
2.169664902315517338e+03
2.100826348606270130e+03
2.287888171740294638e+03
2.241958583235711558e+03
2.548080510900253557e+03
2.535386660165232115e+03
2.334734846225442652e+03
2.434091355053131338e+03
2.749307992220032247e+03
2.413687154475714578e+03
1.578106938231308504e+03
3.021343609232797917e+03
3.771241592677014523e+03
3.148215257653037952e+03
3.977040375002325163e+03
3.846389461993835994e+03
3.526508661393816055e+03
1.984118120831957185e+03
2.141020574756508722e+03
1.675444010418202197e+03
1.949929864396405947e+03
1.862617503179520099e+03
2.386815552577757444e+03
3.505159588413674555e+03
2.186639747456832993e+03
2.650340822719489552e+03
2.739804744122175180e+03
2.403236588427351762e+03
2.398007638429164217e+03
1.312280774934728470e+03
2.019281112766773504e+03
2.358255423492565569e+03
1.336051438772607298e+03
1.793265117202731517e+03
1.352028612669665108e+03
1.505082591834239793e+03
1.266108829850248640e+03
9.393508120638132368e+02
6.170801036549833043e+02
7.777515150463085547e+02
7.771947704210231223e+02
9.463801388739059348e+02
8.144743210727001497e+02
7.619090198886851795e+02
8.273525051311639800e+02
6.772960040581248222e+02
6.335577927026147336e+02
5.149202042728226161e+02
6.204691615544284105e+02
5.197498048828302899e+02
2.471974988458466214e+03
4.669178593768840074e+03
3.792803952969681177e+03
3.208008938347669755e+03
2.221193369706742033e+03
1.646681744475574305e+03
1.583319521940250752e+03
1.180068379441758452e+03
1.526501626000797387e+03
1.076513984646125209e+03
1.440328949754578616e+03
1.042662423495072062e+03
2.501347361420203924e+03
2.557425641529035147e+03
2.627915794227914830e+03
1.799563079601098252e+03
2.559347077554690259e+03
2.260592006769076761e+03
2.636803526510318989e+03
1.773574679209487385e+03
2.901405067574058194e+03
1.556793405937823763e+03
1.463622237203726399e+03
1.439570759802596967e+03
1.603612524783405661e+03
1.635041912504070069e+03
1.829872380485281383e+03
1.978060477365381303e+03
1.672896361236079201e+03
1.601732107502335111e+03
1.738504274660115698e+03
2.131461151819509269e+03
2.851174791750130680e+03
1.975573774328493755e+03
1.475094516717463193e+03
1.628337240138173001e+03
1.868748858005337979e+03
3.142000282501941911e+03
3.401266948449604115e+03
3.453829897940004230e+03
2.860334395348003909e+03
3.590997227335357366e+03
3.143773551611451239e+03
2.668186074502003976e+03
3.107307895113232917e+03
2.455720496786046169e+03
2.761110419597356213e+03
3.054733427598968774e+03
3.095997320673371632e+03
4.944444398436012307e+03
4.474942249329478727e+03
4.414080275957152480e+03
5.150771364255370827e+03
4.737465848978695249e+03
4.570829329371060339e+03
4.983114240462628004e+03
3.025924689309838868e+03
2.663455731001596632e+03
2.746095322733307057e+03
2.519811520017336989e+03
1.067063708788401982e+03
1.317666973201430437e+03
1.109919804891339481e+03
7.637418265556621009e+02
7.022952638147695552e+02
8.694425804791376322e+02
7.905810241747127520e+02
5.344333477847436598e+02
5.997146044659818926e+02
5.830856453430537840e+02
5.250141848141212222e+02
9.066467758550494409e+02
1.296199897065541336e+03
1.172291476925332290e+03
8.918628743264210925e+02
9.730787043579473448e+02
1.142215325511358060e+03
1.421354462551102415e+03
1.168284842613501496e+03
1.197204278844905730e+03
7.816890743008161735e+02
5.569631247115835322e+02
6.967924628477417173e+02
1.145649100455540975e+03
8.807494065902578768e+02
1.404728521347691412e+03
1.376061789274873490e+03
2.252670520366301844e+03
2.572282655220641573e+03
1.928083230040808076e+03
1.983755926867270546e+03
1.902676114496460514e+03
1.289584755116070482e+03
1.753123250537303193e+03
1.905805569059899881e+03
2.173158340289623993e+03
2.493181769839925437e+03
2.257318476187064789e+03
1.986289225020778304e+03
1.974921006445262719e+03
1.484941362671384013e+03
1.265211784364007372e+03
1.420058038128452836e+03
1.104383068907735606e+03
1.177314358423610884e+03
1.463840444182649435e+03
1.421555814548948319e+03
1.434010673973457870e+03
1.094961727176451404e+03
1.565096112192598412e+03
1.927705257813044454e+03
7.252946449415425150e+02
1.210788169505002998e+03
7.017583200690930880e+02
2.169517694308304726e+03
2.394805244575228244e+03
2.783193510765079282e+03
3.488381324782767024e+03
2.310975754271082224e+03
3.396810189726925728e+03
2.281414707746553631e+03
2.113331025595022766e+03
4.485197110242575036e+03
2.388650770846394153e+03
2.206037748999713131e+03
2.256660671133788583e+03
2.787959284596258385e+03
2.992827829656996073e+03
3.034569837217684835e+03
2.478690166504650279e+03
3.198879048266504924e+03
2.699082738347189661e+03
2.870759096436408527e+03
3.112792105050061309e+03
3.018110339714960901e+03
2.544784215792423311e+03
2.306793624218225432e+03
1.600909210388646216e+03
2.105503623165491263e+03
2.100802821217223482e+03
1.366722028940788732e+03
1.201870893917171088e+03
3.182884563936879658e+03
2.836145368456033339e+03
2.449874921760904272e+03
2.063432593938493028e+03
2.161991329528477308e+03
2.063075897036806964e+03
2.208393035302048247e+03
2.258514813108697126e+03
1.975008334812672729e+03
1.775092258987055629e+03
2.880078588058197511e+03
3.129731898241454019e+03
2.703681398313547561e+03
2.673630657206252181e+03
1.772085481582180137e+03
1.668117078495805572e+03
2.409371044135783450e+03
2.657710734409261022e+03
2.394555712761479754e+03
3.182646982468857459e+03
2.855165778901777685e+03
2.432360493696196045e+03
2.529980752714713617e+03
2.725963863579833742e+03
3.360133210727987262e+03
1.684607206139673735e+03
2.045307675937703834e+03
2.245957604902085222e+03
2.361644713616964509e+03
2.611034754266286200e+03
2.557942703109134072e+03
2.578577145948205271e+03
2.536017461274967445e+03
2.456667648434449802e+03
2.760675492918998771e+03
3.265556082118698669e+03
2.899917491851342220e+03
3.142047285893085245e+03
3.495811933516708905e+03
3.136819763438998962e+03
2.806034770586215018e+03
3.785289155739351372e+03
2.982786951750702883e+03
2.642818406476946620e+03
3.707934970698858706e+03
3.194220740973566535e+03
2.753216138818739182e+03
3.811662378535919288e+03
4.628991460955412549e+03
3.425978685623418187e+03
3.963238767607088448e+03
2.371091295611633541e+03
2.793997199367041048e+03
2.257448223984004017e+03
2.275527746895575092e+03
2.316744079466090625e+03
2.601920274382212483e+03
2.846126200290266752e+03
4.126582588765808396e+03
4.383720969788158982e+03
2.503153529208033433e+03
1.909340838728076051e+03
1.854927463706898607e+03
2.586643316785715797e+03
4.049553072093451192e+03
2.295265572801800317e+03
2.933800566651601912e+03
1.584600130625685779e+03
2.162358039381093931e+03
2.984594140962770325e+03
1.818916786722556481e+03
8.929736724733818392e+02
1.941944982905185725e+03
3.915465368295161625e+03
2.782897807038374140e+03
3.286824497924637853e+03
3.928438337445452362e+03
2.566705211121275170e+03
2.589260530145073972e+03
3.239354431570701763e+03
3.112007068803603033e+03
3.883056078157780121e+03
3.086621540038814601e+03
3.751664207866923334e+03
2.780669144389263693e+03
2.814924856031091167e+03
2.557464704600189634e+03
2.696111244417967100e+03
2.083884095393529151e+03
2.020895631202205777e+03
1.809385039910718660e+03
1.644139429978414455e+03
1.463099392156302656e+03
1.810984755439535547e+03
1.768609795659717292e+03
1.743613204229700841e+03
1.180080454312132133e+03
2.726923406734812943e+03
1.798210248896876919e+03
3.076121819592262455e+03
3.156939300523938073e+03
3.343913748398661482e+03
2.740786893551868161e+03
2.043227285296969740e+03
2.492540796982674692e+03
3.488341183076272046e+03
3.435016903892504160e+03
2.694878086122544119e+03
1.973053995332047407e+03
2.730746276953187589e+03
3.272508284344778531e+03
3.051876033788818404e+03
2.584479838615784502e+03
2.621439443989085703e+03
3.337110020042518954e+03
3.349533155053200971e+03
3.030005833737816829e+03
2.239933812399356611e+03
2.248223061599139328e+03
2.565875009196320207e+03
2.356971969736074243e+03
1.831864282902432251e+03
1.794121919530178729e+03
2.074942108524323885e+03
2.261628967451204971e+03
3.352297772938892194e+03
3.412378466877164556e+03
2.266977082382993558e+03
2.665286363821631312e+03
2.916342705372289856e+03
2.648258395258638302e+03
2.896684169705337808e+03
3.250665978228425502e+03
4.603262060823742104e+03
3.975567488518538994e+03
3.697065544856790439e+03
3.572005040099231337e+03
3.871066138851632331e+03
2.440880756834950262e+03
1.667339903779579117e+03
2.462405080665485002e+03
2.020633144135949806e+03
1.977928476368442489e+03
2.178185530897787430e+03
