8.522001290343441724e+03
9.432965128212441414e+03
8.510783413392351576e+03
6.119749800193122610e+03
8.390485443004992703e+03
8.224817629877808940e+03
6.999222403756021777e+03
5.945046558557671233e+03
8.396504514757476500e+03
9.377611181602747820e+03
7.388898902935466140e+03
7.765577465762995416e+03
7.858158302782616374e+03
6.993608007249928960e+03
4.990632402135468510e+03
4.713317314987621103e+03
4.817928837911304072e+03
4.758843214515637555e+03
4.608946465448429080e+03
4.449626364683695101e+03
3.234288550787311124e+03
3.001997837286179220e+03
3.275339593365421479e+03
3.296728178166764337e+03
3.259392028639111686e+03
2.553131533588133152e+03
3.082257528622402788e+03
3.721538790579037141e+03
3.429801381998305715e+03
4.262929740142005357e+03
3.675841768811268594e+03
3.210191874723654109e+03
4.070826549151461677e+03
5.416178777439843543e+03
7.138565123942158607e+03
9.945328816748362442e+03
9.252515239251473758e+03
7.714128701440666191e+03
9.142728066364106780e+03
8.253779531442953157e+03
7.071255612545997792e+03
8.763238285718691259e+03
9.631839514606870580e+03
7.869193019527603610e+03
8.804141600953493253e+03
1.015724419274027969e+04
8.642904428965704938e+03
8.884359565435672266e+03
1.017785567097903913e+04
9.631312193885501983e+03
9.289660802508613415e+03
8.786774583191579950e+03
7.847264795714462707e+03
1.061475079391824511e+04
1.129568157592309763e+04
9.440956060290174719e+03
1.031083244653243491e+04
8.892779505190501368e+03
7.563580601068054420e+03
8.349357619213016733e+03
7.436714496474374755e+03
7.623295583778541186e+03
8.677604358190848870e+03
7.108757758768166241e+03
6.754725661654045325e+03
5.126822392972542730e+03
9.919376116376259233e+03
6.477398096517095837e+03
5.062436042173448186e+03
5.436237056358987502e+03
5.931416086273355177e+03
4.365831679561999408e+03
4.515800745734693010e+03
4.227722655234583726e+03
3.825758160995115759e+03
3.879108106349015998e+03
2.761532003125088977e+03
2.575594647223278116e+03
2.431321485089219095e+03
1.946332383986146624e+03
1.812068805331026397e+03
2.471325227163853015e+03
2.449919746365578249e+03
2.938928882288441855e+03
2.689148346783986199e+03
2.356560112426548585e+03
2.428230107635940840e+03
3.103815876931528237e+03
3.502842248739026672e+03
5.501144469534568998e+03
6.285218467121284448e+03
6.516680266663631301e+03
7.128974723062438898e+03
6.268375456625143670e+03
6.592786834934971921e+03
5.838370512312210849e+03
7.103732336862135526e+03
7.576466021585139060e+03
7.002846762246193066e+03
7.698964367453543673e+03
8.517119727032208175e+03
6.021628766913305299e+03
9.221466113867209060e+03
9.730398268048755199e+03
7.066334690927369593e+03
6.320852544298511020e+03
7.127090743251684216e+03
5.493197892294585472e+03
7.174093747617383087e+03
1.021034964773089450e+04
7.209849257427172233e+03
6.394189558755085272e+03
9.155521331913047106e+03
6.037110595876400112e+03
5.019318454209933407e+03
3.303691239945182588e+03
3.214266971943298358e+03
6.518889354624429870e+03
5.089275265068872613e+03
6.703286811525484154e+03
9.754415839123654223e+03
6.750998918750875418e+03
7.587236083989433610e+03
6.138655460396108538e+03
5.032251252196814676e+03
4.637885515621082959e+03
6.044462370052952792e+03
4.816603021860027184e+03
4.270813078644299821e+03
3.742191758134454176e+03
2.999760326269822144e+03
5.032627498011378520e+03
4.633013087064643514e+03
2.905057603044966982e+03
4.587664458024118176e+03
5.705613075287578795e+03
5.195327847178498814e+03
4.106271862616516046e+03
3.734531688838795162e+03
4.048294277918000716e+03
2.691242571375204989e+03
1.765285222032005095e+03
2.712534623651371476e+03
3.621516217905530539e+03
3.222177292173973910e+03
2.932199842433186859e+03
2.844897551347882654e+03
3.426974312072111388e+03
4.329450670480864574e+03
3.730292266291923170e+03
3.191133524235759523e+03
3.608168222689668710e+03
4.543468848431686638e+03
3.660660177628311430e+03
4.585011955415958255e+03
5.092269680980821249e+03
5.371627817694410624e+03
5.498848097713778770e+03
5.278644697646566783e+03
3.672524800721560950e+03
3.091301318428083505e+03
3.189416802397754509e+03
4.337839224935490165e+03
4.917695311822795702e+03
4.666528854573558419e+03
4.175525681307431114e+03
3.001184063482811325e+03
2.836299491285613840e+03
3.855603819022695006e+03
4.181324675047939309e+03
4.061422325185536920e+03
4.192342288836095577e+03
3.440458457667275979e+03
3.809146655804505372e+03
2.496913573142881432e+03
4.669747785028824183e+03
4.010469247016402278e+03
3.736151317176129851e+03
4.001727679272217301e+03
3.387075002379641774e+03
5.299455988115427317e+03
4.537388079538440252e+03
4.543947875884052337e+03
3.050924985618915798e+03
2.733647247648186749e+03
4.748021117245309142e+03
5.486308364007077216e+03
4.179548218753504443e+03
4.595452418844482054e+03
3.803581412917400939e+03
4.997406176488587334e+03
4.870254706059284217e+03
3.654678588495438362e+03
3.604350769326063528e+03
5.102950583512683806e+03
5.963474709918743429e+03
4.606719405352034300e+03
5.565972454774774633e+03
4.400391299195746797e+03
6.261449476868172496e+03
4.552872635043242553e+03
3.845261908302689790e+03
4.990483890672957386e+03
4.354447832819113501e+03
5.127008307694810355e+03
5.624591470515854780e+03
5.357924577864815546e+03
4.576049472261144729e+03
3.729487974051332003e+03
5.008325767967377033e+03
5.891769460070659989e+03
5.614391687736349922e+03
5.967216800757112651e+03
4.646877802599227834e+03
6.745149443960413009e+03
5.941147860946801302e+03
5.040963512265207100e+03
4.530702403594917087e+03
4.116014237170369597e+03
2.467051640266809045e+03
3.651579294601795027e+03
3.553547001251734855e+03
2.665850417975063010e+03
2.666947654098128623e+03
2.912717686951390988e+03
4.340733124359371686e+03
4.760839344881776924e+03
3.523942758968453745e+03
4.257968550517286531e+03
4.675904436126251312e+03
2.724047328510312582e+03
4.109497513583750333e+03
5.390472230114360173e+03
5.178739319663822243e+03
4.817240818401623073e+03
5.219592547964048208e+03
4.679925437398078429e+03
4.111624722443153587e+03
3.299082292028598204e+03
3.269709257260054528e+03
3.437240495668349467e+03
3.887704289229957794e+03
3.247590077942487369e+03
4.475166166097882524e+03
4.317226153602857266e+03
4.132319719358395560e+03
3.341498802039956445e+03
4.329007354635908996e+03
4.149725946771051895e+03
4.387357582326154443e+03
4.084277763427137415e+03
3.326633018738244573e+03
3.571013816298491292e+03
4.888883803858449028e+03
3.901526901203513262e+03
4.196438115430370999e+03
5.108105483555690626e+03
4.517678038278245367e+03
4.538896735742869168e+03
4.668991308645741810e+03
4.610755323083279109e+03
5.141678679533793002e+03
5.156104082042663322e+03
6.038178791152392478e+03
4.562306715907292528e+03
5.415210693487273602e+03
6.654827852704733232e+03
7.599988668809967749e+03
9.840642816429663071e+03
9.375887431619261406e+03
6.125539606564161659e+03
6.990712355839839802e+03
5.028747672421024618e+03
7.694462408171508287e+03
7.555949462238592787e+03
5.920870591120781683e+03
4.581546454032531983e+03
4.798448226948379670e+03
5.172852856239623179e+03
6.292568775937367718e+03
3.972523946377312768e+03
3.547735620196289346e+03
3.451318766222068916e+03
5.273144863745061230e+03
6.730135993059266184e+03
7.794885047453075458e+03
7.189966909010754534e+03
4.678907116743952429e+03
5.331905256086607551e+03
3.570943589633091960e+03
3.734192545329981840e+03
4.564381026306632521e+03
5.317832821569784755e+03
4.868072225785656883e+03
6.267558170529247036e+03
6.436728389932390201e+03
6.094321868103809720e+03
6.421220195529063858e+03
7.149217859020589458e+03
5.600459785929397185e+03
6.482769609556139585e+03
6.245625046455784286e+03
4.417767681089658254e+03
3.251450957619708333e+03
3.449697967951934970e+03
3.179108811828072703e+03
2.800453437534869408e+03
4.278953467982014445e+03
4.148576665234713801e+03
5.661073634961506286e+03
5.821347922733808446e+03
7.412292569039074806e+03
7.605101257845269174e+03
5.651191683748902506e+03
2.875586569172832696e+03
6.887717462151763357e+03
4.971083152570656239e+03
5.128729115556619945e+03
4.905503645322698503e+03
5.794243913775897454e+03
4.168406106554164580e+03
4.159100088224404317e+03
5.717199721455341205e+03
6.698690992937609735e+03
6.569549657266660688e+03
5.686812032505745265e+03
6.222562781422971966e+03
8.200147865385772093e+03
7.677095432021583292e+03
7.808804945814496023e+03
9.005361720358101593e+03
7.411431290601401997e+03
7.438211838636490938e+03
8.821814747151505799e+03
7.450362603001632124e+03
5.765013976755404656e+03
5.398196115861436738e+03
5.933787495857435715e+03
5.542033764643518225e+03
9.379019877524791809e+03
3.294869202884430251e+03
3.221968333851914394e+03
4.981717992752664941e+03
3.392171798644263163e+03
3.920999953487684252e+03
3.353591552046709239e+03
2.101350949357726222e+03
2.305877091971230129e+03
2.457823056446658484e+03
1.762669508412181358e+03
2.099582115671136762e+03
2.122232525009111669e+03
2.583511572140349926e+03
2.362884465839520090e+03
1.893928896425581797e+03
1.810073090204758728e+03
2.475827998269756336e+03
2.643736339358191344e+03
2.466354925868360624e+03
2.657070310113653250e+03
2.416992335565495068e+03
2.667634766870884050e+03
2.314859404029695725e+03
2.597519262415102276e+03
3.335976656841412023e+03
4.258191690687485789e+03
3.940752605725474041e+03
3.698035307166341681e+03
3.191647331530361953e+03
2.473454113077104921e+03
2.126673211030992206e+03
2.605045488574170577e+03
2.791452859607029040e+03
4.264969575034268018e+03
6.501014107789866102e+03
8.070821725529574906e+03
4.571859400952858778e+03
5.154668036580236731e+03
6.554774586822340098e+03
6.197568783109760261e+03
5.860777333381073731e+03
5.652219532698721196e+03
4.957413602539110798e+03
7.761967333063795195e+03
6.837020747720510371e+03
5.907560421766198488e+03
4.380971250015991245e+03
5.102796900029411518e+03
5.633603036050209994e+03
2.353594321709382257e+03
3.761800991106134006e+03
2.695809538629533108e+03
2.536753018445549969e+03
3.072348042464620903e+03
3.134655198257096345e+03
2.918398684714718001e+03
3.065436854013639277e+03
3.817463979542499146e+03
3.451131851572256892e+03
3.220430422580594950e+03
3.204666162069681377e+03
2.962597298542090812e+03
3.809139830155574600e+03
2.400191587641414117e+03
2.870244373030483075e+03
2.563267864425560674e+03
3.288103520290773758e+03
4.301103313111229909e+03
4.380994803399706143e+03
5.173093933695137821e+03
5.406275044310419617e+03
4.564568158871759806e+03
5.382883168907336767e+03
3.795846014658802687e+03
4.836834488149241224e+03
4.200179373852571189e+03
5.853610980446529538e+03
4.887988341718106312e+03
4.910790993304296535e+03
4.708609226470410249e+03
3.983409845555690936e+03
3.115893297988723589e+03
4.211197800316688699e+03
4.199083477398569812e+03
2.721255473752055877e+03
3.529401928795729418e+03
2.778892045217699888e+03
4.200909638870088202e+03
4.051574270223779877e+03
3.306640127076603221e+03
2.560006293125628417e+03
2.703450652916986655e+03
2.378771983183540669e+03
2.347238620968764280e+03
2.527190176805463580e+03
2.557660044061533426e+03
5.993879283849164494e+03
6.638463173860437564e+03
5.823446762150288123e+03
7.440755165239315829e+03
6.704240842271217844e+03
6.634875684267723955e+03
4.549355905769555648e+03
2.857005063521437478e+03
3.119378514827477829e+03
4.287085039358214090e+03
4.152587344825058608e+03
4.389716537595040791e+03
4.243910837566338159e+03
4.781220823276104056e+03
4.611883950598240517e+03
5.140757231792855237e+03
3.846863739489144791e+03
3.791685009042348611e+03
3.260309574271322163e+03
2.008116897321786837e+03
4.526978980379198219e+03
3.055967822800898375e+03
4.771568262326194599e+03
3.822559495492074348e+03
3.602725376854894421e+03
3.712691637270610954e+03
2.660829101929634817e+03
2.540720263340017027e+03
2.131220362024138467e+03
2.278856262927748958e+03
2.558920447988253727e+03
2.577383094990396785e+03
2.487248722740313497e+03
2.250456969291619316e+03
2.400554246910361144e+03
2.611556876333631863e+03
2.133389867719407903e+03
2.212081802338276248e+03
1.881221446677785252e+03
2.472581601670954115e+03
3.429380136401331583e+03
3.635375341427617968e+03
3.169318250558556429e+03
2.829242294709800262e+03
2.757538669260288771e+03
2.628611025610875458e+03
2.521020740406028835e+03
3.188558675958447566e+03
3.557084861526136592e+03
3.208613383572213479e+03
3.776887132074808051e+03
3.070403580120256265e+03
3.669360808224410448e+03
3.065787742047862594e+03
3.467589315773137059e+03
4.220712505896255607e+03
4.108387916607384795e+03
4.789073346866846805e+03
4.088359726347413471e+03
3.949163434211707681e+03
3.857761634411728210e+03
