2.484442456880901773e+03
2.494561317879632043e+03
2.196207159539888835e+03
2.331052240976179746e+03
2.353275579009850389e+03
2.009319271481467467e+03
1.884900969325113920e+03
1.876088037947038629e+03
1.725420062485304925e+03
1.080009797521086284e+03
3.083158504672408071e+03
4.058043376089294270e+03
4.265996839647169509e+03
2.871189527265036304e+03
2.551946947045415982e+03
2.812702230913796484e+03
2.067518191367256804e+03
2.659998317984388905e+03
2.916144310256649533e+03
3.815666725952000888e+03
3.880871597936984017e+03
4.090865831645746312e+03
3.932186499291246946e+03
3.014137143261403253e+03
3.403261243354422277e+03
2.819449624449596286e+03
1.491628092964408552e+03
1.616529368524652000e+03
1.078950507229125606e+03
8.214023905256526632e+02
1.227610557381795616e+03
1.395411502612716731e+03
1.600195472888626682e+03
1.231648083150146476e+03
1.097030911584621663e+03
1.225950535769974067e+03
1.272976369822917832e+03
1.086836308534295767e+03
1.559114039768904604e+03
8.262878208477652606e+02
5.304309969794690005e+02
6.727022118794873222e+02
7.983912872599848924e+02
1.148179007016991591e+03
1.347121935446933776e+03
1.038091829793135275e+03
1.122786450938806411e+03
1.914316462674522882e+03
1.922088022898899453e+03
8.236357929355722263e+02
2.230150828719707533e+03
2.386419122639520992e+03
2.353102116577108973e+03
2.046637480859547850e+03
2.215818138876208195e+03
8.378059991629643264e+02
6.689537394034035742e+02
1.061189713187160123e+03
1.441466721437700244e+03
1.731013196010328102e+03
1.723904094623411765e+03
2.374861834422089942e+03
2.252079723126095359e+03
2.496214277014841628e+03
2.810082711698910771e+03
2.684468771003223083e+03
2.518573545994157485e+03
2.547601920928751497e+03
2.451878477224465769e+03
2.492709425288753664e+03
2.667148338023964243e+03
3.050632950667484693e+03
2.547762244459170688e+03
2.059623038368671587e+03
2.642355251674481224e+03
2.460379268889232662e+03
3.944864997708368264e+03
2.909326440360165634e+03
2.510609519241479575e+03
2.509862799955241826e+03
2.053869310076003330e+03
2.527006611587046791e+03
2.607947267267971256e+03
3.048682392424481350e+03
1.817143815933915675e+03
2.277479502972251794e+03
2.389908441227096773e+03
2.340322589467696616e+03
1.877532906160052562e+03
1.963870622601643390e+03
1.927863824665829952e+03
4.235491634950183652e+03
2.346515369834935882e+03
2.155068884306370819e+03
2.869647153552991767e+03
5.102728486338147377e+03
3.589707871578577851e+03
2.872182846363485623e+03
2.480432571243504754e+03
2.660461375135050730e+03
2.197923110760185409e+03
2.297403172379207717e+03
3.344877053031837477e+03
2.675321068981386816e+03
2.351833279338085504e+03
3.762533319467537240e+03
4.174806194270492597e+03
3.997453507072254524e+03
2.201645806360637380e+03
3.204484371004268723e+03
2.835517573816899585e+03
2.240831871490300273e+03
3.806634182371629322e+03
1.669166224628497730e+03
1.167546714508682726e+03
1.922335601601797180e+03
1.321090121549519836e+03
1.121451545394722643e+03
1.148593012537754475e+03
1.172321667398794943e+03
1.939261129719468727e+03
1.843764719192316306e+03
1.872352628860776122e+03
8.074165489404009577e+02
7.598974336924205772e+02
7.920756409229639985e+02
8.690695499033801070e+02
1.008474459936036965e+03
7.313372214965000921e+02
8.883474158990721889e+02
1.005730484900025886e+03
1.607841698733087924e+03
1.692149575475439860e+03
1.061163704443937377e+03
1.084620701079410537e+03
1.179998720165951909e+03
1.527598029205380726e+03
1.829363078136987951e+03
1.694653010589331416e+03
1.507596485777445423e+03
1.460722464340701890e+03
1.401634686745517001e+03
1.060716803006346254e+03
1.079858122307523217e+03
1.611293055299761136e+03
1.014668278479537207e+03
2.522016504946633631e+03
1.736137991232476224e+03
2.265619666923530531e+03
2.908945942631660273e+03
3.244623248970372970e+03
2.987920934055047383e+03
3.323292012858275029e+03
4.053342809682798816e+03
2.440507973644976119e+03
3.403752159641128401e+03
3.975896774794621706e+03
3.698073340893738077e+03
3.349738294689817394e+03
4.856340483235178908e+03
4.445650864485317470e+03
3.617559013717611379e+03
3.984198346741105979e+03
4.355220203253219552e+03
3.046684615234592457e+03
3.202776828461690457e+03
2.983357810504614463e+03
2.729678447418081305e+03
2.437053594132872149e+03
3.212005298129092353e+03
2.616349321636135755e+03
3.196671467278422369e+03
2.231811723753741717e+03
3.297906179771768166e+03
3.681723583072315250e+03
3.018712299128372706e+03
2.758854848250893156e+03
3.649532772018863398e+03
3.347661605129501368e+03
2.678993323130792305e+03
3.095743248767138539e+03
3.901800637679487409e+03
3.218371118447623303e+03
3.443839108508271693e+03
2.221910481467132286e+03
3.213594897656447756e+03
2.994687135484449755e+03
2.831855386870955044e+03
3.033797432004611437e+03
3.156297694300202693e+03
3.614382362478657797e+03
1.919486329365074425e+03
4.015161025620421697e+03
3.130333481706423299e+03
2.575476648977225068e+03
2.682584197747197322e+03
1.779700423866673418e+03
2.206917915772623473e+03
4.567773741018456349e+03
3.684469954856305776e+03
3.897322662007997224e+03
3.020196814025255662e+03
3.421557294721117159e+03
4.512715429595279602e+03
3.040218192751585775e+03
2.149278460279825595e+03
2.044310121808444819e+03
2.208039620689917228e+03
3.397863321119220927e+03
2.536378431360086324e+03
3.275888018345460296e+03
3.993230681369895137e+03
4.542459969235485005e+03
1.367336494426282798e+03
2.047015583853689122e+03
2.849797587839410426e+03
2.919072723146732642e+03
1.925844320649179053e+03
2.054441034180583301e+03
1.377983569169933617e+03
7.560928734052312166e+02
4.227158914384494892e+03
4.565854442510215449e+03
3.698007362580289737e+03
3.722474984800599032e+03
4.408307007294775758e+03
3.410115008143386149e+03
4.035651345511379986e+03
3.229205562929595544e+03
3.954401726747041721e+03
4.357020522441711364e+03
3.184122023559216814e+03
2.772960542163099035e+03
1.498842015807086455e+03
1.528457378827474486e+03
1.654901743655334485e+03
1.815587616534638755e+03
2.162889317326637411e+03
1.915416204301033304e+03
1.225406547177523180e+03
1.227710079538805985e+03
1.397671106949555224e+03
1.544510270139279783e+03
1.145757516410792732e+03
1.016556483549705149e+03
7.477645023197877663e+02
8.717476993472514550e+02
2.137041126461310341e+03
3.317803007786037597e+03
2.960605264191388414e+03
3.256241351341672271e+03
3.315774113483182191e+03
2.338709106827314827e+03
3.091560060457231430e+03
3.540406940427537393e+03
1.790688693219952484e+03
1.965736727741403683e+03
1.860268486178149942e+03
1.740596754316313309e+03
1.061209243593657675e+03
1.766833445976474650e+03
1.950015653115281111e+03
2.151917352405774636e+03
2.658420683140775054e+03
2.481119026604734245e+03
2.839633938420032337e+03
1.914719760659499570e+03
1.810080187615767272e+03
1.997132867814868632e+03
1.803361669851425404e+03
1.573891959720778686e+03
2.649143902113416516e+03
2.531761634990238690e+03
3.517446940665643979e+03
2.309777788585637609e+03
2.577971332494234503e+03
2.453976147886914077e+03
2.606894362440763871e+03
3.774218680871076685e+03
3.883293687231205695e+03
2.616054280397137518e+03
2.742588489537678015e+03
3.392647958980069234e+03
2.708750618198977463e+03
3.538118197706226056e+03
2.513437275509461415e+03
2.123796256607616669e+03
2.232793190759427034e+03
2.191873698281612178e+03
1.783556565367325675e+03
9.514251165247287645e+02
1.261083140873809725e+03
2.018758187788905161e+03
2.301064753262273371e+03
1.773564352863550312e+03
1.570553646787355319e+03
1.311965897104802252e+03
1.673160055842421798e+03
2.003244987641324087e+03
1.251285088398144808e+03
1.413862192182751187e+03
9.227768714251990332e+02
1.549465600199220489e+03
1.205624094165083079e+03
1.291336906692068851e+03
1.095323329353164809e+03
8.658537208495882851e+02
3.228438503550526661e+02
8.072116815374442922e+02
6.486125496509785080e+02
5.343917151717820389e+02
4.657280563100589461e+02
9.029929521304999298e+02
6.368420301904815233e+02
8.464541088786629643e+02
1.333318362230209459e+03
9.162520033289905541e+02
5.566827156433112123e+02
1.068963917133857422e+03
1.052399055294825757e+03
6.993294422234894228e+02
6.937824822684788160e+02
7.381814003799524926e+02
7.123354880228489492e+02
1.075721748451990379e+03
1.227089687584991680e+03
9.033642005860441486e+02
9.092704422307074310e+02
5.837031222944773390e+02
1.067072764433422890e+03
8.806545321159261448e+02
1.318165722345159793e+03
7.945596178369351037e+02
8.418746562617369591e+02
1.422188655095570539e+03
1.575378932106915045e+03
1.274393979439139457e+03
1.171039214248358576e+03
9.249113588304880977e+02
1.169421533029315924e+03
1.444571464976927246e+03
1.629169841759802239e+03
1.665884507642046856e+03
1.839043421478213759e+03
1.757153519671587901e+03
1.275428131397504558e+03
1.341506812039849365e+03
1.537992923575428676e+03
7.743061936258993683e+02
8.010139995986731947e+02
5.997312380063117416e+02
1.756358348114463070e+03
3.902212447665615855e+03
3.025838610315089227e+03
2.711682043932602483e+03
2.226843990971227413e+03
2.572961039654270280e+03
2.734279203829506514e+03
2.732669409592545890e+03
2.682623135402145635e+03
1.897802717685776088e+03
1.702336643707921212e+03
4.265310864584488627e+03
4.113123109903128352e+03
2.706207974808177369e+03
2.791918911820244375e+03
2.291119383229246978e+03
2.060057503385343807e+03
1.719474142534503244e+03
2.072396534254624385e+03
3.278445054903625532e+03
2.132039006056234939e+03
2.101406979603975742e+03
2.845883175410166587e+03
2.239472863808365219e+03
1.944801638443404272e+03
2.657354724944330883e+03
1.859822164581855759e+03
2.475696658065637621e+03
1.700854692290045705e+03
1.821338305518311472e+03
9.874775790427604534e+02
7.703549497837946092e+02
1.001006547005027642e+03
1.088213767419191072e+03
7.753045042799703879e+02
3.281800277409800856e+03
1.948313970268188996e+03
2.577122856414008311e+03
3.190928313673392495e+03
3.510030878089484759e+03
3.748710486281956946e+03
2.095996522992365044e+03
2.293080404031011312e+03
4.025906795577401226e+03
2.261785949551849171e+03
2.311075243631229114e+03
3.881208101288385478e+03
2.951633551270335829e+03
4.264962144132559843e+03
2.373700127862111458e+03
2.858401266952612332e+03
2.299521212890768311e+03
1.902329121409157551e+03
1.391303077728968219e+03
1.029404515187549350e+03
1.911340366090815223e+03
2.583796307189840718e+03
3.461299946578253639e+03
3.206371843697815621e+03
7.864080958560963381e+02
1.195110363465441651e+03
1.080806472282111372e+03
1.155274852899607140e+03
8.730266406678327940e+02
8.844566572695794093e+02
6.504232034599061762e+02
6.192060938530494241e+02
5.132415483426625542e+02
4.674502094872111115e+02
7.664930199015295784e+02
8.409831445608903095e+02
9.435886276310282028e+02
7.332277506340367381e+02
6.266333772772256907e+02
9.542586793283960560e+02
1.030871848339588951e+03
1.182254171878631723e+03
8.073046344405646551e+02
1.152059835535634420e+03
9.419427796238777546e+02
1.268742615901237741e+03
1.056235976410211833e+03
8.009695689218715415e+02
1.192816805701975682e+03
9.804524589252746409e+02
1.403566313682315922e+03
1.485903694598856873e+03
7.622704812367258000e+02
1.421403140397906100e+03
7.193088573336101490e+02
8.693594944489964291e+02
4.124751238856602527e+02
9.593843875725580119e+02
2.797277890196068711e+03
2.776865123622932060e+03
2.206500050485557495e+03
2.659833146036357448e+03
3.144452877840342353e+03
2.068893474213591162e+03
1.421646372349131298e+03
1.772134094394718886e+03
2.131819336010277311e+03
1.501431057601328575e+03
1.000431767293162579e+03
2.010690514307603962e+03
3.253825922504377559e+03
3.685354250149605377e+03
2.853325227406986869e+03
2.323240569768987825e+03
2.790502338053716812e+03
4.510596867153033600e+03
2.949358910509959060e+03
1.725236127938461323e+03
2.344382846986904497e+03
3.100817181090586473e+03
3.430672025317745920e+03
3.122859637614223629e+03
3.303962774258741774e+03
3.581032281301979765e+03
3.177490312145658663e+03
2.802453064512703804e+03
2.633408870658713113e+03
3.037838074526057881e+03
2.765733371009565872e+03
3.054503794052256580e+03
2.667919355227275901e+03
3.025199930019550266e+03
2.725051674175093467e+03
2.074556928126352886e+03
2.839388805907728511e+03
2.343954063208644129e+03
2.279299814636594874e+03
2.079139825689585450e+03
2.558938630451633344e+03
3.105704393064439955e+03
2.115772280877087269e+03
2.128155692856847509e+03
2.600159718302277724e+03
2.946850874894370918e+03
1.943795154291294693e+03
2.376185652890302208e+03
3.389004855670280449e+03
1.307217977736296461e+03
1.396439210096375746e+03
1.295089578417813527e+03
1.318451601536645512e+03
1.257891692543231784e+03
1.373994010473422577e+03
