1.299144949634816385e+03
3.604899719254004594e+03
1.223349049959070726e+03
1.499350096325450068e+03
1.469387826418870645e+03
1.092741402745783489e+03
2.800910716536996915e+03
2.516385898844698204e+03
2.264241423281410334e+03
3.034887993107414331e+03
1.921627308713647381e+03
1.963925749342009567e+03
1.274739279188623868e+03
2.353798620020430008e+03
2.399482286120204662e+03
1.901104222201310677e+03
1.592469844622473147e+03
1.128997036683545502e+03
2.677818400508445393e+03
1.476715994319943820e+04
4.837569751122721755e+03
3.170566087908071495e+03
2.106166664306633265e+03
2.317043409400746441e+03
1.608635776386537827e+03
1.883382544009886715e+03
2.046776686745699180e+03
1.360433941725613067e+03
1.567290199684377740e+03
1.895294730790312542e+03
1.606154843964067823e+03
8.725927755338137786e+02
9.770872652354776164e+02
1.957449654428886788e+03
2.835913101741388800e+03
4.444412986181397173e+03
2.468905870299841354e+03
2.562370123679701919e+03
1.685822059724220708e+03
1.606967303399346520e+03
1.448439153141281167e+03
1.587798957599051164e+03
1.745502191805318944e+03
2.453347770831327580e+03
4.230448008784895137e+03
3.149286320996036920e+03
8.184531366662643450e+03
3.741467087628613172e+03
1.129001415838329922e+04
9.193853248861621978e+03
1.052809158665452378e+04
3.488124565768811863e+03
9.351358595710678856e+03
5.128550330008331912e+03
6.275463029884164825e+03
3.878245044487233372e+03
6.829350753249255831e+03
1.203931636629604145e+04
4.083126638749927224e+03
3.455008217793558742e+03
3.301278213362988026e+03
4.428140135809154344e+03
1.818403175628244981e+03
2.336836692994565965e+03
2.689416130617949875e+03
3.941273778041968399e+03
7.460585921209242770e+03
7.395814440484363331e+03
8.710410060586571490e+03
7.808942403326923341e+03
4.440928226243165227e+03
4.110959997081108668e+03
4.260693409791128943e+03
5.415939045022455502e+03
6.890316683307077255e+03
6.641570119675697242e+03
5.471506369946891937e+03
4.418966719808610833e+03
3.385355468908204784e+03
2.784865701915140107e+03
4.079029596033521557e+03
2.890927868781444886e+03
4.177951447725901744e+03
2.068561281715919449e+03
5.566976788891762226e+03
9.385359028141519957e+03
6.949900543038101205e+03
6.864907837677989846e+03
4.957096013911601403e+03
8.537752472621896231e+03
1.197495694345655102e+04
5.983167444217416232e+03
3.955657934289980858e+03
5.207182395633675696e+03
9.526281216913392200e+03
5.470766457727465422e+03
9.935085681889006082e+03
7.171161149343171928e+03
9.768847419631350931e+03
4.514714288557958753e+03
4.709924343200388648e+03
4.179647769073568270e+03
3.007862516622137264e+03
3.188493204297853026e+03
2.216503745368895125e+03
5.419732296457258599e+03
1.801872894619400313e+03
7.883120756908424482e+03
7.939603932720112425e+03
7.329322570460251882e+03
3.959710648861624577e+03
7.545788122256273709e+03
6.380160408021267358e+03
6.942542585695261550e+03
3.510304973965343379e+03
1.094479654976382881e+04
4.849586417132157294e+03
5.814760946227546810e+03
4.766653119883589170e+03
7.725021093370868584e+03
4.856277397730447774e+03
9.081494386856767960e+03
6.238467779021945717e+03
4.648676115673206368e+03
4.995005644734595080e+03
5.712569708440262730e+03
1.030094814963031604e+04
8.718192483463597455e+03
8.630596861653288215e+03
1.320080820033325472e+04
9.246851314359497337e+03
3.830819798872279080e+03
4.121290614978786834e+03
6.018348539620866177e+03
3.873423789224958909e+03
5.985859374876736183e+03
3.563302080487524563e+03
3.375674701772460594e+03
3.524880228714095665e+03
2.304745733669346464e+03
2.159415626985781728e+03
4.116820342710397199e+03
6.669901928812488222e+03
4.468056304312876819e+03
1.358585415030069726e+03
1.074749335911993876e+04
1.157077026825400935e+04
9.221013632886753840e+03
1.245043932701518497e+04
6.993752341581835026e+03
4.757734271216073466e+03
2.259218008578579429e+03
2.341429366805836707e+03
2.737294655516184321e+03
5.357054852855007084e+03
4.931043054716831648e+03
4.587970237717867349e+03
3.572791279987904545e+03
4.507200733254070656e+03
2.830213903266089346e+03
2.153548897801266776e+03
5.404981622398988293e+03
3.096816482225030541e+03
1.700934275392908603e+03
5.017721582146626133e+03
1.589936273928878109e+03
5.208753047945731851e+03
2.668851156765892028e+03
3.251788647859883440e+03
3.445848323675532811e+03
4.478911346405080621e+03
2.064130518513098650e+03
4.086259595545491720e+03
4.261915999372202350e+03
6.431523595604815455e+03
5.193037225954674796e+03
5.446171225850624069e+03
4.642398432330400283e+03
8.948092699268636352e+03
5.899946496853204735e+03
8.111015585969936183e+03
6.740652357468644368e+03
6.696218461851351094e+03
7.831116888875048062e+03
7.213371270654864020e+03
4.824799544755955139e+03
2.831567275919890108e+03
2.639911594643316221e+03
2.827690052065908276e+03
1.379765363225690407e+03
3.983252588455313798e+03
4.396108876440964195e+03
2.711332057112681014e+03
3.693790696611136354e+03
1.520323947812687720e+03
7.997650441890120419e+03
1.268189423172858733e+04
4.655292674771492784e+03
5.328863586464840409e+03
7.732298192852033026e+03
2.483346822981185142e+03
4.636071303430726402e+03
5.532504153800419772e+03
2.785007809595763320e+03
5.186008951450840868e+03
3.663301874786375720e+03
4.675391534698106625e+03
1.371289893875792586e+03
3.895945773537275272e+03
3.467591407866190821e+03
1.904329644653062587e+03
3.154510637982361004e+03
9.754876115207058319e+03
4.433755812864254949e+03
5.262840902030302459e+03
4.210898834981520849e+03
4.185349977725886674e+03
5.270353854239673637e+03
2.974575047038472803e+03
3.248599771869660344e+03
3.971056325683842260e+03
1.024810108787691388e+04
4.035579079632555477e+03
4.188657281056138345e+03
9.458776503598144700e+03
6.773800828923101108e+03
9.865379920341860270e+03
7.605533335568763505e+03
5.118230728851488493e+03
2.851450617038818564e+03
4.296851116969067334e+03
3.590385249468322399e+03
2.260974567869962357e+03
3.770436528823304343e+03
7.323097604840723761e+03
8.951701152832076332e+03
6.017775237890438802e+03
7.488236647212989737e+03
4.337871638337458535e+03
1.144096246866783804e+04
5.690199661133514383e+03
4.263014713128570293e+03
9.675653788731102395e+03
1.423104132609503540e+04
8.428468188442777318e+03
7.094383570119359320e+03
1.151402424877859085e+04
6.027480021632716671e+03
9.569302270773003329e+03
1.065319353067552947e+04
1.158703545301665872e+04
7.628137354301880805e+03
1.154690175123955123e+04
1.151456025635945480e+04
5.494802618932847508e+03
6.275264836335722066e+03
1.198349667072390048e+03
2.806244809219943363e+03
1.373729290906442429e+03
3.265672917350473199e+03
1.871540369614666815e+03
2.441416628065334862e+03
7.489508097300744339e+03
7.756685186609244738e+03
9.062613848987102756e+03
6.257037531009957092e+03
5.366702709111506920e+03
5.680460610267341508e+03
4.716640719950820312e+03
5.800582695119987875e+03
4.446291942557901166e+03
4.386817149863620216e+03
3.904621971811601725e+03
2.758789341297396277e+03
1.661687364010349484e+03
1.418099568037384415e+03
1.909405859887533097e+03
1.373748894707159479e+03
1.353042515860691310e+03
1.056004602078393191e+03
1.334741456760468509e+03
1.264827550244328449e+03
9.402163925526781441e+02
7.343075604729340284e+02
7.521952827514793398e+02
1.713238534189850270e+03
1.091278495594769993e+03
2.539169586349111341e+03
9.597558593310010338e+02
7.513901385967072883e+02
1.019145659509672555e+03
2.887519417150771915e+03
1.175274558452197653e+03
1.108686811869424446e+03
6.862040138555736348e+02
1.461868102097545489e+03
9.663986868315539596e+02
9.546260111268564970e+02
1.472634999450369378e+03
1.265683896554029161e+03
1.471050636096954577e+03
2.116748678629880487e+03
1.238215180412293648e+03
1.012309532589988180e+03
1.759174514591925117e+03
2.157997614096683265e+03
2.879410024934152716e+03
9.730210929535306832e+02
1.355218329611482659e+03
9.783609228985208119e+02
1.548593374600003926e+03
8.579354577666301793e+02
1.276284461136526716e+03
1.655298593599377000e+03
1.130165054010246649e+03
1.430633090632720950e+03
1.538321139754877777e+03
1.222144321432696188e+03
1.691484731873483270e+03
1.984706631617703124e+03
1.252159393296626831e+03
1.101684826917083228e+03
1.657332391692014880e+03
1.443781056354298926e+03
7.982934431082702531e+02
2.957825627349366641e+03
2.543999007445870120e+03
1.419464597129240701e+03
1.379980130704224166e+03
3.437900437063687605e+03
2.077705660784830343e+03
1.054878456416831114e+03
1.723291006687749132e+03
1.473824825769698464e+03
1.496531253415578703e+03
1.718901137412990010e+03
1.995209487559649006e+03
1.372855509790683755e+03
2.015729994459479713e+03
1.102765431557680358e+03
3.212811524935444140e+03
2.675837446792092123e+03
1.742938118535979356e+03
1.113981787937834497e+03
1.804864774082325766e+03
8.678406315754323259e+02
1.594645578664068353e+03
1.125591213755457147e+03
1.101303625637536925e+03
1.121180315535493719e+03
1.184980550923384499e+03
1.180396872851142007e+03
7.747159235345880006e+02
1.241736102750822965e+03
1.273359655664520460e+03
1.266053495557804808e+03
1.309886225901748503e+03
1.472065625166274913e+03
1.407693411590263850e+03
2.170981234707942804e+03
1.480491338532587179e+03
9.887839109277427951e+02
1.333888535225265059e+03
1.155552266624394179e+03
1.809340879064050114e+03
1.074824296763740222e+03
1.452663084321607357e+03
5.535144119752081679e+03
1.319089755343168463e+03
1.214916119778296434e+03
1.266547754551604157e+03
1.335528973406508612e+03
1.545297408496135859e+03
1.449431860850431349e+03
2.509208074849367677e+03
1.019362483651672051e+03
1.254452494543083503e+03
2.760685755243801395e+03
1.137857565968583458e+03
1.769296485264179637e+03
1.798033306199068193e+03
1.533942493432500214e+03
1.437098891426625414e+03
1.018196862191272430e+03
1.037547694508612267e+03
