1.299144949634816385e+03
8.271020152947029374e+02
3.477417424212887454e+03
3.914392196330521529e+03
1.861061547805140890e+03
2.699784988807953141e+03
1.812172071486668528e+03
2.569041804061489074e+03
2.366526680011288136e+03
1.325042401191242561e+03
1.459198494515947914e+03
1.576808759774764667e+03
1.295556759809350297e+03
4.720841237874569742e+03
1.645165011689430912e+03
2.519013629422345275e+03
2.153885834722209893e+03
2.996762323904455570e+03
1.220657777449730702e+03
1.664546736295152868e+03
1.761905924008493230e+03
2.028910331898367758e+03
5.993211525876032283e+03
1.650924106484696722e+03
2.340334626183953787e+03
2.967057769425759034e+03
2.249495863255542645e+03
2.191131692601621580e+03
3.823887638171082926e+03
1.883106873237279160e+03
2.117324627111795508e+03
3.315403518982122023e+03
4.009063032244503120e+03
3.732339269259447065e+03
4.946185685202718560e+03
3.134736357512578252e+03
2.104088731030364215e+03
1.980992386114645569e+03
2.502677917583355793e+03
1.682763538782415935e+03
2.115967918197138260e+03
2.063478376506222503e+03
2.930728192432681226e+03
1.558749960643690429e+03
2.181309217731388799e+03
1.688781878655464425e+03
2.299020931225087224e+03
2.680888892354754262e+03
3.347938734053525422e+03
6.282476561401148501e+03
3.337845003066750451e+03
4.320165098119072354e+03
3.141288201696235319e+03
1.835333826590366243e+03
2.166095782953713297e+03
2.275336149350039250e+03
4.797836825771319127e+03
1.595239600845001405e+03
2.689134685541029739e+03
2.481883247382422269e+03
1.184275170139384727e+03
1.532479679580780839e+03
1.926185593563889597e+03
5.404777561709761358e+03
2.366248979291476189e+03
5.098805261508976400e+03
6.170140386055623821e+03
4.870521085652193506e+03
3.592466740826260320e+03
7.004932486031469125e+03
4.764118384736757434e+03
5.245186468202773540e+03
2.080509965141453449e+03
9.332239622175098702e+03
6.167370608108941269e+03
5.503563883408441143e+03
2.969975287239235968e+03
4.689741605072554194e+03
4.056997335037548964e+03
4.417190142945944899e+03
4.961674599486741499e+03
5.857637303848781812e+03
8.893873407266546565e+03
4.167972194186127126e+03
8.850498250994080081e+03
6.934535254685692053e+03
4.011482254358589216e+03
6.344926338180005587e+03
5.133509790407721994e+03
4.255465515700831929e+03
2.877038625157636488e+03
3.350810626446841525e+03
4.902864663510576065e+03
5.828697856908252106e+03
2.703297018794246469e+03
2.259469402809366784e+03
1.934683345909281343e+03
1.169622526176870224e+03
2.646320437985322314e+03
2.314310018497053534e+03
7.467465496315826385e+03
3.815237478491118054e+03
2.465096884501063869e+03
4.932451947552501224e+03
7.191713291292445319e+03
4.993060329785881549e+03
4.144297046040736859e+03
2.593449493915195490e+03
4.706226747577468814e+03
3.212601931984565908e+03
1.803972265341807542e+03
4.091107824167199851e+03
3.727377567281303072e+03
1.550776560346005908e+03
3.192191510318682504e+03
4.833731211614292079e+03
1.555031957388881892e+03
2.240877731605259669e+03
4.959596215677871442e+03
2.736104113939274612e+03
4.106641406305448072e+03
2.380500897709248875e+03
5.478576388254622543e+03
4.037384811531785999e+03
2.555668080678395199e+03
5.991741279737559125e+03
9.631534577533577249e+03
8.192398991195921553e+03
2.023324093249209454e+03
6.628490632695371460e+03
6.255005697736554794e+03
5.121677164323446050e+03
3.616465139505952266e+03
2.163640407516742926e+03
9.212176252658231533e+03
8.941573299798024891e+03
8.534651222143838822e+03
3.067354183085592467e+03
2.366098822947586996e+03
2.527579590446719067e+03
4.957437242634889117e+03
3.362245727050855749e+03
5.709170682065054280e+03
5.196470865007390785e+03
5.611228094009798951e+03
4.466388607335619781e+03
4.688969054074819724e+03
3.571263483075676504e+03
8.842224972347064977e+03
5.189206137969546035e+03
3.911722406449471237e+03
3.486298252615594720e+03
6.473628180807688295e+03
4.119108941740458249e+03
3.756485719165562841e+03
5.410911269009183343e+03
3.614188347159945806e+03
4.233147491109309158e+03
3.977554923153140862e+03
6.925763189611681810e+03
3.087556067228540087e+03
3.223958922709548915e+03
4.490192428204984026e+03
2.686396597044793907e+03
3.688988906569637038e+03
2.467533527586949731e+03
3.308126483684280174e+03
1.201123069751943831e+03
1.581465627732814937e+03
1.610730537583823661e+03
2.060856986206227702e+03
2.248079281495645319e+03
3.579691770386698863e+03
1.009566943297420039e+04
4.972780869581210936e+03
5.577070488670744453e+03
7.014473467185045592e+03
7.080852897638686954e+03
3.820177029636475254e+03
4.179354353372730657e+03
4.266837181121308276e+03
3.355187752099611316e+03
4.043907789830101592e+03
6.284434983826658026e+03
7.811228773093162999e+03
8.247924704138271409e+03
5.030642594729891243e+03
3.428865710130540265e+03
9.584435928483248063e+03
6.526683449672882489e+03
5.505666557640028259e+03
4.269659939442897667e+03
5.062233513083478101e+03
5.249950785613867083e+03
4.475550443441487914e+03
3.412255774933272278e+03
3.327970514465096130e+03
5.354660233791701103e+03
3.264535840736757109e+03
6.931136955342957663e+03
2.757528321612420314e+03
6.736043345994810807e+03
4.453624171595614825e+03
4.663570813495587572e+03
4.920472003539448451e+03
3.704631331783446058e+03
3.274953956085273603e+03
3.075521613276768676e+03
5.330103908930867874e+03
5.851741786118682285e+03
7.799509770803514584e+03
5.958774537812857488e+03
5.866545188188749307e+03
1.115751999927508405e+04
5.457854363653443215e+03
7.382000150399122504e+03
3.791384076342893877e+03
3.846339179756445901e+03
6.439013092292403599e+03
5.207931485783447897e+03
3.376773959728912814e+03
4.612493946510578098e+03
4.022195765525254501e+03
1.130130567643930772e+04
2.236409450922833457e+03
3.591419563155534433e+03
7.367713128552370108e+03
3.610267608920737530e+03
2.612603118015170821e+03
3.992437698996515792e+03
4.872870217956213310e+03
9.478257523732318077e+03
5.827577265665528103e+03
2.868352986557248187e+03
1.270330756437164200e+04
5.302223888745038494e+03
7.817881050093892554e+03
6.295669401413021660e+03
2.762520721942230466e+03
4.257798509230608033e+03
2.488150943669489152e+03
4.869363307305670787e+03
5.963199382772533681e+03
3.430930215507460616e+03
5.056465429759169638e+03
2.775755902298593355e+03
2.056258251022762124e+03
2.246091693327588928e+03
1.845104221237504589e+03
1.982219941981757529e+03
4.775109466462826276e+03
1.734854719172460818e+03
1.624314433353997401e+03
4.569836701323094530e+03
7.473925098721943868e+03
5.828252696301338801e+03
4.932812093745399579e+03
5.147264329634291244e+03
8.367624682279261833e+03
6.287538247802782280e+03
4.324756385439183759e+03
4.622721984606475417e+03
4.240792217208254442e+03
4.408580565382421810e+03
3.644134227996741174e+03
3.282484612196873513e+03
1.219264253122570608e+03
9.889231367483837403e+02
1.472780712422013949e+03
1.496339253263852470e+03
1.770994724815615882e+03
1.390025871518100985e+03
1.585387570122655006e+03
1.225832552661754335e+03
1.908333325825761676e+03
1.067081128748998253e+03
1.878018064705544475e+03
2.661936277862384031e+03
2.622947612368747741e+03
1.007900660841728836e+03
1.968472863937314742e+03
2.377494711219493183e+03
1.737127550784919777e+03
2.017060766499696456e+03
1.752687433661580599e+03
8.911421570909449201e+02
1.270490863542479701e+03
2.319741843830836842e+03
1.306408121421316991e+03
1.668694329395334762e+03
1.510756495656731659e+03
2.424325745828165054e+03
1.357364766566435037e+03
1.640579058092303057e+03
1.363431102028929899e+03
1.585166242322143262e+03
1.283595437399227421e+03
2.037461913704044719e+03
1.597982448405665536e+03
3.894660876684940376e+03
2.726264551145500718e+03
1.054659045063604481e+03
2.287500377466385999e+03
2.454324290922419550e+03
1.527033777639391928e+03
1.697084108559208062e+03
1.459311307869750863e+03
1.232721283657896038e+03
3.221529804930102728e+03
1.473679030644065506e+03
2.272070249387794775e+03
2.145973545938069492e+03
1.230771607438166257e+03
4.604758230298089074e+03
3.285069100937456369e+03
2.013119854558556881e+03
2.299579523416254688e+03
2.634807324367076944e+03
3.645360426525637195e+03
2.322456848880227881e+03
3.674623986195261750e+03
3.145327257100903807e+03
3.541433999386514643e+03
3.308715229378387448e+03
2.123561568763345804e+03
3.593991273958038619e+03
3.544909459483990759e+03
2.617023369930927402e+03
2.315544599633849884e+03
2.111095898598553504e+03
2.835603587092788530e+03
1.404724553055639490e+03
1.499874102280415627e+03
1.948538699165659864e+03
2.555938914099409885e+03
3.602068806864490853e+03
2.111106941335795455e+03
1.269423177740699430e+03
7.509631743795692955e+02
7.530853638255575788e+02
1.137125317955953278e+03
1.104503686020308123e+03
9.747474062330131801e+02
8.608944941408519753e+02
6.719041680000810857e+02
1.471217404578562764e+03
1.675167722577057930e+03
1.912243905766241596e+03
1.426659346605823202e+03
1.100439453095481895e+03
1.415694680929360857e+03
1.268888294353324454e+03
1.895802796352741325e+03
1.427314906523840818e+03
1.043455558772408494e+03
8.666835641412649238e+02
2.457608770410811758e+03
1.031222033319013008e+03
1.191081463882312164e+03
1.560400100343963459e+03
2.596645441990207019e+03
1.429123811466307643e+03
1.358945907528725911e+03
2.453036602172998755e+03
1.333644091944534466e+03
1.180136751078799080e+03
1.519841090170038342e+03
2.169835564805790000e+03
1.658072050114139302e+03
1.207391760621993171e+03
2.881364475230454445e+03
5.544007146886808187e+03
1.833481145915425714e+03
1.913834336281853666e+03
1.539443446405911800e+03
2.849409147213014876e+03
2.460047959284273929e+03
3.080761002651526269e+03
2.295697371205899799e+03
4.546960897454375299e+03
1.598103332174134721e+03
1.762479354667137159e+03
1.559363709956563298e+03
6.802745569409718883e+03
