1.299144949634816385e+03
1.299144949634816385e+03
8.150259428452853854e+02
1.758803332630680870e+03
2.486180080488460590e+03
2.231620260761878399e+03
1.995077767866913518e+03
1.387561266535644791e+03
1.464844627776062225e+03
1.442527110318722862e+03
1.350594242234903732e+03
1.324626469348151886e+03
9.337908448306421860e+02
1.015245951465163557e+03
1.498901874040381699e+03
1.018315661109880011e+03
1.852962434401228847e+03
2.031494978934240407e+03
3.223797673638849574e+03
1.955255887540111871e+03
3.545436032280140353e+03
2.814527826705244024e+03
2.948934993388955263e+03
2.274143054916303299e+03
2.373008006697959900e+03
2.104395972936431008e+03
1.361813831018417432e+03
1.921628247732859336e+03
1.277701845436536360e+03
1.677126419653135144e+03
2.215736043714390689e+03
9.839697481444731011e+02
1.634822195791613240e+03
1.820507506460598961e+03
1.688447454567932255e+03
1.099559903171413225e+03
1.534599722164170316e+03
1.895255404282867858e+03
1.618145328066626689e+03
2.732748475578729995e+03
1.149408504056699030e+03
9.773582787869179356e+02
1.666770065101039563e+03
1.307814249036419369e+03
1.732579740658344008e+03
1.681786543068925539e+03
1.590717639144838131e+03
1.517900380451494129e+03
3.069296720944209937e+03
4.990714058596347968e+03
2.964775309706890312e+03
4.940821513460664391e+03
5.186958542900203611e+03
6.193041707508930813e+03
5.405310731220075468e+03
3.246083810055763934e+03
2.114141898770149055e+03
2.757336404129884158e+03
4.983670961782158884e+03
3.572459517611774118e+03
2.129150131387595138e+03
2.446395265494440991e+03
2.539531654345217703e+03
1.592701199423208436e+03
2.086886757515097543e+03
2.046165373078071525e+03
5.914969099055619154e+03
1.770913788074913782e+03
1.695471202844425989e+03
2.000659604901753482e+03
2.762516762162852046e+03
4.383368082677284292e+03
1.330233873405756412e+03
1.810472462237555419e+03
1.519910875250136087e+03
1.298913579092061354e+03
3.175690046517140672e+03
1.775063293174338696e+03
1.571009856818767958e+03
2.033705744350904070e+03
2.788265106966293843e+03
2.547712438401268628e+03
2.527788839761577492e+03
3.271970640188373181e+03
1.720634549029393156e+03
1.569461990218056826e+03
1.099730898752300163e+03
2.405774847445746218e+03
1.598193809292442666e+03
1.985543229337228240e+03
1.392051845826214503e+03
1.024601829869281119e+03
1.101491163928015339e+03
1.291767585231196108e+03
1.724829278803045554e+03
1.448229705008231122e+03
1.400680026160322996e+03
2.010264722387343681e+03
9.372238141432289922e+02
1.984850027922604113e+03
1.123059558833887650e+03
1.408093704995480266e+03
2.488371752938370264e+03
3.000041396145386443e+03
3.978452301589911258e+03
2.337185183807283465e+03
1.704049615259862321e+03
4.592897156849480780e+03
7.082389670234332698e+03
6.375985323288237851e+03
3.562410619755426069e+03
1.587637652190210247e+03
5.945971557429757922e+03
6.098258385013532461e+03
4.209145476746671193e+03
6.404313630253730480e+03
9.917135114560725924e+03
7.135364817422489068e+03
9.011447872305048804e+03
4.731060616451522947e+03
3.212140706068567852e+03
4.436357253905318430e+03
3.966541117658901840e+03
4.011800734078337882e+03
9.013958740494126687e+03
7.785723456809657364e+03
5.318498825674977525e+03
1.414586553169941908e+04
1.046717071958195447e+04
2.763239050084680457e+03
4.425014977598984842e+03
5.029795495740080696e+03
4.681995979841950430e+03
1.064388496999222298e+04
2.904817155789070966e+03
3.156158826374453838e+03
2.444501974197514755e+03
1.515821973479190547e+03
8.192012128023741752e+03
5.416248541442272654e+03
1.594144334860021445e+03
1.369203044940838299e+04
2.394326163570344761e+03
9.910674721239789505e+03
6.962464674640639714e+03
7.547171092279202639e+03
5.562984595240887757e+03
5.857895462328167923e+03
3.743991175909235153e+03
5.014728035635705965e+03
7.593860295782078538e+03
3.222908931207226487e+03
4.317709343762496246e+03
3.499899958058563698e+03
4.076324362727678817e+03
4.319091243970468895e+03
4.145069333009581896e+03
5.696999223034673378e+03
5.359493859095459811e+03
5.656829996162608950e+03
5.719775451393607000e+03
1.007292866192541987e+04
6.189399643721439134e+03
8.635257229335671582e+03
9.710262922536383485e+03
6.407018471268438589e+03
5.042414064605672138e+03
5.001028313352168880e+03
2.893396474910116922e+03
4.147792431765722540e+03
5.601924455398140708e+03
8.746125002754230081e+03
4.623880424736147688e+03
7.239574559076587320e+03
3.986160632698090012e+03
3.059307544308884189e+03
9.646359287870973276e+03
8.021419758970744624e+03
6.632224729702391414e+03
3.238967075093254607e+03
6.808022300763504063e+03
3.215362254177268824e+03
4.121333028774707600e+03
5.546418930291074503e+03
2.536224512056174717e+03
7.932849152149363363e+03
4.423591634102120224e+03
3.954725178989082451e+03
4.033989368693787128e+03
2.134346397835681273e+03
4.034722170215726237e+03
2.511823066884583568e+03
3.751826868524662586e+03
3.521816961090645691e+03
4.273727272530232767e+03
2.583772828484856291e+03
4.617140288597322979e+03
2.119543289529528010e+03
5.650330519767098849e+03
1.811351949221518453e+03
8.441052378825337655e+03
2.210561584590736857e+03
8.584546024177925574e+03
2.079658144840247132e+03
7.139980459952914316e+03
2.200031612788199709e+03
3.636252880378471673e+03
3.773110810437017335e+03
2.542290543798303133e+03
4.743382623264517861e+03
1.753533993055453266e+03
3.932436058137447162e+03
2.665930543521077198e+03
4.144537870091674449e+03
4.432481404046129683e+03
1.016190424900566177e+04
1.533236026674313052e+03
6.753121217641345538e+03
1.226414151488574362e+03
2.071163228416716265e+03
1.307439064504425005e+03
1.692144342694665056e+03
7.973428066048754772e+03
9.147114661081244776e+03
8.527194352873206299e+03
7.517903088024813769e+03
3.777452921534917095e+03
7.673256685970315630e+03
2.938958579143081806e+03
9.913721046361657500e+03
9.134795772913506880e+03
6.164375430205488556e+03
4.641747550410609620e+03
1.044783946462235508e+04
7.011102060864266605e+03
6.134945469879612574e+03
8.795951624362156508e+03
8.344641499967583513e+03
8.669274902963070417e+03
1.107525936041184468e+04
3.753543338354971638e+03
8.290156701644025816e+03
9.754946857399030705e+03
5.426059567420243184e+03
5.664419849872327177e+03
5.408691484907418271e+03
5.731179290370644594e+03
3.678706731015179230e+03
1.155653372194449912e+04
7.571064803270021912e+03
5.245635227294198558e+03
9.091324718693786053e+03
5.139942330146503991e+03
7.714416198088724741e+03
8.449545526766549301e+03
5.391348978918803368e+03
3.932883505408229212e+03
4.218163968722415120e+03
6.583113258380320076e+03
1.036094927373782230e+04
1.207070507906036801e+04
9.791689380403850009e+03
1.002227749049342674e+04
1.295104949170176405e+04
1.068334171995928045e+04
7.496310666104727716e+03
5.476157587888013950e+03
1.495172213645762895e+03
2.423450284917501904e+03
2.730731051909408961e+03
5.987946644326729256e+03
7.290925431172140634e+03
8.508349738739816530e+03
1.010504220099146187e+04
4.987116753885598882e+03
9.427063938783985577e+03
8.481765447206225872e+03
4.179714314966552593e+03
7.711331532896137105e+03
8.196004863242120337e+03
4.816912726281172581e+03
4.308731760592771934e+03
1.305391759276428820e+04
9.820423549069328146e+03
7.588307432038524894e+03
1.702731383958605511e+04
4.412538723764486349e+03
1.048278984034189489e+04
6.144620153195757666e+03
8.768128365707980265e+03
1.884058454459275708e+03
5.104269830572534374e+03
1.803830836987272505e+03
2.679714356090537876e+03
3.348541492312105220e+03
1.713802480264108453e+03
1.841898641445989824e+03
1.901602779508933736e+03
2.222049508446562868e+03
3.283027635347345040e+03
2.591591130315889131e+03
3.088151227648226268e+03
4.250858713413003898e+03
3.403287596432459395e+03
3.704754173119228653e+03
3.501839179106751999e+03
2.638151659080702757e+03
2.103270579756179814e+03
6.077521337770241189e+03
1.501667408626896577e+04
9.264350832584810632e+03
6.216056601912862789e+03
4.842643387554853689e+03
3.781284761112915930e+03
4.754294715284557242e+03
6.828873210166681019e+03
9.603124453121299666e+03
5.678430810448006014e+03
5.352276669679597035e+03
4.256017795401361582e+03
3.845371441522627720e+03
2.162710103328363857e+03
1.436005257812556692e+03
5.138820309058823113e+03
2.483433103019067858e+03
1.776264222966364514e+03
1.962109952024625954e+03
2.514185174578406077e+03
1.110565079427494084e+03
1.223560443890691658e+03
2.107107511758023520e+03
1.407332671353024807e+03
1.303099693370051682e+03
1.201230254683358453e+03
1.281450634186522393e+03
1.178920907979764706e+03
2.537684316534803202e+03
1.108912605306955584e+03
1.486854647876496074e+03
1.425488010527965571e+03
1.349040934074849474e+03
1.600216818726754809e+03
2.112889503436500490e+03
3.940778245028609490e+03
9.960300698239625490e+02
1.849766707870071514e+03
1.408017971250792925e+03
1.162228950359690998e+03
1.545585143927423587e+03
1.361888269681700649e+03
9.892851080532245760e+02
2.035057808665310631e+03
1.137980572290664895e+03
1.461448385853093669e+03
1.422423061761099916e+03
1.205413250190234294e+03
2.245887817858186736e+03
2.373921411816553245e+03
1.225690962772816192e+03
1.530285432923033341e+03
7.647869783896913987e+02
2.253153199030507949e+03
1.052280314827367874e+03
1.296478718169497370e+03
2.405527809465407245e+03
1.419460471967516696e+03
1.739880728795271580e+03
1.600858441310522721e+03
2.075899866086420843e+03
1.384177078562131101e+03
2.366619179349851038e+03
1.214647739261314427e+03
4.518686090030621017e+03
1.386331441084196285e+03
1.246552103646856722e+03
7.768607605696768132e+02
1.366017264712318593e+03
3.062512122360165449e+03
1.573800125213805131e+03
8.006969636929187573e+02
1.988400109497880294e+03
1.309077100132425130e+03
1.384544587140243948e+03
1.515101631509745857e+03
1.257812456019452384e+03
9.094239379285113500e+02
1.084533196821599631e+03
1.887736226969266227e+03
3.142112414576541141e+03
2.040518010253165812e+03
2.964589038958198671e+03
4.023270684783825345e+03
2.179261046483628434e+03
3.818636870687318151e+03
2.142023972611812951e+03
2.009216068954167213e+03
2.045800381268785259e+03
1.160043643081583696e+03
3.076026976420135270e+03
2.033113601063977057e+03
2.099231071386079748e+03
2.146274859578394626e+03
2.751659327237659909e+03
3.510176857507081877e+03
3.621620266425585669e+03
2.730707472235601472e+03
2.347896081408822738e+03
2.201238625955954831e+03
4.755262970178099749e+03
1.957648371656473500e+03
2.690163645617972179e+03
1.724096673888081341e+03
1.918628463793985247e+03
2.128394499811393871e+03
1.510409984592444516e+03
1.770022121597191017e+03
2.036661845313823051e+03
2.248089800801220917e+03
2.870768649726261174e+03
1.937372968675649645e+03
2.717764197769799011e+03
1.745380439463351877e+03
1.910503121898647578e+03
3.241484455084792444e+03
1.527804822470557156e+03
1.598082554285102788e+03
9.874634310181689898e+02
2.564137710007814349e+03
8.170484730644477622e+02
