1.299144949634816385e+03
2.379366880253311592e+03
6.663178050591368446e+02
2.299384880233711101e+03
1.208718223993225820e+03
1.173363250113685808e+03
1.006119169404009085e+03
1.646082386757344011e+03
1.572696686232776528e+03
1.725624743746393733e+03
2.246145245736942798e+03
2.033832086830362869e+03
1.683705732168895338e+03
1.434935949658241498e+03
9.115397496021066672e+02
1.534839720348415540e+03
2.140616449880726123e+03
3.004504057488696162e+03
1.494201323922139181e+03
1.638444718974542866e+03
1.575590641788672201e+03
1.320212496884787470e+03
1.748254474430932760e+03
3.046758066133746070e+03
1.311345926329701797e+03
1.371622041211391661e+03
3.981122579864372710e+03
4.150704948191471885e+03
2.567961881440046000e+03
2.932069976143255644e+03
1.187975492556714698e+03
2.277600547477356486e+03
1.520990071099842908e+03
2.389159223201471832e+03
1.230913302392438254e+03
1.960157861218496919e+03
1.127760940083693413e+03
1.116713705972769048e+03
1.894125233942967725e+03
1.076239258884481160e+03
3.188460734390886046e+03
1.058125246264064117e+03
8.922064431720016273e+02
1.383360992494679294e+03
1.702962145626888514e+03
3.045780362671986040e+03
1.134999868769205705e+03
7.192790414081090375e+02
1.512247403352947458e+03
1.481277220325420103e+03
8.570494396074938095e+02
6.058822175653187969e+02
2.159683599320696885e+03
8.377257266863969107e+02
7.925178990824322682e+03
9.757679224425367011e+02
1.674600667331464592e+03
1.270043225331348822e+03
2.435138561973624292e+03
8.407740684968757705e+02
1.010482631442262118e+03
1.370280846399486336e+03
1.842758356074358744e+03
1.251850209833387453e+03
4.062813203219062416e+03
1.593015017817779380e+03
1.271853306424088487e+03
5.099407421834495722e+02
1.395274099534211018e+03
9.399121732084689711e+02
9.902646371602876343e+02
1.281546349026522194e+03
1.227443051647840093e+03
9.579352185264343689e+02
1.592722146077358502e+03
1.900357805341639505e+03
1.060025893396519905e+03
8.746217932565352839e+02
9.535609685564627398e+02
1.221525446031470665e+03
1.753039806712715745e+03
1.598504912994844972e+03
4.923705492999921262e+03
5.173416246082481848e+03
3.944748296915195624e+03
1.010914715530269496e+04
5.904684021960460086e+03
1.141049804056657922e+04
6.714313665225679870e+03
7.751504629165555343e+03
7.984842052800338024e+03
7.642666172610324793e+03
6.115022532933383445e+03
1.062398740562409876e+04
1.296919093607903778e+04
8.478573807621654851e+03
9.246918663489203027e+03
6.138144835037962366e+03
5.741027719842163606e+03
7.192670307469989893e+03
5.357947627440215911e+03
4.544620659925589280e+03
6.209582348887356602e+03
4.889966441468365701e+03
6.896430758458329365e+03
3.113364319165239522e+03
6.407593452713109400e+03
5.217380670195784660e+03
4.498475445295429381e+03
4.658039447833330087e+03
5.618538111293123620e+03
5.086749886893374423e+03
6.524552312876876385e+03
5.763414801765982702e+03
9.124498571960102709e+03
4.715145133630499004e+03
4.069966409800880228e+03
2.845144535004290901e+03
4.066868336510830886e+03
4.139960075351242267e+03
5.554300266143749468e+03
6.791363999807365872e+03
2.870694000964130282e+03
6.352229335395200906e+03
5.307187578682497588e+03
2.795631836548796855e+03
3.300972960481520659e+03
6.577591599765002684e+03
6.309505630054673020e+03
7.456808465648552556e+03
4.122719742391878754e+03
5.160329463751004369e+03
3.986970524922563982e+03
4.871947098911356989e+03
4.245488327451143050e+03
1.912713950470987356e+03
5.464805359828454129e+03
3.755651819932646049e+03
3.478692762598905119e+03
6.061346852073818809e+03
6.630641377896135054e+03
5.385733248988729429e+03
6.746619433368848149e+03
2.924652029652389047e+03
3.370123445068222281e+03
7.139978378000523662e+03
3.503659028089517960e+03
8.815582986553434239e+03
6.681657727561496358e+03
5.841309558432220001e+03
5.395898247407098097e+03
6.385035335521234629e+03
2.208366258227680191e+03
3.109879137833372624e+03
2.456555363473354646e+03
2.079325052155636513e+03
1.801837433069729741e+03
4.683033936985447326e+03
2.216932816430839921e+03
4.834723888464442098e+03
5.121058609501123101e+03
3.455916308168839805e+03
4.326726389392453711e+03
5.895206648654681885e+03
4.394771186098641920e+03
8.734583520257700002e+03
5.368247951062671746e+03
5.163704946452880904e+03
8.063487056832262169e+03
8.189638646955453623e+03
8.745554103823993501e+03
8.043791543919078322e+03
9.026447784906120432e+03
4.368853886339904420e+03
3.324645838324956912e+03
4.537115053118219294e+03
8.537161878252438328e+03
2.585110186997371784e+03
1.209846204861931437e+04
8.796371628204193257e+03
2.759044945079235731e+03
6.947803887681898232e+03
3.157468008259409999e+03
1.903890212028376936e+03
7.642098394237110369e+03
3.154828042966982139e+03
1.498662445997644454e+03
4.729074009863958963e+03
4.255880760624660070e+03
5.962988411887443363e+03
1.076637318405908445e+04
6.161262393738662468e+03
2.609273373943879051e+03
2.707766113025588311e+03
2.763491121719943749e+03
3.483208532322991687e+03
2.708105489783983558e+03
6.941546344731045792e+03
2.714603187352267014e+03
3.310205489592453887e+03
2.915827261368152904e+03
2.063508715609390492e+03
1.765242564843955734e+03
1.712162636921814055e+03
1.866953755748191725e+03
5.543782710847844100e+03
2.161273008386971924e+03
6.915287903563993495e+03
7.878137871402061137e+03
8.189904622870236381e+03
6.729615326659511993e+03
7.945449748005516085e+03
8.353553823718795684e+03
1.038740721503232271e+04
7.105624490173369850e+03
5.664036581801569810e+03
3.974380526411085157e+03
4.875594341172620261e+03
4.729490366592865030e+03
4.080912531088068590e+03
2.535385872208854835e+03
4.070705857773920798e+03
2.811969775571883019e+03
3.345563771470918255e+03
1.212261799471731138e+04
4.808093888563870678e+03
1.415954882747291958e+04
7.436244909829550124e+03
8.664755765101910583e+03
8.299101283512673035e+03
9.497845180015494407e+03
7.653925795468234355e+03
4.241406579563164087e+03
7.821236041025642407e+03
1.202831409407836873e+04
3.918219973009766363e+03
5.202110033982228742e+03
1.087181287691888610e+04
4.020521412739173684e+03
3.223707101893984145e+03
3.341811091280957044e+03
3.237051615281559862e+03
4.302542984442053239e+03
3.672821078897706684e+03
3.835772464351726740e+03
1.204165354299277169e+04
7.879856286161020762e+03
2.857863947485265271e+03
7.866232905631455651e+03
8.659186454145059542e+03
5.980458081653274348e+03
5.917902677160844178e+03
3.596708006524983375e+03
1.845223311591141282e+03
5.278613498704701669e+03
4.670039188598526380e+03
4.355773413712593538e+03
1.721239933134036846e+03
6.439727298627169148e+03
1.928394541031041172e+03
6.017702898220910356e+03
2.035827634880016149e+03
3.963062759891677615e+03
1.796396686599519171e+03
2.249678354964874870e+03
2.023775884847431143e+03
1.417704431933874275e+03
2.575828230524210085e+03
1.185834153617967104e+03
1.743373734566497433e+03
1.921953952881176974e+03
1.450479801169107532e+03
1.382547538841875621e+03
7.579023715871288687e+02
3.410916932950305181e+03
1.660433215158278017e+03
8.773989728598617148e+02
1.636654592038690680e+03
1.847854288185242012e+03
1.440996279591548273e+03
3.133536613312980990e+03
2.161775991679708113e+03
1.659079381871499891e+03
8.091877135992109515e+02
1.243435152312532409e+03
1.232063230032231786e+03
1.076031125077237903e+03
1.079653398919955407e+03
1.227156916716692649e+03
1.433210291645089001e+03
1.620942764636859920e+03
8.908995834871720945e+02
1.808731529259035369e+03
1.207347357441199620e+03
2.037645895961843280e+03
9.955963576454322492e+02
1.057331577670655406e+03
1.552002841383696250e+03
1.316944269636003355e+03
8.078714245273968118e+02
2.180549639370472050e+03
9.577380448246541391e+02
1.238545980670402514e+03
1.475507832254743107e+03
2.183459777263451087e+03
1.063959276255115583e+03
1.390026465229040014e+03
1.114423397382591020e+03
1.630641786581106544e+03
7.577060643551019439e+02
1.366691644560493614e+03
2.214415441846781505e+03
1.402298596486635006e+03
1.904658923056040976e+03
1.954659056785426174e+03
6.997881632177237634e+02
1.490466291824675864e+03
7.804656030690752004e+02
1.143276173424620310e+03
2.332480764053558232e+03
1.789669123802056902e+03
1.160606294969069040e+03
1.216288703016249883e+03
1.323591704020448333e+03
6.282921233035306159e+02
7.985109117631241133e+02
9.865555719058522754e+02
8.233824411318149714e+02
1.251380449348182310e+03
1.823628254604399444e+03
1.714999773642268337e+03
1.758553024761002007e+03
1.146633822465223830e+03
1.029586302335978189e+03
8.971244731864962887e+02
1.353038824222635640e+03
7.974109984775966495e+02
2.036597339483321321e+03
1.232963023631747774e+03
9.501580649304523831e+02
1.109805898925712427e+03
8.706076224170956266e+02
2.962063020111865171e+03
9.348922806459679578e+02
7.210368594777074804e+02
4.742188195088210705e+02
9.825416390144803245e+02
6.423442337188004103e+02
1.170803282038734551e+03
1.886713095287245096e+03
2.236757388105813334e+03
1.227676329316548617e+03
2.023964223990132723e+03
1.175295124215541136e+03
1.589805556693585459e+03
5.914478799126540025e+02
1.240703862504593644e+03
9.397670767972125532e+02
1.261923855226865726e+03
8.114216892251619129e+02
8.584070939288098998e+02
8.968957649938037093e+02
1.719615683108544999e+03
1.300519139636246791e+03
1.676846837460523375e+03
1.246943885134893208e+03
5.957379812489698452e+02
7.467901059768297500e+02
9.394212465976000885e+02
5.753944373940501009e+02
5.222180251374886666e+02
9.880382072973570757e+02
1.123620833461522579e+03
1.151689402447394741e+03
2.808590346851940922e+03
1.218157540223804745e+03
1.537706954933625411e+03
1.605782152646590475e+03
1.794713081962054048e+03
1.663488326312679419e+03
2.168708403171628561e+03
2.542485792041344666e+03
2.313466697305493653e+03
4.056693014603811662e+03
1.649953669491673963e+03
1.486970652774069777e+03
1.898565668682616888e+03
3.485916181951108683e+03
1.396584473771643616e+03
4.215809318552715013e+03
1.105498274700671573e+03
1.126548486704145262e+03
9.753609624766629622e+02
3.361533628735567618e+03
1.039454243858212294e+03
1.299824873237294469e+03
1.246740616319567835e+03
1.569635979002629256e+03
9.605639072924195716e+02
3.060761750273600683e+03
1.074864284592031936e+03
9.808300556005474391e+02
1.218770919327204865e+03
2.921877536700386372e+03
1.768399624845335666e+03
