1.299144949634816385e+03
2.392247812036778214e+03
2.028872445569220872e+03
2.241462117515436148e+03
2.022724703439277846e+03
2.376327830329580593e+03
2.353974954546024946e+03
2.398742347050373155e+03
2.193518315074128623e+03
3.686191828928487666e+03
3.350603973941402728e+03
2.396525251311063585e+03
2.359647554267725809e+03
2.426922743332326718e+03
2.072026938591263388e+03
3.338459417003444287e+03
3.259691728220535879e+03
2.245688559632039869e+03
2.743257510705014738e+03
3.399508903550544801e+03
3.901838221945902660e+03
1.602455107432786690e+03
1.817435770738882866e+03
3.964939351894735410e+03
1.999061715601611240e+03
2.431070947073889329e+03
2.841213886572979391e+03
2.547668647981839968e+03
2.049093215986317318e+03
2.748121225197257900e+03
1.765161208742811141e+03
2.832798251593902933e+03
1.910035543539512219e+03
3.531619262388956940e+03
4.933293870850126041e+03
5.501998156322547402e+03
4.549469473080835996e+03
7.466737855717928142e+03
6.247913822566001727e+03
3.093897605108472817e+03
5.762601329263459775e+03
4.007352063463869399e+03
6.695155150234782013e+03
5.540376305143719037e+03
4.614817184383316089e+03
5.477392594644427845e+03
9.854873031691700817e+03
9.079342768320630057e+03
1.508854906047351324e+04
8.286741495569580366e+03
9.889791063330558245e+03
9.744596010526189275e+03
6.143455699533253210e+03
3.846887205226834340e+03
4.425243283783142033e+03
3.420004287420809305e+03
3.701942363768191171e+03
3.162756259931019031e+03
4.992594687012007853e+03
3.373712008314961167e+03
3.983981262334554231e+03
2.592418238634064437e+03
2.774125675987410432e+03
1.949477833317389695e+03
1.633121500472368325e+03
2.073167615735776053e+03
2.381418653315281517e+03
2.626805625963730563e+03
3.594822473972803891e+03
2.823148482338500344e+03
2.756493201443102407e+03
3.046393356040322487e+03
2.357493232320655807e+03
4.400229729550583215e+03
3.770032871702880584e+03
2.458337950645062847e+03
3.061730930356303816e+03
2.231743107098237033e+03
2.973260095414075295e+03
1.813206671153690650e+03
2.712339717540270613e+03
3.066324591355750727e+03
2.201842833997041453e+03
2.250423091785150064e+03
4.929531084943472706e+03
5.600268939639321616e+03
7.595204970035268161e+03
5.338933892060381368e+03
4.200442232399012028e+03
4.210401468399578334e+03
4.641938133971876596e+03
3.374519216881796638e+03
6.620293716099957237e+03
7.596393310465485229e+03
3.005106424627891101e+03
4.579464542995191550e+03
3.103875503192207816e+03
3.283013578813372987e+03
7.065606731664252038e+03
3.617255991871620154e+03
5.908670865795740610e+03
6.588250085434519860e+03
6.856736040481863711e+03
6.948018005498910497e+03
3.430047585991395863e+03
3.440418915301836478e+03
8.965989529154607226e+03
2.830509761509534201e+03
4.166578331557093406e+03
5.302889347945210829e+03
1.345270448261111369e+03
4.938949812424598349e+03
2.343251240505577698e+03
4.784918606766462290e+03
9.812857156340249276e+03
8.040745787453758567e+03
7.701681736111011560e+03
5.368378222835633096e+03
5.600891705323827409e+03
8.871220411430062086e+03
7.696339197660717218e+03
4.879854304879018855e+03
4.413946508356719278e+03
4.141702357738160572e+03
5.270334301009916999e+03
5.190961211804500635e+03
9.067397545725225427e+03
4.604269330724380779e+03
3.609732707362810743e+03
2.520092917954179484e+03
4.951837766245531384e+03
5.033109982783775195e+03
3.112708653759127628e+03
5.413624303137560673e+03
2.959882994832531494e+03
5.689199098609063185e+03
3.432322918761556593e+03
5.034094767482894895e+03
5.992194232972486134e+03
4.950019318677631418e+03
2.624292147413851580e+03
7.744742860829619531e+03
8.618479415583757145e+03
8.407872653528187584e+03
7.402586309129719666e+03
6.412309266460894833e+03
6.435950842742825444e+03
5.641993680367703746e+03
7.400064143398086344e+03
8.987291636995436420e+03
7.694962369841638065e+03
5.957033819810772911e+03
7.339160847573962201e+03
5.741039223816429512e+03
2.295153279287424539e+03
5.369777074126721345e+03
2.908728439820858966e+03
3.143198740528550843e+03
3.959372535246367988e+03
2.352645404267642334e+03
3.898480913459116891e+03
2.483347828161258349e+03
1.745638418189744925e+03
5.589050294880329602e+03
7.469160172074394723e+03
4.256121564559992294e+03
7.081241986186012582e+03
6.912316026689936734e+03
6.999982353111522571e+03
6.703586197085770436e+03
7.267361220951303039e+03
4.516095289423395116e+03
8.229691724329575663e+03
7.991732181420923553e+03
4.067283896750451731e+03
5.492904135565849174e+03
2.737850404058643562e+03
2.278586030244881840e+03
2.792988708154267897e+03
2.667203111646199432e+03
3.585714702718504668e+03
5.583551843309031028e+03
3.942695491694802513e+03
2.086441402634097813e+03
4.677074049959569493e+03
2.769733595274349227e+03
4.602082371106447681e+03
4.927565552699194996e+03
5.448572354989578344e+03
1.038825192800198420e+04
7.677291184533532942e+03
6.474518156044532589e+03
3.410941305568495409e+03
8.706917425860274307e+03
4.645163904729850401e+03
7.971897897481143445e+03
6.342637175418233710e+03
5.907009511702287455e+03
4.245240775360864063e+03
2.694190234687075645e+03
3.658379394413188038e+03
1.523451891458365253e+03
1.965473450311447323e+03
3.158315951554946878e+03
7.068591631913373931e+03
2.746862888479065532e+03
2.927679110328317620e+03
4.357833697460458097e+03
7.203202929095402396e+03
9.059195435355315567e+03
1.167281833254072444e+04
3.734006042611357771e+03
3.135213527202214664e+03
7.012126678610058661e+03
4.737188206723662915e+03
5.701230832919434761e+03
1.260334943588115129e+04
8.718270502647346802e+03
7.773115930493971973e+03
8.750057719808521142e+03
7.205637426227299329e+03
6.542294525411592076e+03
8.484001735092351737e+03
3.902495046080422071e+03
6.579095056976323576e+03
6.579449477493106315e+03
4.805503573629820494e+03
6.730240687121667179e+03
1.409622266950628364e+04
9.036219719497366896e+03
6.370323261414705485e+03
7.580963669450495217e+03
6.245916622001515861e+03
3.290551968518503145e+03
2.677673767625249184e+03
4.037293885386411603e+03
4.144385877550279474e+03
2.782595124695072627e+03
7.182291187904284016e+03
4.393812838791038303e+03
7.927617624639315181e+03
7.657546162966593329e+03
3.164346135143781339e+03
7.757599580054361468e+03
2.291007556413303064e+03
6.980447525728115579e+03
1.408496522640480907e+04
6.808804302261953126e+03
7.603643658368579054e+03
6.228403227812646037e+03
9.151391696595537724e+03
1.439363068844490044e+04
8.471758866338590451e+03
7.586507481000511689e+03
5.710678622159915903e+03
6.232914716339300867e+03
7.713426933302471298e+03
6.357131546458572302e+03
3.410012201933155211e+03
3.216982112762843371e+03
5.347224466835273233e+03
3.366938793775664180e+03
1.938845027150144460e+03
2.594782641071914895e+03
3.936769379578728604e+03
2.511912452716523148e+03
5.444238360711722635e+03
1.207275362527282232e+04
6.185792581222320223e+03
4.681531305555001381e+03
4.523393674098509109e+03
2.513844079521059484e+03
2.819337484736302486e+03
4.645890938770344292e+03
8.309229111758100771e+03
7.894739118770608002e+03
8.866355528194137150e+03
6.068994705037302083e+03
4.122959128485908877e+03
3.300616214945394859e+03
4.666385695615617806e+03
2.922469031109030311e+03
2.136944014867125134e+03
3.555000926940338104e+03
4.679168330673737728e+03
9.191379116627787880e+03
1.085223750129845712e+03
6.722811427288572304e+03
1.946711545349810194e+03
2.107978387654855851e+03
2.817644392221784074e+03
3.462153656556759870e+03
5.447345853898365021e+03
3.422931126821472844e+03
4.298805431389331716e+03
5.063912059352802316e+03
6.099257027637365354e+03
8.991071264362670263e+03
2.548210583682736797e+03
6.414007060744875162e+03
4.401320602672142741e+03
2.923364757772257235e+03
6.310284691608164394e+03
5.097471901102060656e+03
3.396466889090731911e+03
5.254229943325269232e+03
5.061234670181450383e+03
4.371185281253694484e+03
7.476951300978156723e+03
6.635030537879104486e+03
4.760349951775410773e+03
4.389456175897912544e+03
2.975669545068559728e+03
4.868067527681072534e+03
2.703046748679622397e+03
3.411663155285653374e+03
1.425271560967366213e+03
2.688196398538036192e+03
2.086656974775738036e+03
2.120522876472354710e+03
1.753948184468065620e+03
1.218256315999965864e+03
1.608694699634806057e+03
1.552344595175958830e+03
1.440646042237182201e+03
1.715788532507902119e+03
1.736723007580170361e+03
1.605663936810600717e+03
1.335925764532250241e+03
1.446306093315187809e+03
1.450018001697294949e+03
1.618929517993901072e+03
2.098218189977799739e+03
1.327438132395599496e+03
1.329082593042182225e+03
1.610983550066623138e+03
1.774293853226692136e+03
1.749970914167819728e+03
2.222248704325844301e+03
1.495195721170837487e+03
1.853764476540241731e+03
1.957079384491325754e+03
1.903602265300556610e+03
1.288633397845608670e+03
2.580692013918310749e+03
1.656491447884314766e+03
3.878727699284043865e+03
2.060638855870561201e+03
3.490598541988638317e+03
8.151997950773835328e+03
5.856929293157533721e+03
5.741319150958389400e+03
4.322609054545711842e+03
3.953998559661064064e+03
4.027894547612174847e+03
3.665018647243421128e+03
3.166651665076404242e+03
3.074388305578450854e+03
2.013988200263327599e+03
1.619052890784671035e+03
1.939932857294709038e+03
1.567465885681108830e+03
1.136080339845158278e+03
2.524402403873050844e+03
1.426233823127211508e+03
1.650489886591152299e+03
2.017699907983287176e+03
2.175476706030159676e+03
2.914366330211115837e+03
2.390545110245591786e+03
3.107551740016873737e+03
1.889409154438874111e+03
2.327448561799690651e+03
2.181916380683192529e+03
1.406578610145472112e+03
1.871354486229812665e+03
2.619091503061922594e+03
2.871411311354361715e+03
2.065418041072281540e+03
2.498420609593919835e+03
1.496267484951918959e+03
2.607917429408096723e+03
1.249653329024844425e+03
3.699457722774413924e+03
2.346678462260109882e+03
1.959935450671410308e+03
1.446538672159124189e+03
1.532409527349909467e+03
7.702142338093108265e+02
1.378897308330755095e+03
1.676489995221621029e+03
8.469049548114427353e+02
1.583103210260702554e+03
1.391562482307350592e+03
2.677044171234288115e+03
2.277289081352885660e+03
9.514374362103473004e+02
3.320530936063012632e+03
1.342759959001567950e+03
1.549775195158484394e+03
1.457993868946718294e+03
1.728663757768422101e+03
1.417171325788232480e+03
1.877884956683119299e+03
1.626647970711849894e+03
1.685163306040565885e+03
1.177572073975742342e+03
3.001234251251545629e+03
1.834619569425304007e+03
1.121663461260525537e+03
1.694376609113256791e+03
1.604885601949511965e+03
1.203561010260905960e+03
1.506067222032910422e+03
1.126183219708303568e+03
1.597385256295783392e+03
1.036813796157890920e+03
1.697149306743683610e+03
3.110313217104147952e+03
1.291303717544668871e+03
1.844979848844577646e+03
2.347541105698991032e+03
1.140349395114880735e+03
1.087343416808544134e+03
1.522188527475429282e+03
1.556402400858031797e+03
2.436413146441377194e+03
1.685490662829846315e+03
7.205531014889346579e+02
