1.299144949634816385e+03
1.299144949634816385e+03
1.738199389378077740e+03
1.448303508424063921e+03
1.453271875354419535e+03
1.389943116735093326e+03
1.614772488799389748e+03
1.059263379691109776e+03
1.216932023225723469e+03
1.526962567655963085e+03
1.270246265757977426e+03
2.164845662611441639e+03
1.574849032411742201e+03
2.291572377299632080e+03
2.617071373915614913e+03
2.305383173597860605e+03
1.217432135103651717e+03
1.093265185187374072e+03
1.401422050112146962e+03
1.212987369736620394e+03
1.174334475959981773e+03
1.235803780904523137e+03
1.108954884520050200e+03
1.243738804500455217e+03
7.414044509660097901e+02
1.348707807385163733e+03
1.294500383827889436e+03
1.206428786776816423e+03
1.272941213636353496e+03
1.275609527061208837e+03
4.932954978853441389e+03
2.950310928098951081e+03
2.846779362003974711e+03
3.035000099901090380e+03
4.824745069008209612e+03
3.440892273479897085e+03
6.021996041409573081e+03
2.681808557422613376e+03
5.174442112293205355e+03
1.078250496538746665e+04
3.436971752614690558e+03
4.784631192784794621e+03
5.083332816457972513e+03
4.633202872283799479e+03
6.480146944568169602e+03
5.185757841154515518e+03
9.277008922180250011e+03
3.920581731152320117e+03
2.451372200051427171e+03
6.922950617821909873e+03
3.461667976391498087e+03
5.556742790711472480e+03
2.133569405464458214e+03
3.741641249039912054e+03
3.598179191343161619e+03
7.207265982928013727e+03
1.999287605642831977e+03
4.522648876385089352e+03
2.468328706173804221e+03
5.296057115051327855e+03
4.810381349615601721e+03
3.244227493669550768e+03
5.270727687780733504e+03
1.062216581071488145e+04
1.081395507831156283e+04
8.096085646426859967e+03
5.702395127617364778e+03
8.533711721727633631e+03
6.363271240239283543e+03
7.976555397364742021e+03
3.718411582195653409e+03
5.803812718838126784e+03
3.884505543380716517e+03
2.692722600983935990e+03
7.251439223640045384e+03
1.774075694926513825e+04
5.646289886381347060e+03
5.403573898046414797e+03
7.110550285058444388e+03
5.025694415320385815e+03
3.681344641024989414e+03
5.261169790992856178e+03
8.909949915763721947e+03
6.609375793698433881e+03
9.274440114420216560e+03
4.348466890234592938e+03
3.353686321937439061e+03
7.544170743393618977e+03
3.660235366366498511e+03
1.969583695420921458e+03
2.752058925125413680e+03
2.533932162756551861e+03
2.370386528261878084e+03
3.283755802378795124e+03
1.202356319101475128e+04
5.384871059074686855e+03
4.063110488141277528e+03
1.513869448227550129e+04
8.731557657882431158e+03
6.729003719024390193e+03
3.758957286433859281e+03
5.232866018970856203e+03
4.666592348098891307e+03
3.442643957158756621e+03
2.716660887560136416e+03
2.124911828664547556e+03
3.924451624093975624e+03
7.950087891159578248e+03
4.681185672194149447e+03
5.598441542408697387e+03
4.680786086322570554e+03
2.879015758881115289e+03
9.081528479172646257e+03
3.976044072155689719e+03
3.609448754809320235e+03
7.949473352270792020e+03
3.860046716996311261e+03
7.532774131383098393e+03
3.869160868765843588e+03
3.792791410809670197e+03
9.402619173325503652e+03
4.090949321208761830e+03
7.657380111764844514e+03
2.058214671533872661e+03
3.682557697889389601e+03
2.609299288020023596e+03
8.343565619218050415e+03
8.015744717079269321e+03
6.072032616117011457e+03
4.987867704733293067e+03
6.068143084067110976e+03
2.676450368224899648e+03
5.758652698658396730e+03
3.820763985644939112e+03
8.918174697663354891e+03
3.577035024957507630e+03
7.990430309293394203e+03
5.371213379864807393e+03
6.485105031896578112e+03
8.487272298384938040e+03
4.837002274017640048e+03
8.790722927002992947e+03
5.347892521455938549e+03
4.722784147929109167e+03
3.165483744476091942e+03
4.806152253853789261e+03
4.625871670322178034e+03
2.337301512408607778e+03
2.315670140800539684e+03
1.201849955209024074e+03
1.478813227833782094e+03
2.052391117105839839e+03
8.477607795746665715e+02
2.131317540989479767e+03
1.094242564246049551e+04
1.448356668091688880e+04
3.126615978079328215e+03
2.731111365984292206e+03
5.137874542017958447e+03
3.668084445612158106e+03
3.330472055185162844e+03
3.646707446132017594e+03
9.238496708768390818e+03
6.716671499895239322e+03
4.515488833944779799e+03
4.232859917957101970e+03
2.479410370526262341e+03
2.958708590134040605e+03
8.441255536702985410e+03
2.377044629966020238e+03
6.112083373286381175e+03
2.540847113451781297e+03
1.643023163217372712e+03
3.418721077614187379e+03
2.107211733163710960e+03
1.741005634138805135e+03
3.497077509999911399e+03
2.902298743649464541e+03
8.642852757876023588e+02
2.226748110116793214e+03
1.602633165802258873e+03
3.719025478190367267e+03
3.222665602098995350e+03
3.880694066214677150e+03
5.923443415962695326e+03
2.833060701817901645e+03
4.047666914259839814e+03
2.584002137106495866e+03
3.600559763086333078e+03
2.261485945371151047e+03
1.561995608479652674e+03
1.045676742665670645e+03
3.344937739686261921e+03
1.525561455232075105e+03
1.138374310585784997e+03
2.433706087778810797e+03
2.602869665198542862e+03
1.199740013629497525e+03
1.278408764795628031e+03
2.387921709043758256e+03
1.950918795547691388e+03
1.930062891784504700e+03
1.374329037348833026e+03
1.551631311297196589e+03
1.537963783231369007e+03
1.509241286338261034e+03
1.775447166929675404e+03
1.996566194141091955e+03
1.557794473035964074e+03
2.158274244860820090e+03
2.418941740376568305e+03
2.578382502132079026e+03
1.185992648903016061e+03
2.068526400524448945e+03
1.056181511313943929e+03
4.112581330070651347e+03
2.899684854750910745e+03
2.712132829082615444e+03
2.116434836662663656e+03
3.901903054532503120e+03
1.755389497909383863e+03
1.456510897986708187e+03
2.766572307803756757e+03
1.755570677675458455e+03
1.395275311631588920e+03
1.253332955681718431e+03
1.202881701478511786e+03
1.862996168473049238e+03
2.554889811237048889e+03
1.326624442064078949e+03
1.447172930872173993e+03
2.425051610080738556e+03
2.010625723035933561e+03
5.223820563097407103e+03
3.322066140672366600e+03
1.208197430097821552e+03
4.883998053038116268e+03
4.200194249240659701e+03
2.052744678303135061e+03
8.960944762511381896e+02
2.233354459323601986e+03
2.729264893727856816e+03
1.563525248099528199e+03
1.729229332434870230e+03
1.432346211006551130e+03
1.374133500481727879e+03
3.394068192385971997e+03
1.459380238302013368e+03
3.201314853911033424e+03
2.787488674123491364e+03
2.185859920880027857e+03
2.385729281966488088e+03
2.245321039748771909e+03
3.340648035118860207e+03
3.153153426471780676e+03
2.889815928612048538e+03
2.132997027759028242e+03
1.842522604319610537e+03
1.711116734304679085e+03
1.674493674459911063e+03
2.026714288095090069e+03
1.050580273585860596e+03
9.232007730751518011e+02
3.042916306942785013e+03
1.587848511619419469e+03
1.517990129571564012e+03
1.381324750255093250e+03
1.158287590237673157e+03
2.122530351667144714e+03
9.636454712078027569e+02
8.365895254593732489e+02
1.058348501191464493e+03
1.192225098590461812e+03
1.009845419710393571e+03
1.773654386045588808e+03
3.583238963056122429e+03
1.391879037491205509e+03
1.126831377238865571e+03
1.907835341878362669e+03
1.207771830377192146e+03
2.358610933426185511e+03
2.181251462589434595e+03
3.418314141747785470e+03
3.102211828610980774e+03
2.107469758610949611e+03
3.410025235097878976e+03
4.158119300552211826e+03
3.522313899269726789e+03
3.394264460536073329e+03
