1.299144949634816385e+03
1.299144949634816385e+03
2.548383000456786704e+03
1.197122566901067557e+03
1.675458405560915480e+03
1.683462868989587378e+03
1.456970990552580361e+03
1.077190064482503658e+03
1.375363969679484626e+03
2.814858982784938689e+03
3.145163247195786880e+03
2.769172119324293817e+03
3.075483700179790503e+03
9.256627073728297546e+03
3.534420660404260161e+03
3.304889367313742696e+03
2.705516835700594584e+03
1.987870712379792394e+03
1.260508237673049734e+03
1.748594548848195018e+03
2.664886123141272947e+03
2.787761010448142770e+03
3.413410115814975143e+03
3.293882885845911915e+03
2.861611898617290535e+03
4.539795608710650413e+03
3.359495803670989517e+03
3.672675912923031774e+03
3.600684983124423070e+03
4.874766343541793503e+03
4.432852425026620949e+03
3.918095805554693925e+03
2.717801003279612814e+03
3.882476841438158772e+03
3.515222059423573228e+03
2.998298860629390219e+03
4.230606600941720899e+03
3.044291299317608718e+03
2.790524507646949132e+03
2.198013446660418595e+03
2.154283738733704467e+03
1.787801035983114389e+03
1.699596477847126380e+03
1.888064139993149865e+03
1.940050808010135142e+03
1.055739955042816291e+03
2.697553107628083126e+03
1.177541357849711630e+03
9.674300218785688230e+02
1.033589578570474259e+03
2.901056496350959151e+03
1.641615104992959914e+03
2.887608278346157022e+03
1.687523404161955341e+03
3.276256551341335580e+03
2.073180071709034110e+03
4.725777122071235681e+03
3.027127022692360697e+03
2.302136197807433746e+03
1.615784266557258206e+03
2.056682727854879886e+03
6.074206342985165975e+03
2.235333776343610225e+03
2.111541175679678872e+03
3.087288804436749615e+03
4.494614349501238394e+03
2.274178931777582420e+03
5.754160087281399683e+03
3.766647894552062098e+03
1.354878226320832709e+03
8.302061385108654576e+03
3.460865695199955553e+03
6.128984298982959444e+03
5.609158067490101530e+03
6.256561727778949717e+03
6.888153873817122076e+03
6.631141904772028283e+03
6.121217979094584734e+03
4.965836909461809228e+03
3.253279708001229210e+03
5.582526950832173497e+03
5.803476905708283084e+03
5.630462189303692867e+03
3.450198353341872007e+03
4.923232851539782132e+03
5.275156759587027409e+03
4.904876351841071482e+03
3.769359330017997763e+03
3.185471540122225178e+03
2.414995806830729634e+03
4.513819587822266840e+03
5.022478677823261933e+03
4.467578846138004337e+03
6.216045915959149170e+03
3.383507822591840977e+03
2.652278261470989946e+03
3.318051877483500448e+03
1.141496474366341772e+03
1.887808012654388676e+03
5.964078157490571357e+03
5.137877032406951912e+03
5.457321641152259872e+03
5.291971784454343833e+03
1.057636971829428512e+04
4.158398078323473783e+03
5.130989458705991638e+03
3.914454889057326000e+03
5.236630513217457519e+03
1.889492911850836208e+03
7.969753301142342934e+03
4.885213429481767889e+03
3.026802573490295345e+03
6.954532236476635262e+03
5.800468008174482748e+03
7.147297438387681723e+03
3.472269068776581207e+03
5.320226917303573828e+03
4.257351889169538481e+03
3.194452944521394329e+03
3.382028390478089932e+03
1.932931843815487809e+03
1.020372319510083253e+04
3.734685597505589158e+03
5.269451357440655556e+03
6.527571188166200045e+03
2.744572396724239297e+03
3.876100539892582674e+03
8.368996673661389650e+03
2.532577378190906529e+03
5.477435542438668563e+03
6.386845691936832736e+03
3.885116315267144728e+03
7.225764929878664589e+03
2.395566677268893727e+03
5.602242151452222970e+03
4.242106297152523439e+03
6.224607308912537519e+03
7.964592083905356048e+03
3.929418052805434854e+03
3.909301754135367901e+03
6.822416103502326223e+03
3.287035213542178553e+03
4.419166600898910474e+03
8.718421543757938707e+03
3.202150605527040625e+03
6.884701301438549308e+03
5.504850899896174269e+03
2.557017366584488173e+03
1.648247763256817279e+03
1.781762129332322729e+03
2.380365657746427587e+03
1.968953667041814015e+03
3.728858102087573570e+03
2.440523220915013553e+03
2.871135253609727897e+03
2.946408535525907155e+03
1.961203719537495545e+03
1.957822795023983872e+03
5.831770954004125997e+03
2.435805781158112950e+03
4.909645233760031260e+03
1.134838682019601720e+03
1.867463238396317365e+03
8.474419405459086192e+03
5.184881222691147741e+03
5.522403977177327761e+03
9.429541105102664005e+03
4.967795848423756979e+03
1.732879511116626873e+03
3.287165009651556829e+03
2.062694944291792126e+03
1.811456931974420058e+03
2.600802234421640151e+03
2.905170861522041378e+03
2.692709688229939275e+03
2.163274230302479282e+03
1.958938142353510557e+03
1.973910840059589646e+03
2.928710340965982141e+03
3.336145782463715477e+03
3.491647158528571254e+03
2.490562092465329897e+03
2.654197406379725180e+03
1.822656100826856346e+03
3.173421947252555583e+03
4.825564025751647932e+03
2.653998456440375321e+03
2.645816337595508685e+03
2.356110456360544958e+03
3.374362565973958226e+03
4.107111810660737319e+03
3.279713030843606248e+03
3.248524332344703453e+03
4.650503871278410770e+03
2.069168450251048398e+03
2.160741331472770980e+03
3.316451575112610954e+03
2.902901564620846784e+03
3.578042065175391144e+03
1.970571404935599730e+03
2.700166580378554045e+03
3.102666216684699066e+03
3.064012703443358987e+03
2.580851877266240990e+03
1.534251068256539838e+03
3.587151864943500641e+03
2.592196498758991765e+03
4.081914225451449511e+03
2.507020390197234974e+03
4.425629354221547146e+03
2.616929222041662342e+03
3.402891873105843842e+03
3.201449870461659884e+03
2.636799229353607188e+03
4.496405002660766513e+03
3.011903447880350541e+03
2.461576419287364843e+03
2.877390094533242063e+03
2.794361246285641300e+03
4.325198262103734123e+03
4.044975991269678616e+03
1.787265213814638173e+03
1.843887184999760620e+03
1.743305493811411679e+03
1.536525091590367538e+03
1.428038510682504921e+03
2.244094864471041092e+03
1.044546338701007244e+03
1.516461901077900620e+03
2.718820255573340091e+03
2.288578362764274061e+03
2.457324477275540175e+03
1.995308728357426389e+03
1.437109181691166896e+03
1.284081136710814008e+03
1.547936197471925425e+03
1.196955008771322809e+03
1.712965675452455571e+03
1.593976967987537137e+03
1.018067336384020905e+03
6.814295229606530029e+02
1.330332340790223952e+03
1.511789645935361705e+03
1.148743258880105714e+03
1.276043237277914386e+03
1.413669947686765681e+03
2.513790880997506974e+03
3.404886980760311872e+03
1.305105079453166582e+03
1.014949482742171881e+03
1.357653334237502349e+03
1.324607110440156248e+03
1.577631525003360366e+03
1.318548569051279401e+03
2.783243952410085967e+03
9.709607772985069687e+02
1.605814017061895356e+03
2.066507312173196169e+03
1.401586399252432102e+03
1.328782919270676985e+03
1.501128120713829730e+03
1.589069677615442060e+03
1.398516402754748015e+03
1.747608880102135117e+03
1.722297842012734009e+03
1.697573852961069406e+03
2.313700375647876626e+03
1.513337382804411618e+03
2.070754025543346415e+03
1.245270780735619837e+03
4.193975761188476099e+03
1.138633319812162426e+03
1.955786965373054272e+03
9.130895873838961734e+02
1.283590667148955390e+03
1.045493422233919318e+03
1.122757071162350485e+03
1.291265433259414749e+03
2.009870664051952417e+03
1.807833234936281087e+03
1.671461636265979905e+03
9.316915622581913112e+02
8.943299081799233363e+02
9.499380539515866531e+02
1.504705042828601108e+03
1.327912840441211529e+03
1.092057763975200487e+03
6.133252677199765230e+02
1.512178658146041471e+03
9.003531268880537937e+02
1.676162908228771130e+03
1.475172783757588604e+03
8.833384012518589543e+02
1.252301709437937916e+03
1.304748552632656356e+03
1.505369157216103304e+03
1.479479785689122536e+03
