1.299144949634816385e+03
1.299144949634816385e+03
2.210550483709350829e+03
7.153304884866425937e+02
3.117592041891913141e+03
3.862400440602154049e+03
2.392652917369089664e+03
2.430248118071882800e+03
2.483396014003565597e+03
2.169990505128840596e+03
2.953577334508017429e+03
1.826855832560246199e+03
2.531055156943399197e+03
2.611144115517688988e+03
2.408847391096432602e+03
3.650576250113362676e+03
3.034286924289333456e+03
2.173974307064039749e+03
2.592153036706979037e+03
1.883843165370574070e+03
3.246243458165626635e+03
1.498058517046667930e+03
3.065871726378641142e+03
2.724481097695532299e+03
2.344573219045072619e+03
2.175905311820394672e+03
1.954063087053212712e+03
2.032494784370118623e+03
1.372226769516529203e+03
1.575810600623113032e+03
1.590527419906369687e+03
1.259783414951366012e+03
2.519312711070232126e+03
2.420010259669534662e+03
5.024623298999432336e+03
4.457016782972930741e+03
6.774064123802028007e+03
5.971129210503895592e+03
4.331346981654388401e+03
5.770193240136783970e+03
4.205184370095223130e+03
7.882025368585731485e+03
5.175896438952634526e+03
5.514473889805851286e+03
7.832015182392038696e+03
4.547759216223365001e+03
5.973685896795926055e+03
7.821480514594459237e+03
5.550399059074123215e+03
2.593112992165714786e+03
6.685272265518381573e+03
7.073621920035168841e+03
5.937698869866677342e+03
8.796781069147640665e+03
7.799061561870589685e+03
2.337673678471337553e+03
1.556072459272410697e+03
1.501442078750542805e+03
2.815172908154018842e+03
3.562501954106395260e+03
3.290020676983614976e+03
2.096289702779983600e+03
2.727644296718098758e+03
2.325565558914096982e+03
2.716750198546064439e+03
6.967623221118634319e+03
6.386607131779231167e+03
9.162525115583606748e+03
4.980959077510680800e+03
5.832399210586432673e+03
7.312261947169265113e+03
8.858540686005957468e+03
4.055046410474506956e+03
1.147179608314954567e+04
6.800135599847386402e+03
1.201438358755439913e+04
4.108257776775850289e+03
3.944161653239614679e+03
3.211942524841711474e+03
2.886567181089568749e+03
4.534312449826539705e+03
6.390910063423569227e+03
2.320372741431227951e+03
8.215497267475871922e+03
2.267269874748246366e+03
4.889680781494034818e+03
2.295180690493477869e+03
3.776426586916163615e+03
5.303719332736881370e+03
3.178108780343256512e+03
1.112063192210432499e+04
5.314456298972818331e+03
4.676595934944925830e+03
3.882262857823489412e+03
8.916475055251530648e+03
8.158650084230584071e+03
6.086683876792141746e+03
6.227621669810793719e+03
6.192946618713472162e+03
1.936517792250862385e+03
4.052420239962202231e+03
3.309368670918463067e+03
6.587761287543678009e+03
5.595015650550212740e+03
3.068822814784329239e+03
2.009239828809119444e+03
2.688798781944409257e+03
3.432242559963329768e+03
3.779649902076592298e+03
4.346034714901725238e+03
2.994968572295575541e+03
2.823969570809415472e+03
1.932775475631639210e+03
4.971382542599610133e+03
3.173565621904974250e+03
2.940563698767843562e+03
2.080659030091478144e+03
5.233207155439566122e+03
4.709464654895769854e+03
5.515878763261476706e+03
6.988995294614812337e+03
8.282084951998049291e+03
3.095927816842683114e+03
3.804068757348817599e+03
2.990575831927480067e+03
1.727530527558048789e+03
3.798299317133693421e+03
4.005868247435731519e+03
3.711508947642559178e+03
5.995620346420828355e+03
5.927497622063196104e+03
7.392810638037633908e+03
3.987377781247907023e+03
6.295798037289241620e+03
3.647242704333343227e+03
4.670815840269910950e+03
7.541923135446999368e+03
2.903410975607402179e+03
5.282327699493203909e+03
3.597688789370004997e+03
7.541731721608882253e+03
6.891272715937408975e+03
4.845214394397974502e+03
2.744488140864975776e+03
2.676177947266142382e+03
5.683412183102796007e+03
7.009908310457569314e+03
2.028730758590442520e+03
5.360510665731343579e+03
8.316085767583434063e+03
4.443606068596692239e+03
7.194762508602071648e+03
6.812154109154794241e+03
1.015715586813692244e+04
6.036270321446348134e+03
7.255610019886873488e+03
1.155075537420202818e+04
9.239069226940706358e+03
6.040316873931136797e+03
1.981995456992622167e+03
1.604590237514812998e+03
5.210744416153669590e+03
6.810739914276195123e+03
1.865291863198789542e+03
3.272359096959202361e+03
6.911452207089905642e+03
2.624112932054557405e+03
3.741977048438738620e+03
6.878237235888859686e+03
1.166507773038225241e+04
4.964894407281676649e+03
4.302154527472351219e+03
3.755288905155596694e+03
2.975790924499286120e+03
2.638500606240910656e+03
2.257471310011393143e+03
2.284581298222296482e+03
2.487187955968697679e+03
1.390937433799517066e+03
7.823809779657350191e+03
7.606687233399828074e+03
1.161858662404005008e+04
6.444344504534006774e+03
4.634336473501402907e+03
6.154375136546791509e+03
6.464702314454763837e+03
3.550223532161395269e+03
3.869658250630054226e+03
4.801860608800584487e+03
2.502827434655681827e+03
5.911700835546660528e+03
5.347450027878732726e+03
5.905134099064374823e+03
5.116535825107159326e+03
4.185843438865663302e+03
8.629394332227686391e+03
1.168802195874137578e+04
6.835370726558735441e+03
7.148440311371668031e+03
7.681967543229601688e+03
8.999739804444177935e+03
6.911984140738074530e+03
8.844381746893115633e+03
6.673581625182077005e+03
4.857396918999240370e+03
9.587706593274329862e+03
5.790286081410988118e+03
3.871298137524909180e+03
3.951166862612506520e+03
5.613006778303146348e+03
5.414273046312628139e+03
8.642145415387552930e+03
3.712767688879374418e+03
5.664870591636178688e+03
3.942004257705527834e+03
2.839865527342551104e+03
6.978651222119746308e+03
2.889174521121441558e+03
1.928745865866366330e+03
6.456505960068294371e+03
3.343930803359796755e+03
2.730559680100838705e+03
1.623493557717187286e+03
1.819814281971846185e+03
1.712112011035098249e+03
4.578159234371690218e+03
6.631348381851563317e+03
1.000141981348717309e+04
1.105375210559535662e+04
1.219883572212521358e+04
6.895655751392444472e+03
1.084867552651445658e+04
1.153083500456991715e+04
4.154910473963182085e+03
1.164631770490541930e+04
9.690922707193332826e+03
9.844407981597840262e+03
9.547858495406526345e+03
2.710253143953334529e+03
6.762269675654396451e+03
6.553355883365826230e+03
5.860801601933766506e+03
4.130683899850301714e+03
4.789534054449904943e+03
3.061442752416736766e+03
3.456304616099740542e+03
1.963028587122845465e+03
1.785821169553949176e+03
1.489408776981618985e+03
1.565326968712254939e+03
3.077165415906208182e+03
1.204879298915161826e+03
1.304880523228535367e+03
1.101349809788007633e+03
1.680672653121779604e+03
7.289044816848409937e+03
5.915853349583542695e+03
8.327233975321185426e+03
1.208398148878911888e+04
5.858612498444866105e+03
1.035873386050315275e+04
5.194560222436720323e+03
5.725078633058803462e+03
4.479629467181461223e+03
3.762497554128614865e+03
2.754971317320634626e+03
1.200580423702356256e+03
1.972394024608098334e+03
3.694849039343263939e+03
2.197830028952169869e+03
1.631679259713593638e+03
2.348443270612486231e+03
1.269626080057734725e+03
1.880496896587507536e+03
1.953484046827668408e+03
1.815523402383409348e+03
1.726167795469654038e+03
1.137089593597773046e+03
1.254187880521151783e+03
1.446559851326468788e+03
8.973366233017699187e+02
1.150536414374252900e+03
1.549759267709999676e+03
2.096535708861753847e+03
1.656093134860614555e+03
2.479878930148585368e+03
1.742497393145945807e+03
1.629994144664750138e+03
1.628742837753335834e+03
1.521010367139317395e+03
2.613607624279222364e+03
1.624159590073037180e+03
1.996785977932204105e+03
9.250213547487818460e+02
2.579537982088771059e+03
2.336122782333262421e+03
1.670804434778861378e+03
1.218102431470901820e+03
1.288750303355706137e+03
1.388348856513414148e+03
1.794061013782096325e+03
2.423667979242276033e+03
1.689770754294830112e+03
1.237468961660769992e+03
1.686653524516787911e+03
1.276831043149850075e+03
1.037020197108884076e+03
1.570273570429015308e+03
1.038439084154377497e+03
1.158072056789647377e+03
1.116779140670693550e+03
1.350872712448014227e+03
1.573015490285797569e+03
4.008716093474175523e+03
2.457750724532447293e+03
2.241391187855133012e+03
1.657110765746636389e+03
1.979609168579373545e+03
1.250807426159364468e+03
9.098088196658264906e+02
2.052616329928364394e+03
1.634645646916702162e+03
2.499541919899339518e+03
1.693262668665287947e+03
3.036553140107516356e+03
2.359592573717352934e+03
1.419143668579170708e+03
1.294485826825454978e+03
2.640300120977434290e+03
1.862831663020329870e+03
2.509388730912493429e+03
2.776924100559247108e+03
4.337289780504323971e+03
4.567301013949346270e+03
7.747503745963748770e+03
5.501322005433183222e+03
7.049279147259046113e+03
6.854429059647217400e+03
5.464341335333621828e+03
4.753310960897116274e+03
5.946508773307515185e+03
3.530903821140796936e+03
3.522797577960844137e+03
5.187513274604306389e+03
6.673700963519730067e+03
4.391703895568270127e+03
2.677758533853283097e+03
2.084500524956018580e+03
2.552411238688236608e+03
3.585025151708451176e+03
1.708183657392834675e+03
2.823156410567392413e+03
1.908940124317855407e+03
1.970134682802274028e+03
1.893459485969763819e+03
1.559276340075382677e+03
1.651866262230611937e+03
1.073400746407919542e+03
9.169031289875308630e+02
1.389976447821466763e+03
2.693149450656684166e+03
