1.299144949634816385e+03
6.913292664920410289e+02
1.145019665617807050e+03
1.159583945238065553e+03
2.660427223252315343e+03
1.403716377940598022e+03
1.469808619031725357e+03
1.451538199576041507e+03
1.384453549486644533e+03
1.407949270346214689e+03
3.059509137935961007e+03
3.019765109120402485e+03
1.452689402138488049e+03
2.274576399724592193e+03
1.706809002472354678e+03
1.811420845713243580e+03
1.627585864430392348e+03
1.638090254171378774e+03
2.249890510404595716e+03
1.254797367151290018e+03
5.110037714039528510e+03
1.431497153848123389e+03
1.579187056542578375e+03
2.318716905389668227e+03
1.476397812645582917e+03
1.716532737565362822e+03
1.298267705921055494e+03
3.049305817019310780e+03
1.312370606555209179e+03
2.186507958725148910e+03
1.604297187574822146e+03
1.890693515753359179e+03
3.208015463345740500e+03
2.099158536791457209e+03
2.239013360345410092e+03
1.562680663066942543e+03
2.299391705384718534e+03
2.910056488266312044e+03
2.760706581470758920e+03
1.563348367098737299e+03
1.107078790463836413e+03
3.865190874722571607e+03
2.593928208134032502e+03
2.130263934999177764e+03
2.044243360780721559e+03
2.223249189637914697e+03
2.027621118017233357e+03
2.878963911810492846e+03
2.900783539334103807e+03
3.515085779285693661e+03
3.305760385667018909e+03
2.130681335627447879e+03
2.699450745700806692e+03
3.125601600624353523e+03
1.914763895983037628e+03
3.803337481988958189e+03
3.280908283138657680e+03
2.435335886762820792e+03
3.021364791939501629e+03
2.338967154318895609e+03
2.148226003112969465e+03
3.283770905384591970e+03
1.046279487260102314e+03
1.826916406711695799e+03
1.382555615907173433e+03
2.529428923176823446e+03
1.775168654192076929e+03
5.704593142448233266e+03
6.476374933782376502e+03
9.323058026954595334e+03
6.790308684356428785e+03
4.488675725861232422e+03
9.849207013370236382e+03
7.957516019279850298e+03
6.422468221631742381e+03
9.289689798163295563e+03
4.509766016698544263e+03
3.729747468502916036e+03
3.766895397222741394e+03
4.278594693803393056e+03
2.190850954197060219e+03
2.064368419497722243e+03
2.671458511782399455e+03
1.853879731569867317e+03
3.509681537848922744e+03
3.339505048820115007e+03
2.262381045068440471e+03
5.315587889497624928e+03
3.953929087007127237e+03
3.579803013226074199e+03
3.599852546347013686e+03
4.238097655158996531e+03
2.794256920357869603e+03
4.143895191586815599e+03
1.671916920769827584e+03
6.008337423636430685e+03
6.725880159608726899e+03
1.555570269007722163e+04
7.948559068886872410e+03
7.361108490995802640e+03
7.774905436017886132e+03
7.706794273462006458e+03
9.666270438320729227e+03
4.663588948216473000e+03
7.007584075449712145e+03
7.668919975521406741e+03
8.557308276630588807e+03
2.423522121494890598e+03
9.179285325528222529e+03
3.683088000561272565e+03
1.045261701557703782e+04
3.607249039846314190e+03
3.264161156918328743e+03
2.322764686065934711e+03
2.659566654945033861e+03
3.036327490146117270e+03
2.919014602541004479e+03
4.367370110903264504e+03
7.391046743462615268e+03
9.884355300690169315e+03
5.721638685118624380e+03
3.841772759783051697e+03
4.378817496508106160e+03
4.743037266561119395e+03
9.416821999990244876e+03
1.559646762857952854e+04
6.208819675438899139e+03
5.578551708411382606e+03
5.277263472106848894e+03
7.272267325272261587e+03
5.393981953902007263e+03
5.536172433179549444e+03
8.015726149889291264e+03
5.127140903424558019e+03
5.593735416314580107e+03
6.799649784374214505e+03
9.089658036802968127e+03
5.590593808291295318e+03
7.069603220347680690e+03
2.729513171028175748e+03
4.421684764523688500e+03
8.152341897265355328e+03
2.814083625503623807e+03
1.821482656122773051e+03
4.313854160331458843e+03
8.317304539132477657e+03
3.341441261643436974e+03
1.914389777979363089e+03
4.410746996212918020e+03
4.624030226631558435e+03
4.264364162862681951e+03
3.179883150461703281e+03
2.666955164871544184e+03
1.089560996079347024e+04
1.070441028029176050e+04
5.915283144932200230e+03
2.758439272523222371e+03
6.252558617770134333e+03
7.841262131890078308e+03
8.322362000161869219e+03
2.889375735455493668e+03
2.290206208533903464e+03
6.901451290880402667e+03
4.541652315894906678e+03
2.282648245250004038e+03
2.582770325827534180e+03
4.262058019685763611e+03
1.839205479212507726e+03
5.891658034001155102e+03
4.932351521128978675e+03
6.620465179671941769e+03
4.421785984640724564e+03
4.521589288321161803e+03
8.562191749618968970e+03
5.998247153103276105e+03
3.434411446468499435e+03
5.042380447225135867e+03
3.215181327399890506e+03
4.789171319568808940e+03
4.917957364823737407e+03
3.225063942823801881e+03
1.528917709730492788e+03
1.660614416368117418e+03
3.470268857880779706e+03
3.142973776439905578e+03
2.773602718714794264e+03
1.940945843864772996e+03
1.540098191473435463e+03
1.640644135073551979e+03
5.701477059885114613e+03
1.153517033450128656e+04
9.834619591405287792e+03
1.380784002662965577e+04
3.708664282017277856e+03
2.583073553842213641e+03
6.124858343219018025e+03
5.988342884146750293e+03
2.329223420539939525e+03
3.312785018652919007e+03
3.766475206841187628e+03
3.288141579988482590e+03
3.951524347599759949e+03
2.530863693211976624e+03
4.239164693283703855e+03
7.578009945394630449e+03
9.383692566737465313e+03
7.730677199168860170e+03
5.944042163641591287e+03
5.819364600896405136e+03
5.214066388084399478e+03
5.457941015876982419e+03
1.792770625216737017e+03
6.336743455150765840e+03
5.597737177225767482e+03
4.849857877297137748e+03
5.298752143127052477e+03
4.175501716047386253e+03
6.918209149409327438e+03
4.334917010657303763e+03
5.791469132518661354e+03
3.462453351028620546e+03
3.943748487855158601e+03
8.480553054313799294e+03
4.663176119347526765e+03
3.833857307552586917e+03
2.829278532781480408e+03
1.018608464649925918e+04
4.656552203350297532e+03
2.578717099694812987e+03
7.755275553325448527e+03
3.601675342609250492e+03
1.654633753414530474e+03
7.257554765977150055e+03
5.132531624371375074e+03
1.925865889245745166e+03
2.637312284899845963e+03
2.832486025067340051e+03
4.567271238709590762e+03
2.021157999221260070e+03
4.194199823968384408e+03
3.929076279949358195e+03
6.296276664355749745e+03
7.774585422692966858e+03
7.397551914017632043e+03
1.292114199112296956e+04
7.472458108528256162e+03
5.924013407263155386e+03
6.792645192439397761e+03
7.567898328954093813e+03
8.239986298848896695e+03
5.315188708354444316e+03
2.728670662516854918e+03
4.733814456996830813e+03
2.468748108591940309e+03
5.758389559369654307e+03
4.097427095130156886e+03
3.835184991735484800e+03
2.485169236027393708e+03
1.827584832278591648e+03
3.079478964461082796e+03
1.828870324326426271e+03
2.900062493256525613e+03
1.911783351959863239e+03
4.806865456830866606e+03
4.826145689635655799e+03
7.473744275163558086e+03
4.009826044873209412e+03
5.182919283044137046e+03
7.881683756251301020e+03
1.488934988060180876e+04
1.274788114532428153e+04
4.766197637817050236e+03
5.922415830066192939e+03
1.143913231043461928e+04
1.284553946242482198e+04
9.361242977291993157e+03
9.513106254241687566e+03
5.337055813767862674e+03
2.988126458952504890e+03
1.260811388030884700e+04
7.943925651961433687e+03
5.991725741711021328e+03
3.113088034489535403e+03
6.789112665729327091e+03
2.249733309899972483e+03
4.465445339429966225e+03
3.792196232502918519e+03
6.340314627584813934e+03
4.074475998892386087e+03
4.584542674001255364e+03
8.484654800941754729e+03
8.666910273476478324e+03
7.535766591231315942e+03
8.910620632343450779e+03
3.990623572114621766e+03
6.355556761740551337e+03
7.563452987004548049e+03
5.300164691349677014e+03
4.716023141522456172e+03
6.637795412575899718e+03
5.974536838125935901e+03
4.342515126079707443e+03
4.684633490096167407e+03
4.042428149248789850e+03
2.682703360871855239e+03
3.165167599205346050e+03
3.378432681648177095e+03
1.423291535716857197e+03
1.980634036286067840e+03
2.473330725006857392e+03
2.950475851022742063e+03
2.691577488331152836e+03
2.399645509594818122e+03
1.970460141132534545e+03
2.445099894134071747e+03
2.751298194483075349e+03
1.778956753235574297e+03
2.097370203883104750e+03
1.748464066949879452e+03
2.713102814950717857e+03
2.563091904841444830e+03
1.746508270563315818e+03
3.870125790690829035e+03
1.911392089010881591e+03
1.544616573758033383e+03
1.887184107826777108e+03
1.407752132654492016e+03
2.247508045762779602e+03
8.751005437682299544e+02
1.479925590393610037e+03
3.267525194734409069e+03
1.783666350893949812e+03
9.610541423074845397e+02
1.719003208811223203e+03
1.355260793177041478e+03
1.402214406057842325e+03
5.073863776415326356e+03
1.358574557434069902e+03
1.428398314888360801e+03
1.768771743141935531e+03
1.361097925753093250e+03
1.716180783093415130e+03
1.609413568883121798e+03
1.476445133288043507e+03
1.316233694597245631e+03
1.479030602630956537e+03
2.223362389357489519e+03
1.505157097573507826e+03
2.306727628644993729e+03
1.339658390975057728e+03
1.120371616191597695e+03
1.433399095876485489e+03
1.628164875181910929e+03
1.684264212940608104e+03
1.077825341353379599e+03
1.187529944252177756e+03
1.452418524435761356e+03
1.492916361535279748e+03
1.610387341701070454e+03
1.661633285901579484e+03
2.143862578492050034e+03
1.560158740615446277e+03
1.443309752219578286e+03
1.276894610481533846e+03
1.500437950648625019e+03
1.779520779825829550e+03
1.419162239296038251e+03
2.055292647678511457e+03
2.766121252366254339e+03
1.278595500439316083e+03
1.669294511696454492e+03
2.859227455038520475e+03
1.574266106053314388e+03
1.557192979600126137e+03
1.519724041148228935e+03
1.416585510504710783e+03
1.066935379246451021e+03
1.505560956364778121e+03
1.260724797272996739e+03
1.511081669403955630e+03
1.103021082887680450e+03
1.131000323073311620e+03
1.275753005771215385e+03
1.358963418495599171e+03
