1.299144949634816385e+03
1.620359856608791006e+03
7.708125880907574583e+02
1.980596163954062376e+03
2.072085084442423067e+03
1.620472042302694263e+03
1.862582173534050753e+03
1.699775271184988014e+03
2.835826096626784420e+03
1.687474952105620559e+03
1.229117926340321901e+03
2.798247536425344151e+03
2.437327878747495106e+03
3.697962159436657657e+03
2.278657906971437569e+03
2.418791595025817060e+03
3.175405951230000028e+03
2.414664966064275632e+03
3.021315865182925336e+03
1.899694065854633664e+03
2.532176270445911541e+03
1.994703911671638707e+03
2.883459616049959095e+03
2.331311502873869813e+03
3.174980334208671593e+03
1.817690320367604954e+03
1.309376400959524972e+03
1.885633984329675286e+03
2.294740713986217088e+03
1.833268454148771298e+03
2.096460417822051113e+03
1.638758572691004474e+03
1.387359990852063220e+03
2.275886207847458081e+03
3.662501147247722201e+03
2.038821591846402725e+03
2.400510357589341766e+03
2.368961793339900396e+03
1.448386521569369961e+03
2.893071879958184581e+03
7.519568855184171298e+03
7.965890640668814740e+03
5.170486138672656125e+03
6.928785046652185883e+03
4.708275908743009495e+03
6.299473987410651716e+03
3.434304859427223619e+03
4.833064192919278867e+03
6.333924680364883898e+03
3.712408325231807794e+03
8.313164186489084386e+03
7.494709447958462079e+03
5.652015870357052336e+03
6.667514974234791225e+03
5.510920035895574983e+03
4.321931357985618888e+03
1.610725074249003910e+03
5.037658579886701773e+03
4.952917489620315791e+03
5.727727693286202339e+03
3.425518604960678658e+03
4.171887007354727757e+03
4.827849425912319020e+03
3.284064023771271877e+03
4.543688263596930483e+03
5.891603278294342999e+03
4.439383565193369577e+03
4.283384484434305705e+03
6.401044178950509377e+03
6.315631744098541276e+03
5.739157208930949309e+03
6.489642815420194893e+03
4.073095164137010215e+03
3.433415710844135901e+03
8.320821569594218090e+03
2.877904789131075177e+03
2.514699639524522809e+03
2.683336651503212124e+03
4.791776008671737145e+03
3.062262097626584364e+03
2.926094963870100855e+03
2.167251250655635886e+03
2.095580972671970812e+03
3.244196196770528786e+03
1.165133304533970477e+04
6.252275105991464443e+03
5.778656990305479667e+03
2.681985527219841970e+03
3.996290480726269834e+03
9.244309273770153595e+03
6.623258010507841391e+03
7.058507489417907891e+03
4.716480634001594808e+03
4.252838812265312299e+03
3.866899436617200081e+03
3.172150740126430264e+03
4.089655529720046616e+03
6.499688899520058840e+03
7.137151728939650638e+03
8.291154953964134620e+03
6.408632403487926240e+03
8.775982927396895320e+03
4.500039163843259303e+03
3.389308170709775368e+03
6.013803685431829763e+03
9.057858170490611883e+03
3.994417986828496851e+03
7.190853622720716885e+03
9.914894182827878467e+03
8.045355292914699021e+03
1.136686795290335249e+04
7.187918738436101194e+03
7.333207592327037673e+03
2.999876784492196748e+03
2.834121317987622660e+03
3.846272024519117622e+03
3.538346516256272935e+03
4.045693508958395341e+03
9.026339690278586204e+03
8.297683562122208969e+03
7.243267359436226798e+03
6.944511463104381619e+03
4.499897891333059306e+03
9.293718234983645743e+03
6.026670109816365766e+03
3.578790319761539649e+03
3.365594216011418212e+03
5.061600217373594205e+03
5.721493842271846916e+03
4.844722575489445262e+03
5.579705920973428874e+03
2.879474136115898091e+03
5.453945492034878043e+03
5.466580029388301227e+03
5.965654099499810400e+03
7.934726307602116322e+03
3.012180318793405149e+03
4.523394561214518944e+03
8.076007700921952164e+03
3.380823887782932161e+03
4.679345413091245973e+03
7.461879907416158858e+03
5.181809264326774610e+03
4.401094813847541445e+03
6.059762996193550862e+03
4.278740339605236841e+03
3.087235838182347379e+03
6.141528849027534307e+03
8.136502916258848927e+03
5.782492490296895085e+03
5.243674310353031615e+03
3.703484407468143218e+03
1.856051014349878642e+03
7.955712408941042668e+03
5.150629891089985904e+03
2.268112118999841186e+03
1.914549083086598102e+03
2.710386289279586890e+03
2.229491558069087205e+03
2.705926434666827390e+03
7.794548585396672024e+03
8.591536728296112415e+03
8.303865079312628950e+03
8.295824608236362110e+03
3.287877003154084377e+03
3.173256425032849620e+03
3.705423048945297523e+03
5.248027965781905550e+03
3.134450925676161205e+03
3.881946593342832784e+03
6.573661641924391006e+03
7.050487990187100877e+03
7.781356995435543467e+03
6.983126630388820558e+03
5.356485298583991607e+03
4.766243891100793007e+03
5.197414857819935605e+03
5.253336126640558177e+03
1.299336603522822770e+04
5.316594355398324296e+03
5.073516878654760148e+03
5.968497989406036140e+03
1.049327351193709546e+04
6.220001359138047519e+03
4.136745212783460374e+03
3.627332474611228918e+03
2.366887749063172123e+03
4.823839859639891984e+03
3.241215222286220069e+03
5.392660231502377428e+03
4.172893772659704155e+03
3.055497751964758208e+03
1.434503080941439657e+04
1.246648228489827306e+04
6.921110814059592485e+03
9.703862549081046382e+03
3.672270151021394668e+03
6.298667855279887590e+03
4.035504524415383003e+03
5.222416336113238685e+03
8.309974619116033864e+03
3.246333182234392098e+03
3.578226238203450066e+03
1.202209795596285221e+04
2.988138680020744232e+03
5.636267130141228336e+03
6.897881944675107661e+03
4.089050532700388430e+03
2.011915741090366510e+03
1.073151889493844237e+03
2.281655645650218503e+03
2.309848340489002112e+03
2.141945621724460125e+03
1.091744855952169473e+03
1.751291159501796983e+03
1.614519817292846483e+03
1.700246031491118856e+03
1.341122577183249632e+03
1.358153133102186530e+03
1.533667063558361406e+03
2.115886690743172039e+03
2.532603915246215365e+03
2.110625684034368987e+03
3.998343745528716227e+03
3.885746769764261444e+03
7.088634392778040819e+03
5.092222013683973273e+03
5.211709816916244563e+03
4.532693167490438100e+03
3.657987604986054066e+03
2.932510598066788134e+03
2.190244758580828602e+03
9.460056990022371792e+02
1.162105757613023570e+03
1.210848654993361833e+03
2.106233363128808378e+03
1.082064388570406436e+03
1.483115434540048000e+03
3.115021610062690797e+03
2.141402279447936053e+03
2.177525281100822212e+03
1.826602586056118071e+03
1.476302347801393580e+03
2.148702010943881305e+03
1.586011560894485683e+03
2.115644456134905340e+03
2.682930871910700716e+03
2.633507862150522669e+03
1.858936092439327922e+03
4.703534795036372088e+03
3.800936201556316973e+03
2.612024640409037147e+03
2.323528519447339477e+03
1.309862314531499123e+03
1.715459820145306139e+03
2.501165312671379070e+03
1.730360716954310647e+03
3.079462524956394191e+03
3.594851784080353355e+03
2.752832206916562427e+03
1.839199279765659867e+03
1.339984272854648225e+03
3.630225905478342156e+03
2.061140751944224576e+03
2.230015451952486274e+03
1.721798339174956027e+03
2.038279462253053907e+03
2.483526513831327975e+03
1.747828868055958537e+03
2.470678982383830771e+03
1.601762953763789483e+03
1.495825027103834600e+03
1.917358784365281281e+03
1.982520521137605783e+03
2.301750131753211008e+03
1.875465438305852558e+03
1.283164892405620549e+03
1.958421393268983365e+03
1.357529217565212548e+03
2.161892635836851241e+03
1.785712235151167988e+03
2.235961824842321221e+03
1.046065792440690984e+03
1.677570989166046502e+03
1.609594632526934220e+03
1.527381873521434272e+03
1.855721198822827546e+03
2.125282899023233767e+03
1.807805688337066840e+03
2.061747711168613478e+03
1.317447036802330558e+03
1.404440694890084387e+03
1.471509001911355199e+03
1.510457741284592885e+03
1.288272598729825859e+03
1.123125096063781484e+03
1.974637284466042956e+03
3.358891872583916211e+03
3.304659602425515914e+03
1.559349345780455678e+03
1.468910195159725163e+03
1.119784375632701312e+03
1.607548520309856713e+03
1.429850794625123854e+03
2.246267830352909186e+03
1.410607044911028652e+03
2.756675664783656430e+03
1.127908345364578963e+03
1.950635489390167550e+03
1.504315794246278301e+03
1.322499537425806921e+03
1.170409489658587972e+03
1.635526212286237524e+03
1.614213185233674494e+03
1.308457497548896526e+03
1.905718056355862473e+03
1.980511272423945456e+03
2.097736834642957092e+03
1.356532058883396758e+03
9.511529230685353014e+02
1.878228568418490795e+03
1.273204034017034701e+03
1.094406779391794771e+03
1.346773435914941501e+03
1.615153682732806374e+03
2.448742102780261575e+03
1.839423244508800281e+03
1.591265644207971263e+03
1.035561969010286475e+03
1.748823183018271038e+03
1.607722089960907397e+03
1.529699451871513702e+03
1.216013250744955712e+03
