1.299144949634816385e+03
1.299144949634816385e+03
1.399594607146318140e+03
2.582031009109985007e+03
2.181724350179573776e+03
1.779474971346622851e+03
1.460929680094071955e+03
1.280135466583556536e+03
1.547311623123571735e+03
1.943580808136953465e+03
1.421919963792324324e+03
2.662802590380095353e+03
1.191446345186450571e+03
3.360014151701846458e+03
2.110534638590013401e+03
2.211867004595042999e+03
3.566132486913330922e+03
3.982088709480080070e+03
6.565639082848935686e+03
6.719388387973854151e+03
4.174706936789647443e+03
4.773502425305530778e+03
3.419091371002863070e+03
3.474108139382908575e+03
4.503923776581209495e+03
3.387448666290141773e+03
2.864599939311385242e+03
2.749809882060009841e+03
2.529573806813806186e+03
2.498839415125169126e+03
1.922641552665333620e+03
1.790280066810196331e+03
2.330806909355027074e+03
2.489332890700739881e+03
1.529542885151885230e+03
2.166277262287725080e+03
1.784194693477273177e+03
1.706972539658768255e+03
4.000186332989720540e+03
2.206490487333385772e+03
2.601116984208471877e+03
2.304992626947180270e+03
1.806247404933816597e+03
1.857617907274775689e+03
1.648347451806207800e+03
1.442566883274682823e+03
4.071303106513479179e+03
2.037405726061127098e+03
1.663374152589261939e+03
1.585020644533901304e+03
2.425066879840964248e+03
1.863489204405127794e+03
1.116796855290915801e+03
1.312497840424778587e+03
1.441666023867267995e+03
1.732223515203642137e+03
2.451954223894169445e+03
1.501956608132974679e+03
1.763146721401578816e+03
1.512230946674219240e+03
1.815468737136309301e+03
1.095627940361742276e+03
1.063814241498992487e+03
1.485630058204871375e+03
1.522507804887259908e+03
1.464789607403013633e+03
1.174065584415679268e+03
1.309716754914530384e+03
1.416199282254230866e+03
2.381869082167160286e+03
4.358208966932344993e+03
3.153345699338689883e+03
1.383270359547268754e+03
1.909165704414805759e+03
3.310793427353422430e+03
1.364472216039681371e+03
1.057134662947386687e+03
1.918998488465190576e+03
1.360238420550112778e+03
2.493211836683031834e+03
1.634850640448253444e+03
1.239826054792315972e+03
2.439221806315089452e+03
3.825506940726160337e+03
2.884825644275104878e+03
5.073181523229543927e+03
6.291942827449793185e+03
5.055912158574699788e+03
6.913232695175594017e+03
7.244067831244502486e+03
9.878408625392068643e+03
8.574907507740323126e+03
5.926671330154225871e+03
6.199204159792429891e+03
1.230898644099631565e+04
7.735122458712182379e+03
4.707769863037978212e+03
5.916786094829782996e+03
6.930331800622508126e+03
5.578964591341671621e+03
4.009012626434633603e+03
8.914663969061493844e+03
5.967297503132495876e+03
5.847880496163854332e+03
9.679809782625025036e+03
9.787398476661041059e+03
7.048219882440732363e+03
2.457351752516928173e+03
2.998299634406578662e+03
4.423348493220673845e+03
5.643118139574418819e+03
3.434177669940575925e+03
5.503910533340502298e+03
3.846893885007306380e+03
2.433524233732111497e+03
7.223662311466151550e+03
4.603261495447109155e+03
3.232888089596492136e+03
6.816090685907293846e+03
6.016528700830484922e+03
6.110027518409679033e+03
4.725801221187432930e+03
6.883017515443777484e+03
5.142565971783562418e+03
7.752206861769809620e+03
3.846954145368353693e+03
2.347696836433061890e+03
5.005802302896138826e+03
2.759737984577873704e+03
4.532812877097730052e+03
1.109967633692519848e+04
5.999755294729207890e+03
3.870792144422376623e+03
4.575232192140075313e+03
1.027111469037804454e+04
8.695198604080913356e+03
8.795313383593185790e+03
7.318043737815689383e+03
4.141065585625335189e+03
4.114047303199126873e+03
1.452405606450698997e+03
4.941208932053338685e+03
2.573105626808157012e+03
1.686498218811054130e+03
1.129451381457012076e+03
1.782650490789413652e+03
3.766187506051260243e+03
6.442160575011052970e+03
2.787350284268684845e+03
1.717595676173060838e+03
3.015488863258308811e+03
3.373834674568140144e+03
1.566141358379266194e+03
3.308873435519342365e+03
7.159197638170270693e+03
3.417925427418073468e+03
2.427869116522673266e+03
6.010106573693765313e+03
4.500217225187070653e+03
2.448722430249778427e+03
8.850704442638898399e+03
3.000796162320840722e+03
1.078609582330436524e+03
2.742200944165525470e+03
4.048731347305591953e+03
9.345878274641179814e+03
2.358214198844141265e+03
5.859727453714370313e+03
2.750415039653640179e+03
6.595595661070568895e+03
4.822343890844878842e+03
4.486667076660432031e+03
2.828892870774273888e+03
2.737406463269669985e+03
3.193080931306107232e+03
5.381011040610086638e+03
2.402002530372267302e+03
5.330223444081833804e+03
4.773742706573979376e+03
2.611004915656210869e+03
1.459502479132054532e+03
2.403747165733010206e+03
2.820026652472959086e+03
1.986506193153965341e+03
1.191882369997370915e+03
1.309163172631971520e+03
1.310883968429250899e+03
3.364148313957546179e+03
1.073716567273095734e+03
2.473344833703851691e+03
2.798573067889987669e+03
1.976951651071353581e+03
2.885071030088837688e+03
1.330757875631693196e+03
2.886042248707023191e+03
2.088780180733222551e+03
2.222887472298498778e+03
1.632493811487909625e+03
1.560280011532446679e+03
1.641957056223181553e+03
1.670236397310686016e+03
1.472133948037995197e+03
2.496545086154980709e+03
3.042957519609034080e+03
1.355913085463699872e+03
1.230051406417195039e+03
2.511635352659766340e+03
2.597517972603028738e+03
1.296314189832401780e+03
2.202116142927469355e+03
1.566510493057151962e+03
1.888761385382580329e+03
2.041394567884034359e+03
1.929328629367125814e+03
1.700981090549932105e+03
2.981427695299187235e+03
1.554390613572478287e+03
1.601215850348015692e+03
1.292275673301340930e+03
1.107041167948580096e+03
1.969921225952907889e+03
1.811440147265534051e+03
1.953588779334710580e+03
1.810648416489131705e+03
2.742617886463971900e+03
1.484424058898773637e+03
2.003586508098717331e+03
1.380558235699576699e+03
1.953428644323430490e+03
1.280820284052796069e+03
5.176665031821871708e+03
1.717439384006494492e+03
9.513858119753807614e+02
1.544890250791135031e+03
1.143037265349405288e+03
1.966561893524960169e+03
2.281388131858060660e+03
1.545050108700401779e+03
2.385241197702769114e+03
9.375125919799502299e+02
9.587239843665339549e+02
1.759711762116017780e+03
1.121669956728583202e+03
3.315907938714397005e+03
1.563788395930481101e+03
9.320283704424133475e+02
1.802805572313707671e+03
1.173502116047443678e+03
1.857267188405375919e+03
1.529811242858501373e+03
8.110358075075315583e+02
1.557030586239844069e+03
1.211345022678248597e+03
1.238849908369420518e+03
2.028498054894476354e+03
1.453555020991919264e+03
2.278134934045631780e+03
1.226603956818559254e+03
1.599899578719917372e+03
1.615672834207229243e+03
1.895052883873865994e+03
2.132410946789935224e+03
2.151987124720142674e+03
2.178492365042754045e+03
1.787439085941351550e+03
1.605443524140478530e+03
1.451383255936417754e+03
8.554721896956555156e+02
1.058403228115786305e+03
1.275515821712511524e+03
1.259180834078897760e+03
1.728891818024059376e+03
1.519656034073142564e+03
1.268980195550049075e+03
2.457199527027159547e+03
2.996325414231416744e+03
2.164319021278417495e+03
1.395503222369035484e+03
1.396629515022758142e+03
1.548920814598069910e+03
2.674172474364796017e+03
1.526220266591973768e+03
1.237046092855436655e+03
1.429051978543252972e+03
4.719269797339269644e+03
1.996585688997371790e+03
3.035407525273985812e+03
2.770072224603584800e+03
1.272854626784206403e+03
2.047369520969731639e+03
1.363998620083291598e+03
1.556584728591983321e+03
1.337906258840622513e+03
1.709170753344394370e+03
1.717433407242461726e+03
1.093320159499571673e+03
7.824525895677086282e+02
1.164581958237519757e+03
9.712841396806123839e+02
1.963606306896186652e+03
2.190752369180433107e+03
1.659199367576755776e+03
1.490420662983090097e+03
1.544329489510012536e+03
1.545830594546392604e+03
1.001491756318969237e+03
1.548810882509710154e+03
1.064407860664983673e+03
1.498303011587912579e+03
9.771087086086263298e+02
1.445849622777299373e+03
1.124119739935115604e+03
1.737062996832218005e+03
