1.299144949634816385e+03
1.299144949634816385e+03
1.730407933266266127e+03
1.589952730644916755e+03
1.606808388966098619e+03
1.514724102468320780e+03
2.008394336151605103e+03
1.019984330052630185e+03
9.174415168565639078e+02
1.432560444175856446e+03
1.002279900146417162e+03
2.051156659697758187e+03
2.165802617231368913e+03
1.035522816556074531e+03
2.099314174321367773e+03
2.133836766120989068e+03
2.738870188930975928e+03
1.610382121013317601e+03
1.422644075241787050e+03
1.755169123193344831e+03
2.019282024868352892e+03
2.176781113702374569e+03
1.442312991236878133e+03
1.707276929672393635e+03
1.328615999914442000e+03
2.076507753372256957e+03
2.014150627459023781e+03
3.778047273010104163e+03
1.455777068194349113e+03
1.786030824872947278e+03
1.332271813519874058e+03
2.278096373312894229e+03
1.667467720720564103e+03
1.305548276477423315e+03
1.451664358731991570e+03
1.303332946703360221e+03
1.713685655022507717e+03
2.116395257161153950e+03
1.737954307908699093e+03
2.079240689261277566e+03
1.536923989226401773e+03
2.182300736444838549e+03
1.399623527943947238e+03
1.224672357585122427e+03
1.151134586574952664e+03
1.141619810085404424e+03
1.442227699626148706e+03
1.305724152542458341e+03
4.830029627496663124e+03
2.133326266507051969e+03
1.430960839862209923e+03
2.483979494938749667e+03
2.315798450753039560e+03
2.945358428286152503e+03
2.847015974517812083e+03
2.815094235327085698e+03
5.471144700131319951e+03
1.904260199907489368e+04
1.203856659172372929e+04
3.504504782033446645e+03
3.167479979734390326e+03
4.117393819446696398e+03
4.430225605855322101e+03
6.164943517609178343e+03
4.783342550257867515e+03
8.243512654344298426e+03
4.825939570070790978e+03
5.641878291863728919e+03
3.695923922911346835e+03
3.267216186711989394e+03
2.641948041702470164e+03
1.114458873050398142e+04
5.104527782063477389e+03
5.588133488903367834e+03
7.794111969665551442e+03
2.683176040983181338e+03
6.341076806517628938e+03
2.822262303910461014e+03
1.901501167627562381e+03
6.276362409671513888e+03
5.827014929898384253e+03
5.126207665091671515e+03
6.135488326538125875e+03
2.668354689524754576e+03
7.007298853302775569e+03
8.231416688405030072e+03
9.952022744205363779e+03
7.107222565147125351e+03
5.792289691750369457e+03
3.019964947698580090e+03
3.809604808822892210e+03
1.356733860446374365e+03
1.745827739698552023e+03
5.038960417656920981e+03
2.054042243992070325e+03
2.753365990102926389e+03
1.486828783487306737e+03
1.774953747179774609e+03
2.038962076380759072e+03
2.277507895213051597e+03
2.096079482683778679e+03
2.543778586212595201e+03
1.598666338236679167e+03
1.477609185335959182e+03
1.120420866134285461e+03
1.253779478222164016e+03
6.443270081532863514e+03
7.285710883437461234e+03
6.328854130278211414e+03
7.396390447861443135e+03
8.199336744381958852e+03
6.551133036790044571e+03
6.921354853171821560e+03
7.261054540567336517e+03
8.295291784500905123e+03
8.922889214396143871e+03
8.159045657345041036e+03
8.579955220855983498e+03
4.468101345609906275e+03
3.538305683243856947e+03
2.823356454268033758e+03
2.493690426115158971e+03
3.163729088431141008e+03
1.553892059681750425e+03
2.032372127913718714e+03
3.019906007361670618e+03
2.033186048708682847e+03
1.934227259531889331e+03
1.179088096961707151e+03
2.168790254607368752e+03
2.326022031882209376e+03
3.038291876453533405e+03
2.040322601479728746e+03
1.947135568234668199e+03
1.470584534772438474e+03
1.641439579574523123e+03
1.741133404552128468e+03
1.122765678517661854e+03
1.014059593651300702e+03
1.967841117191600006e+03
1.908710148087649713e+03
1.093679007982330177e+03
1.338811787328397941e+03
1.152734270110892339e+03
1.545898534071013955e+03
1.573777216056789030e+03
1.634337242499492731e+03
1.207243725860604400e+03
1.360724451881961386e+03
2.868281729758158690e+03
1.546621692757568326e+03
1.401596271972507111e+03
1.509348678476788564e+03
1.312543356926902106e+03
1.436272093912923992e+03
1.894219772641017926e+03
1.855708295477769070e+03
1.511794733240975120e+03
1.365658623565778953e+03
9.741323191199114717e+02
1.079971310013195534e+03
1.449174779243460534e+03
1.318674734974852754e+03
1.820089830771518791e+03
1.740716302601711050e+03
1.412927853548270377e+03
2.126561733545581774e+03
9.103849648026331352e+02
1.289699773564214865e+03
1.481008625049459170e+03
1.652071403794769594e+03
1.662761761160511469e+03
1.342956176219840245e+03
1.875821147790083387e+03
1.924180244499570335e+03
1.162217323075845343e+03
1.003486380303199780e+03
1.243232346106497062e+03
1.488394780843469562e+03
1.130052769168423083e+03
1.895614434110158300e+03
1.512127661988026830e+03
1.935505364295337813e+03
1.657236613088750573e+03
4.139102205751065412e+03
1.373890126524372590e+03
2.332033789502478612e+03
1.255258463535785040e+03
1.267487490249329312e+03
1.810257807781096972e+03
1.427137559480729806e+03
2.243493602098206338e+03
1.380598858368427500e+03
1.184031415796920555e+03
1.346802227172961011e+03
1.706667648273539044e+03
1.769486206762811435e+03
1.495037374191819936e+03
3.604006551608272730e+03
1.491008229897158571e+03
2.730654180692506998e+03
1.205536124346597944e+03
2.013863426830072967e+03
1.288016596210795569e+03
1.434699028881931554e+03
1.522094217178491363e+03
3.055941323976406238e+03
1.735394178498808742e+03
1.099210105124049733e+03
1.222478088678848053e+03
1.353192110756579041e+03
1.632822499730558093e+03
1.638528902010000365e+03
1.869491866597031503e+03
1.571776768047041969e+03
1.388429893198718901e+03
1.550945822781739707e+03
1.662999361798714517e+03
2.038155726985180081e+03
1.256864946642008817e+03
1.363105786369101452e+03
1.402102989313991657e+03
1.453588755429270805e+03
1.904983705258733607e+03
1.092915744617713472e+03
1.451231421376030767e+03
8.688211425784915036e+02
1.930831626280971022e+03
1.633427945752582900e+03
1.167607004317956353e+03
1.248521338060084645e+03
3.264560612088818289e+03
1.121272632657579152e+03
2.104379002870629847e+03
1.128677529575125618e+03
