1.299144949634816385e+03
1.032252451361138810e+03
1.851367441741671200e+03
3.356205703980936050e+03
2.775007468267422155e+03
2.121526116369831016e+03
2.297957974750939229e+03
3.606245121270992058e+03
3.754813386034343239e+03
6.726770319675338214e+03
3.589952723626551688e+03
4.754424260611774116e+03
3.191194245286137175e+03
5.741337210478179259e+03
8.059268211858678114e+03
5.120618432248409590e+03
4.086519227240876717e+03
5.171240487429598033e+03
5.047797512180387457e+03
7.018230498158026421e+03
6.088023952854809068e+03
7.509078249648806377e+03
5.096631246828103940e+03
5.029779284139681295e+03
5.473324982209515838e+03
6.796457242273774682e+03
3.801959853432423188e+03
3.615561890594592114e+03
4.905824484765354100e+03
5.126416229782917071e+03
5.150180538574359161e+03
3.405384537339401959e+03
4.244507727970521955e+03
3.689199658888757767e+03
4.190663586094638049e+03
3.510769390211411064e+03
2.479741132878375993e+03
1.910589496067293567e+03
2.833593989084858094e+03
7.991529362311807745e+03
4.926152493136966768e+03
3.905301380658012022e+03
3.347242297143050564e+03
1.867459052480218133e+03
1.659377145775752069e+03
1.439158204352988150e+03
1.659446344268305893e+03
2.931708876279696142e+03
2.369638595478071693e+03
2.841245395794186152e+03
3.306328082888835979e+03
3.883766121295136145e+03
2.811224246303901054e+03
2.754507611327846917e+03
2.132132531274357916e+03
3.905024902887863391e+03
2.777073343032872344e+03
8.176694790109479072e+03
6.407497028295289965e+03
5.910576458132141852e+03
3.677418539553636492e+03
6.329265664606325117e+03
2.889115674150667019e+03
4.625974220438322845e+03
2.579089821535586452e+03
3.161286152265249257e+03
4.118225981237363158e+03
9.921470148238860929e+03
7.937054800682038149e+03
6.304113251030679749e+03
5.569835516878298222e+03
5.942661637396632614e+03
5.467144954557868914e+03
5.632124219304668259e+03
9.614877197102523496e+03
1.362927157525216717e+04
5.810480281487914908e+03
5.172540281479209625e+03
3.504080491963979966e+03
8.332664366963208522e+03
6.356136409343776904e+03
6.159495352106529026e+03
6.033559746463174633e+03
7.068932888389309483e+03
6.492304392451568674e+03
1.149879917593699611e+04
7.632061991433363801e+03
5.592995198912061824e+03
4.254512211793989991e+03
3.990830198115114854e+03
4.066980154524187128e+03
7.649872021682580453e+03
4.082082419374577057e+03
4.605270774138912202e+03
6.773257925894600703e+03
1.084285796297519846e+04
1.161723663972251234e+04
1.106717952805077221e+04
6.574044120135463345e+03
4.123761983688313194e+03
6.290532275001080961e+03
5.905079784525121795e+03
3.982195772126008251e+03
3.594702561247885569e+03
3.186594108744278401e+03
2.563993176845843664e+03
3.429588805857722491e+03
7.303671847591535879e+03
7.490613130546973480e+03
2.709806053673567476e+03
3.642154467962093804e+03
6.799003011218434040e+03
3.860030538204011918e+03
5.693134399529399161e+03
2.750744092308874315e+03
2.211445353289682316e+03
1.686623439509738773e+03
9.761553575342377371e+03
6.322367274694633124e+03
5.988806780282902764e+03
3.711746347053212958e+03
5.692789239806157639e+03
2.496527332234235473e+03
4.549126850684926467e+03
4.169077944362774360e+03
3.992891141004903147e+03
6.478545254577190462e+03
4.867207523950230097e+03
2.007413071979926826e+03
7.074058395357289555e+03
4.375692282173092281e+03
5.392368311992231611e+03
2.852394569354489249e+03
4.309155939922924517e+03
4.451837032189822821e+03
6.506245380166043105e+03
6.264104334340564492e+03
3.601729502742808108e+03
4.556124981021038366e+03
2.436087622620092134e+03
2.899220060410080805e+03
6.052453623700418575e+03
6.627157271962627419e+03
4.607038731772575375e+03
3.424154719468064741e+03
5.947403025045000504e+03
3.720100570048349255e+03
3.374122504186329479e+03
1.216009322155598738e+03
5.363865667895727711e+03
1.588316027904343628e+03
2.427092037057731886e+03
1.469335192709104149e+03
1.386598668958237795e+03
2.073062836470562161e+03
2.499561182938104139e+03
9.887717710757282475e+03
3.346480870019270242e+03
6.044493114639591113e+03
2.371680015332812218e+03
6.240755903170675083e+03
7.458373671333110906e+03
5.197408924116711205e+03
2.917333670530642394e+03
4.355708619955264112e+03
3.751284363969086371e+03
4.030169775548646612e+03
7.284635368954322075e+03
6.913581432961273094e+03
9.608586978094748702e+03
2.454729271808866542e+03
2.835729443287546928e+03
4.092493555334309349e+03
2.678340295193801467e+03
4.179969594514401251e+03
3.978212876501619121e+03
2.635492965969179750e+03
5.640976744300333849e+03
4.807076317629199366e+03
5.806809610397176584e+03
2.193849900256881938e+03
6.759234735943444321e+03
5.020716483107964450e+03
4.357829967362494244e+03
3.708050888587978534e+03
4.981774874405391529e+03
2.869726191025504704e+03
4.830146776636411232e+03
3.893633953128526628e+03
3.961929940126763086e+03
1.758733796144374082e+03
2.353768484507588255e+03
2.831320255941886444e+03
2.520278633260397328e+03
3.650830830515108119e+03
6.591328994605732078e+03
4.415694790712637769e+03
6.921531733774381792e+03
4.902368065144310094e+03
1.059910054338781447e+04
3.446466821931187496e+03
3.924997831144095471e+03
2.270041497702344259e+03
1.439024602020229622e+03
1.138835271250928372e+03
7.815925466361408098e+02
1.359900291840254113e+03
2.172007925474513286e+03
8.231668029370086515e+03
4.026926093994019084e+03
8.943949182353364449e+03
4.463878928994733542e+03
2.304956618573671221e+03
3.897126473846496083e+03
4.082321908154454377e+03
4.364407219372967120e+03
7.477823860806595803e+03
2.987120095622079134e+03
3.718679970558748209e+03
5.640961849094025638e+03
2.428078193589568855e+03
2.468550557618753373e+03
3.444547597281607068e+03
5.808661534789755024e+03
4.508743794432666618e+03
3.040239165562511516e+03
3.781749838113779788e+03
2.655551509484439975e+03
4.049653188503395540e+03
7.547796993347047646e+03
6.882304439340304270e+03
7.700395697297170045e+03
6.171214088262789119e+03
5.516320422598253572e+03
6.732111051467644756e+03
5.755761418120710914e+03
7.822281577126928823e+03
6.718989153874965268e+03
9.855100781279821604e+03
7.399400617169743782e+03
5.760834341195216439e+03
5.257013592261672784e+03
6.902494715234990508e+03
6.010970477311427203e+03
4.747857621744693461e+03
5.291414541277968965e+03
1.146384611892113571e+04
9.364218168374776724e+03
8.108304185202644476e+03
9.728820333242882043e+03
4.389895895203611872e+03
5.829417461311229999e+03
8.164558311844364653e+03
1.269032650454270333e+04
6.971625977907213382e+03
7.417219040206883619e+03
8.060921688241053744e+03
6.717138449416874209e+03
8.309265332384147769e+03
5.176983042829593614e+03
4.036950616106172220e+03
4.138216138938203585e+03
2.239840502445498714e+03
2.306669411873269837e+03
1.856106736040675059e+03
2.963697119627789561e+03
1.927607967428968777e+03
6.814099247020111534e+02
1.348866775098826565e+03
9.992948767615805536e+02
1.083529408044401407e+03
1.011049516123406192e+03
9.300556186189332948e+02
8.534630485595164373e+02
1.215227950506689467e+03
1.308107451805838082e+03
8.468663635653975916e+02
8.787982433565676956e+02
1.207173764096521381e+03
1.512433019365329301e+03
1.536990170585533178e+03
1.630302793679747992e+03
1.685244560108707674e+03
1.446660736724548542e+03
1.232741543031686433e+03
1.560656436233833347e+03
9.545289791834900370e+02
1.197973301282833290e+03
1.672953822187440664e+03
1.168484008786439063e+03
2.636612694621559967e+03
1.312454902026639502e+03
2.106882428201605308e+03
1.179398708278713002e+03
2.506278594066563528e+03
3.627036930610664513e+03
1.457906615389700391e+03
2.029851457597409762e+03
1.706515719495312624e+03
9.403288947493083469e+02
8.804868696593400728e+02
1.658375118554984510e+03
3.911874570421707176e+03
2.287265609935201610e+03
3.108296517983267677e+03
1.114948621971538387e+03
2.216746648297666525e+03
2.126110846041900459e+03
1.621131066513489031e+03
1.746927388879242471e+03
1.681694166612145409e+03
6.246176677464527529e+03
1.572054078419292637e+03
1.858214140565160960e+03
1.805417171180024070e+03
1.816551603154112172e+03
2.539461955439203848e+03
2.476157730822596022e+03
1.780246553709032469e+03
1.505196034300837255e+03
1.350394377644073757e+03
4.334128369829010808e+03
8.261807413974655674e+02
1.086042043818453294e+03
5.599310284305355481e+02
1.758649290447030580e+03
8.740630246174656577e+02
1.465813933837363720e+03
8.308699480301694393e+02
8.708517958109480332e+02
1.566180235510573084e+03
8.631415072036153333e+02
6.361819525647953242e+02
1.003199580634051927e+03
1.362170561623355297e+03
1.067317696608414735e+03
3.367622481044325013e+03
1.191071669827949108e+03
9.243984449977779150e+02
8.478881957720979017e+02
2.317023098582936200e+03
1.377918337351658465e+03
1.199111240927523340e+03
9.173787929722353738e+02
1.092894042542395709e+03
