1.299144949634816385e+03
1.694894013441371726e+03
1.700992618889663163e+03
1.703437718567672846e+03
3.192285458701507650e+03
1.537673613055762871e+03
1.512634869621971120e+03
8.976110266030160574e+02
1.448555491127499408e+03
2.039999221517416345e+03
3.207830744065096496e+03
2.093232504299291577e+03
1.252494512160210434e+03
2.217007362271212514e+03
1.637818752050470266e+03
1.508781642439880216e+03
1.020098960791500417e+03
1.103916689555391258e+03
1.930826509344415172e+03
9.138712567532525100e+02
1.712715758001731047e+03
1.333826907792315524e+03
1.277203399919627600e+03
1.121642165121500511e+03
9.838754722393790644e+02
1.090263812854534081e+03
1.236023721491139440e+03
1.237311247686133129e+03
1.816315046917420887e+03
2.880038415507579884e+03
1.162738931640068358e+03
2.016570053237831871e+03
1.050854571587245346e+03
1.868846105769249561e+03
2.744291778861992043e+03
1.612177753649400302e+03
1.227305699231182643e+03
2.139964427743630040e+03
2.551488196294110367e+03
9.296184490764127304e+02
1.278746677212629493e+03
9.652710089811098442e+02
7.553793979336135180e+02
7.874085834813179190e+02
1.219006503548804403e+03
6.235640224934683147e+02
6.161532657574837231e+02
1.792052065873710490e+03
6.065770066805960141e+02
9.732673764948229973e+02
1.625418559768763089e+03
1.226205020090774269e+03
1.930782846064683781e+03
6.787454625094806033e+02
1.529666174119105108e+03
1.339026922519239179e+03
1.610909829351553753e+03
1.465064500642290341e+03
2.493014657984486803e+03
1.652683579246468980e+03
9.966860496781722532e+02
9.380830789961783012e+02
1.128194080540827372e+03
1.427592652382529877e+03
1.414639888555436301e+03
2.348270237560951045e+03
7.225538902435062482e+03
1.456244186628431453e+04
5.049314850296407712e+03
1.582791440070129829e+04
1.049430328864789954e+04
8.443874071324586112e+03
1.020737960560080501e+04
1.098916852883835600e+04
6.022452409579703271e+03
1.076333133625506343e+04
3.892328413414719762e+03
5.713672125737825809e+03
7.766637210682346449e+03
8.012287188399058323e+03
4.271595619730337603e+03
3.852589210803979313e+03
7.216855079500971442e+03
5.511276273538127498e+03
4.108173777986597088e+03
4.413406838588216488e+03
2.822896615973929329e+03
4.810215090196197707e+03
4.340171462905568660e+03
7.652129973728276127e+03
3.426347025707765624e+03
5.113240766966679075e+03
4.154268383258287940e+03
9.142329110785847661e+03
9.645273411608975948e+03
4.876176230683395261e+03
4.463867989928806310e+03
4.053577903306940243e+03
3.439878845656791782e+03
5.510910437264079519e+03
3.080111482245516527e+03
3.649396099720096572e+03
7.409577534067701890e+03
5.352327836630135607e+03
8.032351179478803715e+03
5.724557531103067959e+03
1.585306833614106608e+03
4.014862261923872211e+03
3.000860665825111937e+03
4.774816307039510320e+03
6.464752446802742270e+03
5.817942818465481650e+03
1.657420447188968637e+03
5.283225585406398750e+03
8.276951303849606120e+03
2.623513245834090867e+03
5.276646752974659648e+03
8.184681950197561491e+03
7.231099050726269525e+03
3.568214099500957673e+03
5.267463495490968853e+03
3.247260340621326577e+03
4.222990569962955306e+03
2.129399310921558936e+03
4.925824436976266952e+03
4.198720340508662957e+03
5.483405579667891288e+03
5.245921476428506139e+03
8.698084091249009361e+03
6.211407015006421716e+03
7.780838231728603205e+03
4.343281891098718916e+03
9.466252114308366799e+03
9.058462568139877476e+03
8.727030781872908847e+03
7.465428823557510441e+03
6.788160223906869760e+03
1.068981065028553530e+04
7.669032500833339327e+03
7.451856462222558548e+03
4.890728763999486546e+03
1.212862493576193447e+04
1.017396086108962663e+04
1.104761743622988251e+04
7.334716395404052491e+03
5.177955889156558442e+03
4.049601859913407679e+03
1.777139571960930880e+03
3.670196378228764843e+03
2.785391973064505692e+03
2.563240227425970261e+03
8.706187553364659834e+03
3.653346137795524555e+03
3.082090620899353780e+03
4.614753255170411649e+03
7.736700784672233567e+03
5.858574291809627539e+03
6.784856886707297235e+03
7.896071557324778041e+03
2.907609892568820214e+03
5.967806718256606473e+03
5.792943188569328413e+03
5.233980233168018458e+03
6.603137692684822468e+03
4.818287813776699295e+03
4.261399082394155812e+03
3.574797196820522458e+03
4.013894819929016649e+03
4.538718822922018262e+03
4.888207676675267976e+03
6.736523059462558194e+03
8.776321804042601798e+03
5.279133957326840573e+03
5.582136074136961724e+03
7.769707162945203891e+03
6.607821890176999659e+03
5.400678615940242707e+03
7.965695908846882958e+03
7.656652568250940021e+03
5.454018044274445856e+03
5.621819743809647662e+03
1.731397228047442013e+03
8.284604850175037427e+03
3.929991201448718584e+03
6.286522172370099725e+03
4.794149804203931126e+03
2.428877220054845111e+03
7.064685647600234006e+03
2.142677537623889748e+03
3.186325655012510651e+03
4.161828107291413289e+03
4.898512258731379916e+03
4.909841544216080365e+03
5.480450345988093432e+03
4.217971164139669781e+03
1.126122143237697128e+04
8.034277430078111138e+03
1.073560538012306461e+04
7.410192035848443993e+03
4.493580721428971628e+03
1.328035445097321099e+04
1.358185456983376935e+04
1.104908478479644691e+04
6.239295312577344703e+03
3.333274648045918639e+03
5.145616152460988815e+03
3.854718398652826636e+03
3.047384750423438618e+03
2.579788343872813130e+03
1.694580153984143180e+03
9.140926809892378515e+03
2.609436678683277023e+03
4.641003284053370407e+03
7.305037972330250341e+03
8.221729063768869310e+03
7.553790242376622700e+03
3.928033093493689194e+03
4.126977796587197190e+03
4.991221088599098948e+03
6.717285633436556964e+03
6.255924694063010975e+03
4.348832028830598574e+03
2.754202628930240735e+03
2.960557686963802098e+03
6.156329158159471262e+03
8.192770902581327391e+03
5.687688796321338486e+03
7.139896484051576408e+03
2.880246597787547671e+03
2.614881353399603540e+03
7.084283509565530949e+03
3.672975914636007474e+03
3.627057637980995423e+03
4.335577541719309011e+03
2.627184933526212717e+03
5.436482242892929207e+03
2.503625130769764837e+03
5.099577592281857505e+03
3.260190847438858782e+03
3.315170653585303171e+03
3.471159037597003589e+03
2.210539039278932250e+03
6.635676699930995710e+03
3.897848362150004050e+03
6.707372186762890124e+03
3.204470235077564666e+03
2.237596423380690339e+03
4.618207387534527697e+03
2.747904839931807601e+03
2.918543440689021281e+03
8.968274909865360314e+03
6.127860230432553180e+03
3.620945533549881020e+03
5.330431891468387221e+03
5.582037581843705993e+03
7.613329103342218332e+03
9.908384716125588966e+03
5.528186711272934190e+03
1.311637229353513794e+04
8.173318963122000241e+03
6.270169494449999547e+03
1.390863281209032357e+04
1.090081886618683893e+04
5.575633316195377120e+03
1.167523225508117685e+04
3.070872565401103657e+03
5.864893961503128594e+03
6.932835587357318218e+03
3.640443589239570883e+03
3.294509834350167694e+03
2.250267434201057313e+03
3.768557045827816182e+03
1.702662598786012950e+03
5.195690243947302406e+03
4.582428944745874105e+03
3.135558628624556150e+03
2.526948936461143148e+03
4.231015288930159841e+03
6.665465055121861951e+03
4.614182834177319819e+03
5.318830588216061187e+03
4.998164876304786958e+03
2.941979270345705118e+03
2.755869061317293927e+03
3.854393188871243183e+03
2.006737641858655707e+03
2.655201321863589328e+03
2.864520569200564296e+03
3.286193545996646208e+03
1.846520547548958348e+03
1.287239902187304779e+03
1.752436457516312430e+03
2.507604519249133773e+03
2.439030915659217499e+03
1.920118378651818375e+03
2.164045128947630928e+03
1.900696966759770930e+03
1.477912750932734980e+03
2.013387541353704819e+03
2.190661248341401460e+03
8.584262156322097326e+02
2.691595508963804605e+03
1.242799018494393295e+03
1.187843226045438541e+03
1.106357727077466734e+03
7.396580698104157818e+02
1.082299005610004315e+03
1.634929510013975005e+03
3.104813077673006319e+03
2.722174595273414980e+03
9.930414725767254822e+02
1.953117601490222796e+03
1.254117929293816815e+03
2.257846299378528784e+03
1.560508820697956480e+03
3.614259779992916265e+03
3.401977445503998752e+03
2.820398471598040032e+03
3.325746168682689131e+03
1.572684689026531942e+03
1.015132167507028043e+03
1.716004365151360389e+03
1.660712550368153643e+03
2.775217113732313010e+03
1.834848053808738996e+03
1.251717979661136269e+03
1.415811801568878309e+03
1.258860510959172643e+03
2.300922039616649272e+03
3.939062535655479223e+03
2.415734996678504103e+03
1.766601780255347876e+03
2.170836930285700873e+03
1.224640585919753676e+03
9.059236120925096429e+02
1.167723320857709268e+03
2.513495801625690547e+03
1.509347678834880526e+03
1.714900399842593515e+03
1.941494501591611652e+03
1.519767077213059338e+03
1.508049151834570239e+03
8.595751930306361146e+02
1.383556504952334308e+03
1.200957632239130135e+03
1.129876519079096170e+03
1.476721467448181329e+03
1.631989633770035198e+03
1.141282784049721386e+03
1.517915755846273669e+03
9.325002858311372620e+02
1.089049712677874822e+03
1.104298943324154152e+03
2.379356838312615309e+03
9.600782979518188540e+02
9.218399348811668688e+02
6.982992784799064339e+02
1.007388108586086332e+03
1.137621550696005897e+03
9.714368878894024419e+02
9.850552550855190930e+02
1.469713728008063299e+03
1.515151103109697942e+03
2.208714728946020841e+03
1.172372587617655881e+03
1.314488255418195649e+03
2.243948520911001197e+03
1.604896732456181326e+03
1.330947014389729475e+03
1.191079417308209713e+03
2.585540307227642188e+03
9.142908685006020733e+02
1.555971053266601075e+03
3.048340647908947631e+03
1.224533162500659728e+03
1.091871777794936634e+03
2.074449597278664442e+03
2.140395148354462890e+03
2.029402584431218656e+03
2.873001055415639257e+03
2.820233921650432876e+03
