1.299144949634816385e+03
1.299144949634816385e+03
3.792993007988408749e+02
2.668585469563892730e+03
1.055217485189762556e+03
1.743297832418454618e+03
2.215005235344530774e+03
2.559542602684585745e+03
1.995726703612647043e+03
4.078335507658302504e+03
3.627372349806907096e+03
3.921921470386080728e+03
5.747488973434251420e+03
7.144586360959245212e+03
5.321455998969910979e+03
7.003437788290956632e+03
6.418022722600928319e+03
5.416808820208805628e+03
4.316665781470944239e+03
3.211197600391568358e+03
2.884466858592586959e+03
5.623394634838394268e+03
3.262960894938411457e+03
3.583324404653950296e+03
2.837168576608888543e+03
5.308733085710110572e+03
4.730444080909677723e+03
4.770599244097949850e+03
5.902146009012846662e+03
4.710041887047389537e+03
5.431044568185147909e+03
6.347866351935810599e+03
2.727064347442455528e+03
4.894949113241696068e+03
3.861999386603962648e+03
4.050934270396832744e+03
4.959878637968687144e+03
3.765177103253319729e+03
5.530149942822624325e+03
3.624870326031238619e+03
4.678122651780024171e+03
4.111878704635297254e+03
3.794868306025190122e+03
3.111714904259206378e+03
3.822660039194939600e+03
4.531141275622691865e+03
3.948563737835199845e+03
5.121156645062268581e+03
3.839579955555516335e+03
3.398913948821374106e+03
2.609049499682987971e+03
3.172499657110838598e+03
2.434582000055642311e+03
2.521660207146455377e+03
2.093776161762855736e+03
1.596818860486051108e+03
3.449397576830256639e+03
1.793021269231338238e+03
2.703027724764046525e+03
6.297008302136739076e+03
3.694773978344769603e+03
1.381747947987303269e+04
3.008150835284028290e+03
4.514067000240372181e+03
6.933873091972121074e+03
4.675455059134001203e+03
5.392590642490137725e+03
5.765734363886789652e+03
1.804061336675219991e+03
3.157865225426507550e+03
2.627156414736022725e+03
5.790504830266524550e+03
4.402047101767127060e+03
2.666293057715860868e+03
4.138429012543410863e+03
3.381602638053213013e+03
2.393154112936201727e+03
2.642350494495571638e+03
3.112266570452946326e+03
2.102105559161394922e+03
1.097825471168740705e+03
3.157302495685399663e+03
3.410494773497361621e+03
2.281803218874056256e+03
6.485047961566008780e+03
6.000813038160209544e+03
8.068930574120505298e+03
5.972171340709224751e+03
6.210960616480153476e+03
2.907915167538325932e+03
4.682285199902359636e+03
2.637032005876147196e+03
2.409312695741207790e+03
3.178220669066908613e+03
2.137930261918777887e+03
3.274754504566290962e+03
3.220596381115903114e+03
4.493315675157750775e+03
5.863309646380622326e+03
7.255081002013008401e+03
6.454195578539665803e+03
8.294228811023283924e+03
7.575759754970153153e+03
4.188547189847044137e+03
4.163806074466893733e+03
2.707236420639393145e+03
4.462993352952228634e+03
2.428467271762629480e+03
2.639497789318415471e+03
3.161766028165382068e+03
4.765015227859481456e+03
6.827558339192923995e+03
7.266211215761361927e+03
6.900089539628171224e+03
6.005160787204180451e+03
6.113360563335339066e+03
6.350365433313228095e+03
6.796808207417436279e+03
1.143289193975715170e+04
6.016638175875402339e+03
4.637788611505564404e+03
5.421386449705662017e+03
2.042410028357242709e+03
5.093561305376124437e+03
2.058115291315589275e+03
5.054184732197432822e+03
4.831530210290745345e+03
7.345782311847279743e+03
9.184268602814570841e+03
6.107106486832697556e+03
3.371643199335724603e+03
3.549841851517454415e+03
5.088567520691924074e+03
2.369677998883393229e+03
7.205025397834727301e+03
2.660179189166921333e+03
2.264367146207358928e+03
2.241822026377820293e+03
5.194904403471757178e+03
2.509019808379003280e+03
2.200939856137229071e+03
3.996639975118661368e+03
5.717566206972016516e+03
8.919840562687848433e+03
1.260462187737085696e+04
4.029158463358730842e+03
2.624558746118642375e+03
3.202406931721320689e+03
4.588726556356109541e+03
9.735298720255859735e+03
4.646339594629534986e+03
5.102147727772614417e+03
5.844131991447273322e+03
3.917694963683064998e+03
3.917928437691497038e+03
5.778440349139020327e+03
7.072378575520030608e+03
5.718564880960235314e+03
3.987668626322551518e+03
4.208782371947691900e+03
3.559565235706053045e+03
2.192800129962442952e+03
2.320054629156996725e+03
3.706976200384825461e+03
4.180263918572533839e+03
3.420048372839469721e+03
9.052631659910965027e+03
3.331864358797752175e+03
1.293318094243541282e+03
4.946564449992546542e+03
2.357792510071655670e+03
2.978447747860069740e+03
2.044239900886723717e+03
4.673800348269980532e+03
6.605164106550655561e+03
8.782617157278400555e+03
1.925934405784299997e+03
3.808318217101792470e+03
2.375818944360843489e+03
2.156816773296361134e+03
3.537580629719958779e+03
7.412682886161464012e+03
7.600615143568950771e+03
4.267397123721828393e+03
4.652112163125928419e+03
6.630289692519371783e+03
6.755971258554965061e+03
6.921991591952843919e+03
8.227285347077893675e+03
4.936426492846069777e+03
2.089434806779109294e+03
3.646268681470893171e+03
4.604395552495969241e+03
5.021342025735041716e+03
4.387950659085240659e+03
6.628943308312255795e+03
8.015166270595678725e+03
5.765610684926416980e+03
3.639342911131161145e+03
4.887112078207079321e+03
3.568638038158717336e+03
6.700079367146247023e+03
5.300322451952291885e+03
3.677305028461359598e+03
8.070452216007351126e+03
8.413845540737293049e+03
1.121604358494855478e+04
9.395653408313191903e+03
7.264162275744806720e+03
7.076478500986411746e+03
5.711622595452950009e+03
4.677555110302832873e+03
3.421021417794239369e+03
5.564640990480830624e+03
1.160615930453188594e+04
6.419505223977370406e+03
3.410363748303017474e+03
3.488952284891670843e+03
5.235032272364887831e+03
9.184626241078716703e+03
7.600717810999080939e+03
1.071419951698379919e+04
5.865767278728184465e+03
6.827659519969522989e+03
4.894292079570459464e+03
3.912500718175814654e+03
5.938713629642696105e+03
4.398769566948844840e+03
5.858195747670235505e+03
9.039150876505813358e+03
5.857857970331077013e+03
5.801971644801937146e+03
5.876935694892835272e+03
1.026856942411901582e+04
6.686892446351662329e+03
6.647836410593174151e+03
6.272755568865426540e+03
1.486542392695871058e+04
1.788987688879468624e+04
1.145880510706747191e+04
5.009266878059793271e+03
5.195061954830543982e+03
2.414439424661344674e+03
1.071872278134089356e+03
2.285220764435619913e+03
2.967557793209905412e+03
8.127502328836510060e+03
6.827864727993669476e+03
5.616584318576000442e+03
6.396311142341372943e+03
4.358514205624381248e+03
8.111652958035469055e+03
8.767750571751093958e+03
5.163365655096029514e+03
1.085883387722891894e+04
5.456911730370366968e+03
9.222033197600132553e+03
4.726541040714165320e+03
8.979262096272657800e+03
4.621930588197450561e+03
9.069485970467376319e+03
2.126914106402939524e+03
7.856836016158396887e+03
2.211176683534072708e+03
6.028844039116747808e+03
4.380394138634827868e+03
4.756090822025070338e+03
4.415424117948413368e+03
3.914565202393903746e+03
1.703634451416729689e+03
1.881258376933091085e+03
1.096679478720005818e+03
2.022508561258162445e+03
2.920308035569692493e+03
1.858526174969267686e+03
2.954371146119096466e+03
3.424785566317341363e+03
3.093133399877926422e+03
3.861668100422650696e+03
3.252729146408164070e+03
2.092656657761716360e+03
1.313730358197915166e+03
1.314069263137457938e+03
1.286258643454591720e+03
2.607804788583179743e+03
2.753099324295244060e+03
4.679976354317477671e+03
3.542932207693696910e+03
4.934569765956489391e+03
3.349352958749566824e+03
2.569197240645221427e+03
3.469204330182734338e+03
1.566520948149435526e+03
3.909641053952241691e+03
3.110799847422507355e+03
3.141449689213774946e+03
2.552621257644927027e+03
1.818114540017774289e+03
3.429830276557316211e+03
3.631023175863135293e+03
2.747281331109152234e+03
1.758095512196292930e+03
2.818440777312467162e+03
1.173193508053128198e+03
2.368494188817183385e+03
2.174343445544510359e+03
9.121593329462284601e+02
1.060360520062163232e+03
9.125201300607333224e+02
1.482671820896823874e+03
9.269495770163406405e+02
1.331829226841360423e+03
1.988712641057474912e+03
1.532503075225545899e+03
2.305687581809088442e+03
2.286422492698377027e+03
2.200829292823983451e+03
2.091438977927120959e+03
1.513450453002619270e+03
1.141824473721780578e+03
9.545872857549273931e+02
7.457100729929451290e+02
1.961862503402306174e+03
8.605922547830559779e+02
3.552076892943666167e+02
1.087244066294924778e+03
8.265746272719950412e+02
1.062315827470652039e+03
2.523884168467258860e+03
1.887535927008327008e+03
1.335892666337253331e+03
1.153660707017997765e+03
2.004382298206593305e+03
9.362998788920428979e+02
8.023748123657992437e+02
1.698355818058535760e+03
2.471539552028849357e+03
7.982151045826801692e+02
8.782331691996175778e+02
1.247490786240448188e+03
2.000603490228033252e+03
2.394159638934259419e+03
2.942148458911654416e+03
3.489752557620081916e+03
3.085491500677637305e+03
5.821543425696491795e+03
2.939992841114190014e+03
3.360739204316800169e+03
3.991121680895170357e+03
4.075612713682557569e+03
2.437183132907404797e+03
2.555934464515401942e+03
2.561464366330956182e+03
3.088012707701770978e+03
1.953530082636736552e+03
2.577608842730267952e+03
3.483569786966565971e+03
2.524958177422106928e+03
2.027743300716282874e+03
1.619711900508020335e+03
1.865127954307105483e+03
1.765367911511306374e+03
1.735414022712189990e+03
2.565513369665380651e+03
1.369026667190039689e+03
2.222726098954472036e+03
1.421339559295432082e+03
1.546120365353790248e+03
1.006858302538039766e+03
1.141738155606735745e+03
7.491247539863784368e+02
6.685830328794348816e+02
7.630524700466436343e+02
