1.299144949634816385e+03
9.345877490521706932e+02
1.829449734039661053e+03
2.101242772069174862e+03
3.744905024054233309e+03
1.686359355773679681e+03
2.252882100100515345e+03
1.061594804493626498e+03
1.652177923300803968e+03
2.776385424544901070e+03
1.758803328983437268e+03
2.838617267101948073e+03
2.230042575092074003e+03
1.124318191062594906e+03
1.564009960232198864e+03
2.058727377968977635e+03
1.292859783620764347e+03
1.090798454152036129e+03
1.931469905364730266e+03
2.850920536855446244e+03
6.085594377304752925e+03
3.950397934505041121e+03
4.091230338668720833e+03
3.730991439983349210e+03
4.057118235336170528e+03
3.373481968389241047e+03
2.265818154329002027e+03
2.786413903312635739e+03
2.530686318419398049e+03
1.849427542759213338e+03
1.446523323989732944e+03
2.168073466513724270e+03
1.971065455291119179e+03
1.658748338138847657e+03
1.733204007807588596e+03
2.105121204746902094e+03
2.448777645814671814e+03
2.133720104488159905e+03
2.392323502418560111e+03
2.485296485146469422e+03
1.537963597043005848e+03
1.793963893783952699e+03
1.886415255295101588e+03
1.706589694698927133e+03
1.012040449547085586e+03
1.220786598996143312e+03
1.554682771114645675e+03
3.281184245206496144e+03
3.655794435859065743e+03
1.199586987465611628e+03
1.653533194048818359e+03
1.443411303543977283e+03
1.639194048180311256e+03
2.757444509301817561e+03
2.446536938899127563e+03
2.457273003917918231e+03
3.780803628487249171e+03
3.973895252699622233e+03
5.119381932025336027e+03
4.900127599666170681e+03
3.777487904551924203e+03
3.809598567728216494e+03
4.211636875483308359e+03
3.458562348262742944e+03
6.489582466890139585e+03
4.023090041127310087e+03
1.973114826531697645e+03
2.095918627862904941e+03
3.307008344248309641e+03
1.446899575099206004e+03
3.767841584100108776e+03
4.557604285584247009e+03
2.547000446656135409e+03
3.634967791501913325e+03
6.471833757125358716e+03
4.818865994121445510e+03
3.449176087082560116e+03
4.270116980778378093e+03
6.050330470231529034e+03
8.604180136124234195e+03
4.595696663927926238e+03
3.031301604285933536e+03
4.952787291959758477e+03
8.761768681035842746e+03
4.732230078597282954e+03
4.023084253930966952e+03
8.806909471435381420e+03
2.177588336329079993e+03
3.266375393748509850e+03
4.604909969324502526e+03
5.942611397849226705e+03
4.201856298061472444e+03
7.462723110141329016e+03
4.487592377645405577e+03
7.890780894707027073e+03
3.125501758424895343e+03
3.463179590838254626e+03
3.917146071351518913e+03
7.374538818092979454e+03
7.199613208024261439e+03
5.678121203628385047e+03
6.104023913839700981e+03
5.461122483680324876e+03
8.854368062838626429e+03
5.147003391444376575e+03
3.811017793680639443e+03
3.899740658416949373e+03
4.329291266361933594e+03
4.519185950622055316e+03
2.380309871163430671e+03
8.859945257459885397e+03
4.839780015856143109e+03
4.566587574163879253e+03
3.562801123148112765e+03
5.179598950480096391e+03
6.564255819283171149e+03
5.979038009405559023e+03
9.501320966638366372e+03
4.831678751251278300e+03
2.576935165471352775e+03
3.959161806923885251e+03
3.837119892248114866e+03
4.221528742728462021e+03
2.955901320549951379e+03
3.372808533757090117e+03
4.243370748152205124e+03
3.051275079000456572e+03
2.920042237974248565e+03
5.594242616783199992e+03
4.582467798897406283e+03
4.862669929547820175e+03
2.137463779339286702e+03
4.347941236517141988e+03
5.182080842061477597e+03
9.119980708872701143e+03
6.085073456402280499e+03
3.631397582739120026e+03
2.858761800138938725e+03
9.243064004267020209e+03
9.768398742005165332e+03
6.655801459697410792e+03
7.659523734936316941e+03
5.271308399574942086e+03
8.374167662053821914e+03
6.395194595308297721e+03
3.290747602997754257e+03
2.121536594531401988e+03
5.101348331210042488e+03
8.534116848584566469e+03
5.636224214265513183e+03
1.734782169408130812e+03
1.116373217197582198e+04
1.159956926045261025e+04
5.047916173549172527e+03
2.320722133069337815e+03
5.650345657885258333e+03
4.554318056306462495e+03
7.670650262343591749e+03
5.323880200465194321e+03
6.069353238671867985e+03
3.121088891148548555e+03
3.577705500603117343e+03
7.022047786883706067e+03
2.828902809177576273e+03
3.160681587325335840e+03
6.857189298916256121e+03
8.414920856049306167e+03
8.121342257470000732e+03
3.409977961877793405e+03
7.956128646688599474e+03
1.070756048676181490e+04
4.314939147987643082e+03
8.100168818983178426e+03
4.472878749950690690e+03
5.909450204776727333e+03
4.242483911213655119e+03
4.182410840765535795e+03
6.230310587128232328e+03
2.231930056823611721e+03
4.928507404802580822e+03
8.525963109124910261e+03
8.759409489228368329e+03
3.838336523326654060e+03
6.473979452883414524e+03
4.719804879861801055e+03
1.667820331478459366e+03
8.065233340376275009e+03
4.514534532201337242e+03
4.352598820400052318e+03
7.524246609098074259e+03
7.337563558520851075e+03
2.540006377798522408e+03
4.560546938232907451e+03
5.585041216922607418e+03
7.674830724216140879e+03
7.740272753366632060e+03
6.097821394824175513e+03
7.428396741650573858e+03
5.470163182634591067e+03
1.112354371381370947e+04
8.162623756576326741e+03
7.626780698331757776e+03
1.234325600824867070e+04
5.759271760252639979e+03
5.653711821814379618e+03
1.251037474112301425e+04
6.133607951069987394e+03
8.083828505050752938e+03
6.081818682180590258e+03
8.767276181750397882e+03
6.476711506857185668e+03
3.121365589117187028e+03
5.355577203537709465e+03
9.782354276970108913e+03
6.708507679357360757e+03
8.829484765968316424e+03
4.729948330194524715e+03
2.683085993988500377e+03
7.253043860340397259e+03
9.393129954831296345e+03
1.720374472577951565e+03
1.747718109062119765e+03
1.882105952646236346e+03
2.785870985609866239e+03
2.654613648890033801e+03
1.902346528283618682e+03
5.917539124422355599e+03
9.536027219382533076e+03
1.002713349712958916e+04
8.723486962519998997e+03
1.043091398340884916e+04
5.197806812800806256e+03
6.526148087871870302e+03
8.344813770163425943e+03
4.283873443657287680e+03
4.960372137236008712e+03
4.243424537414883162e+03
5.493899077590168417e+03
1.221510397507753441e+04
4.813126963890909792e+03
7.929131881286802127e+03
7.320460828491885877e+03
6.140006635925192313e+03
8.844969939451440951e+03
3.760613349922391990e+03
6.163669161444260681e+03
6.898053290215611014e+03
1.948192054174407758e+03
6.879411539372390507e+03
6.840826401265930144e+03
3.149710585091559096e+03
2.326458749068299767e+03
6.687077906333130159e+03
1.111728054055259599e+04
6.589049098203365247e+03
4.361458240381426549e+03
5.486610238563774146e+03
1.154222118584059444e+03
6.673018509105792873e+03
1.125308479098660791e+04
2.941833875404897753e+03
4.747402974035179795e+03
4.672295760762710415e+03
7.133986058001841229e+03
3.453553346165292623e+03
3.981380750686055308e+03
5.987007774114163112e+03
2.270820249474614229e+03
5.855547998614617427e+03
3.221938110388136010e+03
2.135641790194349142e+03
7.575697444304032615e+03
1.623612691556840218e+03
5.361757843021604458e+03
4.102192748682151432e+03
2.160137946211435519e+03
8.216309529200656470e+03
5.292813903093459885e+03
3.042377975153345233e+03
1.930356948716661691e+03
5.325783509056526782e+03
6.311511149886357089e+03
1.607661128554143033e+04
7.140108078767061670e+03
6.438204861988110679e+03
7.372383567966764531e+03
6.516351268200533013e+03
8.178774975267161608e+03
6.966253600845186156e+03
5.953619501188482900e+03
5.707855988514773344e+03
6.002327308525876106e+03
4.874532525959762097e+03
5.876645986327757782e+03
4.916128224488927117e+03
4.695809647602056430e+03
7.770038527938526386e+03
1.080832479093820621e+04
6.789326548303576601e+03
8.273589341435013921e+03
7.263505372374283070e+03
9.662424372671539459e+03
6.613900227588917915e+03
8.277109353851079504e+03
1.066595083916253861e+04
7.989678386585497719e+03
4.253791140348903355e+03
7.080752966183958051e+03
1.027882485146684076e+03
4.493189033691185614e+03
7.125351190013271662e+03
7.547538948222159888e+03
2.902444982922140298e+03
5.194067512256475311e+03
1.526492891519804743e+03
1.946632892108238138e+03
1.852767260833787532e+03
1.048538004581304449e+04
8.333077546234768306e+03
6.326623869548837320e+03
1.115467638488324155e+04
3.335688166063319386e+03
1.288886878255897318e+04
5.984533897048265317e+03
5.246098807705081526e+03
5.492527623304838016e+03
9.111381557007232914e+03
4.043524177545673410e+03
5.661123725875994751e+03
3.009736784327103123e+03
3.754281402766100200e+03
8.268494291756187522e+03
6.293803239219909301e+03
8.109449354716626658e+03
7.374055817061186644e+03
8.305033010231290973e+03
7.593183441409129045e+03
6.378302195064438820e+03
5.474235091502376235e+03
5.778033315509357635e+03
5.241028172186923257e+03
4.527143906571262960e+03
6.716610444695329534e+03
2.657976413466011763e+03
5.263167913788586702e+03
2.156954942778343138e+03
8.279393564247422546e+03
2.206293434658321985e+03
6.598962000618564161e+03
1.767722894460157249e+03
2.485798933366331312e+03
2.301071544427071785e+03
1.990029732879455651e+03
3.019346105315046771e+03
1.069290193171950250e+03
1.483078404320426898e+03
2.893089587918548204e+03
2.119486069213201517e+03
2.450211740124444987e+03
5.084743184756162918e+03
1.646620752341006209e+03
2.973791954388586873e+03
2.573293459275569603e+03
3.795210676474800948e+03
3.801973230681429868e+03
2.776139028560080078e+03
2.480798816851307947e+03
1.834809070271261589e+03
3.143799369881992789e+03
1.718936346791341975e+03
2.034152774116541650e+03
1.214106196807824062e+03
2.239721794365997994e+03
1.635972480538250693e+03
1.708346629041451251e+03
2.610672957894611045e+03
1.420383947728153998e+03
2.058243097860910439e+03
2.130009035974997005e+03
1.516099109911175219e+03
1.359417480298793635e+03
1.890218179243003760e+03
1.051972802575593505e+03
1.344056541488732819e+03
1.343897122497121927e+03
1.332987295025386857e+03
1.777364406211668438e+03
2.719763365578063713e+03
1.730107824804152415e+03
1.236128315584591064e+03
1.429921571151611261e+03
1.618266529696133148e+03
1.893370531159674101e+03
2.168415992145125983e+03
1.971179717922683039e+03
3.209299356376674950e+03
2.192501915917477618e+03
1.267302890947064043e+03
1.273830180593271962e+03
1.176849328716943091e+03
2.252564887394862581e+03
1.798717487972275421e+03
1.133144199105377993e+03
1.540522756701958542e+03
2.254283511085916416e+03
8.358610913999472132e+02
1.169604899960994089e+03
9.919952022962688716e+02
1.311307553465447427e+03
2.087763828665971232e+03
1.239993725356340974e+03
1.155815458501771445e+03
1.392863008440854401e+03
2.076971005926554881e+03
1.225955828293175728e+03
1.608828110930702223e+03
1.964668038642826559e+03
1.400844917152066500e+03
2.264206683825198525e+03
1.887568783643488814e+03
1.390940390834084837e+03
1.243302302301034160e+03
1.489060265296552416e+03
9.131708713355994860e+02
1.924220397824504516e+03
3.366663880899803189e+03
1.124990060247852625e+03
1.272612469513232554e+03
1.605516461330213360e+03
1.468427017053104692e+03
1.526077075964865571e+03
1.691517822776901994e+03
9.659702709530020002e+02
1.273203136614702544e+03
1.521589550042562678e+03
2.352306300633387764e+03
9.777223436745100571e+02
1.219071479847136970e+03
2.430883857302868819e+03
2.051552145559443943e+03
1.036558662654118507e+03
1.693154894174605033e+03
2.219246517557375228e+03
3.074813538235449414e+03
2.136015343426373875e+03
1.112564181706666886e+03
1.344720582081514976e+03
1.118064908660850051e+03
1.393397249299055602e+03
3.543375135681307256e+03
9.182864427272795638e+02
1.341199950933087848e+03
1.202412915192752052e+03
1.905281502422413496e+03
1.426474985256116724e+03
1.853325124208390434e+03
1.517413428167195434e+03
1.119526730737660046e+03
1.478457200425055589e+03
2.988160692939247383e+03
2.362037673715477467e+03
1.567152879492680768e+03
3.217765237896897361e+03
1.037560707730292734e+03
1.749651158633665318e+03
2.928700281632841779e+03
1.539395736242096518e+03
2.305548128131395060e+03
