4.558239000591027434e+03
6.672441747684481925e+03
3.216062505337781204e+03
3.065820500387301308e+03
2.917983460407692746e+03
2.531492183635394667e+03
2.673243077074013399e+03
2.377189395165333281e+03
2.273788275989868453e+03
3.992155592418273955e+03
2.568960731200536429e+03
3.149748027849804657e+03
3.145449275688103626e+03
3.077436538536466287e+03
3.264022010451299593e+03
2.683630545821558826e+03
3.177304161864090020e+03
3.029126121561041600e+03
2.423352244901293034e+03
2.916032018328495724e+03
2.590777735095580283e+03
3.122202654057862674e+03
2.769186565847023758e+03
3.680148038554730647e+03
3.378950258062627199e+03
3.227261690419812567e+03
3.205510340636296860e+03
2.604239933916837799e+03
2.837391457207952499e+03
2.801936247036950590e+03
2.606186120796223349e+03
4.657548689216547245e+03
3.509435535403868926e+03
3.892368527944503967e+03
3.998474122795623771e+03
5.227683177108360724e+03
4.341528096119756810e+03
4.826707824474651716e+03
6.192967341103443687e+03
5.518647313388410112e+03
6.096885677038831091e+03
4.894544615702598094e+03
6.292501010676238366e+03
8.433629750186506499e+03
6.373282911750661697e+03
3.929846667418774814e+03
4.064615444567486065e+03
9.487416703703887833e+03
3.366805715313804740e+03
9.723460065654278878e+03
2.953164851033537616e+03
4.027587220743821035e+03
4.706990486915468864e+03
3.244320198975934545e+03
5.263246485525703065e+03
5.578706636283232911e+03
7.697130687041569217e+03
5.843080922052714413e+03
6.293940184508793209e+03
5.017881603097157495e+03
4.082078816098889092e+03
6.616244698323227567e+03
5.511088431393409337e+03
4.068728511516565050e+03
3.906220263002881438e+03
3.006199752946907665e+03
2.737569857322089319e+03
2.573809776829059501e+03
3.184131497973730802e+03
2.504030122688749998e+03
2.611607411612977558e+03
3.129371718793627224e+03
2.503307398442253088e+03
2.402280169202781053e+03
2.848079164286803916e+03
2.522464035982326095e+03
2.918659712525145096e+03
4.696757957062615787e+03
3.669760836038019534e+03
2.589962099077667062e+03
3.018067290979512563e+03
9.327385684247197787e+03
6.641553828193747904e+03
1.060625928327946713e+04
4.612185956850043112e+03
4.714517956691953259e+03
5.005653860938761682e+03
4.330527393672705330e+03
7.035028875712672743e+03
5.260643628305816492e+03
5.184677789379274145e+03
1.087097432158618722e+04
3.906442196693353708e+03
3.517538582496781601e+03
5.084249683876852941e+03
5.925554649986580444e+03
3.621562760524692749e+03
5.792866822777026755e+03
2.387599075395000455e+03
8.309667037029354105e+03
6.324734534628205438e+03
3.655500085746780769e+03
8.888662898956161371e+03
6.756633448763520391e+03
6.115602605649403813e+03
5.093037083291597810e+03
4.360419601629794670e+03
6.408200304439498723e+03
5.080597849124338609e+03
6.938293619750459584e+03
5.506319823443488531e+03
5.444373300404674410e+03
2.684465556672986168e+03
3.832658089943962295e+03
2.895971482832886977e+03
5.847299974498148003e+03
6.141996284586525690e+03
6.617607503097086010e+03
6.093023734786117529e+03
4.036531909006857859e+03
5.962094820931226423e+03
4.267506293269076195e+03
4.274332852483777970e+03
4.060914567443250689e+03
2.804368386243068016e+03
3.241496823137782940e+03
3.868558556480677453e+03
3.263326411494602326e+03
3.067684120793532202e+03
3.259999025600104233e+03
3.497217252344204553e+03
4.041691333778472654e+03
2.903213420644726284e+03
2.549595184925343801e+03
2.890840437204161844e+03
2.624424511278604314e+03
2.612257003947570865e+03
2.654853099964461308e+03
2.905044675223239665e+03
3.604896040802912466e+03
2.551241403464566702e+03
2.647018306498128368e+03
3.824728832735098877e+03
2.807924145184036661e+03
6.369925341802934781e+03
3.939427208821587556e+03
2.937579971689124704e+03
2.503732731330562729e+03
2.490373739627522809e+03
2.566186673437159243e+03
3.038976474122440322e+03
2.946726985203590175e+03
5.854546509481743669e+03
2.761070160613162443e+03
2.864468387061636804e+03
2.967853384827404170e+03
2.605632556029091575e+03
1.234995301983758873e+04
1.251393853168525311e+04
2.386485204501173939e+03
9.603777328124620908e+03
5.085974273272654500e+03
8.526872725868963244e+03
4.431839341984574276e+03
1.979422246946969153e+03
3.278698875704385500e+03
4.372127989260110553e+03
6.971393888138823968e+03
8.428989235931225267e+03
3.907888975666769511e+03
8.801432969522640633e+03
7.141394444643387033e+03
3.372619614511456803e+03
2.830117188624174105e+03
2.724295196024614597e+03
5.049970911072558920e+03
1.231104650397660953e+04
3.492049466818693872e+03
3.216318184304298484e+03
3.226492522355694291e+03
5.612742647473856778e+03
3.168548694703353704e+03
3.334052601544114168e+03
9.352325633578182533e+03
2.705807852882368934e+03
3.526881576036544629e+03
4.343191592219038284e+03
9.534988769188959850e+03
8.771470401658756600e+03
4.104818997984057205e+03
6.527955422774972249e+03
4.244096726917116030e+03
6.332188312730725556e+03
6.323054518194536286e+03
4.732339858354177522e+03
9.930653405245077010e+03
6.975039134905680839e+03
6.818299963398936598e+03
8.843429133536801601e+03
6.391795197353847470e+03
6.889960888957005409e+03
8.822417776823336681e+03
4.618148139490689573e+03
7.881781384241025080e+03
4.643677088948998062e+03
7.283853413620617175e+03
1.014520268174279772e+04
6.927072654403255001e+03
3.622872361674921649e+03
9.622631594759643122e+03
5.053175980359817004e+03
5.500229866268984551e+03
5.720765091905849658e+03
4.053719032717001483e+03
5.616234163214046930e+03
9.024940176414984307e+03
4.066520738074173096e+03
6.188709114517385387e+03
5.078333767295222970e+03
6.219355023558064204e+03
4.438930718571459693e+03
4.445048346760998356e+03
3.673566633597901728e+03
4.229278743931417921e+03
6.900561610459631993e+03
6.676439252523648065e+03
3.472345594184664606e+03
5.249964015104214923e+03
5.128863789415080646e+03
5.425485041394193104e+03
4.250247447896447738e+03
6.666313455814610279e+03
7.902429694764751730e+03
4.564376226974743986e+03
5.985971262830621527e+03
5.080802767027823393e+03
5.226102113935423404e+03
2.952661865817286071e+03
6.992842696239686120e+03
6.632530046512901208e+03
3.910708133428687233e+03
5.317471897102095681e+03
1.008141619164775148e+04
3.560032789734991184e+03
4.522687590183166321e+03
7.782985601113404300e+03
5.559269359267255822e+03
2.327650662805253432e+03
4.266794921525246536e+03
4.435501251380639587e+03
7.608909238822278894e+03
7.910928564870757327e+03
7.689348787910323153e+03
4.441797088093888306e+03
9.224447595090370669e+03
2.052933829387181049e+03
1.214917715769046117e+04
3.675036523650222989e+03
3.595450190916247720e+03
4.529484723368837876e+03
9.366109429504462241e+03
8.476202159524180388e+03
5.155354630700274356e+03
5.921751808719306609e+03
3.557280630130872851e+03
6.913384423409866940e+03
5.373211087821749061e+03
6.640938494733894913e+03
7.249240788706374587e+03
3.640566826968053647e+03
4.844674700477608894e+03
6.569511840371783364e+03
4.645334797290476672e+03
3.692817531403463363e+03
6.058633878208558599e+03
6.556044747761740837e+03
5.454677492840572086e+03
5.428481493363856316e+03
5.785815726707536669e+03
5.022822214446136059e+03
3.791661403081349818e+03
3.918807736548528737e+03
3.045353565174367759e+03
2.721102623398635387e+03
4.148851129145779851e+03
2.564719800214529187e+03
2.606229214728416537e+03
2.622427477321346032e+03
2.991974081170583304e+03
2.403704316426967580e+03
2.981390413649723996e+03
2.969606353598187980e+03
2.947448460244040234e+03
2.520126992985969537e+03
3.154584841132334077e+03
2.514686318860944084e+03
3.501922105026037570e+03
3.519605944862582874e+03
2.615574048367618616e+03
2.938855978281411808e+03
2.956598810772091838e+03
2.531960179316577978e+03
3.180120186541076691e+03
2.550124002347395617e+03
2.916452659754053911e+03
2.870822635783327769e+03
3.441191332417499780e+03
3.028434379664422067e+03
2.921548446034840254e+03
2.658868193882703054e+03
2.999174276762230875e+03
3.048198658290922140e+03
2.445958451208005044e+03
2.625215046240208721e+03
2.969431485517613964e+03
2.726272960389522268e+03
3.129740913635087054e+03
3.232003724229159161e+03
2.874127367022532326e+03
2.621074884385238875e+03
2.656942442375987866e+03
2.866873382117686106e+03
2.834199405541926808e+03
2.432361094096331271e+03
2.840267665445202056e+03
3.632883460358658795e+03
2.625431220711112474e+03
2.644976582425235392e+03
4.807413878589756678e+03
3.034246450285039828e+03
3.529508455454362775e+03
3.095414308755322054e+03
4.519352418541000588e+03
3.272923899243556662e+03
2.788945750313253029e+03
3.013583523351197528e+03
2.443874080210896864e+03
3.270951756807752645e+03
3.095241632666708483e+03
3.216083680398812248e+03
2.867701024419802252e+03
2.747117359478801973e+03
4.049207859742947676e+03
2.525917693257877545e+03
3.090982402520934102e+03
3.273367201681687675e+03
2.854771314398031791e+03
3.389188800658346736e+03
2.231530237113136536e+03
4.052942756908027604e+03
2.511605800034437834e+03
3.237714151239972125e+03
3.961973287528799574e+03
3.460865635308468427e+03
3.038666230562491364e+03
2.302462976735665052e+03
2.972436214437582748e+03
2.364351238922152334e+03
3.451590508635561946e+03
2.538984632689032424e+03
3.296103571865889535e+03
2.519945749015973888e+03
3.229527024352542867e+03
2.417623634796872921e+03
2.121530010431234132e+03
2.461016573289399730e+03
2.911677243719308535e+03
3.096049540969501777e+03
2.956279224651049390e+03
2.932643232793444895e+03
3.285049231836504987e+03
2.618155201532584670e+03
2.554139832819817912e+03
2.791705780900849277e+03
2.900594420729159083e+03
3.486939525112381489e+03
2.800825373911196493e+03
2.251151391028552553e+03
2.492950712994741025e+03
3.757042480867311042e+03
2.484252817194772433e+03
2.818330140036359353e+03
2.811787065658289976e+03
2.766849313386456743e+03
2.681091276575220490e+03
3.569718372189764523e+03
2.266033789863899983e+03
2.839857669411439474e+03
3.540500186686268535e+03
3.390311337367499618e+03
3.185655586141196181e+03
2.541649000271330806e+03
2.569831830840993462e+03
3.268379702098685812e+03
2.829344112693307125e+03
3.522046026086850361e+03
3.172981413340899508e+03
3.184089407750096598e+03
3.967881087907464916e+03
3.006922750703816746e+03
3.498503984144636433e+03
4.672207644644789980e+03
5.899390464864386558e+03
3.428973574475569421e+03
2.471258334375746927e+03
4.056160817872744701e+03
2.932113282405989594e+03
2.223307091349511666e+03
