1.299144949634816385e+03
9.377734802360290587e+02
1.001665772093906185e+03
1.793101116540231715e+03
1.673737585335681842e+03
1.707098498191622411e+03
2.896862918831584011e+03
1.235015037114049164e+03
2.143617331058524542e+03
2.109930335396554256e+03
1.624058615636202376e+03
1.955399626184829458e+03
2.249726393936210115e+03
2.115285997639423840e+03
1.884933548369915115e+03
1.500643921108607628e+03
1.313743130624216747e+03
1.143803944271601495e+03
2.078133959526599028e+03
1.781545082566296514e+03
1.406667359374512216e+03
1.077217662512150355e+03
1.362482929189818151e+03
1.628272896667466512e+03
1.822975304434724194e+03
2.417209493089274474e+03
1.405407479868006021e+03
5.424102879730802670e+03
6.168544805191698288e+03
1.826903191276113148e+03
2.799775385588983227e+03
2.679953174812679663e+03
2.665142790856938518e+03
3.405743570821262438e+03
3.485107252396288004e+03
1.321787752753994482e+03
2.398543133062199104e+03
4.037700900490056029e+03
2.825527766093464834e+03
1.906519477764976727e+03
3.649738092522634361e+03
2.153469007914229223e+03
3.424939348361043358e+03
2.716044861289793516e+03
1.968827691449296935e+03
2.022690547288667858e+03
2.155795637721773801e+03
1.754220867200874864e+03
1.488003901523368768e+03
1.292855529559377374e+03
1.176343601137859650e+03
2.138239681670025220e+03
2.621832885884918596e+03
1.726421813159078283e+03
1.978231236105369589e+03
1.524111230237446307e+03
1.640995083186585362e+03
1.687832244196359170e+03
1.469162572823119490e+03
2.089233624881240758e+03
1.733174480600987863e+03
1.526146759923835134e+03
1.584426863179784959e+03
1.998327037346604811e+03
1.669171602752464196e+03
2.080576463762963613e+03
1.553485856083670114e+03
1.234836991383605209e+03
1.153525515998791889e+03
1.723127596530678829e+03
1.374266934143203571e+03
1.019413753355751965e+03
1.162829990501642214e+03
8.439034969164715676e+02
1.875848273264402678e+03
2.529950618798476626e+03
6.698991896566666583e+03
3.829583565307331355e+03
5.418699732076473083e+03
5.203309448959346810e+03
7.696262956073151145e+03
8.298835763382863661e+03
5.543182152999814207e+03
8.297558223714309861e+03
8.422559110401723956e+03
7.774415224499955002e+03
9.222285730050703933e+03
4.967420594748941767e+03
6.364773373720937343e+03
5.322063613312338930e+03
8.195366962520265588e+03
6.886626742207546158e+03
7.327855096706940458e+03
9.275940624553888483e+03
5.967752222318673375e+03
4.039731357615625711e+03
5.562494717138419219e+03
6.997199785281356526e+03
8.454221194252582791e+03
7.732923242103720440e+03
2.584810482258901629e+03
3.796831952726365216e+03
3.103616590150710181e+03
4.686437280153993925e+03
3.437821998908750629e+03
3.275293987275065774e+03
4.208400812859975304e+03
4.106247309319428496e+03
3.988484045100661206e+03
6.481603129981224811e+03
4.058651225008749407e+03
5.089133572742482102e+03
4.755529263469115904e+03
7.185973807045286776e+03
2.811937505881204288e+03
7.554300285941889342e+03
3.254149398527084486e+03
3.456690013338117296e+03
5.071347572550487712e+03
6.574725729477653658e+03
4.958865543708660880e+03
4.140917351788844826e+03
6.654585342615805530e+03
3.447583394407692595e+03
4.888981055675611060e+03
5.360420025250389699e+03
2.689075387662915546e+03
2.761755331408440725e+03
8.932805260769857341e+03
5.517823135170060596e+03
6.256445376208233938e+03
7.080659398922019136e+03
5.770664235320692569e+03
4.368164572414664690e+03
4.529877922196800682e+03
6.735867796694579738e+03
3.014640942404484576e+03
6.394575606532985148e+03
2.182530644092296370e+03
3.777249654595388165e+03
3.575575136458680845e+03
4.009736754325223046e+03
3.386242032206385375e+03
3.000851107986970419e+03
4.055857807954962027e+03
3.191383898183629299e+03
3.521221829889876517e+03
2.164789230987100382e+03
1.931655958017748617e+03
1.835676953475851633e+03
2.640655991815463040e+03
1.607639578082928438e+03
2.928787358918826612e+03
2.634568088451239419e+03
2.150579283323493655e+03
2.432799582942912821e+03
1.410897481622760779e+03
2.330167287227196539e+03
2.316766674783945746e+03
1.355837811391528476e+03
1.313087697682840599e+03
8.982859133276932653e+02
1.182898609793604692e+03
1.290610422999932325e+03
1.955184184041077970e+03
1.385467278047769014e+03
1.451504759054037777e+03
1.615470273786862890e+03
1.876569402240687396e+03
1.680203006220773887e+03
1.612039389189754502e+03
9.078517949556580788e+02
1.126243600779717781e+03
1.148282531059741132e+03
1.197731353870000703e+03
6.708416140992492274e+02
1.478659429675537922e+03
1.300015686681122361e+03
1.296007456067969997e+03
1.412387567918255399e+03
4.214573337388495020e+03
2.521603719072191325e+03
3.445397013462039467e+03
2.075130345446479623e+03
1.810717143282100096e+03
9.960400286736356747e+02
1.606528694052232822e+03
1.875186902028741315e+03
2.067337329178560140e+03
1.178897895221083672e+03
1.653576576026209750e+03
1.488336695258564077e+03
1.390004588112639794e+03
2.902061717246639091e+03
1.738353652965134415e+03
2.368281839592592405e+03
1.847555530911175993e+03
1.201141184819609407e+03
9.420041555418985126e+02
1.505496944976700888e+03
1.279048142042840936e+03
1.630203167439844492e+03
1.263317365023544880e+03
1.210279551328231491e+03
2.409273746696917442e+03
1.478490007807421989e+03
8.655597495512477053e+02
3.484035647498698381e+03
1.227663153519158641e+03
1.363208418458511915e+03
1.300023316708490484e+03
2.393952368234005917e+03
2.635742383800142306e+03
2.023085311344164893e+03
1.721989963082221948e+03
2.046381220012073982e+03
2.718754008410860024e+03
1.668256139605662838e+03
1.492598270928495594e+03
1.518475802716117869e+03
8.298806923043189272e+02
9.973546771076170216e+02
1.355570135879169129e+03
2.359934582800010503e+03
2.505801163312560220e+03
2.533136928105195693e+03
2.387680949294744096e+03
3.172932518854715909e+03
2.635277375849416330e+03
2.923345592281727932e+03
2.054316751862488672e+03
2.319692785494122290e+03
2.923170572827485103e+03
1.939795673467689085e+03
1.985746717049632252e+03
1.367336122062918776e+03
1.466689699747120358e+03
1.157994769451963521e+03
1.021728544400098940e+03
1.213189933113964116e+03
1.344024667946984209e+03
1.260272436586914864e+03
2.831538935961390052e+03
1.340081935862235014e+03
1.264677715152345854e+03
3.900025259036149237e+03
1.333837144893444474e+03
1.681458640385987337e+03
2.341313462057179095e+03
1.397408783553780722e+03
1.658438523453748303e+03
1.813873417200645463e+03
2.165642340346829315e+03
