1.299144949634816385e+03
1.299144949634816385e+03
1.728600495005388439e+03
2.701004002726214367e+03
1.893922061158751148e+03
5.397296462331258226e+03
3.656198334939239885e+03
2.865816515148645976e+03
4.542023895699292552e+03
4.829833997979692867e+03
4.243957491809682324e+03
9.524091606050284099e+03
1.786101601971750142e+03
2.682653586076376541e+03
3.164649000226262615e+03
1.925457144258745757e+03
2.779204726841634510e+03
4.365308653795389546e+03
3.062785319052287377e+03
6.090690528737175555e+03
5.218461633809064551e+03
7.485788865066518156e+03
1.170524762248184015e+04
1.232429059652091928e+04
5.479496417636530168e+03
4.569642351574723762e+03
3.971845302870113755e+03
4.363771733457599112e+03
2.226848075142449034e+03
5.103001963439915016e+03
3.308868298138526370e+03
5.100935596455460654e+03
2.937072717241882401e+03
3.778586683749859731e+03
3.862056483902302716e+03
3.945502604471453196e+03
7.570473704911985806e+03
3.579179285443442495e+03
3.821507074835667936e+03
3.158196111211998868e+03
3.982685932179532756e+03
3.586330645444796573e+03
3.755388782911582439e+03
2.906407914470082233e+03
2.642631090727107676e+03
2.021450479647475277e+03
1.981749291054622063e+03
2.487887709495419585e+03
1.551388845550176939e+03
1.647953534602715536e+03
2.321595441469796242e+03
1.711254995941108746e+03
1.657881027207533407e+03
2.085524111490615269e+03
1.799517233344388842e+03
2.581320975032640490e+03
5.969933778452892511e+03
7.593487139753466181e+03
5.137749136625039682e+03
2.253271310189401902e+03
6.355790151203390451e+03
3.185775558378108599e+03
9.544605291433937964e+03
3.976566799794669805e+03
4.398821299949448075e+03
9.221944418369510458e+03
7.191177344090026054e+03
4.023236119643735492e+03
2.251299785789424732e+03
9.494298975723633703e+03
3.866678518018892191e+03
3.362591803970353794e+03
5.545097013162171606e+03
5.900504095389821487e+03
1.884506344397427256e+03
5.473720101394612357e+03
4.103370948361518458e+03
3.157779160020756990e+03
1.913164481078773633e+03
1.433231576061519263e+03
6.402489189782610993e+03
5.878388369885969951e+03
3.347782771399840385e+03
8.855897968240431510e+03
6.439962950185456975e+03
3.519641390054893691e+03
9.017296811894249913e+03
5.149574802901771363e+03
4.070282492274205651e+03
4.725381145600942546e+03
4.746339144714491340e+03
6.657536755187141353e+03
5.559615693836760329e+03
8.705593164649815662e+03
7.424213792291919162e+03
4.497605453493799359e+03
1.528185068769168083e+03
3.865364955821814419e+03
3.347939941221674417e+03
1.084634864640797105e+03
3.694243516546746832e+03
9.803550695895517492e+03
1.240775764326581702e+04
5.203239378360529372e+03
1.104970516381302332e+04
5.676419775652837416e+03
6.025386483473231237e+03
2.959465905988502527e+03
3.916059199664821335e+03
3.843223446417899595e+03
3.626496636367844076e+03
3.849855869985067784e+03
4.003144841015623570e+03
4.452513867077234863e+03
3.080264363504975336e+03
5.013821253720396271e+03
4.460357095493266570e+03
3.349326669319682424e+03
1.996959877198144568e+03
4.234758449608810224e+03
5.081871456535694961e+03
5.164781818328448026e+03
9.229734648682893749e+03
9.157530143265399602e+03
5.413642585453880201e+03
4.000440801358337922e+03
4.418219879593614678e+03
3.146652443377249710e+03
4.372175938296652021e+03
1.365469056645569935e+03
3.478872956765350409e+03
3.803624781890081977e+03
1.243693457785346709e+03
3.524215656297908026e+03
2.651025223574595202e+03
6.300118443210019905e+03
7.014151916286845335e+03
6.369954661491728075e+03
5.164308985134442082e+03
8.334248586394847734e+03
6.750716792512527718e+03
6.582578095937139551e+03
4.475207159216671243e+03
4.278638902247945225e+03
6.335749557199881565e+03
7.273577349336638690e+03
2.879733957205427942e+03
4.019290177542688525e+03
5.393159415499982060e+03
4.612996739713295028e+03
3.995387450944613192e+03
2.198833186321444373e+03
2.641999984371321261e+03
2.578699291366353464e+03
2.195827931740249369e+03
3.825987304024246896e+03
3.605320654673887930e+03
6.716298007162727117e+03
3.200131229163636817e+03
2.663504643256670079e+03
4.922105908782859842e+03
5.844226383004648596e+03
4.599896103854546709e+03
2.663708599066061652e+03
6.551975989560416565e+03
5.041483427503589155e+03
4.334127554660358328e+03
3.299471620669427466e+03
5.853828342392634113e+03
4.817204623050529335e+03
1.327298989491518842e+04
4.056391473258308906e+03
6.770266217650015278e+03
3.189205077634463123e+03
6.575051195294993704e+03
4.975090942165059460e+03
1.067640690800263292e+04
4.625487590465765606e+03
8.865622232653664469e+03
1.043956547243230125e+04
6.277430304019617324e+03
7.628095871395161339e+03
3.313114685923956586e+03
3.431049985287716481e+03
4.086012757789064381e+03
6.449486794029119665e+03
5.923055792960910367e+03
4.079953445771005590e+03
7.711344994466538992e+03
2.066242770547763485e+03
4.582095909065549677e+03
4.657906253483400178e+03
3.307133108970681860e+03
4.747053190746400105e+03
5.398962140817565341e+03
2.999110338799113379e+03
3.500770774834055374e+03
3.059787096114037467e+03
2.221208100550310064e+03
2.422884049624435647e+03
2.488998062257221591e+03
6.378669039203550710e+03
6.377625114569378638e+03
6.881475556806366512e+03
4.485850363665590521e+03
4.626928539688477940e+03
4.540826543236305952e+03
5.841000155729683684e+03
3.599718195892615768e+03
8.447942808992702339e+03
2.104304122452572756e+03
8.570990128788458605e+03
3.960165839811679234e+03
4.726282638782742652e+03
8.235513490698202077e+03
8.306917345116131401e+03
5.408716200725253657e+03
4.623388666690735590e+03
3.733549137731817609e+03
6.530865603837750314e+03
4.322628296679467894e+03
1.332686614553314257e+03
1.566859095483506508e+03
1.379679037500204004e+03
8.454361379954345921e+02
1.027715991763930333e+03
1.071565300576234904e+03
1.319561703294826202e+03
2.362467095585840070e+03
1.012193520373430511e+04
3.952788912872155834e+03
6.113071652127554444e+03
7.321252391215832176e+03
9.140118039644936289e+03
4.116471892377623590e+03
4.127637458131689527e+03
6.303151403497320644e+03
4.682155606598153099e+03
2.594250880347743532e+03
2.089258088922254501e+03
1.772025159667625985e+03
1.703163343105634567e+03
1.302825807857221434e+03
1.915286289923810045e+03
1.191465452496154285e+03
1.060729849187541049e+03
1.355601417326040064e+03
9.606392275300792107e+02
1.423333822285034785e+03
1.351378260351340941e+03
1.160367046296747048e+03
2.397794572315131518e+03
2.098731969073854088e+03
1.348639547414498793e+03
1.601075002016955523e+03
1.181044775609406770e+03
8.820483193220650264e+02
1.821696234738676822e+03
1.378349562441004082e+03
1.711516349744192667e+03
1.417132510297223689e+03
1.089870034661390719e+03
1.704482589541874859e+03
1.777018828210444099e+03
1.080354429729688036e+03
1.271626692001040965e+03
2.137719638213319286e+03
2.304737436742097998e+03
1.658714740155380014e+03
1.092620190859027389e+03
1.992183900351415105e+03
2.294148720875388790e+03
1.305164254379623799e+03
1.158114483634042244e+03
3.114140533733398115e+03
1.325841351343109864e+03
1.192360113973058333e+03
1.035257525757447638e+03
1.079263842824070707e+03
1.213320830981539302e+03
1.345660362945527595e+03
1.102292078328276602e+03
8.886919743884213858e+02
1.438417494989985244e+03
1.819452448246621088e+03
1.743796790863749493e+03
2.078311095995210962e+03
1.019381117848596432e+03
1.107084757678365349e+03
1.259614533419673990e+03
1.787251688893195933e+03
3.654447649308743621e+03
1.960162049262462460e+03
1.449109414958840489e+03
8.938596868048421129e+02
1.370771762319124718e+03
9.004198804572856716e+02
8.928513189088602076e+02
1.653459791520189128e+03
1.189006791843978817e+03
1.617380737937731737e+03
1.604009322501866109e+03
4.330793883161070880e+03
1.309197953720894247e+03
2.009058443175126740e+03
2.066548312516943042e+03
1.185133157012729953e+03
1.574927809673700949e+03
1.132038025415221682e+03
1.173624448332019711e+03
1.537360403852475201e+03
1.130161429022700077e+03
1.311369601364703840e+03
1.051245546083385534e+03
1.799541374951757916e+03
1.123114067875156252e+03
1.231762925231223107e+03
1.120504003344407465e+03
9.293135324804285347e+02
1.430399543479802787e+03
9.666179512912392511e+02
9.797552732488715037e+02
1.423486491097610269e+03
1.767952472748557284e+03
2.713008202275136682e+03
1.776577896528997144e+03
1.404314397708121760e+03
4.386941734984170580e+03
1.119419734828086575e+03
1.315691799075622839e+03
1.134584444079882587e+03
1.290112090010484962e+03
7.168930396271560994e+02
1.781197727587043573e+03
1.280758015231775971e+03
1.100358308027482508e+03
2.592896901738622091e+03
