1.299144949634816385e+03
1.428116934129034689e+03
2.391066402699022547e+03
2.125695919893805240e+03
1.994030738314453174e+03
1.824739966243031404e+03
2.487769297187059237e+03
1.119002035031362993e+03
8.755786779019615551e+02
1.535612501633331703e+03
1.061425432970604561e+03
8.498430507202275521e+02
1.417993487646851008e+03
1.091403703268760637e+03
1.976656105209911857e+03
1.348900366420557020e+03
1.286755787644517341e+03
9.813955564424541080e+02
1.411909331996199853e+03
1.417514942777720535e+03
2.293619117053065565e+03
7.110368305441755865e+02
2.083107718876283798e+03
1.467077963502259763e+03
2.201600325685977623e+03
1.100680234831984762e+03
2.289676119560119787e+03
2.432007475420406081e+03
1.739119881781024787e+03
1.176458725437344810e+03
2.050374796146006247e+03
1.313319240645019590e+03
1.236343983130863762e+03
1.240097722693529931e+03
1.557209864423633235e+03
9.305872803254148948e+02
8.584639152326475369e+02
6.395316890475314722e+02
8.353764307705496321e+02
1.164416693965162267e+03
1.368886843285635678e+03
8.905245806849643486e+02
1.003369205956951873e+03
1.242582237425252060e+03
8.820107644729050662e+02
8.360377871467367186e+02
4.973858989002044382e+02
1.154194426159059731e+03
1.053487467956389082e+03
1.718951297502151192e+03
2.398382925914143925e+03
2.260573273233149393e+03
1.484813744496458412e+03
1.786440273357836304e+03
1.408191921752030112e+03
1.265286379803669206e+03
1.179157008781436389e+03
1.620573790956867015e+03
1.461942333870522361e+03
8.802883681754638019e+02
2.721914921267186401e+03
5.576536079495499507e+03
4.795728405256577389e+03
1.348363313471884248e+04
6.379862211142801243e+03
5.563865464018849707e+03
1.027880909113360940e+04
7.296831860587979463e+03
7.439280561221853532e+03
6.707535721780487620e+03
5.878509359097334709e+03
4.370564546546006568e+03
5.672799529755277035e+03
7.403757165306892603e+03
6.501195467707323587e+03
2.932472187596856656e+03
8.112019667534640575e+03
2.941011282804762686e+03
9.911024891795914300e+03
8.399873159769682388e+03
8.302219609457379192e+03
9.564913856462293552e+03
5.109309278693289343e+03
6.878057903004510990e+03
7.058517090368086428e+03
6.443182259423186224e+03
4.202801752270771431e+03
4.922987132998094239e+03
9.074489723304872314e+03
9.108436150542311225e+03
4.188684129842365110e+03
9.435790788191576212e+03
4.032912119833974884e+03
4.943200983987332620e+03
5.334636999599385490e+03
7.075876767485357050e+03
7.098973495116975755e+03
8.123646840913411324e+03
7.415786201509307830e+03
8.291807326759559146e+03
4.472026419991984767e+03
5.249959042760079683e+03
7.440684244380314340e+03
2.885136230057829835e+03
6.512037673552949855e+03
6.223188075890279833e+03
4.088328663200723895e+03
4.990886342448827236e+03
8.321394184429957022e+03
7.344533932204950361e+03
2.831730263899058627e+03
3.681421841072003190e+03
3.579649290953632317e+03
7.833567793929213622e+03
5.641948620820237011e+03
3.894481911243889499e+03
6.981083376112836049e+03
3.049717605690189885e+03
3.996834347984639408e+03
6.186386232861125791e+03
5.769455853635091444e+03
8.653549117743021270e+03
5.503498738684468663e+03
5.524696056031974877e+03
5.305585725110431667e+03
6.234152436311848760e+03
6.327863164345877522e+03
3.696126207746253385e+03
7.937602174072461821e+03
2.811482162634220913e+03
2.903447573501795432e+03
1.849329781715402305e+03
7.440893372940992776e+03
5.590795207120445411e+03
8.036769388898898796e+03
3.390735900531722109e+03
6.991934615499961183e+03
2.745601166410959650e+03
1.441133547495925313e+03
2.632175933905126840e+03
1.187644091985353043e+03
4.722406983017919629e+03
4.621747956013130533e+03
7.090619588944243333e+03
9.535416593152900532e+03
5.247773008501476397e+03
3.324939192550936696e+03
4.172730418368444589e+03
3.476131009140915012e+03
8.006265305599268686e+03
7.356039089585672627e+03
7.085489172847037480e+03
2.834560023847669527e+03
1.774729897824855698e+03
2.586571334518715048e+03
1.624877405079617802e+03
2.007249330786328528e+03
2.329003952430249228e+03
2.738354100405369081e+03
1.845205152970756899e+03
4.233581565076152401e+03
6.427094318581657717e+03
3.743242668685406898e+03
3.639318950092041632e+03
7.307349119300331949e+03
6.924988596136051456e+03
6.278053196307520011e+03
5.334464977450886181e+03
4.365968735835761436e+03
4.804985830536308640e+03
2.099998404696427770e+03
3.050802783346291562e+03
6.958522374404882612e+03
4.894890186102302323e+03
3.242488096327181211e+03
4.608592087384390652e+03
6.500401175518620221e+03
4.915692666528264454e+03
7.101678300397245039e+03
5.364891103616079818e+03
3.764397505972238832e+03
3.249331844421726601e+03
5.576402197299917134e+03
2.810341228527139265e+03
5.727373090123290240e+03
4.647506643942171650e+03
6.015609212812192709e+03
3.921144691183276336e+03
6.778652617209313576e+03
2.255249059997799122e+03
4.755190721938319257e+03
2.847996759887172630e+03
4.507275651450115220e+03
2.515097526644390200e+03
3.331141901164466617e+03
3.883205102764887215e+03
2.728155793739127148e+03
1.747934524883333552e+03
1.907413564444037775e+03
3.440799386946799132e+03
3.767653389800967489e+03
2.893735466417865609e+03
2.393160550309539303e+03
1.959634297081679733e+03
1.573590327915507260e+03
1.218704696084965008e+03
9.635918112882324067e+02
1.318108108847859967e+03
1.464975683796878002e+03
7.639040603620868524e+02
1.035875435899345803e+03
8.454266112319862714e+02
6.409307827558640156e+02
8.841202198936016430e+02
9.949143253672830269e+02
2.368051603088884804e+03
9.912704644771839639e+02
7.975741901214490781e+02
9.902832222756557030e+02
1.367086915780987056e+03
9.752975159464634771e+02
1.131423004364997269e+03
1.007996074200788371e+03
1.254911703045882405e+03
1.113722842399865840e+03
1.300301912594813530e+03
1.369512052810626983e+03
9.318582889283330815e+02
1.640045638729933444e+03
2.139934917317308646e+03
1.132616227593777239e+03
9.832712461218011413e+02
1.334044200104664014e+03
3.864165641137426519e+03
5.305870013420169926e+03
9.340948121739047565e+03
6.352879482489235670e+03
4.819322731981175821e+03
7.209845199202144613e+03
4.559004863268533882e+03
1.043787573100481859e+04
6.335279763983551675e+03
9.680893569135627331e+03
2.827672170687316338e+03
4.073110926890064093e+03
3.616894281784285795e+03
2.397901516507553879e+03
2.832452743598987581e+03
4.639399898628316805e+03
4.505755467044137731e+03
3.396784639415114725e+03
5.103236157947770153e+03
2.331567676985932849e+03
3.098668806256132939e+03
3.209898325652358835e+03
4.371405118190958092e+03
7.190329489182680845e+03
7.097641142258754371e+03
3.866777026008870052e+03
1.116998792588377910e+04
4.588814223655841488e+03
3.717138438196905554e+03
3.329179116495382914e+03
4.113665326579987777e+03
2.099939747924449421e+03
5.537077603354673556e+03
6.138253777389879360e+03
5.997558285986316150e+03
5.557690529717820027e+03
5.665761629367441856e+03
7.417670574248595585e+03
5.511967577723165050e+03
6.814556717836832831e+03
8.563403131578919783e+03
6.068460412729686141e+03
7.640452374760632665e+03
5.892577253021814613e+03
6.914151545617862212e+03
5.976136847998363010e+03
6.285664796556289730e+03
4.846171306770682349e+03
3.370242712811400907e+03
3.869485180741509794e+03
3.075250008543755030e+03
1.686574020660073757e+03
3.343459148672734500e+03
2.338262110307040984e+03
1.543254119894069163e+03
1.134369647669627284e+03
1.516029849281103907e+03
1.081207238401956829e+03
7.306806955793730367e+02
8.952453400254408962e+02
8.653918150351930763e+02
1.063053453110749842e+03
7.742636790774906785e+02
1.056823497027582789e+03
1.401277189226383143e+03
5.390368924037741181e+02
1.002041067587464568e+03
7.032226309763907466e+02
7.557228230433530598e+02
1.417148005459515616e+03
1.011414219028877710e+03
2.075756684807535294e+03
1.752114158167906680e+03
1.806168673459446836e+03
1.600929919156209507e+03
1.212482057045242300e+03
3.205634179774548102e+03
2.157899857510301445e+03
1.601082559621338532e+03
2.168897395739345939e+03
1.794065352873914662e+03
1.634972437960607522e+03
2.803911407238565516e+03
1.450455025556200781e+03
1.548320939299877182e+03
1.298596361193882558e+03
8.932730605733489710e+02
6.043814572616525993e+02
1.132854679549936463e+03
2.138668626042463075e+03
1.441054607103742910e+03
8.637148688658799074e+02
1.091062660177921998e+03
1.841833404066127969e+03
9.860114534949535710e+02
1.856001822536693226e+03
1.191830960590917584e+03
7.076467322845116996e+02
9.228399175095108831e+02
1.065781067339064748e+03
8.677344486386906510e+02
1.531809885953854746e+03
8.409738187246640564e+02
1.076202998394103361e+03
1.124072133410526931e+03
5.532304127652988655e+02
8.181560802538662074e+02
8.374715717688578707e+02
5.770242025504867343e+02
9.474267057407337234e+02
1.077548959126706222e+03
1.468529232797048053e+03
1.294585293654440420e+03
1.327287723168868524e+03
9.893252513458181738e+02
8.180966060503711788e+02
7.276328808668861257e+02
6.354230656014584611e+02
8.468718874648833435e+02
6.840119571311372511e+02
7.496492593030343414e+02
7.502284798023752046e+02
4.750947407471751944e+02
4.893611863846361416e+02
5.411146296881902344e+02
1.207379770292594912e+03
7.845375225068283953e+02
1.614057557523036849e+03
1.030269731107460530e+03
1.157026880704616588e+03
9.790100956011924609e+02
1.022998857177136983e+03
7.110715620717867296e+02
1.992351494967438384e+03
1.572565853625834279e+03
8.295551165138516581e+02
6.509244628157418902e+02
1.029553722324279988e+03
5.400267256445146131e+02
9.869418963234414832e+02
8.710920750164718811e+02
1.620099603456591922e+03
9.678066193735343177e+02
9.949243458681742140e+02
1.706957713933773448e+03
8.049932217634049039e+02
8.164301889099665459e+02
8.233491318963211825e+02
7.874503272816923527e+02
1.264334285773270039e+03
8.656883715338934735e+02
8.784275355091358506e+02
9.746347326107675144e+02
1.352557698070132346e+03
1.231741653830266387e+03
1.648909389127207533e+03
7.662845399885459301e+02
6.272344009363981741e+02
8.212116699047979864e+02
6.074531085877612213e+02
6.655122024979119715e+02
1.176695884677499862e+03
1.109796210787158998e+03
1.073938393538812988e+03
8.965981971377228774e+02
1.088167529935191624e+03
6.898302724162795130e+02
5.641573862409217099e+02
1.710572979562829232e+03
2.279116785915472519e+03
2.358888365923573019e+03
1.998345058766446982e+03
1.386990601769380874e+03
1.296913871106146644e+03
1.304096802961763387e+03
1.673649577132696095e+03
9.571810083888524332e+02
1.266415650126254150e+03
1.015626983237504874e+03
1.034651690236922832e+03
1.714683702378393491e+03
9.594789386132949858e+02
1.196439063691652336e+03
1.685072961238286098e+03
1.649905719731343879e+03
3.607138458224386341e+03
1.847811305485815637e+03
1.729654930133015569e+03
2.197420899407283741e+03
1.905609393580457890e+03
2.275701556101404549e+03
1.564354989304529454e+03
2.118119232465626737e+03
1.082824293113669910e+03
1.370506254233996742e+03
1.432401927837515359e+03
1.424923403143816131e+03
2.620248024963439548e+03
1.642029204475290499e+03
1.288902088345298125e+03
1.273093667900115861e+03
8.184201115362384371e+02
1.522193589942724429e+03
1.381030867484519604e+03
1.223935020123790764e+03
1.076942974328905166e+03
9.851551247374108016e+02
7.159471003332232613e+02
5.877603762161911618e+02
1.219025071310427393e+03
1.239576777575245615e+03
1.890837725990920717e+03
8.601612469393708125e+02
9.795936755670338698e+02
8.446813476555012130e+02
6.635870385520884156e+02
5.206612151842110734e+02
3.754025883549921218e+03
1.183149633108442004e+03
1.406570167978420159e+03
