1.299144949634816385e+03
2.588735460269124360e+03
8.520071588930495636e+02
7.316432193485218249e+02
2.951726974308367062e+03
1.919635266854301108e+03
1.026480153384257392e+03
1.212032280454899364e+03
1.684997876268696928e+03
9.119167660483981308e+02
1.051199495444511740e+03
1.466431665309626169e+03
1.258745127827950228e+03
8.044467238474990154e+02
8.075517012314871863e+02
1.332463673560604320e+03
1.195785493489395094e+03
1.270722609018914000e+03
1.834791058558513214e+03
8.868443745637780466e+02
3.222404701985115935e+03
6.370325076900618342e+02
1.294516340759255627e+03
1.376956950084157143e+03
1.169817575162003550e+03
1.663783797138090222e+03
1.395980341514300790e+03
1.857635055714176815e+03
2.541285729161554173e+03
2.235797047576765635e+03
1.856738449096214254e+03
1.449248741490191605e+03
1.076209324413817285e+03
1.272191263022014709e+03
1.397242833393606361e+03
8.994671981033350221e+02
1.065552990818333001e+03
1.532587377509839598e+03
1.179526402694720900e+03
1.754067392255463346e+03
1.650550310516852551e+04
5.995161996131726482e+03
3.064728474811458454e+03
5.133521980207265187e+03
2.356227856239570883e+03
1.051764471400880439e+03
1.103629789552514694e+03
9.884604411527706134e+02
1.402511350349578606e+03
1.555950001974842962e+03
1.678970934278216419e+03
1.713700537929767052e+03
1.026028241584577700e+03
7.710796731052226960e+02
1.626078519356882452e+03
1.752456506117544677e+03
1.743797496357160298e+03
1.631548221086038893e+03
1.553286090482657073e+03
1.348451280634130171e+03
1.370070894373318879e+03
2.409215001128707627e+03
3.895427729644040483e+03
3.611274172014229407e+03
2.964146285177664140e+03
1.304172159307664742e+03
2.548834455915097806e+03
1.367295761966663804e+03
1.946158715405581688e+03
3.163692241181021927e+03
7.718913184686655768e+03
4.546733657148850398e+03
2.448518478677007806e+03
4.268402970283374088e+03
4.659895897906768369e+03
3.395633932990345329e+03
5.440497416240024904e+03
7.320210199380942868e+03
4.136680234766919966e+03
2.767960274720587222e+03
3.794786136437719506e+03
3.068511485262883525e+03
3.802150844967353351e+03
9.202561153192811616e+03
4.279989172579688784e+03
7.092333455621676876e+03
6.307793925392978963e+03
6.553298011612016126e+03
5.013447718910765616e+03
3.317256822998179359e+03
4.117787227138457638e+03
4.925227283416322280e+03
4.811886951571216741e+03
2.512956470191524204e+03
8.212729014735581586e+03
3.896861318526817740e+03
5.088174440117834820e+03
6.189763604038568701e+03
3.984386661654927138e+03
5.878464408117594758e+03
6.495526607387619151e+03
5.232594090741497894e+03
3.827929117852621403e+03
4.657978341903701221e+03
4.765928147060219999e+03
8.282537941859414786e+03
5.700325234700194414e+03
3.307828506856714739e+03
5.330974877346214271e+03
3.943055191375110098e+03
3.395145776732541435e+03
4.430379750429246087e+03
3.398859083796601226e+03
3.509153236160467259e+03
2.176735027645318951e+03
1.403171460334467611e+03
1.695487161214187608e+03
1.254737750157275514e+03
1.259316257780122442e+03
1.195184087063390962e+03
2.696715327294425606e+03
3.036563129208818737e+03
3.910959646816660552e+03
3.416673643788821209e+03
2.874899833952174959e+03
2.052787328984391479e+03
2.268293956870913007e+03
2.145623823938078658e+03
2.165095351052727892e+03
2.518081211722255375e+03
1.614670051487549699e+03
2.373418937826943875e+03
1.470209644381270436e+03
1.506150051509215245e+03
1.973175902467455444e+03
2.114993673189796482e+03
1.780907582838049393e+03
1.207523722204179876e+03
1.953986783844985894e+03
1.415149798026164945e+03
1.010796168827352744e+03
5.919824813205148075e+02
5.929388566322763836e+03
2.438437541446137402e+03
2.627517785829382774e+03
2.649854093575916977e+03
1.229340482699556105e+03
2.060772697401775986e+03
1.565715401844050348e+03
4.007840157161442676e+03
3.156204357296850048e+03
2.381880352275476980e+03
5.160320608290000564e+03
8.378649683220100997e+03
6.532052587295387639e+03
4.142012282869112823e+03
9.603859243924871407e+03
3.230940484050522173e+03
8.920845431714273218e+03
2.108445780036262022e+03
2.809415821139269610e+03
2.819436805407307475e+03
5.363686175077779808e+03
1.953904740310722673e+03
3.495901697656578108e+03
3.476222260993770760e+03
4.724566077672399842e+03
3.334434285168349561e+03
5.546050488204828071e+03
2.710686326154479048e+03
5.627305899000703903e+03
5.762847620732120049e+03
3.647652980815309547e+03
3.127782553590231601e+03
4.896991334329150959e+03
9.608737042583872608e+03
2.598044566122089691e+03
5.319508750636809054e+03
5.590248204306483785e+03
3.925232489098452788e+03
4.734820179202300096e+03
4.546819461783456973e+03
4.274071756441002435e+03
4.610700995426369445e+03
5.695962121216812193e+03
3.653155560615927698e+03
2.353586800692762154e+03
2.268075729759589649e+03
1.954212659131341752e+03
1.736632932483590821e+03
1.370070798500245473e+03
9.201674230694290600e+03
7.421145546762338199e+03
5.284733130338076990e+03
3.378278902989307426e+03
7.283684280920548190e+03
3.768078303973282345e+03
5.965617405811502977e+03
3.235168934760707089e+03
5.702114728771751288e+03
5.791238427378444612e+03
8.114242570423652978e+03
5.230022072165076679e+03
5.536733351529032916e+03
3.211792137684994032e+03
5.547549691860020175e+03
3.454976432709559049e+03
1.574331361864945393e+03
6.571911274447683354e+03
4.970897630278192992e+03
2.655668610875910417e+03
2.732181654311332750e+03
1.699022231434648120e+03
2.627998506404894215e+03
8.789009265348588087e+03
5.450014465278515672e+03
5.046455465391285543e+03
7.241841594821626131e+03
9.319038962840455497e+03
3.459172113258742229e+03
8.577249476515184142e+03
6.073574951290604986e+03
4.472945877738581657e+03
5.811599167088041213e+03
5.552544537071228660e+03
2.981368058847543580e+03
3.059110147867329488e+03
4.038753745707617327e+03
2.538164407981323620e+03
1.620285590140307932e+03
1.707726451349335093e+03
7.728538053543386468e+02
9.415575947319317720e+02
1.181476469559817815e+03
1.090178337079472158e+03
1.142261401875223555e+03
6.903014505964174532e+02
1.377716997527933017e+03
7.584608357234415053e+02
1.043831310842337643e+03
1.367658457871180872e+03
1.518288684883185852e+03
1.454961086243031332e+03
1.197520259112149461e+03
1.145002832599229805e+03
9.261587157372649699e+02
9.908822698236307360e+02
9.518214323590163986e+02
1.534289508588110039e+03
1.376442628554235398e+03
6.475765576407242179e+02
1.225389135800278154e+03
8.940594493663436424e+02
8.612855923596255252e+02
1.038216423402497185e+03
1.059340848974487699e+03
1.635644359633724434e+03
6.018337558349229539e+02
9.131197806171899174e+02
1.093056728731145768e+03
9.712970936005756357e+02
1.334163450611327562e+03
8.731370292564502051e+02
7.514055636776824940e+02
8.987089545969172377e+02
7.617208475811287371e+02
1.251361713490080319e+03
1.699632288213125094e+03
7.336985762730926126e+02
7.138634287512810488e+02
1.165255478946740368e+03
1.115486515621503258e+03
8.488172637149518778e+02
5.788641035359499938e+02
6.705155733113554106e+02
7.858305346233236151e+02
1.283462799225695790e+03
3.893656709400003820e+03
2.429943327510561176e+03
1.297280715836597665e+03
1.618677217662717794e+03
1.890693239293748547e+03
1.800088116015800097e+03
1.825852286521706901e+03
1.563638731932100200e+03
2.416369284618364418e+03
1.697735240706751028e+03
1.628239157623581150e+03
1.535846006939153540e+03
1.096894483354135446e+03
1.458394496371903870e+03
6.693560909237841088e+02
1.240349816169799396e+03
1.541873952600332132e+03
2.087682494409596075e+03
1.647829756420693229e+03
2.165410328204893631e+03
1.780931819833342161e+03
1.512402499045947707e+03
1.135063750063858379e+03
8.899990511499997865e+02
9.899982719732267924e+02
8.519213700121450756e+02
1.033198201322457180e+03
9.006480056612332419e+02
8.270878444302485377e+02
9.395013844740627746e+02
1.491525839830699624e+03
9.413970169736312528e+02
1.395639251230198852e+03
8.247589188541953718e+02
1.333238141635341435e+03
1.924695198559098344e+03
1.562623388493835819e+03
1.112256866352436873e+03
1.838453945384045710e+03
1.046341597813326189e+03
2.274164707978186925e+03
8.765489286942478202e+02
9.591072561559926726e+02
1.022760984042198402e+03
1.107735452379590242e+03
1.141381886191194099e+03
1.838263486735235801e+03
1.070657626337765350e+03
