1.299144949634816385e+03
9.969307673654387827e+02
1.452915393835824489e+03
3.072685642048103546e+03
2.470761689661498622e+03
1.767305851031833527e+03
1.004010418313678770e+03
1.234354916272088303e+03
1.668264515003192173e+03
2.387783717670288752e+03
1.935844400604402836e+03
1.059629743961395434e+03
2.650011797908606695e+03
3.011748157889019240e+03
7.843376094949938988e+02
1.757566446061317492e+03
1.450385699794454695e+03
2.271126464039517032e+03
1.536675560573817620e+03
1.208676340731344908e+03
1.002857173357232568e+03
1.604098533058836665e+03
1.117643724368853782e+03
1.837380325011837158e+03
1.257329314518375668e+03
2.030942068575277972e+03
8.764625230104658840e+03
5.872948638278353428e+03
2.651208155127671034e+03
3.006392551111817738e+03
1.719163831848182781e+03
1.435815177698590560e+03
1.187717685409577371e+03
1.282505642046625553e+03
1.873368728000018109e+03
2.446398037289240165e+03
1.216547455778763151e+03
1.448424281698839650e+03
1.197150587265409285e+03
2.274888689273881937e+03
1.304276078854158868e+03
1.819838788200245517e+03
1.322450190342608266e+03
1.219941226156364564e+03
2.663484232768480069e+03
9.177219370075996494e+02
1.688243440546098100e+03
1.583473863929588106e+03
1.620214651633810035e+03
4.009211875015553233e+03
1.666341068750186651e+03
2.091613545155364136e+03
2.091697076505242876e+03
1.216366652776542423e+03
1.763825659220986381e+03
1.601739121837205857e+03
1.206180120795443827e+03
1.843054661076189859e+03
2.369275108406460276e+03
4.198523235410772031e+03
5.174463597552383362e+03
4.545394827466850984e+03
3.704861636429335704e+03
2.890068057601044075e+03
2.153945823008986281e+03
7.664393994594067408e+03
4.881973095589055447e+03
1.065517434714376941e+04
4.661279685175091799e+03
7.359722113805289155e+03
6.085431922626690721e+03
1.084081341116781186e+04
8.698550214267757838e+03
1.061620184447454812e+04
3.327712610935868724e+03
5.309737460336833465e+03
6.564281331776206571e+03
6.823717997936002575e+03
6.413877301226394593e+03
3.882591927420655338e+03
3.783723818038958143e+03
5.969775481859037427e+03
9.376959949303567555e+03
1.189253758459710116e+04
8.573114848775054270e+03
1.087351818272341916e+04
1.616451408631726918e+04
1.191171687457486587e+04
8.589457303230674370e+03
6.166895423363882401e+03
6.655316729190083606e+03
6.821167581054133734e+03
5.524809683260048587e+03
4.243129001035147667e+03
6.028109673641823065e+03
4.044054973766910734e+03
2.398818823677391265e+03
2.595506345541013616e+03
6.188460425129826945e+03
7.408316180465521938e+03
5.123115789755075639e+03
5.854160310072660650e+03
7.477948753253405812e+03
1.056501761256624377e+04
9.287604506728855995e+03
5.541920267294347468e+03
7.209239387393748075e+03
1.101328559864230192e+04
1.138959233757617585e+04
5.095062649455402607e+03
5.734506794538022405e+03
6.038786696425492664e+03
6.583848342300400873e+03
1.100988521302919617e+04
3.764363346964132688e+03
9.407650627932145653e+03
7.749254318502929891e+03
1.242137118907463810e+04
9.544568705452973518e+03
5.876763651325240971e+03
6.831091257415027030e+03
9.565716788132818692e+03
7.768171253186870672e+03
5.239300108381135033e+03
4.740463275135324693e+03
3.282497168169467386e+03
6.782128959272599786e+03
5.129998427042791263e+03
4.439871415872304169e+03
1.317278577617137898e+03
6.176957924544088200e+03
4.123170019828917248e+03
4.123486934570967605e+03
5.722806040271035272e+03
7.762381823829731729e+03
4.900817830406833309e+03
6.881461107124668160e+03
3.424336490290490929e+03
8.507021347208690713e+03
4.688736657677700350e+03
6.724850855928792043e+03
1.237868072614149969e+04
7.973176985237233566e+03
6.008458825881602024e+03
2.623908376964353010e+03
2.095288657754800170e+03
3.264589493593020961e+03
1.577140371762285895e+03
1.448385775369014482e+03
2.117333233283746267e+03
3.238542661829636472e+03
7.285587297478910841e+03
9.859797145060389084e+03
7.650020812352052417e+03
7.453564805986047759e+03
8.682238984299361618e+03
9.752328757759278233e+03
7.987132277089192939e+03
5.296474526653115390e+03
6.067872461407058836e+03
6.934210130270431364e+03
3.979910434575177533e+03
5.435907712002589506e+03
6.859453536785663346e+03
4.174397046191494155e+03
9.508597749414657301e+03
5.068754500335283410e+03
4.642492498748453727e+03
5.514942932621983346e+03
3.379829640339706202e+03
3.628377427034497941e+03
1.027752444799875775e+04
4.679066771356949175e+03
3.563568915963725431e+03
4.157902982367460936e+03
1.899198670374344374e+03
3.208326971513309218e+03
4.580433476689348026e+03
2.225934669509639662e+03
6.621857027732776260e+03
4.198552529815617163e+03
3.774185331418374972e+03
4.121991690195783121e+03
5.464611603506208667e+03
4.578585386541081789e+03
6.020721407762050148e+03
5.256502705991993025e+03
1.821077717823027569e+03
4.046207293527370894e+03
2.845744099769783588e+03
2.481258221924767895e+03
3.235417611413765826e+03
4.862664819602886382e+03
7.895486773368169452e+03
5.568921180106136489e+03
3.610631637180203597e+03
5.832487298071491750e+03
3.612289805849381537e+03
4.558189202545350781e+03
3.327583028196077521e+03
3.489308538349771879e+03
4.796430562784194990e+03
3.904051851544295005e+03
5.970716556128621960e+03
4.146172811758508033e+03
4.787224777677023667e+03
2.810211692658506763e+03
3.740119201254183736e+03
2.145952603642379017e+03
1.389900671562987327e+03
1.665257009539019464e+03
3.180967767139346051e+03
2.671861406585488567e+03
1.176380543887511521e+03
3.423702237516722107e+03
1.550540704256654635e+03
1.933796500825247904e+03
1.433083483997398162e+03
1.223873737352706485e+03
1.036907758830393732e+03
1.821527807081378114e+03
1.806693650102513175e+03
2.265919195557561579e+03
1.565864081861860768e+03
1.893973643166261809e+03
1.815916374586477559e+03
2.676468999121293109e+03
1.758971879662742822e+03
2.588298409207391614e+03
1.979298094783423267e+03
1.353601376927079627e+03
1.664736639274214895e+03
1.919707337472873860e+03
1.121809469489931416e+03
1.010338661916629462e+03
1.265404114341163904e+03
1.847464246249213602e+03
1.945348745998249569e+03
1.629652383981572484e+03
1.467497625812310162e+03
1.526994849371899818e+03
3.909958830191251309e+03
1.519211389627561402e+03
1.806694513881350986e+03
2.211219816163526502e+03
1.706360317528655060e+03
1.532867968331478096e+03
1.558085798196068708e+03
3.803222957709273032e+03
4.080230551425031081e+03
5.217173845724262719e+03
4.833466178117695563e+03
4.221989371920808480e+03
4.423246387829161904e+03
4.103377342045561818e+03
2.253525346624277972e+03
1.440152173130799156e+03
1.345222874041756768e+03
1.953319849554887696e+03
2.071643365663730492e+03
2.233522326825968321e+03
1.959560485631276833e+03
2.591607582875230946e+03
1.586687478439682536e+03
1.712058255629728592e+03
1.009516642905131789e+03
1.273433841033284807e+03
1.863594949476114607e+03
1.250990866019848909e+03
1.027542994593583444e+03
9.818406487080976603e+02
1.029530977712649246e+03
1.209909388326881526e+03
1.491092353986470016e+03
2.230609373685163973e+03
1.781209749934175079e+03
1.374202009304873627e+03
2.051662383301889804e+03
2.500071659407781681e+03
1.024957860129327401e+03
1.962480443835977212e+03
9.930938451931069721e+02
1.174444746546727629e+03
2.030847689388972185e+03
2.135587480573692574e+03
3.154763032463121817e+03
1.302585391600320008e+03
1.822926766858379779e+03
1.125744928771043988e+03
1.080592597490688831e+03
6.822823220283163437e+02
9.697919163005374230e+02
8.744260129576932741e+02
7.963920180265824911e+02
1.356573029721310377e+03
1.031922254901963242e+03
7.604327594134575747e+02
1.015846834648061417e+03
1.109478751422995174e+03
1.333757798504114135e+03
1.539263763436046929e+03
1.595468452109994814e+03
1.472071967902396182e+03
1.012331500880684644e+03
1.350767902817976619e+03
1.271264122212147413e+03
1.935356542215572063e+03
