1.299144949634816385e+03
1.423151650804739802e+03
1.168152011446092729e+03
1.941059361212659041e+03
1.864241238922119010e+03
2.445227070468120019e+03
3.327403274211912048e+03
3.469779666840648588e+03
4.512019402279835958e+03
3.907572063825048645e+03
4.826714712720105126e+03
4.325748598517733626e+03
4.869406965631218554e+03
4.955705893475826088e+03
3.621878129392343453e+03
4.626199930504762960e+03
2.806585980584434765e+03
3.449999741339848697e+03
4.061692144121447200e+03
6.577317532469784055e+03
5.242033648080539933e+03
4.002320045950968051e+03
3.439359733962812243e+03
7.452368919159043799e+03
4.749194728942269649e+03
3.511991807914989295e+03
3.279118963636447461e+03
2.898011951277189837e+03
3.351776073230074417e+03
2.804750325789095314e+03
4.177479161654947347e+03
3.348149687781961802e+03
3.698656831608663651e+03
4.019660608052696716e+03
4.055276904665840448e+03
2.178447987516066405e+03
2.320024426005328223e+03
1.893656243282175865e+03
2.948999016287195900e+03
3.573490050807955413e+03
1.918870580222278249e+03
2.550184062417279165e+03
2.781074189413585827e+03
1.499298549747796642e+03
1.608801647919156039e+03
1.657889908125863940e+03
2.293398116053929243e+03
4.016915028662846908e+03
2.028948734232606057e+03
3.049335455225187616e+03
2.283226287827542819e+03
2.159330043029855460e+03
1.229208029963258923e+03
1.688149382856347302e+03
2.699533857594150049e+03
3.578530531693873854e+03
3.593395156853695880e+03
2.523965833860346265e+03
1.352809729854199759e+03
3.528769570368235236e+03
5.490008336378908098e+03
5.993133444421368949e+03
1.003622454837656733e+04
8.730757809718317731e+03
1.006818862537814675e+04
3.259190408024991029e+03
3.514294077654708872e+03
3.973221036897366957e+03
6.582906021662467538e+03
3.351104028269813625e+03
2.970204298555619516e+03
4.224185540119413417e+03
4.019495413962925795e+03
4.246610452879983313e+03
1.929233630331203813e+03
4.268308371111943416e+03
1.003065017356704993e+04
9.082241321005036298e+03
6.861524717758848055e+03
6.315906847715155891e+03
4.678382717397528722e+03
3.417491999093570485e+03
3.932327450528928239e+03
8.566653603193788513e+03
6.218867098825616267e+03
6.111535733633334530e+03
4.925430467609915468e+03
6.685439879105414548e+03
1.130700304418416454e+04
4.346428531969079813e+03
5.654361585712909800e+03
7.293468200634441018e+03
3.024453016550937718e+03
2.498588641567811010e+03
6.160027701106660970e+03
7.334725433099983093e+03
6.035429995541315293e+03
3.754311179540272860e+03
1.035913236169141237e+04
5.918082722513688168e+03
6.724853751423480389e+03
3.196508490966339650e+03
4.693419099774793722e+03
7.543108794481975565e+03
5.230325472081428416e+03
3.790381670128323094e+03
4.772691877706913147e+03
4.242703195264581154e+03
5.455576636544617941e+03
5.058358004963075473e+03
5.294643574348702714e+03
4.904574964347096284e+03
8.157637320760365583e+03
7.599692387636778221e+03
9.587129439845473826e+03
3.917008562812415676e+03
1.086059507236642821e+04
3.014800285254362734e+03
2.769717432721307432e+03
3.002336158754740154e+03
2.209541465941794741e+03
4.795534850505093345e+03
8.477511224022642637e+03
1.220315006516810718e+04
5.586794480213343377e+03
3.383069334140086539e+03
4.107230179512665018e+03
5.438202970707864552e+03
8.803141911408405576e+03
6.395363839341736821e+03
5.707197381727614811e+03
5.924373141840122116e+03
1.864250111577544885e+03
6.287641999847985062e+03
3.550523872497280081e+03
4.367654724741032624e+03
2.344838546681817206e+03
5.143792464119505894e+03
3.453807509575195127e+03
2.280575598387372338e+03
4.774160377291456825e+03
3.764356997483248506e+03
1.605398622582586313e+03
2.721654077051587592e+03
4.568131711702165376e+03
5.604308118018087953e+03
8.689244542339742111e+03
5.148031221339361764e+03
4.154491780783405375e+03
1.787337530604085714e+03
4.221218067965775845e+03
6.968640402506583996e+03
3.846281361287055461e+03
4.284847587982941150e+03
8.227796610924968263e+03
5.715460031230909408e+03
1.077869701628924668e+04
4.369429800232537673e+03
5.207172104613132433e+03
9.874566432612920835e+03
3.980741389963594429e+03
6.153700957324099363e+03
8.706008510648880474e+03
7.434294750282037967e+03
9.975266727016811274e+03
6.739223146769490995e+03
5.947826161187654179e+03
2.813028067238686617e+03
2.226615986003701437e+03
1.419413290643192795e+03
2.151408059683676584e+03
3.962592071067184406e+03
6.299095749073149818e+03
5.756557882620557393e+03
6.446663509667063408e+03
1.219857743026230492e+04
6.285256930448583262e+03
1.043745581712100102e+04
6.450742636386376944e+03
2.569486494594246324e+03
3.278700983109290519e+03
5.774360774486028276e+03
4.396088506299662185e+03
7.407538493240399475e+03
4.538522979408884567e+03
5.498674015715418136e+03
4.532570573122022324e+03
7.383288199587773306e+03
4.749005228560216892e+03
4.208231907527458134e+03
5.144845840573372698e+03
7.339448193948130211e+03
7.051972190809512540e+03
6.842367867203091919e+03
5.086611840461269821e+03
7.158628553045020453e+03
5.861400277942248067e+03
5.344521900090515373e+03
2.139271900353531692e+03
5.265461143101597372e+03
6.385524059382863925e+03
7.230466947654245814e+03
3.141480684668556023e+03
6.985030958635718889e+03
5.803130310606972671e+03
4.404634122384237344e+03
5.058844780046651977e+03
2.486883811239754323e+03
6.127564765643027386e+03
8.682528824262224589e+03
2.998955509298304605e+03
2.292060060990564125e+03
3.066635638663208283e+03
4.671515374468604932e+03
3.062538170126837940e+03
1.480155817059782066e+03
6.778246786631892064e+03
8.263633372637650609e+03
1.756848644542050579e+03
5.149045505816629884e+03
3.128737805177850078e+03
3.245753800339206464e+03
1.247317628523753774e+04
7.786488095253411302e+03
5.582797019582277244e+03
8.650224707581721304e+03
5.749055145591250039e+03
6.068654238104368233e+03
9.708443773568913457e+03
1.126426459420640822e+04
6.129039426375896255e+03
9.939094316580520172e+03
5.442850676893160198e+03
7.428049727397253264e+03
8.470871629560755537e+03
5.800989842615885209e+03
3.731390139762078888e+03
8.628861563234224377e+03
8.199076268740234809e+03
6.050422781730854695e+03
4.111511849952962621e+03
4.994079184836256900e+03
5.901404156831069486e+03
3.234198249042526186e+03
7.141128831885062027e+03
4.928058728269437779e+03
3.033204756806127079e+03
4.340456995436626130e+03
3.159496722163520644e+03
2.696035165846371456e+03
2.000841021338024120e+03
3.707392753078332589e+03
3.646220280932329842e+03
2.889247320345155003e+03
2.411651027191136563e+03
2.654542778765827734e+03
2.479862125644941443e+03
2.511107283922004626e+03
2.158863609512814037e+03
1.640881613705181508e+03
3.836843998334582921e+03
3.083141954212751898e+03
1.914804283291874299e+03
2.046253241064597887e+03
2.490747842169228988e+03
2.187064388453510219e+03
2.921359693644413710e+03
1.889680847812457159e+03
2.706633164141569523e+03
3.319552716158471412e+03
1.758412907654954779e+03
1.806625129720820041e+03
1.637580623304275377e+03
2.233503531360878696e+03
3.940262441574802779e+03
2.492957120578289050e+03
3.390037504957348574e+03
5.724723764940998080e+03
2.754255359931517432e+03
2.899448214348842612e+03
1.912225118967563731e+03
1.779455383627521996e+03
3.530914215444316142e+03
1.952912923043619912e+03
2.903154201001843830e+03
3.258508139148199007e+03
2.465128117554844721e+03
3.084272269120510828e+03
1.911656422364265154e+03
2.937789936380529070e+03
2.006913524314819597e+03
1.698158189244943514e+03
1.372699427196158467e+03
1.283544694147912651e+03
1.240180406788986829e+03
1.766108294466372854e+03
1.943407597498319319e+03
1.095221359815984897e+03
5.528696825281957899e+03
2.929504542605019196e+03
3.346540573468353614e+03
3.244147685351687414e+03
3.782732128521750838e+03
4.312161223207855073e+03
1.622317770373239455e+03
2.177220436660912583e+03
3.033989200806816825e+03
3.427796239880915437e+03
2.543049538332170869e+03
2.643472920576025444e+03
1.342962670807307859e+03
4.131104249848395739e+03
4.973336839551489902e+03
4.715448440005035081e+03
5.279726545757337590e+03
4.903440735274823055e+03
2.792019815477689008e+03
2.584416558217080819e+03
2.224761902887168162e+03
3.279379598880742378e+03
2.756876921164603573e+03
2.790040909753153301e+03
1.899140168239781360e+03
2.384556643459080988e+03
2.923355527741534388e+03
1.769600050520456989e+03
2.173773747660472054e+03
3.624302747157491922e+03
2.706884182718582451e+03
1.222594248994654436e+03
9.752105238174992792e+02
2.016031891255063783e+03
2.201889885497319483e+03
2.030213828479173571e+03
2.038686602692313500e+03
2.251363420308180594e+03
1.675148266315511137e+03
9.734960727511895584e+02
1.366531793206414477e+03
1.849575776432946441e+03
2.075335201704673182e+03
2.074932538407062566e+03
1.760266391363191588e+03
1.106968640481389002e+03
7.800602184612184828e+02
