1.299144949634816385e+03
2.014009405092378074e+03
1.126849353624607602e+03
1.568274021236005183e+03
1.557440129303674212e+03
1.776922066851347608e+03
1.953695036249409895e+03
1.573199354624912530e+03
9.757089403565731800e+02
8.357370356466288968e+02
1.431273708088247986e+03
3.119569710639558252e+03
2.455485915449725326e+03
2.535475316408339040e+03
1.993278405860209659e+03
1.656869532009625573e+03
1.980488298918808368e+03
1.911513912007392946e+03
8.470640204959548782e+02
1.573896965745683019e+03
1.194928800066293206e+03
1.012359352205761752e+03
1.142749859756948808e+03
1.898485603075302379e+03
3.576220395857671065e+03
3.690634898034647904e+03
3.595163818895351596e+03
3.854937791629576168e+03
7.508674466436363218e+03
3.511700759996873785e+03
2.194349080702126230e+03
2.372313776195938772e+03
1.223864104905049771e+03
1.269872298486785894e+03
1.688060255084215214e+03
2.471769922592472540e+03
3.438751935661362495e+03
2.623578434193304020e+03
2.191427673358100947e+03
1.677663912934435302e+03
1.504785370341637872e+03
1.737655380406432414e+03
1.692850257217996614e+03
1.559116867411796193e+03
3.862562326977636985e+03
4.841935551855523954e+03
4.454740109826539083e+03
7.592338857505719716e+03
7.373263865888807231e+03
7.256781175542086203e+03
4.048983805247092278e+03
4.866356506129866830e+03
2.712010888778479057e+03
1.340118140627804314e+04
7.251591271385381333e+03
3.711861249103701994e+03
4.210286004465142469e+03
8.672620154025553347e+03
3.509886364181331373e+03
5.199451481949601657e+03
1.161727496647701810e+04
6.026131765519601686e+03
8.793949675207395558e+03
1.159925092141420828e+04
9.740778549550223033e+03
1.003175640099062730e+04
1.332523000246258198e+04
9.049962216728648855e+03
6.191042148157749580e+03
9.950875352197273969e+03
7.267261545362733159e+03
4.260246514131578806e+03
4.004290280341832386e+03
4.396022442561207754e+03
4.740138795756508443e+03
6.475412627285424605e+03
3.366397894405831266e+03
2.414967000491507861e+03
5.152581728046676290e+03
4.880637080926620001e+03
3.814330827509669234e+03
4.673751433838378034e+03
8.560995098621007855e+03
5.700979189549367220e+03
9.708126000655824100e+03
7.457954577988077290e+03
5.566637855650985330e+03
9.809534948717267980e+03
1.072567943792881852e+04
7.421846969492833523e+03
6.131571181673653882e+03
5.732582458790234341e+03
1.307556354737948459e+04
8.030290127830569872e+03
6.266815427384271970e+03
4.088878570356505861e+03
5.825341288407365028e+03
7.315539765599819475e+03
1.036519138342830229e+04
5.147910413360262282e+03
8.166200033600425741e+03
4.487667356161810858e+03
4.812748912319644660e+03
3.726558962509195226e+03
3.411166952724263410e+03
3.732170803279170741e+03
2.538049595618041621e+03
2.423925230301194460e+03
2.559015568690312648e+03
3.981943996589634025e+03
9.333368746080084748e+03
5.127331662380491252e+03
7.614944442914435967e+03
6.797438729416875503e+03
1.084385753229802685e+04
8.857934368411246396e+03
7.524774338494009498e+03
1.252373684609692828e+04
9.547509036644163643e+03
7.880435462487327641e+03
5.416805888957828756e+03
4.092850569879029536e+03
6.787472402970448456e+03
4.194303216841110952e+03
9.224537843642227017e+03
6.814483168301547266e+03
4.854819170794502497e+03
5.613140042695162265e+03
4.668797470378215621e+03
2.896729189621525165e+03
1.368601714299256673e+04
6.441099711293718428e+03
3.737499252810025155e+03
6.049116325347476959e+03
4.450633032105768507e+03
2.930683442994296911e+03
3.932590113155068593e+03
3.145120995838939052e+03
3.251520721421557482e+03
8.778362440054590479e+03
4.061706500127796062e+03
7.778485321930313148e+03
4.427683489023171205e+03
8.606294736766096321e+03
2.358464762409103059e+03
7.403201951562022259e+03
6.086984641176313744e+03
9.437836661728197214e+03
3.478479900124918913e+03
7.723811772146002113e+03
6.404446530925817569e+03
4.470371417759445649e+03
1.126357769530377664e+04
6.031776201653413409e+03
8.990207483833430160e+03
1.050485119776859210e+04
1.118975253715720100e+04
4.468517908324059135e+03
7.306004075645924786e+03
3.698454814586314569e+03
4.430214044799320618e+03
5.348407308002794707e+03
4.943820181721780500e+03
4.162619487529677826e+03
4.393266859491676769e+03
3.412062203567187680e+03
2.707290733353775977e+03
1.560728796843945020e+03
3.208448219369349317e+03
3.898688411881058073e+03
1.123671195569274278e+04
6.564178470302281312e+03
1.000910022160018343e+04
4.366127195909303737e+03
7.950317991254362823e+03
1.277052366226529011e+04
2.294077654799418269e+03
4.833886513132065375e+03
6.257311270065638382e+03
4.209536576262820745e+03
4.076167530647059266e+03
3.941821312004958600e+03
3.797504001095396688e+03
2.611803185612412562e+03
3.179269540649234386e+03
3.733376618980738385e+03
5.172110540336813756e+03
4.706279942609024147e+03
8.354560753007714084e+03
6.607860983884428606e+03
1.075342906176273573e+04
4.278379128450879762e+03
3.241814618878217516e+03
1.235707128980533707e+04
4.784904435863162689e+03
6.268562149402874638e+03
5.757508419291749306e+03
4.072068821289711650e+03
3.519358716925153203e+03
3.695176008400372211e+03
3.633870490075204543e+03
4.097594548025092990e+03
1.784154959309464630e+03
1.282955453075472860e+03
3.372518815753104263e+03
8.087739119163150463e+03
7.941556998922738785e+03
4.040907644411734054e+03
9.455266931299098360e+03
1.558961155271693315e+04
5.196704345083612679e+03
3.217633411600302225e+03
3.172469812018277480e+03
1.841459239921098742e+03
1.587478245600095306e+03
1.134057313569615189e+03
1.192114603931059719e+03
6.662292398441338264e+03
1.219899175665710936e+04
1.362477611234974938e+04
9.489199056364454009e+03
5.858543768150992037e+03
9.641209615033159935e+03
5.560508617922263511e+03
6.864414939086039340e+03
4.824189284798792869e+03
5.886617896871222911e+03
5.605472849813644643e+03
1.288461249384051007e+04
3.716646228138484730e+03
8.563302048126410227e+03
6.891863620432785865e+03
4.704034787036473062e+03
3.187562890187835819e+03
3.322501913309785323e+03
2.041165880941497790e+03
1.235262197043889046e+03
1.610479324554740288e+03
1.462361723007464889e+03
1.550601592625699823e+03
2.163702232741272383e+03
1.810637436600413366e+03
1.353871232253402241e+03
1.448225935149434918e+03
1.284301389707708722e+03
1.909735563948421031e+03
1.372895860429911863e+03
2.185182981674582152e+03
1.387885488753004211e+03
1.364467332016376531e+03
1.286554864375055104e+03
1.460264116397659109e+03
1.851985416376709509e+03
1.628139885301748109e+03
1.789637727947803569e+03
2.584352377375814740e+03
1.348136872532076950e+03
1.885455063425686149e+03
3.410065106687301522e+03
1.918843512220119692e+03
2.794049089996390194e+03
2.695880124118076765e+03
2.642153955209146716e+03
2.363974064502850524e+03
4.852163371976343115e+03
3.824222002775800320e+03
5.176003624097121246e+03
3.251844511423735639e+03
4.188551983046611895e+03
3.276695074366028621e+03
3.313521114619994933e+03
3.577046117368097839e+03
1.170232393839677798e+03
1.579216010947968016e+03
2.298432347081524767e+03
1.461320394580201537e+03
1.205914099789335069e+03
2.290476037970649031e+03
4.757350088322609736e+03
2.462020132496652423e+03
1.346259446161304822e+03
1.244176753854270146e+03
2.654150177214227824e+03
2.314940081129190276e+03
7.914831829135320049e+02
3.836458024644915895e+03
1.619395202409888043e+03
3.152157660861758814e+03
2.304023780718115631e+03
2.137010079745530220e+03
2.100202368705112804e+03
1.552452207668083020e+03
1.800350813248986924e+03
1.746871159636384391e+03
2.815460801315016397e+03
2.255380275154684114e+03
1.857431447339286024e+03
1.638620505634195069e+03
1.597219640515181027e+03
2.270739464573733585e+03
1.455010218125573374e+03
1.863450786070924323e+03
9.803254534600995385e+02
2.486815262451443687e+03
1.680853211560694945e+03
1.772903190648986310e+03
1.476284038540421079e+03
1.400087469512386406e+03
1.333485845540110631e+03
9.716641713882144131e+02
1.956947309353171931e+03
1.362295327604084605e+03
1.532687136966360868e+03
1.636462696216229006e+03
1.923771847954332998e+03
1.235130678908757545e+03
9.767192559842872015e+02
1.228131827054769246e+03
1.646578676990278836e+03
1.185942406717651693e+03
1.341139354267885210e+03
1.919628246175488812e+03
2.663049599160883190e+03
1.115040877228874706e+03
2.875933767952831204e+03
