1.299144949634816385e+03
2.259603302598656228e+03
9.540889325397000675e+02
2.974043273859228975e+03
2.433712584785827858e+03
5.034613427336677887e+03
4.798660010924166272e+03
7.109561282044658583e+03
4.621113515747053498e+03
6.231016200965970711e+03
7.312687286361760926e+03
6.967372617181090391e+03
3.191045156793940350e+03
2.556278939032430571e+03
9.862689264946771800e+03
1.014863638407237886e+04
9.221126301502677961e+03
4.522488679912444240e+03
2.798031709526351733e+03
3.959994364484561174e+03
4.247419175033289321e+03
3.762702663665333148e+03
2.551560248670446981e+03
6.526517049408296771e+03
7.900584021971307266e+03
3.101113773416805088e+03
3.140756386589487192e+03
6.337770428275684026e+03
1.656082434221357062e+03
3.503714742241578278e+03
3.281479419004657302e+03
4.357621878537114753e+03
2.898934459169227011e+03
3.768095057492871092e+03
5.825807239813491833e+03
4.730340626491425610e+03
3.423349579530732626e+03
6.686376660455435740e+03
4.526342706520944375e+03
5.490754254621930158e+03
4.623224319461095547e+03
2.469057675593941894e+03
2.763820231339439033e+03
2.846587683306608596e+03
2.936175346256192825e+03
4.454476271572992118e+03
3.101612320251419987e+03
3.891484202936441307e+03
4.818422027733590767e+03
5.487525197199798640e+03
4.115135651007783054e+03
3.551813818399015418e+03
1.836599243819607182e+03
3.280795157347932673e+03
3.204917079893757546e+03
1.260275210193083922e+03
1.844760012740384354e+03
1.859658447078504196e+03
1.833796200479761410e+03
1.037019998404046191e+03
1.663539812117766360e+03
1.703035296850382110e+03
1.952388474030351063e+03
2.146990340259809727e+03
1.821055039892301693e+03
3.986386472809190309e+03
1.076241958243738191e+04
9.131990082906950192e+03
6.008684443814793667e+03
4.546843557155562848e+03
8.903253779628908887e+03
3.966093965421325720e+03
4.654762090707142306e+03
3.029223420835677643e+03
5.841712997369610093e+03
4.750487882289407025e+03
3.089476379074039869e+03
9.277235363565881926e+03
1.099979402101444612e+04
7.959097504172605113e+03
9.030870302532917776e+03
7.315400083224684749e+03
1.191477368143690182e+04
1.370292333820201748e+04
8.600811441229567208e+03
3.661184907085612394e+03
1.051854493527739578e+04
7.931402267949035377e+03
1.482798088650855971e+04
4.739102923054605526e+03
2.399457208100083790e+03
1.172430337637882621e+04
7.168338575972938997e+03
6.414945444925501761e+03
2.702651892037054949e+03
2.803181550200224592e+03
1.058839115038293858e+04
7.889481708130098923e+03
2.737949371926678396e+03
1.006747248470864179e+04
1.378613467790456343e+04
5.534684146531172701e+03
4.813351888276414684e+03
5.391679953638096777e+03
1.129572985318546307e+04
1.006348959991623997e+04
6.552668331777662388e+03
5.128064386958037176e+03
6.213734249922049457e+03
3.866530822426624127e+03
8.872542737092851894e+03
9.200973816067713415e+03
3.779952068445138138e+03
6.200347389152193500e+03
4.909284005064781013e+03
1.151544789849785047e+04
8.387772442967516326e+03
6.363495277466147854e+03
5.804424120582829346e+03
1.281852308070730396e+04
7.325113267343229381e+03
8.916857398798270879e+03
7.309492985323226094e+03
7.038796912568159314e+03
7.998127632095798617e+03
7.825596948070372491e+03
5.901005387093316131e+03
1.075059682198474911e+04
4.775548345671046263e+03
8.605967104535811814e+03
6.947998214677859323e+03
9.659685919590378035e+03
7.466571811724654253e+03
5.726650977816512750e+03
7.073700350004054599e+03
4.734066519206543489e+03
7.110589670414824468e+03
9.142976362004099428e+03
8.506676841856786268e+03
8.721690580410268012e+03
6.015642503560105979e+03
8.609814224119218125e+03
6.489211699748877436e+03
3.598640326568446653e+03
7.217075840660945687e+03
4.621792232418722051e+03
9.072595119934700051e+03
7.802899166663201868e+03
6.587491371899327532e+03
1.112081532459958362e+04
2.943480384257072728e+03
7.504664065237295290e+03
4.771571091057958256e+03
4.114667805549739569e+03
4.358214597694564873e+03
7.717543579054257862e+03
3.668742725651844466e+03
7.144353363789715331e+03
5.342360594874068738e+03
5.645727419332767568e+03
1.911846621523596923e+03
5.540312443172596431e+03
1.238912333585401711e+03
1.981497370252382552e+03
1.463168981895200659e+03
2.023312791572263450e+03
3.692678517108984124e+03
3.424854864203951820e+03
4.245006405670361346e+03
6.813737121509478129e+03
8.607517572639439095e+03
8.056017923358986991e+03
1.058314582041999893e+04
6.402546785381253358e+03
6.399634035452317221e+03
3.082089565776139352e+03
6.658799055077082812e+03
2.724279762990194740e+03
3.163292785700638433e+03
6.808522139648849588e+03
2.558888906536657487e+03
2.146721651064755861e+03
4.571329543509267751e+03
5.487747020101058297e+03
8.451488477340863028e+03
4.901640590867399624e+03
8.206786667697835583e+03
5.324071864154920149e+03
9.836014037969496712e+03
6.069487508993137453e+03
3.450970227074420563e+03
6.584500672361717989e+03
9.140080451867077500e+03
3.509774074193178876e+03
6.430627619881563987e+03
4.431059411765929326e+03
1.033092892096760988e+04
7.684691182319262225e+03
4.321424468512429485e+03
5.481381679461990643e+03
7.931974599878956724e+03
8.798531592181987435e+03
7.421616689507917727e+03
6.920080743919197630e+03
9.919922308018067270e+03
2.775886265719915627e+03
2.723550806452421511e+03
1.926215053891592106e+03
1.990977520105540634e+03
3.498716589402841237e+03
1.173987427547527477e+04
5.859723945333053052e+03
5.440578255884276587e+03
1.216013014933230625e+04
8.055481911614613637e+03
3.455250347456686995e+03
8.045938732845988852e+03
9.029571494941201308e+03
1.251132874985708258e+04
1.182689469036921582e+04
1.370587393501767838e+04
8.950633393963636991e+03
5.972369641122174471e+03
6.590520890327677989e+03
6.746757441172657309e+03
4.229929329956820766e+03
4.030341177499240075e+03
3.691728816254069443e+03
9.242922767557925908e+03
4.234611450212093587e+03
3.440866563903426140e+03
3.419076899745134597e+03
5.084666441193440733e+03
2.362912133847287805e+03
2.446063411339789582e+03
2.880778002165813632e+03
3.037171031400946504e+03
6.017739010496362425e+03
4.489920489790005377e+03
2.759824196779962676e+03
2.916758267485724900e+03
5.015061356748359685e+03
3.085930595900355456e+03
4.275043552082267524e+03
5.895900889624638694e+03
8.730537803293596880e+03
5.485489396389370086e+03
4.325282768745410976e+03
9.745337968327474300e+03
5.148918028783923546e+03
5.355379976305021046e+03
5.363569442501845515e+03
4.440420850087743020e+03
6.202147743180843463e+03
5.364083931458967527e+03
7.298062022941418036e+03
4.999552875570420838e+03
6.895745118234944130e+03
1.007371159243972943e+04
5.759054003955739063e+03
6.029129307041146603e+03
4.914441174883488202e+03
9.695242912698391592e+03
6.829133977004178632e+03
5.810541932907478440e+03
3.520411179115485538e+03
1.271616789400296148e+04
4.600344332221920922e+03
3.830954442761601968e+03
4.302977460093350601e+03
1.310401007098761511e+04
1.234781332438577010e+04
8.041130301645584041e+03
4.245141269852335427e+03
4.639731661811849335e+03
3.040122737040922402e+03
3.436517072820613521e+03
3.837431630562297869e+03
5.122866788435282615e+03
4.256591457270432329e+03
7.132841971937809831e+03
8.569166009129106897e+03
4.631486233849896962e+03
4.890623028911077199e+03
8.927474324997137956e+03
8.279521070955983305e+03
7.125527897964903786e+03
6.182338520621218777e+03
3.651966443101862296e+03
3.986297535538069951e+03
8.810614042207784223e+03
6.482804361194635931e+03
4.585643118427718946e+03
3.067813890753093801e+03
8.926121400850808641e+03
3.142993929580653003e+03
4.599453627596851220e+03
6.792956320083164428e+03
6.968997298878291076e+03
6.641771761716228866e+03
6.905553097865405107e+03
6.773283542370416399e+03
9.847104613958184927e+03
7.275720374427442039e+03
7.954677649668194135e+03
5.287736594392502411e+03
6.536270302932909544e+03
5.090061894598474282e+03
6.906128011152798535e+03
4.166034600102039803e+03
4.878551672841790605e+03
7.581746899052401204e+03
9.760452075091798179e+03
7.297677039979450456e+03
5.594357099020801797e+03
6.632181128001842808e+03
2.236766720158561384e+03
7.709736538499320886e+03
2.316002868828154533e+03
5.454277945181471296e+03
1.834927825666160970e+03
2.640653578244395703e+03
3.960711188709090493e+03
6.373801099927603900e+03
6.508520302071285187e+03
9.958779573293848443e+03
1.080141261413462234e+04
7.582515320825995332e+03
8.863569911510643578e+03
1.109168057305755428e+04
5.601271430002086163e+03
6.778202003748556308e+03
5.965930836010209532e+03
5.856505528685700483e+03
3.564309235193011773e+03
8.618544648648748989e+03
9.188462275311096164e+03
5.709819845794930188e+03
5.273719197778417765e+03
3.541025297655040049e+03
6.087955436708613888e+03
1.007136425165130095e+04
7.051401965418650434e+03
4.878710299739744187e+03
7.077517523267325487e+03
3.017348934064184959e+03
4.704601992544832683e+03
4.220930097201445278e+03
2.041468226080701015e+03
3.009528133528885064e+03
2.227770216018603605e+03
7.889561906295177323e+03
8.071474482088944569e+03
3.320070434645764180e+03
8.557782480071460668e+03
8.235708579483361973e+03
3.085653380042884692e+03
1.062265388632066242e+04
6.618006400141895028e+03
3.950130302727546677e+03
2.918437881990525966e+03
6.945773826492602893e+03
7.678839038320763393e+03
2.710744028596192493e+03
3.458754876477743892e+03
1.824021644178787028e+03
1.566590474231868257e+03
5.450559467923698321e+03
7.507775471447291238e+03
4.416530436072848715e+03
4.364486299937995682e+03
6.792551040048747382e+03
7.298032094353543471e+03
9.418228580115039222e+03
5.863510484938027730e+03
6.828659498585391702e+03
7.054070244625076157e+03
7.882301966999236356e+03
5.406378875554904880e+03
4.560199796079258704e+03
4.910518533075921368e+03
4.656813336137128317e+03
6.978508490418570545e+03
8.559684293546413755e+03
8.227524528134437787e+03
8.151007512757878430e+03
5.263411048737763849e+03
6.453857799539747248e+03
5.704820552656502514e+03
1.074363504189001287e+04
5.651475150488957297e+03
7.360377747659129454e+03
1.012837640392280082e+04
1.059343387552469176e+04
7.410157731178024733e+03
3.021345610228476744e+03
1.328628542690787617e+04
9.217826758737184718e+03
6.881916384525759895e+03
5.265261017427955267e+03
7.877232089180099138e+03
5.389987542931442476e+03
4.198134443060168451e+03
6.866833646959496946e+03
1.044624748737736445e+04
4.926171905262581276e+03
1.059534456849618255e+04
1.093615849383852947e+04
7.474811116814070374e+03
1.220579466822164795e+04
7.228097861442053727e+03
8.959342649971746141e+03
6.694215546294364685e+03
6.288149998229649100e+03
5.656471183495486002e+03
6.205519179833826456e+03
3.831029670733579223e+03
5.581692129536686480e+03
6.237650969719758905e+03
3.649427416026744140e+03
4.981058076986699234e+03
1.831099191596845685e+03
2.528188597516009395e+03
2.917646786230888210e+03
1.890490654446250119e+03
1.117590623442199285e+04
8.747411898257161738e+03
4.082508596905323884e+03
1.755170500553043894e+03
6.437466574179808958e+03
4.093693434672768944e+03
2.771311940553279328e+03
3.840046627372032162e+03
5.635776445243111993e+03
6.975914611880415578e+03
6.623129792730652298e+03
7.206850982164139168e+03
3.361247809576262625e+03
4.456216359120923698e+03
7.725615784760600945e+03
5.689388430997864816e+03
1.139301497686536459e+04
9.437150413529065190e+03
3.293347795162860621e+03
7.877952384589641952e+03
2.069156971384661574e+03
1.150882018428992706e+04
9.329262947592002092e+03
7.209788944234929659e+03
8.138411377996477313e+03
6.169939264672740137e+03
8.104827284963129387e+03
3.469311291682397950e+03
2.020116569714885600e+03
7.983224444439530998e+03
4.641180209142004060e+03
5.028507458580818820e+03
2.065180871443288197e+03
5.991900069739778701e+03
2.854809836381923105e+03
2.360854566441048064e+03
3.218056113155153525e+03
3.191857245403642992e+03
2.124448982839835480e+03
2.345472120660377186e+03
1.355673161433041514e+03
1.963402468509244045e+03
1.541135347694388201e+03
8.290646670303501651e+02
1.260883707233304222e+03
1.182156168614439594e+03
1.553951951485176778e+03
9.692905036067893434e+02
2.169308044369580784e+03
9.209241226908326325e+02
1.072493852153613489e+03
1.002896351537481792e+03
1.780314534160178255e+03
1.283038792516627382e+03
7.667707236475141599e+02
9.570389503967419387e+02
1.413173845460391021e+03
9.841684660158134648e+02
1.848550277775195582e+03
2.720254902730637696e+03
1.093733731752296990e+03
2.511891666315924340e+03
1.106358083749017169e+03
9.869656126569354910e+02
1.200007354002266311e+03
1.776045989986778523e+03
1.261812682391203452e+03
1.764989638198747798e+03
1.756839185648953617e+03
3.709838867651178134e+03
1.244986128934253657e+03
2.317918391833351052e+03
1.087103902234927546e+03
1.375764688122486632e+03
1.288359351101783204e+03
1.837861878180563053e+03
2.137285955715426553e+03
1.573646345544516180e+03
1.047567679185992574e+03
2.708304561914292208e+03
3.935901919867441393e+03
1.202017304809852249e+03
1.095899418199263209e+03
1.948106861087737116e+03
1.061993122974617336e+03
1.195986930237027536e+03
1.950982870021884310e+03
1.800309542235926301e+03
1.303687025373641745e+03
1.554710885497859408e+03
7.015065170564982964e+02
1.031489683594424150e+03
1.360602413957557019e+03
2.238377615811738451e+03
1.340632486983498893e+03
1.450568564347167012e+03
2.322078305763187018e+03
6.153124583028448797e+03
2.458024543755398554e+03
1.213044185944726451e+03
2.578387384589580961e+03
1.052358579018542287e+03
1.487761265150843883e+03
2.050960391269958563e+03
2.045432465072609375e+03
2.868407170628104723e+03
1.687068508927142602e+03
2.578335973156141790e+03
1.342182730766669920e+03
2.382500676925085827e+03
3.585643417105656681e+03
1.851841300685685155e+03
1.212875447344923259e+03
1.204220244409172210e+03
1.854514099176875789e+03
1.384294958316124394e+03
1.331004461112460376e+03
1.163583646337066966e+03
1.724342944667387883e+03
2.041620733036312004e+03
1.583628284847947043e+03
3.842692298494976058e+03
1.280358527586980017e+03
1.274691927991395232e+03
1.601199990223896293e+03
9.664301552719522306e+02
1.071111684684490911e+03
8.601030243686662971e+02
