1.299144949634816385e+03
1.299144949634816385e+03
8.025210810000845640e+02
6.568176328561461332e+02
2.148389148918978663e+03
1.446395548252051867e+03
2.044048920124555252e+03
2.820242908239069493e+03
2.787414301828438965e+03
2.421327290567344335e+03
4.899504464183760319e+03
2.203380737005190895e+03
2.073986144351898474e+03
1.981946316918528964e+03
1.516518309734216473e+03
1.700647491944962894e+03
1.529149514801377336e+03
1.575870011473760087e+03
1.185420885483588336e+03
1.652558377889597750e+03
1.135586389058992609e+03
2.081190996975927192e+03
1.769314942873085556e+03
1.073998368901210824e+03
1.524004991839824243e+03
1.445558453658243934e+03
3.178997022958409616e+03
2.483929770249330431e+03
1.750168295062188690e+03
1.398573718951662386e+03
1.440307002675489912e+03
1.677382459565244972e+03
1.347885819670008459e+03
1.136344979567860946e+03
4.514690207212209316e+03
2.382150601226331219e+03
2.792926174889076265e+03
1.734082227221303128e+03
3.012532438060468849e+03
1.288662397614018118e+03
2.016234996522868641e+03
2.000427103832256762e+03
2.333795752642206480e+03
4.272709496869111717e+03
6.651655867631812725e+03
1.220544881912915298e+04
8.215647523035226186e+03
1.720715367016501432e+03
1.689278900834675824e+03
5.161828443041834362e+03
3.501906052765763434e+03
2.816026504225735152e+03
9.283826555945786822e+03
5.010922407105343154e+03
4.582040350575631237e+03
5.049320773366683170e+03
5.570080601349250173e+03
5.615385378420432971e+03
8.599150179915945046e+03
1.208373801214353443e+04
5.978774743428546572e+03
2.589509270738768919e+03
3.560201065003217082e+03
5.484219683329006330e+03
5.707538747063941628e+03
2.874846588900766164e+03
4.495817380581817815e+03
2.507993514359672645e+03
3.572717593138375832e+03
3.895473427939397880e+03
2.758114541081477000e+03
1.666697821631474881e+03
2.930829291689451111e+03
8.157723040405950997e+03
6.640464013968404288e+03
8.115395221234168275e+03
6.678542771562590133e+03
6.638823763635122305e+03
3.295223655518632313e+03
3.687303960737491252e+03
5.079870536952651491e+03
2.731426458413934597e+03
4.229293555497341004e+03
5.068143827816792509e+03
3.640069116490041779e+03
3.248069247851312866e+03
3.606487738652914231e+03
3.248174297482425573e+03
3.942015357968456556e+03
3.734649695202564089e+03
3.390532933860398771e+03
3.562355741270595900e+03
2.865569294726616135e+03
3.735946505752112898e+03
4.035341551104337213e+03
2.457736666312260240e+03
2.853742620317770616e+03
6.940053943782200804e+03
4.492703618075100167e+03
5.086842243466344371e+03
3.566270557255014864e+03
3.033458298882953841e+03
7.939442013152478467e+03
3.215376238976842615e+03
4.383789400743254191e+03
5.175211440095708895e+03
5.140369352479252484e+03
4.777712464589906631e+03
2.497914674367524640e+03
6.235086226081602035e+03
8.524506290641298619e+03
1.026049075547677057e+04
6.791530359175597368e+03
3.657816068799278582e+03
3.882755028434596625e+03
7.437617103419455816e+03
1.359931545283072774e+04
1.055969886886966742e+04
6.116956308933701621e+03
8.915383869486038748e+03
2.525033497085985800e+03
5.133737127289452474e+03
4.485805660818062279e+03
4.194681636575777702e+03
5.469984165421061334e+03
6.410927915451487934e+03
5.804882871783714108e+03
6.902858352598998863e+03
9.480089892785064876e+03
1.233397106055017866e+04
5.993767494420596449e+03
6.883120984102347393e+03
4.539556151354218855e+03
4.535316224833676642e+03
6.520275379722897924e+03
7.076203039336485745e+03
6.970808818432946282e+03
8.865313537778427417e+03
6.255057612017555584e+03
1.224736123486005818e+04
8.672508484419877277e+03
7.094226632761175097e+03
5.709804772909850726e+03
4.259889417891375160e+03
5.853714138156463378e+03
1.013356193022403022e+04
5.857044712082980368e+03
5.106910046198701821e+03
5.505680470658167906e+03
3.403995559948146820e+03
7.582396760900051959e+03
4.098929479808604810e+03
4.539585545180604640e+03
3.233858203468952524e+03
2.744984154389468131e+03
6.415044619206430980e+03
5.760618006249799691e+03
3.075390110716881281e+03
5.349010005054980866e+03
6.752032506916725652e+03
4.570983727166371864e+03
7.965611679933394953e+03
6.661652743153149459e+03
3.829470622904911124e+03
4.222930204784530360e+03
5.875753172964516125e+03
4.805338693927558779e+03
6.731713798505397790e+03
5.818433209203854858e+03
3.359445000688574055e+03
8.802952067533986337e+03
5.594022907736131856e+03
3.269846250693521142e+03
1.478629327739034670e+04
3.771314542018809334e+03
1.647915013767754135e+04
4.420175834898086578e+03
4.312851058531052331e+03
6.797825035429187665e+03
4.707125580537845963e+03
9.083404364202764555e+03
5.821843978357378546e+03
8.843836237634946883e+03
9.022123288821499955e+03
5.281587484018161376e+03
9.380214728928358454e+03
5.458725726551499974e+03
6.086406271436417228e+03
5.146323264175601253e+03
4.185486410706332208e+03
1.940389780005903276e+03
1.773063272434915689e+03
1.692625403922005717e+03
1.371280632559426749e+03
1.373489643988944181e+03
2.530635580394743556e+03
2.835225539895673592e+03
2.340440036698876156e+03
2.609883412204602791e+03
2.862968390874180841e+03
4.238180237206011043e+03
9.300703680337843252e+03
5.906278114226056459e+03
9.186927689854886921e+03
5.240318068843176661e+03
7.342702326593139333e+03
1.127287001873423287e+04
8.700102554798340861e+03
4.122405260540724157e+03
4.955752861092026251e+03
2.909814611938542839e+03
2.197564220022261907e+03
2.171723110969900972e+03
1.527778155887601315e+03
2.112044072656292428e+03
1.240940308618581412e+03
2.082798465211057191e+03
2.431859263964650381e+03
1.928847415193704819e+03
2.146757885273493230e+03
1.932056327671067720e+03
1.431536860274319679e+03
1.588915630104731008e+03
1.755264288085953012e+03
2.062301988274060022e+03
2.060818873415044436e+03
1.475605978461396489e+03
2.221584479174149692e+03
1.923446185739766406e+03
2.294871190681300959e+03
1.141347682280674690e+03
1.241988602757397985e+03
1.439884371169800261e+03
9.990170708534167261e+02
9.917192776263945007e+02
1.412575107397143483e+03
1.558405900347032230e+03
1.082839529252356670e+03
1.734278713273045696e+03
2.203442915701871243e+03
3.647946150729034798e+03
8.914320365990312212e+02
9.972930348933314235e+02
4.532835274183113370e+02
2.757624971449205532e+03
1.402194585975258178e+03
1.613985854674844404e+03
2.056865919498086896e+03
1.342063617450952506e+03
1.228341641359398409e+03
8.846819343458103049e+02
7.762395055601823515e+02
2.161559272108379446e+03
2.314123428646576031e+03
8.953780282810239441e+02
1.183396984934399825e+03
2.624921143568863044e+03
2.485240621593660762e+03
1.703838388721890169e+03
1.949995760875309315e+03
1.295663785630851407e+03
2.770898425437756032e+03
1.638130087486209050e+03
1.965611751983586601e+03
1.245309792033135864e+03
2.661762726759809084e+03
1.335764800555990860e+03
1.122325923473281136e+03
1.539314245169226069e+03
1.188132608654581190e+03
1.245172145119797506e+03
4.281463304706525378e+03
3.172576472036404084e+03
1.241622584997015792e+03
1.302522155195868436e+03
1.145371829059376751e+03
1.434265262204751025e+03
3.160527883813327662e+03
3.478206134562628904e+03
3.699330681506573910e+03
2.793523264552143246e+03
4.454314380551020804e+03
3.253705360697405922e+03
4.206724565946559778e+03
3.229742756720572743e+03
2.198254653223698369e+03
2.040580612308289119e+03
3.104849077741804194e+03
3.117268571031524061e+03
3.754616097728350269e+03
3.866270538746980947e+03
2.720163779716824138e+03
2.253863295096127331e+03
2.489544383819330051e+03
3.208710390961668054e+03
2.013482696544249393e+03
1.816646445730990990e+03
1.794096116530709878e+03
2.393219495570646359e+03
1.306492933047715724e+03
2.256288819894164590e+03
1.648206848439535861e+03
2.304241649437783053e+03
2.812718970476347295e+03
1.427435602053506500e+03
1.081994098893472938e+03
2.045914663660093083e+03
2.686391745250493386e+03
1.035079127619860628e+03
2.120896872999257539e+03
3.235085625135046030e+03
1.755792250137465999e+03
1.143797002886111841e+03
1.568034350057644133e+03
9.571819863730906945e+02
1.357642052651649919e+03
1.316128909354174993e+03
1.867691886841296082e+03
9.821453636053246328e+02
9.632650578238992694e+02
1.465788444277843155e+03
