1.274626287795547796e+03
8.621491804451129610e+02
8.823871698970244779e+02
9.415799207813306566e+02
1.406873083882124320e+03
1.286536752684046633e+03
1.433318351414050539e+03
1.129598242361434359e+03
1.002179154260948962e+03
1.065335200540213691e+03
8.240057764680020682e+02
7.088212013612472902e+02
1.042134176677123833e+03
9.085955565282681619e+02
6.734451982929062979e+02
1.501638709757304696e+03
1.151478824431052089e+03
7.645030790476355378e+02
5.782648062278161660e+02
7.880749053137384408e+02
6.873242376952065342e+02
1.142903065517954474e+03
1.138615605819642496e+03
9.624089271753792900e+02
1.749754554871039772e+03
6.959407180848138523e+02
2.615614956502133737e+03
3.243934431893971123e+03
3.096023608360651906e+03
2.647213164004823284e+03
2.596692554938257672e+03
1.702467368582724248e+03
2.752804123412192894e+03
3.354946945337454963e+03
4.019403412788147307e+03
2.982202436225028123e+03
4.321726823324237557e+03
3.486239317597928220e+03
2.787042754881361361e+03
2.368211677008169318e+03
3.006481151299497469e+03
2.681213855591485753e+03
2.057406479778762332e+03
1.767078367418271682e+03
1.378827381971578916e+03
1.087388056320718761e+03
1.173018788427944628e+03
1.433746316923461336e+03
1.624654620243982890e+03
1.751364334676860835e+03
1.748880522030617158e+03
2.254464990517479237e+03
9.252072771579904611e+02
1.223428751247316768e+03
1.218442397880123053e+03
1.385866318907823143e+03
1.825173555520414993e+03
1.359641904774657860e+03
1.869431448991528896e+03
2.419929642104883442e+03
2.292424870880258823e+03
2.120431692603219744e+03
2.088936588240135734e+03
1.755257784761540961e+03
1.567895246180505410e+03
2.109273176929765668e+03
1.649860309509564559e+03
2.043497733545890014e+03
2.633692454480713877e+03
3.216334053661604230e+03
3.567971478660138928e+03
3.589117262738884619e+03
3.354027299147649956e+03
3.836398551186905024e+03
5.338590836149727693e+03
4.656332997069569501e+03
4.883302295378352937e+03
4.597180836888354861e+03
3.949367861182874549e+03
3.386323478778606386e+03
3.381908884550892253e+03
3.302573688232720997e+03
2.299518289542902039e+03
1.730617972756423114e+03
2.177916267297541708e+03
2.673869282850025684e+03
2.560788412563788825e+03
2.400916436600145062e+03
1.661977584997576969e+03
1.855512146798181220e+03
1.727583395424636137e+03
8.766344485694168043e+02
1.912724812289731517e+03
1.733454094774031319e+03
3.598297171985648220e+03
4.183111709576862268e+03
4.119326004517992260e+03
4.048058895265324736e+03
4.308678796329929355e+03
3.713717125584885252e+03
3.550266406034164447e+03
4.005043790336770144e+03
3.983647190349380253e+03
4.058448754351754815e+03
4.120625305122504869e+03
3.673565211718674163e+03
3.490219711142501183e+03
3.185713834501465499e+03
2.804696438734082221e+03
1.672386045370755483e+03
2.414126043306469455e+03
1.596734801432087352e+03
3.003598608836248786e+03
2.749550233991645200e+03
2.304943965229173045e+03
2.423208933641008116e+03
3.006358289265184794e+03
2.210116479682572390e+03
3.439946097770714914e+03
2.989565569429027164e+03
3.293748766499115845e+03
1.735798873723415454e+03
2.109538311652798257e+03
2.588300031312772717e+03
2.511092637393516725e+03
2.101643679803532450e+03
1.016348776254981658e+03
9.385228978739365857e+02
1.788969548463775027e+03
1.593854048778569677e+03
1.207330303597685997e+03
1.142891703933826875e+03
1.396951846580869642e+03
1.922302531993015236e+03
1.607025917617714640e+03
1.139152843970905678e+03
1.792714767388142718e+03
2.377840988433697021e+03
3.154956285291414588e+03
3.209229508620188881e+03
3.262554609751085991e+03
2.865356910873272682e+03
1.711904007324628083e+03
2.652903998359675370e+03
2.418931300694358015e+03
3.154049393898445942e+03
3.579945915341688305e+03
3.498633721774689093e+03
2.027615517036953861e+03
5.919100130587127751e+03
5.250333240320283039e+03
3.295034623492812443e+03
3.771420306485570563e+03
4.889162470282655704e+03
5.447037867077089686e+03
3.287418544936233957e+03
5.005336235104463412e+03
3.500556666450635475e+03
3.685251689197637006e+03
2.560211659003384739e+03
3.737875153918840169e+03
3.481276583440801005e+03
3.418143513588498081e+03
3.206091070421987752e+03
3.059783679744097299e+03
3.482193995239835203e+03
3.192005704077281280e+03
3.302343984087149238e+03
1.882834502489717124e+03
1.358428479095297462e+03
2.024306335998504210e+03
1.217104721766301509e+03
1.488949573738983645e+03
1.625314910591738226e+03
2.232899031270278556e+03
1.671585200042334918e+03
2.953998264194740841e+03
2.611634600084360045e+03
1.780073238762674464e+03
3.533889529603100527e+03
4.299749108498470378e+03
4.319677705522489305e+03
3.613489278502533580e+03
4.108387233068287060e+03
4.949425133284035837e+03
3.142065863832531249e+03
3.947714359703418722e+03
3.710819283686478684e+03
4.648482318216647400e+03
2.566233185468915508e+03
5.229921430869691903e+03
3.807459104942836348e+03
3.036856380747354706e+03
5.162265842962021452e+03
4.811478566540837164e+03
4.325480768072888168e+03
3.677950374652497430e+03
5.597129568509433739e+03
3.179300414229335274e+03
3.548584163441631063e+03
3.548513686526659967e+03
3.503738338457698319e+03
4.657695576634659119e+03
3.681618682669659847e+03
3.545395607953569197e+03
5.066838178712041554e+03
4.017237650373627730e+03
3.567650719566639509e+03
4.725268587752112580e+03
3.951550052344491178e+03
2.814597194029121056e+03
3.855883965183510099e+03
4.536802905578998434e+03
2.164105188640358847e+03
2.442015186038745014e+03
2.263949517284907870e+03
1.559657311306723841e+03
1.498265744418356917e+03
1.339672813553965625e+03
1.168839529096675278e+03
1.502644227552259508e+03
1.801642411539076420e+03
1.632571443169854092e+03
1.004906190655418186e+03
1.030728548883545727e+03
6.692637782413877403e+02
6.825877058653682070e+02
9.194977808138428372e+02
9.558630036944324502e+02
5.180729748624987678e+02
4.734641320945846701e+02
6.743912952342219569e+02
8.591810447995568438e+02
8.869236005963340403e+02
6.634109138915249559e+02
6.451530343821093538e+02
8.560125735159731448e+02
7.911699463309699922e+02
9.203005432570299718e+02
1.463366074761464006e+03
1.220538737038863246e+03
2.371601417701308492e+03
1.842441311648891542e+03
3.101893506895589326e+03
3.639767878618290524e+03
2.375268092326104124e+03
3.982162552767825218e+03
4.636163636788120129e+03
4.688729745379148881e+03
3.347072460863650576e+03
4.747709014538271731e+03
4.140179920521856729e+03
3.567648610110583377e+03
4.037954287624675999e+03
3.592884717918959723e+03
2.964285007958292226e+03
2.702186522011405032e+03
3.677635311697323687e+03
3.068650249964549403e+03
3.105566789470110052e+03
3.042694294653605994e+03
4.550152995456742246e+03
4.021511456290996193e+03
3.231592317777711287e+03
4.088050411129718213e+03
4.254801317748441761e+03
4.081407933743616013e+03
3.135793097891108573e+03
2.897693508800596646e+03
3.488420660421239063e+03
3.420917293556373352e+03
3.934449129344242920e+03
2.312438296959325726e+03
1.790909234283046089e+03
2.654630191548163111e+03
3.049862695718331452e+03
3.166549253072663760e+03
3.532075047128447750e+03
3.430052655797485386e+03
4.563394800807554020e+03
4.211287986961410752e+03
3.987890347195540016e+03
3.461427406660451652e+03
1.915548667245201159e+03
2.844468084045469368e+03
2.611236074076488876e+03
2.751473661667178021e+03
1.439437048629942183e+03
1.440433728238603408e+03
2.835526151152617786e+03
5.096823226304722994e+03
4.111479967926975405e+03
3.881115977788387681e+03
4.222473258308400546e+03
4.521342873923286788e+03
4.196837054918199101e+03
2.647301268300808715e+03
1.587825626937799825e+03
2.456311611457542767e+03
2.580505841812560448e+03
2.000112820004796504e+03
2.125158135729296646e+03
1.959845647451929835e+03
2.436932020485921839e+03
2.290923573537501397e+03
1.067341722239561932e+03
1.851366227434833263e+03
1.795304749759406832e+03
2.961170558572262507e+03
3.931667909930325550e+03
3.841754390162742311e+03
3.966420951658288686e+03
4.181036671111781288e+03
3.957473586825983602e+03
3.608505504392109287e+03
2.924646246841232823e+03
2.172247394980515310e+03
2.045218441402913641e+03
2.573298781319953378e+03
2.638554273830573948e+03
1.536982384503437743e+03
1.276884841985202229e+03
1.256618338759316657e+03
1.233244395690579040e+03
1.678613845715314028e+03
1.452255965217450239e+03
1.559343854146763306e+03
1.212828929854989838e+03
1.309666135857929703e+03
1.704223831563715976e+03
2.369438711440389397e+03
2.751527911411901187e+03
2.797265699418371241e+03
3.072174793622767993e+03
3.032554011370992157e+03
2.813065014677950785e+03
3.180792004709413504e+03
2.598032634736803175e+03
2.673826220886293868e+03
3.198617978387871972e+03
2.825693962538831329e+03
2.420539579947669608e+03
2.080306382800054507e+03
1.725201156521875646e+03
1.675404075685063390e+03
2.927670878640816682e+03
2.916251942058312125e+03
1.555386334022624396e+03
1.193624457444605014e+03
1.258681513263364423e+03
1.635621594062096847e+03
1.460462356209408426e+03
1.551259306169453112e+03
1.309656439503058664e+03
1.069486610430053815e+03
4.644712558584095632e+02
4.567921742438444994e+02
5.363854277426376029e+02
8.407217826172920923e+02
9.350583145239775149e+02
1.086327218357482934e+03
1.542685723728588528e+03
1.213877781303444181e+03
1.123936308524496553e+03
9.403220664023029940e+02
1.029461233760746836e+03
1.167868406816452307e+03
1.203778314075613707e+03
1.412850414101404112e+03
1.738545327110806966e+03
1.227298493070104087e+03
9.130297753515317254e+02
9.175098204005770413e+02
8.886884409704188101e+02
1.131550312801396558e+03
1.466956631960311825e+03
8.855705751083578434e+02
6.845374051979446222e+02
1.418528259119425456e+03
1.221054367106638210e+03
9.753819526411937204e+02
8.254295930027155919e+02
7.971671580592609416e+02
1.065587671875953220e+03
7.353239864518908462e+02
6.050256838935571295e+02
8.290205320174895860e+02
8.204467364547784882e+02
1.016347341002225107e+03
1.085785799579112791e+03
8.150921065794576634e+02
8.588744593919840327e+02
7.997806730678856866e+02
1.043558704559685339e+03
1.447097555254314102e+03
1.144713766467914411e+03
8.847788762459200598e+02
1.494976505110266316e+03
1.292756440894898333e+03
9.202546598319931945e+02
1.033142377500874318e+03
9.284444580844186703e+02
1.662616790827515160e+03
1.077564997190219174e+03
8.844141619764390043e+02
7.914748130473531091e+02
7.714202994584723001e+02
7.133801952157768937e+02
3.244327781371380752e+03
3.638693509988090227e+03
2.884459943213155384e+03
3.070986680110785983e+03
1.988187546111583060e+03
2.165650650571614278e+03
4.239968297776211330e+03
4.761687824509106576e+03
6.341481318414182169e+03
5.645301569979124906e+03
2.768078403339284705e+03
4.827653995402169130e+03
5.582796808461254841e+03
6.531854347671907817e+03
5.795555798534864152e+03
2.624176701394412248e+03
5.380260062290483802e+03
3.334999996514533905e+03
4.858935727440250048e+03
4.428959789435391940e+03
3.855540547548508130e+03
2.560056108475174824e+03
2.131965897728415712e+03
1.788439603848959905e+03
1.740505357797735314e+03
1.876503969301332745e+03
2.756527311907288095e+03
3.613470065334624906e+03
2.968060777749720728e+03
2.190238803889028532e+03
2.717521533720823754e+03
2.850013957374672373e+03
4.245559090551199915e+03
4.337717795697447400e+03
5.467340836139820567e+03
5.642611453272191284e+03
5.148174067967668634e+03
5.161162473295394193e+03
5.351722946690180834e+03
5.142064373642861028e+03
4.611161056255880794e+03
5.373191055836875421e+03
5.066361973652691631e+03
5.070690358214229491e+03
4.405749405714864224e+03
4.976750450426185125e+03
4.166974782994882844e+03
4.919771718116940065e+03
5.131591797709463208e+03
5.582731343872654179e+03
4.267598620340022535e+03
4.449572443725780431e+03
3.687018774744658458e+03
4.323630674062565049e+03
3.543070175865907004e+03
3.112345377716985695e+03
2.825073270330709420e+03
3.496693765282063396e+03
2.318354220777069258e+03
2.112824049029364687e+03
3.183187343012692509e+03
4.147320666323759724e+03
2.225121889486206783e+03
3.951658977944451181e+03
3.332870232411758479e+03
1.627986626126635429e+03
1.900731253781692430e+03
1.525588292134852963e+03
1.438735316713905149e+03
1.340977168679487932e+03
1.415573980131110375e+03
1.463626136878177249e+03
1.188169811694710006e+03
2.781159093529378879e+03
4.454479736041242177e+03
4.525336286990544068e+03
5.741315312487486153e+03
4.986820545028564993e+03
6.564132301257248400e+03
5.962867047314523916e+03
6.174572299072218811e+03
5.672761569969304219e+03
4.894976915402162376e+03
4.302441502345697700e+03
4.990480986804701388e+03
4.393713068965331331e+03
2.905787394241014681e+03
3.191374461060139311e+03
3.654506043891645731e+03
3.815473151825352033e+03
