2.579286285916185989e+03
4.932803281583691387e+03
3.018436762953790549e+03
2.803564283680731023e+03
3.021109212542954083e+03
3.304323826014101087e+03
2.870226498693426493e+03
2.617910895483983950e+03
3.229643843215036213e+03
4.675822502639547565e+03
3.151895240324623046e+03
3.093907743975846643e+03
3.292033255815102621e+03
3.310107937698072419e+03
3.091483151019137949e+03
2.748323557837926728e+03
2.486541869099349242e+03
4.293930413616120859e+03
3.306031993174221498e+03
2.538051708184164909e+03
3.112344646391740298e+03
4.168293029793203459e+03
4.359005843255027685e+03
3.083347850588061647e+03
2.570431450709168075e+03
4.305051882839094105e+03
3.207213122065762491e+03
2.726630311943874858e+03
3.536741462296712143e+03
3.386907549778460179e+03
2.531644934752330755e+03
2.037356336668083486e+03
2.949577239985720098e+03
3.727845196045033390e+03
2.858663145787432768e+03
2.672986567898679823e+03
3.010159204399209557e+03
3.511058919468615386e+03
2.953081673870929990e+03
2.477115176602758766e+03
2.352715308098863716e+03
3.290048628299987740e+03
2.570149116978011989e+03
2.743251188156485114e+03
2.588251577268209076e+03
2.502580351892852377e+03
3.089232903901192913e+03
2.410513377275689891e+03
2.911278467289986565e+03
3.673909635936154245e+03
2.709663901791230728e+03
2.933935543280692400e+03
2.804635548604012001e+03
2.851571703862303366e+03
2.754970383315928757e+03
2.939607100727639136e+03
2.778169077352888053e+03
2.976901321078847559e+03
2.947550770796203324e+03
3.076845558814524793e+03
2.640682763672755755e+03
3.164864188078131065e+03
3.038311055972175836e+03
2.940095134708611113e+03
3.205787180617131526e+03
3.062369305927325058e+03
3.038777923524118250e+03
2.486243708674564004e+03
3.052898817052064260e+03
2.722199760494660495e+03
3.834188843299910786e+03
2.753247178611842173e+03
3.203250170500692093e+03
3.180141614296073385e+03
2.835727828903848604e+03
3.294176431928005513e+03
3.392074325641649921e+03
2.729030421740279962e+03
3.486931078159891968e+03
3.200960301658398748e+03
3.043881488147185337e+03
3.139353378970050926e+03
3.035380395527573455e+03
3.522907308799110979e+03
3.507762847912299094e+03
2.857751766478861555e+03
2.993565899509698284e+03
3.214305037204509063e+03
3.301237683217985250e+03
2.599227500954108564e+03
2.401018184959000791e+03
2.569997531761225218e+03
3.339301600707295620e+03
3.702192845045820832e+03
3.338075552906005669e+03
3.348697782303445820e+03
3.210043234411962658e+03
3.702894110040690521e+03
3.135393187885036241e+03
3.808262712368389657e+03
3.989973449971339051e+03
3.262911569632552528e+03
2.914145886921622605e+03
3.350190430841911166e+03
2.984452170542858312e+03
3.549797941107844508e+03
3.174327499514995452e+03
3.388544031342726612e+03
3.790338203953843276e+03
3.383668950419620160e+03
3.031082467833123701e+03
3.750225308073430369e+03
3.313793362286777665e+03
3.125035025747470172e+03
2.618108699732801597e+03
3.588088381750581902e+03
3.202366152331255307e+03
2.809287530883690124e+03
3.491863913258145658e+03
3.462474340977742031e+03
3.719934537166580412e+03
4.222536541360569572e+03
3.156768602406979880e+03
2.909527491776709212e+03
3.379525609906791033e+03
2.751345045457934702e+03
2.789575543821234987e+03
3.295402667951552303e+03
3.052982738074620102e+03
4.997520295113675274e+03
3.245007428243140566e+03
3.748778156180038422e+03
4.416878274319346019e+03
4.702471915263769915e+03
3.006801980005410769e+03
2.968422279598722980e+03
3.204554693472734471e+03
3.786569847938136263e+03
2.463483652694175362e+03
2.954430762706894711e+03
3.610244959160462713e+03
4.337266870574680070e+03
3.050899498724535079e+03
3.080127613968626520e+03
2.737862781219139833e+03
4.569135242083712001e+03
4.039133051677700223e+03
2.838817489156007014e+03
2.634554765552054050e+03
3.858016138874504577e+03
3.539175840983652506e+03
2.728273731824852803e+03
2.604142906474871779e+03
3.517705056915933255e+03
4.004027178786280274e+03
2.799127937827797268e+03
2.786232536667289423e+03
3.585651073312003064e+03
3.072576483689034831e+03
2.926973558770768250e+03
2.517478385331741720e+03
2.631821425701525641e+03
3.737180116936599461e+03
3.298356687073298872e+03
2.939403369764316267e+03
3.239050080069702744e+03
3.259672814407106216e+03
4.286893413789740407e+03
3.152241360477519720e+03
3.771922472583483341e+03
3.457036206616192885e+03
2.615614616862046205e+03
2.334357837460064729e+03
3.388718207510904904e+03
3.244577413475119101e+03
2.808961067544605157e+03
2.552944654149492180e+03
3.290135908741582170e+03
3.647832148127344226e+03
3.097936111612579680e+03
2.474609824117796506e+03
2.792664689178305252e+03
2.746548392523960501e+03
2.979979749080793681e+03
2.446255027859619076e+03
3.269148745554630295e+03
3.198793891578822240e+03
2.768547918611144269e+03
2.958399843123071150e+03
2.977987163902051179e+03
3.267354123001985499e+03
2.811305996538538693e+03
2.941754972487416126e+03
2.658668817516494073e+03
3.924430490023492439e+03
2.934194846861437327e+03
3.027600184083959448e+03
3.258321532311207193e+03
3.592280913420112938e+03
3.221593610817340505e+03
2.906769026461849535e+03
3.484433991910330406e+03
2.769873096119195907e+03
2.800386901136707365e+03
2.632284704233085904e+03
2.635383645531208458e+03
2.619905970059824085e+03
3.121864864901721830e+03
2.806281100525740840e+03
2.750756094678447880e+03
2.516750377882529847e+03
2.856693549402150438e+03
3.359503434273732182e+03
4.319216805179710718e+03
3.609693348839082773e+03
2.640134739199042087e+03
3.525175681404678016e+03
2.955870188765296461e+03
2.634296464708771964e+03
2.554986792173874619e+03
3.230568583177593609e+03
2.752082445065298089e+03
3.038582072561329824e+03
2.867140414651797528e+03
4.304489387638715925e+03
3.489548687640358821e+03
3.289453124797609689e+03
4.012995969344781315e+03
3.826599758603042119e+03
3.079285280835913909e+03
3.049135896459872129e+03
3.994747163340476163e+03
2.753189251703101490e+03
3.544225010534800276e+03
3.130740514353514754e+03
3.232090825706214673e+03
3.370090764328204386e+03
2.237423752990902358e+03
1.821265597901292949e+03
2.572761282045074040e+03
2.970176619826082970e+03
2.864237947133807211e+03
3.025512975502569134e+03
3.354285791301273548e+03
2.631547153155707747e+03
3.774457724680810315e+03
4.461017836786203588e+03
2.791355812114908986e+03
3.396841992983988803e+03
2.236805081541832351e+03
2.198568298908795896e+03
2.490518752502513053e+03
4.089088526114191154e+03
3.005547805869558943e+03
3.205247539166052775e+03
3.392464262428180518e+03
3.612676944382516012e+03
2.492317595918809275e+03
2.637151942135339596e+03
3.072167723522516098e+03
3.367811153711710176e+03
3.302817321986424759e+03
4.035509646002984937e+03
3.042817099129848430e+03
4.224080191162241135e+03
3.460460522055483580e+03
3.780105805941508152e+03
4.191610535280762633e+03
3.206882721264330030e+03
2.962385353682572259e+03
2.724829373278650110e+03
3.460722272793042066e+03
3.169167141969442582e+03
2.978970420359360105e+03
3.377016399286011165e+03
4.064160176428940758e+03
2.780802579397335649e+03
2.262411204676656325e+03
2.293795049381250010e+03
3.187659782335804266e+03
2.696469348840565544e+03
2.463260051525352083e+03
2.285708526721266935e+03
2.548428521379648373e+03
2.252964968602449517e+03
2.461349080584708645e+03
3.620649422049019904e+03
2.640419829834519987e+03
2.432651972813455814e+03
3.900068335216729338e+03
3.092830955431246821e+03
2.921164806029497868e+03
3.191262556548477733e+03
2.615079233039990413e+03
2.848149193912191095e+03
4.343228253289201348e+03
2.734885220437045518e+03
2.130191439848968002e+03
3.006742061716133776e+03
3.163744368879592002e+03
3.415998135814891612e+03
3.245545790907253377e+03
2.971128840861456865e+03
2.883779879068209539e+03
2.502905179676050921e+03
3.210694126317543578e+03
3.245530824482841581e+03
2.594528374897567119e+03
3.452623516591240332e+03
3.520824077893260892e+03
3.310246999981673980e+03
2.667381011332304297e+03
3.463924404108025556e+03
2.938826835095625938e+03
2.221796663201301271e+03
3.185389851813364203e+03
3.326540916611199464e+03
2.648707347133981330e+03
2.534030024354251509e+03
4.057749153746008687e+03
2.825143305344217879e+03
3.848465967632265347e+03
4.452247659391935485e+03
2.756192911973109403e+03
2.121579473170421807e+03
3.138857913117165026e+03
3.146504817596756311e+03
2.464348393052315259e+03
2.937970003430839824e+03
2.690379515515564435e+03
2.104063335113834455e+03
2.475346520871360099e+03
2.618611291249178521e+03
2.108791378911618722e+03
2.535806870537370287e+03
2.536365195897306421e+03
2.471511730115934370e+03
2.482335341639924991e+03
2.256303449503677257e+03
2.269606445738412276e+03
2.343304159260685083e+03
2.795800130719290792e+03
1.787850538085693870e+03
2.391962068218362219e+03
1.633087278183337048e+03
1.974079306585130098e+03
1.703122603932573611e+03
2.615406374763276290e+03
2.478554616621149762e+03
1.977812633170384061e+03
2.335425710605683435e+03
2.489816522152725611e+03
1.911057945285573396e+03
1.952917560791179767e+03
1.816394864903309099e+03
1.881433128410378004e+03
2.365838040882114910e+03
1.706970353124278063e+03
1.951395199874983518e+03
2.897448427373522463e+03
2.792760815837362770e+03
2.412817250019171752e+03
2.130032579320587956e+03
3.504823695246860552e+03
3.208726964820090870e+03
2.966685051679542084e+03
3.185187202690505273e+03
3.118531496719694587e+03
2.102951521381781276e+03
2.737141595263602994e+03
2.522787507359605115e+03
1.924135682942618359e+03
2.751051964460788440e+03
3.065118310112409290e+03
2.165554088960565423e+03
1.932707329248904671e+03
2.349643012091788023e+03
2.465734685886357511e+03
2.616725081629392207e+03
2.897022637434799890e+03
3.111714175104752030e+03
2.465968753437970918e+03
2.447380773877812317e+03
2.397546519215738499e+03
1.677601616049705399e+03
2.760094901628254320e+03
2.427840731087414497e+03
2.189458744169664442e+03
2.027772290186007695e+03
2.455826326566705575e+03
2.553765991897110325e+03
2.301892249913151318e+03
2.335391035292304423e+03
2.233364172410503670e+03
2.360189611947163030e+03
1.761252866756189405e+03
2.438942158457356527e+03
1.946177976065605435e+03
2.006438795652204135e+03
2.316743971708175650e+03
1.921781080624482911e+03
2.005315493055430352e+03
1.773996204697514941e+03
1.966060350561469477e+03
1.767120621254944581e+03
2.006863968831967213e+03
1.967057597684444318e+03
1.822685721362551476e+03
1.862809949513903575e+03
2.538580822272575006e+03
2.257044100569523380e+03
1.978849108468475379e+03
2.173544000688812048e+03
2.588168007627896259e+03
3.160954833561726446e+03
2.553592482527497850e+03
2.770900933461380646e+03
2.827093081874718791e+03
2.530058981998111449e+03
2.388313744919799774e+03
3.141048899644466474e+03
2.868561347002521870e+03
2.197717896293484955e+03
2.069027758851144881e+03
2.012352523232945487e+03
2.489863832089199605e+03
2.362230562951807315e+03
2.291321099652659086e+03
1.896370643397241565e+03
1.653728476405004358e+03
1.940981510569960847e+03
2.125981301598212667e+03
2.759767583040072168e+03
2.646959844885953316e+03
2.471109274559815276e+03
1.887090543120584698e+03
1.894454068363657825e+03
1.985817115959026751e+03
1.974912377795500561e+03
1.770708859796902516e+03
2.309486073389266039e+03
2.368278806657294808e+03
2.401596734737623137e+03
2.466737808560248141e+03
2.133481677471535477e+03
1.998342602706163461e+03
1.844351155784538605e+03
2.073236465952203616e+03
2.215720431607522642e+03
2.453649913810717862e+03
2.196129621742204108e+03
2.881612041802486146e+03
2.694422300698748586e+03
2.866688039416438187e+03
2.385170338859957610e+03
1.622372130482627654e+03
1.737387380135204239e+03
1.648458828254228138e+03
1.615746393625529663e+03
1.635580048906933825e+03
1.824980305401022633e+03
2.150288596039934419e+03
2.175881914856036929e+03
2.102914143262017660e+03
2.566928848384690355e+03
2.449055926913866642e+03
2.068225809044878133e+03
2.265749730899505266e+03
1.763595597275313139e+03
1.773145324790467839e+03
2.769873025009798766e+03
1.716585421041376776e+03
1.591263122273991485e+03
1.800911495448416872e+03
1.860871682702709677e+03
2.357603146917590493e+03
2.241625249407242791e+03
2.817355558786643996e+03
1.750714397659236965e+03
1.674237954003622463e+03
2.122261505760244290e+03
2.042135181142373540e+03
1.701983891600981224e+03
1.889054041077612055e+03
1.927654705179144457e+03
1.873285765321151075e+03
2.056362388035045115e+03
1.710590191716795516e+03
1.800890023477493969e+03
1.781103552579247662e+03
2.007161341799521324e+03
1.919137906116134445e+03
1.971096986653601562e+03
1.863547764604527174e+03
