2.975762564550609113e+03
6.108265210880303130e+03
8.299803733029832074e+03
9.924328944540960947e+03
6.697519794644866124e+03
6.341656836024711993e+03
7.374772435137674620e+03
6.346556659030640731e+03
4.769912687886307140e+03
5.215569836941260291e+03
5.734443515892000505e+03
6.238913486001617457e+03
5.388609332257186907e+03
4.815580999560370401e+03
4.958708974682973349e+03
4.402119798962701680e+03
4.419497165725540071e+03
5.047306988507218193e+03
3.892991723352477948e+03
3.773170963497665980e+03
4.729048982699133376e+03
3.503442719073841999e+03
3.732906781455942564e+03
3.126989728322363590e+03
2.176974730783616451e+03
2.326028565134204200e+03
2.087412122109323718e+03
2.233260432160623168e+03
4.689759100973583372e+03
4.826169387901930349e+03
6.823458436716720826e+03
7.039775491266055724e+03
6.594730278791798810e+03
5.086321520276800584e+03
5.587820705422301216e+03
6.714078009530815507e+03
5.653595236842927989e+03
5.187723502223499054e+03
5.008354581066125320e+03
5.931603634442878501e+03
4.567471562290418660e+03
4.422933609342482669e+03
5.043312882931976674e+03
3.854308703965239147e+03
4.370431969834938172e+03
7.875918537017005292e+03
3.223701034572061417e+03
3.794649153308161203e+03
4.309664844184218055e+03
3.897737269615452988e+03
3.572502332443621526e+03
3.731689340007191731e+03
3.015576972663989181e+03
4.413284400182558784e+03
4.260123184324210342e+03
3.814577413645862180e+03
3.770454064115864639e+03
5.205947134204633585e+03
6.233047758648694071e+03
8.100304421864440883e+03
5.640523875124807091e+03
5.502320200638047027e+03
3.845265789421980571e+03
3.915187969076604531e+03
5.066285149498446117e+03
3.596468941463084775e+03
3.047377119168282206e+03
3.447587083778561464e+03
4.229872059435078882e+03
4.545342842658380505e+03
3.885393894924251981e+03
5.097945817836655806e+03
4.401766325176969076e+03
3.690246068582785938e+03
3.286384174895852539e+03
5.105647574081901439e+03
3.806270286555007260e+03
3.288740448534083953e+03
3.220306897291226051e+03
4.680437655622858983e+03
4.650605842046167709e+03
2.742653211115397426e+03
3.076591443147669906e+03
3.818059177205286687e+03
2.441029581145779048e+03
3.936591153000790655e+03
3.867913721482457277e+03
4.732953436032791615e+03
4.049104970822150335e+03
2.488989726645407245e+03
2.842891010494759030e+03
1.888698913893925692e+03
2.906619507801455256e+03
3.459957656682338438e+03
3.675574003600223477e+03
7.102588007871743685e+03
7.094880129621044944e+03
6.300866121955052222e+03
5.905802257692517742e+03
4.758602105857431525e+03
7.464018069384151204e+03
4.554471904078319312e+03
8.505430334607290206e+03
6.225643410427333947e+03
6.782622869915871888e+03
6.984863588594021167e+03
5.889122627029353680e+03
8.091474373914729767e+03
6.178133248226505202e+03
6.404055185306170642e+03
4.995214424082059850e+03
5.706400851169316411e+03
6.366528365331730129e+03
4.761557674880964441e+03
4.230120796397366576e+03
4.884141328394253833e+03
6.336288610846537267e+03
5.944651464296203812e+03
5.160015280854346202e+03
2.585791356454109064e+03
2.917322598419896167e+03
2.269528984703642891e+03
4.134350596271185168e+03
5.484451847638826621e+03
5.618539015892992211e+03
3.629462384351144010e+03
3.645833916070077521e+03
4.373358013678038333e+03
2.714995633886857831e+03
2.599234765051778140e+03
2.220287842437407562e+03
2.099440014843018616e+03
1.946371422947442170e+03
1.736688931155021919e+03
1.998903511287244783e+03
1.958257610483784447e+03
1.539955868239127312e+03
2.109310392752142434e+03
2.103897836745235963e+03
2.271170693224320530e+03
1.524441661599171539e+03
3.367205020701973353e+03
3.802303262255991285e+03
6.158412816686802216e+03
6.586471683137391665e+03
4.656067587759358503e+03
4.667363066565210829e+03
6.468585634069674597e+03
5.385077954901733392e+03
5.171168288816509630e+03
4.681336681672683881e+03
5.188579536672898030e+03
3.238240592908548933e+03
3.743390416717622884e+03
4.195714842779188984e+03
4.836120558618454197e+03
5.800264723099224284e+03
3.260962613592694197e+03
5.264687509866042092e+03
3.376740157967074538e+03
2.312559535650196267e+03
5.055616046941646346e+03
5.229030719580810000e+03
4.291415538944710534e+03
5.434440960926111075e+03
4.713323692200279766e+03
3.422217476936919411e+03
3.848701240750244779e+03
2.844887672563542310e+03
5.486362974696461606e+03
3.614271900610774537e+03
2.214848102009542799e+03
3.541476203908961452e+03
3.248934861126090709e+03
2.386299349054495451e+03
4.286167720243007352e+03
2.799373252015179787e+03
4.483487253158512431e+03
6.313668258581921691e+03
6.155747189708342376e+03
5.458030860732819747e+03
4.657039676578369836e+03
4.813297365177211759e+03
4.299503397822406441e+03
4.332618239799472576e+03
4.367267199826730575e+03
4.378256958993380977e+03
4.301457876158136969e+03
3.736728740173770802e+03
3.202907423105084945e+03
4.791575556800989034e+03
3.131561395734710459e+03
1.648378733531174476e+03
1.550661113106260245e+03
1.293612565663880332e+03
1.221750656665455153e+03
1.705792997323403370e+03
2.028240981761241756e+03
1.382650528486224630e+03
1.538017764692649507e+03
1.667025610061295993e+03
2.211489558282972212e+03
1.441121637147178490e+03
1.667053705712271949e+03
1.713389173929296703e+03
1.843166591701989546e+03
1.922275667720442016e+03
1.802197144453961982e+03
1.627242612990244197e+03
1.796082232993789603e+03
1.609582932530989865e+03
1.898237137440413107e+03
1.765327503546661774e+03
1.588693429922668201e+03
1.609763184040282340e+03
1.500786056572743064e+03
1.726969846978301575e+03
2.294721565212350470e+03
2.092129352318094789e+03
1.560433827495474588e+03
1.634830348659080073e+03
1.746059284191911274e+03
1.686053770718951682e+03
1.606933178212952953e+03
1.616801463794115534e+03
1.904555861676736185e+03
1.591011352982106473e+03
1.654786612554683643e+03
1.781945902117759942e+03
1.347959095156198373e+03
1.516798763008707510e+03
1.591697554192158577e+03
1.657092255875411183e+03
1.814212997517090798e+03
1.798273699630111196e+03
1.434092075468738130e+03
1.900049577736459923e+03
1.853854311409750835e+03
1.918177130481449240e+03
1.527902030970601118e+03
1.490189478806532634e+03
1.660739705507303142e+03
1.951883570149558864e+03
2.043503011732231698e+03
1.802002806474525869e+03
1.679019100393262306e+03
1.728363857140819164e+03
1.603244747597762853e+03
1.455421003016102986e+03
1.327280419324513105e+03
1.318296081768814020e+03
1.437043499789459020e+03
1.638044310707556633e+03
1.894874551939240064e+03
1.923483336154968811e+03
1.671175680756449992e+03
2.040079893773866388e+03
1.593540844882555120e+03
1.324229094647860165e+03
1.521307693108187323e+03
1.450861503488766175e+03
1.860843323708345906e+03
1.684128677418696043e+03
2.328548643936896497e+03
1.708357211187527582e+03
2.202362609767555114e+03
1.972628292469672033e+03
2.131079378598582025e+03
2.340953851302309431e+03
1.386399991603802391e+03
1.874396887194406418e+03
2.188398730446073387e+03
2.358716966171315562e+03
2.536972919819040726e+03
1.805190069676451458e+03
2.179946815038450950e+03
2.243390732906045287e+03
1.771495206171779955e+03
1.753929835125305544e+03
1.441550286402002484e+03
1.286153897134926183e+03
1.355617468387597228e+03
1.455391620391559172e+03
1.484651656005703671e+03
1.749613364101223851e+03
1.671510579310735693e+03
1.515655439479973438e+03
1.496266494590911634e+03
1.375058909026370429e+03
1.480973029973890561e+03
1.697443145739051033e+03
2.013485207837720282e+03
2.258975634013871968e+03
1.937631807908615428e+03
1.761488890412489354e+03
3.218302316771583719e+03
2.223596422071847883e+03
1.572498426552147521e+03
1.697864035089880190e+03
1.607269488643640216e+03
1.539851942892294801e+03
2.394814054148756441e+03
2.278282265778828332e+03
1.806758154329206945e+03
1.903451042423709396e+03
1.799289411426603920e+03
1.590565718790131768e+03
2.212811995484659747e+03
1.937040473671465179e+03
1.782445448444009116e+03
1.551323837927568320e+03
1.431397066067604555e+03
1.903226034845888080e+03
1.313652852652975525e+03
1.479580693756215851e+03
1.420604101156277011e+03
1.600232477771355661e+03
1.278777763989834057e+03
1.267677397170361928e+03
1.259829873584448478e+03
1.380964239963255750e+03
1.226190368281326528e+03
4.114487410947922399e+03
4.201946174301630890e+03
2.971763774386773548e+03
3.510373064860607883e+03
2.758388242794867438e+03
1.876075816056100166e+03
2.164662769364634187e+03
3.384503163214014421e+03
3.345620057861058740e+03
3.808872408610691764e+03
2.705299076756505656e+03
2.640021919815806996e+03
2.300960750142011420e+03
2.924974224430646700e+03
5.305307589492345869e+03
5.634272692730714880e+03
4.471550698988657132e+03
4.152402066963274592e+03
5.061124823619374183e+03
2.873474074270672645e+03
3.017426454934858612e+03
3.907482240239842668e+03
2.935281962767750429e+03
2.692864617334867944e+03
6.584102658484467611e+03
5.533290161915519093e+03
6.032947924437135043e+03
4.961505737415674957e+03
3.467650279798433985e+03
3.564147335016234138e+03
3.439474243252806900e+03
2.464334510807717379e+03
2.924597417320484965e+03
2.544377050091592537e+03
6.813959907346706132e+03
6.668026580670260955e+03
7.129550428837962500e+03
7.755396265692927045e+03
6.404151563479594188e+03
4.267492712116667462e+03
3.583510760945055608e+03
4.466665906148893555e+03
2.705781168155123851e+03
3.102577703391507839e+03
2.142629033051191527e+03
1.592086703894878383e+03
2.420639523390356317e+03
2.864957065067002532e+03
3.854986646276373904e+03
4.803137829746048737e+03
4.943752685454011953e+03
4.417219634656717972e+03
3.930504812263669464e+03
3.963591827365816698e+03
3.870485324729582317e+03
4.307763469265539243e+03
3.293789603481584891e+03
3.911249128308617856e+03
4.188401770038299219e+03
4.649450226981106425e+03
5.192496363438393928e+03
4.305101317762575491e+03
5.425213057655734701e+03
6.346255011992746404e+03
6.557347244618568766e+03
7.443583981472516825e+03
5.421806997976538696e+03
6.626250311997803692e+03
4.826648596223713866e+03
4.236379826863944800e+03
4.067826853137742091e+03
4.300592720277268199e+03
6.226647466381675258e+03
4.520988416605673592e+03
6.476384249012867258e+03
5.626983350602599785e+03
4.822380044819297837e+03
3.470983007480328979e+03
3.830745132915983959e+03
2.629680006869062709e+03
3.135173606804592055e+03
2.885072106168535356e+03
2.057914460008181777e+03
1.810996318271299742e+03
1.919711682889771055e+03
1.400453626654554910e+03
3.655446762862742617e+03
3.165645836453209085e+03
4.415334349729632777e+03
5.188355078630014759e+03
5.458615919954360834e+03
6.107780919673718927e+03
5.114517600438369300e+03
4.867094703178166128e+03
5.400249009751437370e+03
4.572032019966442022e+03
5.452731487653445583e+03
5.738403767054579475e+03
5.947999854935147596e+03
6.431900921262537850e+03
6.918597075680761009e+03
4.486288420554443292e+03
5.127847786574557176e+03
4.429870690243779791e+03
4.208454453777803792e+03
4.344643824224805030e+03
4.546157516837642106e+03
4.348973304706123599e+03
4.982086024553453171e+03
4.017038390622557927e+03
3.919646659125070528e+03
4.550523427960510162e+03
4.877490745610217346e+03
5.364436599767230291e+03
6.781887046867531353e+03
4.662673236592045214e+03
5.226481511027533088e+03
2.995646575619455689e+03
3.758185093371358562e+03
6.974354545349650834e+03
7.761910227457901783e+03
4.316636150925217407e+03
3.299140091456014034e+03
3.546966623682624686e+03
2.629636697428710704e+03
2.687988337154135024e+03
2.205051795083268644e+03
2.846457870653900045e+03
2.954984624830682606e+03
6.448187738500477280e+03
4.367071940161477869e+03
5.264658515839251777e+03
3.975531391760860515e+03
4.498493089382315702e+03
4.920231333099550284e+03
3.608355222534636141e+03
5.031528415580422006e+03
5.267383152685164532e+03
2.415793722877104301e+03
2.178795008105399120e+03
1.917514207461965725e+03
4.036306060911030272e+03
2.409026335203711824e+03
3.708420194978551535e+03
3.496634589983135811e+03
3.592673332618988297e+03
5.634732904057153974e+03
4.133697710406813712e+03
5.424484040142346203e+03
3.735832448343474425e+03
5.130321948213714677e+03
5.019318033000043215e+03
6.756965041036935872e+03
4.782167801757766028e+03
5.228816413127187843e+03
4.586893984917480338e+03
4.680189520998483204e+03
6.250816594023411199e+03
5.436591111531524803e+03
6.181784594741993715e+03
6.769553972148828507e+03
5.961651187449632744e+03
5.845646381227374150e+03
4.668284993653895071e+03
4.141368305647310990e+03
4.402599007794339741e+03
3.597696680412406749e+03
5.986823882284253159e+03
3.913860829792457935e+03
5.089788138930119203e+03
4.116351945927513952e+03
4.018370066671485347e+03
3.788500630653536973e+03
