8.902351910344544876e+02
8.233561285009050152e+02
1.373254611508476046e+03
1.431266175070749114e+03
1.472438563245756313e+03
1.192208331110153722e+03
1.077011700718386692e+03
6.215900252778133108e+02
7.569592964984375385e+02
8.006951952686899858e+02
9.219063940090554752e+02
1.161021283631200959e+03
1.279966925995879137e+03
7.118028338975925635e+02
7.785474655716465122e+02
6.994744868810369098e+02
1.215968428026190850e+03
7.420212168603726468e+02
5.457937281000351959e+02
6.260644562644689586e+02
9.994463844389800897e+02
7.721543173477218716e+02
6.521567607034726279e+02
7.463117412702171123e+02
5.142596015260513695e+02
9.283316827981017241e+02
1.529348609073178750e+03
1.844670655816650651e+03
2.014960370250601500e+03
2.430757247251428907e+03
1.717615240795453019e+03
2.180619130423195656e+03
2.079945832767686625e+03
1.830878743890276382e+03
1.715567814850833429e+03
1.054317476590137403e+03
9.952969157226691550e+02
1.904878582642327956e+03
1.174651958501858189e+03
1.515818073309578722e+03
1.395886891641200691e+03
1.305431398934772233e+03
1.507983776090761239e+03
1.350837129937507143e+03
1.088773356404169817e+03
1.539784461607826643e+03
1.630990514151407069e+03
1.663543496784945091e+03
1.716222225424674207e+03
1.898547716717455842e+03
1.917388511873417656e+03
1.534607318943539212e+03
2.059303774706117565e+03
2.214058495152798059e+03
2.172943756429022869e+03
1.450177224342276531e+03
1.228793583867995039e+03
1.164755446807962016e+03
9.311865322994799499e+02
1.009934662245353707e+03
7.725192618110904732e+02
1.061277002192775399e+03
1.497707939981956770e+03
1.208443909511705897e+03
1.767808599107745749e+03
2.137430550281590968e+03
2.307990280796608658e+03
1.951846201273506267e+03
2.330938335756460674e+03
1.747651646795411352e+03
1.351365153564297998e+03
7.906077405156501072e+02
8.027521041973392357e+02
1.488349146419900080e+03
1.441672118583891915e+03
1.541654798925967498e+03
1.456271253007220139e+03
2.327652471477200834e+03
2.759006793178453336e+03
2.476168862332968274e+03
2.452965482373158920e+03
2.758523113246480534e+03
1.686079357240377703e+03
1.509601097395475108e+03
1.424377941275786725e+03
1.257315108722589230e+03
1.244432264238690777e+03
9.679364355959321529e+02
1.158557958382402148e+03
1.387345636836370431e+03
1.277956391570229698e+03
1.070860749879099785e+03
1.308067694723264594e+03
1.484734354858013603e+03
1.374555875005398320e+03
2.487004640209027912e+03
2.559799255346610607e+03
2.824394891167947208e+03
2.327103181908869374e+03
1.965271898087782347e+03
2.444381124690097749e+03
2.994278993287859066e+03
2.973950436747535605e+03
2.537487340166969716e+03
2.247392717544389598e+03
2.499497162172243407e+03
2.707770484048625804e+03
1.912002602489051242e+03
2.127563673887082132e+03
1.897128605075673022e+03
1.971252993801339244e+03
2.259058866793266134e+03
2.168262613133551895e+03
2.186743382968321839e+03
1.214785659058589090e+03
1.850143527045834844e+03
3.522782302491630617e+03
2.245995303660634818e+03
1.983077217897436640e+03
2.009322545534180563e+03
1.911857764136926107e+03
2.279660977313149942e+03
2.323250451458966381e+03
2.436155756695563923e+03
2.720227976030372702e+03
2.976648090027303624e+03
3.063872653781336339e+03
2.734531469188964365e+03
2.659665945273138732e+03
2.246571534012355642e+03
2.021003564852697082e+03
1.884618081829944913e+03
2.185398249929634403e+03
1.786810685368651093e+03
1.648931691065537962e+03
1.724100068036099856e+03
1.678298793970745919e+03
1.835823920192815876e+03
1.663554218248386405e+03
1.388308398661147521e+03
1.386826219256153308e+03
1.286387228764467181e+03
1.550697450125893511e+03
1.473854283125148868e+03
1.706711217427572137e+03
1.675193515471152296e+03
1.650960300273776056e+03
1.728077742411854615e+03
1.511603066531577497e+03
1.875878175802730311e+03
2.431183016215076350e+03
1.784142174542092107e+03
2.110982657946204654e+03
2.207515116102946649e+03
2.746234123334267224e+03
3.034333524235203186e+03
3.931673338529404646e+03
3.622036330081836695e+03
3.665172733531875110e+03
3.306654665765961909e+03
2.927806512465086143e+03
4.178368060416088156e+03
2.972584801479379621e+03
1.960319050773827485e+03
1.596581425991143760e+03
8.926749095012863791e+02
1.154612216029396450e+03
1.474857135163394787e+03
2.201991849019541405e+03
2.324418146760153832e+03
2.129649032281379277e+03
2.109267570151609107e+03
2.455728229181041570e+03
2.310046429023531346e+03
2.096133630710659418e+03
1.856156973143516780e+03
1.280930641664082941e+03
1.387898907409883122e+03
1.360767006761450148e+03
1.077215509526307642e+03
1.298593204682625583e+03
1.692053968742980942e+03
1.321385365116610046e+03
1.559205656517781335e+03
1.578812238214881745e+03
7.254397813763551994e+02
1.352141536890164843e+03
1.461058556352099004e+03
1.570436030179513637e+03
1.812309051712953305e+03
1.999273559981400467e+03
1.714524524920737349e+03
1.635349952934602925e+03
2.107689693953133883e+03
1.257179996431927066e+03
1.851489809221893438e+03
1.470436120812724312e+03
1.181888504756566817e+03
1.717916200062605867e+03
1.724650569301350288e+03
1.677260520076659077e+03
1.773597275412568933e+03
1.835664723230725258e+03
1.946859367205646777e+03
2.681383242083649748e+03
1.805561532039967005e+03
1.465219597796177595e+03
1.610322901351367591e+03
1.243171361687420131e+03
1.485464341045266792e+03
1.924184788428784941e+03
2.121589594004978608e+03
2.287022621155194429e+03
2.161283353570032432e+03
2.509882220739247259e+03
2.710319499617870406e+03
2.503176827788045102e+03
1.545835797490241021e+03
1.762057685226049898e+03
1.421337144664335483e+03
1.839236967374676624e+03
1.966495766712671639e+03
2.336632842288813208e+03
2.309725064742639461e+03
3.437839962301399737e+03
2.858116788366703076e+03
2.590692111790213858e+03
1.910834894210652237e+03
1.824533690005327117e+03
2.276277281542415949e+03
2.355923449828211233e+03
2.455977707426963661e+03
3.262498902668832216e+03
2.482925254547186341e+03
2.554908794803458932e+03
2.705871614878156379e+03
2.521687232493263309e+03
1.866768779896131264e+03
2.199383413520491558e+03
2.580927378845904059e+03
2.550142498417205843e+03
3.561719788234491261e+03
2.744860387471429476e+03
2.746063694384964947e+03
2.638475356886295685e+03
2.211431941887623907e+03
2.956919035145910129e+03
2.477509728037127843e+03
3.108515294924632144e+03
2.915337159981311743e+03
2.622524414889807304e+03
2.510036723049169723e+03
3.909582972755570154e+03
3.755572615583597781e+03
2.351988252084645410e+03
1.803432062696128241e+03
2.261047040829392699e+03
1.756627505376371801e+03
2.268681262968785632e+03
2.514370957792972604e+03
2.439972566806217856e+03
2.518915648801229963e+03
2.960936552784641663e+03
2.449861816496487791e+03
2.339450612551513132e+03
2.195369439862789022e+03
2.667149214911877152e+03
2.425028324257906206e+03
2.337347807301772718e+03
1.887191798054418314e+03
2.671402239381420259e+03
2.158884487615367107e+03
1.964746947299824342e+03
2.333145636429342630e+03
2.774903306381773746e+03
2.440957281684082773e+03
1.990967008738130971e+03
1.843162148084599494e+03
2.335207427922047373e+03
2.332063062281458770e+03
1.477203486882315701e+03
1.087636860931650290e+03
1.307496596727999076e+03
1.817559037487038495e+03
2.176386451281137852e+03
1.432027952672894116e+03
1.717791206498710835e+03
1.423495194430887295e+03
1.213467155965158781e+03
1.278516904404202705e+03
1.667827426975609569e+03
1.669820503773169094e+03
9.255023141266758557e+02
1.132208021470699123e+03
1.027453417445750347e+03
1.973098105547775958e+03
2.356692941228346172e+03
2.401637165848592304e+03
2.171692180366825141e+03
2.061695871285310659e+03
2.260510396638267594e+03
2.000861122628075236e+03
2.742916927500572456e+03
3.114873636564434037e+03
9.984883898612547455e+02
1.031907961634771254e+03
5.414639877384801139e+02
6.669693916113110390e+02
1.422702196648650215e+03
2.964091159224237344e+03
2.142939934708789224e+03
2.200875008521338714e+03
1.928739137303075722e+03
2.295022272034365415e+03
2.071154105977503605e+03
2.443543717751202166e+03
2.527706110492133121e+03
1.796747604313569354e+03
2.659884023913486089e+03
3.009459340416093255e+03
2.125814430484065269e+03
2.982589965736836803e+03
2.612872501006952916e+03
2.098305507049840344e+03
2.652425772200466781e+03
2.183247751668211095e+03
1.645568875128006084e+03
8.820394517325181596e+02
8.803522335252650919e+02
1.441769886577640818e+03
1.124696540746081610e+03
1.189836152690485051e+03
1.569378946460899670e+03
1.997482781472038596e+03
1.637121431504069960e+03
1.510799427979557777e+03
1.142485054664528661e+03
1.238182465145257993e+03
1.800869863558534234e+03
1.869271801590847417e+03
8.204381903837640948e+02
6.458167906105508109e+02
5.408315106243070431e+02
5.143449322027171320e+02
1.154620935783960476e+03
2.645429233339273651e+03
1.560497767495698326e+03
2.137469492759037166e+03
2.563503502550033318e+03
2.477687908018037888e+03
2.659810373592446467e+03
2.735650549554651207e+03
3.545509922235333306e+03
2.414784951207958784e+03
2.103856970246421497e+03
2.717631002954223732e+03
2.263092124518399032e+03
1.724611401063934181e+03
2.260600711208029679e+03
2.379233099811178818e+03
2.163996609069510214e+03
2.304597632608087679e+03
2.147208582252314045e+03
2.627775512833838548e+03
2.204519830924446524e+03
2.058592473060816701e+03
2.602872002984454866e+03
1.470600303007828643e+03
1.229428841908498498e+03
1.513010450223955559e+03
1.897149436107264592e+03
1.077145425707816230e+03
8.929982053312551216e+02
8.281287551090076704e+02
8.081097978847352579e+02
6.824518220794817580e+02
8.910284270182766022e+02
8.667663498738373846e+02
1.244010773547113558e+03
1.096243275214653067e+03
2.172730659439329429e+03
2.409518334321595376e+03
1.943355051013169259e+03
1.393565730598902519e+03
1.680229219092203721e+03
1.619169169263050208e+03
1.284329889966197698e+03
3.439687097902692585e+03
3.872508656149043873e+03
2.971745644507005181e+03
2.802496881496719197e+03
4.007725623285221445e+03
5.065486624732306154e+03
3.900394041526835736e+03
4.492225013948742344e+03
3.280241940271796011e+03
4.091590813301560956e+03
4.803450136654899325e+03
3.839418651317846980e+03
3.246091758387075060e+03
2.584414999853610425e+03
2.349638633337864121e+03
2.121303876438411407e+03
2.056943949954170876e+03
1.854508549366318221e+03
1.474125076786983527e+03
1.156667919132243696e+03
1.341820287448143972e+03
2.327714211655240433e+03
2.110683635617470372e+03
2.210576050974440022e+03
2.241050931246149503e+03
2.186002169140817387e+03
2.560462931014467813e+03
3.074754968285314135e+03
3.726188261569670885e+03
3.572780093291368303e+03
3.614629318534111917e+03
3.603002426836643735e+03
3.658788637113703317e+03
3.540204034747109745e+03
3.740186538714418475e+03
3.859520157899950391e+03
3.033761712450731920e+03
2.301967191142986849e+03
2.629864423903658462e+03
2.855973183800499555e+03
3.755179266815588107e+03
2.069700898236968897e+03
1.853430764385274188e+03
2.042126255758033267e+03
2.172578194146736678e+03
2.128671391825864248e+03
1.590997106114089775e+03
2.151951845023060741e+03
1.736152751518342484e+03
1.572080712694331623e+03
1.678434132012227792e+03
1.512869492413156877e+03
1.839294904252373954e+03
2.318030815740969047e+03
1.342577287470443480e+03
9.963706582542466776e+02
8.228171258770003078e+02
1.390766981829036013e+03
1.135658755546653083e+03
1.716874217762355329e+03
1.144739019918779604e+03
1.214620014864123732e+03
1.739822808586615565e+03
1.577360585572665514e+03
1.844641601313803676e+03
1.287782463474800352e+03
1.408094704779741051e+03
1.709980678857046769e+03
1.787859075102403040e+03
1.218866258159287099e+03
9.105893565425716361e+02
9.697608236299578266e+02
9.538709447023027224e+02
9.784505442476302051e+02
8.756425359218106905e+02
1.128899241930088465e+03
1.135019363442034546e+03
1.122470254383006022e+03
1.623987433136141135e+03
1.251944682498956354e+03
1.702586297087766070e+03
1.591687643049548115e+03
9.285875188758304830e+02
1.035583089516361724e+03
1.164800414917400303e+03
1.834621453175053148e+03
3.500530936848770580e+03
3.141042301967536332e+03
2.642555481229317138e+03
1.741106286412982172e+03
1.906761536431636159e+03
2.055466498659613535e+03
1.124449414338449287e+03
1.369626717336142974e+03
1.622466499036006098e+03
1.027411217856312760e+03
1.062661706375889253e+03
1.082995056674085845e+03
1.337547479847277373e+03
1.544909785021323387e+03
1.387910000763255539e+03
9.160896205575674003e+02
1.104989291115351534e+03
1.968786350563588258e+03
2.043164384696776779e+03
1.393123920287101555e+03
1.309822080736360022e+03
1.560950825674457292e+03
