2.071204057849682158e+03
3.197290658591224656e+03
2.434013535285798753e+03
2.152467927181819505e+03
1.912011978967477717e+03
1.135560412080122433e+03
1.772114839200264214e+03
1.911023751192612963e+03
1.984036067815944989e+03
1.327984570675308760e+03
2.595257604555596117e+03
3.422810855746732159e+03
2.166120096761166678e+03
2.718662693421238146e+03
3.634917874591959844e+03
2.583927379866620868e+03
2.561977063811803419e+03
3.999495580841814899e+03
2.680291650475000552e+03
2.798656524001967227e+03
2.722284186634213256e+03
3.023107750492169998e+03
4.199696740896762094e+03
3.313558639135975682e+03
3.402949795545935103e+03
3.144238778596074098e+03
3.033868186394695385e+03
3.725115807573083202e+03
3.174600087179861475e+03
3.418291770330514737e+03
3.053696062353073103e+03
3.241013240987952031e+03
4.441586068202614115e+03
2.563096996498242788e+03
2.070344258246706886e+03
2.387185736220580566e+03
3.876157156024949472e+03
2.946046829424590214e+03
3.609359376885307483e+03
3.746362494209482975e+03
2.598427538361191637e+03
3.454091434083431068e+03
2.590663761108615290e+03
3.232822044992899009e+03
2.759845458268605853e+03
2.934877195990388373e+03
2.668872025990796828e+03
1.479292021420901165e+03
1.925921706165345086e+03
2.340993785268666215e+03
8.881897697566136003e+02
3.333701253155945778e+03
3.589570892299424486e+03
4.101552224999257305e+03
4.392039026294220093e+03
3.762743218424023325e+03
5.452416878925638230e+03
4.630486720156080082e+03
5.050155672571379000e+03
4.616952130091334766e+03
4.925996938063371999e+03
2.832561800255706657e+03
4.108483928551468125e+03
3.954949322186558675e+03
3.933554537043544769e+03
2.772179081544438759e+03
3.489605214984674603e+03
3.757332298007720055e+03
2.387767932189522071e+03
4.140686383842727082e+03
3.014647324713154376e+03
2.735213701513934211e+03
3.534307327734267801e+03
2.976319793759506865e+03
4.783942070751800202e+03
3.793611545497614316e+03
4.334966676495245338e+03
4.814976106561636698e+03
4.579980728456122961e+03
3.883609713291494245e+03
3.793771137245061254e+03
3.466496686013876570e+03
3.789685199895881397e+03
3.764539206851811286e+03
2.676674908913818399e+03
2.590585924168746715e+03
3.397402757031064993e+03
3.657547633230377869e+03
3.456107376608494178e+03
2.444066770314416317e+03
4.654910385116873840e+03
3.983757444284149642e+03
4.585966313208221436e+03
5.101172868787570224e+03
5.313369630238473292e+03
4.670423733437051851e+03
4.154322060918409079e+03
4.227924259860196798e+03
2.984680558315035341e+03
3.267146321435753180e+03
2.235986200126311360e+03
1.851939152056565945e+03
1.762537433148168930e+03
1.333161115271236440e+03
2.050506997314968885e+03
1.547573381618607755e+03
1.885776640566493370e+03
1.854178436311998666e+03
2.908799386760863854e+03
3.561601455922163041e+03
3.823028319981660388e+03
5.106172344499289466e+03
2.827165980209969803e+03
4.451862604769025893e+03
3.532444385657921885e+03
4.270932283722642751e+03
4.762847894321093008e+03
5.117144656398110783e+03
6.061260206340120021e+03
4.436096736006399624e+03
4.605299896559903573e+03
4.204069509939035925e+03
3.801135324876395316e+03
2.746412737550348993e+03
3.211971839443910085e+03
2.264175147010510955e+03
3.504314339118501721e+03
3.397846757455200532e+03
2.325507146872870180e+03
2.356700155437072681e+03
2.619152591132553425e+03
2.649619579224943209e+03
1.720928867811329155e+03
1.919860345187206349e+03
1.688803949088839545e+03
1.358101477092386176e+03
1.210690805910171093e+03
1.098282700087035892e+03
2.054434121826720911e+03
1.086812830108817707e+03
2.663700792768368046e+03
2.731552740108426406e+03
3.159806911731466244e+03
3.551787009299785950e+03
3.079975554669006669e+03
2.909128112474817954e+03
4.166645942387168361e+03
4.269537694101823945e+03
4.442526202506965092e+03
4.297435591992218178e+03
2.457973164048748913e+03
3.651869088044170439e+03
3.490449075346607060e+03
3.781500351612270606e+03
3.738610545240821011e+03
3.965166682770502121e+03
3.967618219944846714e+03
4.966163970274093117e+03
2.905872312784884343e+03
3.289442277979105256e+03
4.983614851162023115e+03
4.391625426407525083e+03
3.429787484056215817e+03
4.149744559113423747e+03
3.452939130138196106e+03
3.691336059741509416e+03
3.076774664087462952e+03
5.693427590444222915e+03
3.982365247125375390e+03
5.185500043052217734e+03
2.323897015204476702e+03
3.860801268478244310e+03
4.654728408662287620e+03
4.612091793642983248e+03
4.553732433550831956e+03
4.342001879058572740e+03
5.552951227143521464e+03
5.952150475708946033e+03
5.488239241748544373e+03
4.264571355378458975e+03
4.303326029400028347e+03
3.971180228308864116e+03
3.846191029930550030e+03
4.450002655292983036e+03
4.227045186763422862e+03
3.674576221106429330e+03
4.227335563129209731e+03
4.434669999537686635e+03
2.658979583964138783e+03
3.197340199580023636e+03
1.641266081131784404e+03
1.733958063875837070e+03
1.845973953357714436e+03
1.356475842361809100e+03
9.041043768074495119e+02
6.428881645176032862e+02
6.779885897941169333e+02
2.052398332576776738e+03
1.209273678589015390e+03
1.194950103769880798e+03
8.042882709041318776e+02
2.823508705712938536e+03
4.123326379643533983e+03
5.269638289294958668e+03
5.693227193127387181e+03
4.821239005919415831e+03
7.705670139291998566e+03
6.360740410634052751e+03
5.619136356494725987e+03
7.003611281995617901e+03
4.617846429354301108e+03
9.174991724449955655e+03
6.136467731885612011e+03
3.909089462332575749e+03
6.624444942043388437e+03
5.227568680412972753e+03
6.441340416402587834e+03
4.182224637216048905e+03
4.244878885044029630e+03
3.816817713608974827e+03
4.301684677029822524e+03
4.932394056550665482e+03
5.612715470208837360e+03
2.833357114071677188e+03
3.829603788488286227e+03
2.974067128821919141e+03
2.298400931670674254e+03
2.036373227179605692e+03
1.791037620568278726e+03
1.550782382318441705e+03
1.932489676392129923e+03
1.766578663371069524e+03
9.526172509964404753e+02
1.402818266824726379e+03
9.805192515402410436e+02
8.627753017126938175e+02
8.059372688276705503e+02
5.070071782412880452e+02
6.885988391347394781e+02
1.433030726865606312e+03
1.279227443023632532e+03
8.659860505688768626e+02
8.003702756630202657e+02
7.659639762622319950e+02
5.327674443145406258e+02
6.367496430479586706e+02
7.843602171660236309e+02
7.698824632804836483e+02
1.011659132442156761e+03
7.331426631788029908e+02
8.765841801414653673e+02
9.766297493299651933e+02
8.834909665633621216e+02
9.513820262343733702e+02
6.509018496798195201e+02
8.056164238077928985e+02
1.175952856042758413e+03
2.296965344682228988e+03
2.333375322851800320e+03
1.126962625344551952e+03
1.149929242246163312e+03
1.248622075742802735e+03
9.357680369714848894e+02
8.977664913406944152e+02
7.782258908207768400e+02
8.693812084626655405e+02
8.210984938159521107e+02
1.056029719469440579e+03
1.077595472586255028e+03
1.134178688302065211e+03
9.379678825828203799e+02
8.986188378061966660e+02
8.219561628635359511e+02
5.431733357119932180e+02
7.065899895712274201e+02
8.048010136563422066e+02
8.685131851096878108e+02
7.335404251961033424e+02
8.724126589320159155e+02
8.890307709672456440e+02
9.173607556846959596e+02
1.212246973150653503e+03
5.121760329625423083e+02
7.470114717560858253e+02
8.773701490155664260e+02
7.484989730407933166e+02
1.021585062110154126e+03
6.177130955938148418e+02
6.146203698032519469e+02
6.203019490233016313e+02
6.803412943621577824e+02
7.648669547414398266e+02
9.953917911004050438e+02
1.638742444582555891e+03
1.837546522113581204e+03
1.519429177123706495e+03
7.790990783539771201e+02
4.599546218709462551e+02
1.076918592554819270e+03
8.034879949396555503e+02
1.014265101652349585e+03
1.243453272434542896e+03
8.664115020378606005e+02
8.239170206029579049e+02
7.716031000880747115e+02
9.646101485286162642e+02
8.223753597664268682e+02
8.313991748353430467e+02
1.088089044026605961e+03
1.678262439057839174e+03
1.802790571627069767e+03
1.331047494850408157e+03
2.096372358805368094e+03
1.774134394283342772e+03
1.545391826027579555e+03
2.522221019848400374e+03
3.123617299958957574e+03
3.133892833408031493e+03
4.191775227152256775e+03
3.070945991511393913e+03
3.232593818619568083e+03
3.990809542102735122e+03
3.092745259601007092e+03
4.360442484286971194e+03
5.050153205916409206e+03
5.435793891754915421e+03
4.077594862323708185e+03
4.086807921184612042e+03
4.639572533977233434e+03
3.528512571100480272e+03
4.023377757680361810e+03
2.883486304901462063e+03
3.166983038954121184e+03
2.689251370499958284e+03
3.745237621214114824e+03
4.388055340721633911e+03
3.220220477399401261e+03
3.464810083079080414e+03
3.716254022753702429e+03
3.152523454755292732e+03
3.306308021491880027e+03
3.869981269218156740e+03
4.917634781004149772e+03
3.806974596422652667e+03
5.080851479890463452e+03
4.703294928255615559e+03
4.317746617478986082e+03
4.495080107874064197e+03
4.379483460033058691e+03
4.844049162413152771e+03
5.200912813192896465e+03
4.393712663979110403e+03
4.425208264094586411e+03
5.147379523593415797e+03
4.786162323237354940e+03
3.521382199741110981e+03
3.897759550432630931e+03
4.134310427743034779e+03
5.074996680226813623e+03
4.680889287971651356e+03
4.334262300415090067e+03
2.771479496869447303e+03
5.536756220449356988e+03
5.495376226183809194e+03
3.976586719794165219e+03
5.922253726586041921e+03
4.348997474172011607e+03
3.961469127527419914e+03
4.048818389649349683e+03
4.046940037088023928e+03
3.522083532703031779e+03
4.056486947163579316e+03
2.824189621101453213e+03
1.386276975919516190e+03
1.731176920534000146e+03
2.042452106798109298e+03
2.114297512377209841e+03
2.594758885794240541e+03
2.850667153155440701e+03
2.982505441175855140e+03
2.078200772849485020e+03
1.390752209320706470e+03
2.549695160006850074e+03
3.392338881191475139e+03
2.269052637496788975e+03
1.986295131181875377e+03
2.585463810373041724e+03
3.006769108591687655e+03
2.855517168055593629e+03
2.892118979467168174e+03
3.136418719626768052e+03
3.300437902120759645e+03
3.237708671766432417e+03
3.775191222555557943e+03
3.575417709948514130e+03
4.360680961570618820e+03
4.459224908972968478e+03
4.258899271442074678e+03
3.935003189948812178e+03
4.735082443410986343e+03
4.038690846416476688e+03
6.271953790274348648e+03
3.369919188334483351e+03
2.219956809630180032e+03
2.622364716409507309e+03
2.681619538033259687e+03
3.172387771622069977e+03
2.338040912102856510e+03
1.529604484427994976e+03
1.383895971209590471e+03
1.205507548776919521e+03
1.271801171367214010e+03
1.263143728503782768e+03
1.468919323801595510e+03
1.365064628348848601e+03
1.398202826239346905e+03
1.049403402842339801e+03
8.804895001040057423e+02
1.158235110802973168e+03
1.152474991243134582e+03
8.299487331127533025e+02
1.075534021959329039e+03
8.510562146025126822e+02
7.096835920178698416e+02
7.024674706877461858e+02
9.358119576595672697e+02
5.673645354151664151e+02
6.776451092900795175e+02
5.152251812338117816e+02
1.012596032718042238e+03
1.301111613009002440e+03
1.142724300368448667e+03
9.553259071866791601e+02
1.048761460862901458e+03
1.185405860517960491e+03
1.558438900681597943e+03
1.226511956455561858e+03
1.393730710558496185e+03
1.410052657968743915e+03
1.222203117800543168e+03
1.925603712382658841e+03
2.283835593157575659e+03
2.491340310070851046e+03
3.304391687844150965e+03
3.979065889698682440e+03
3.741542678050478571e+03
4.705315874589467057e+03
4.978877546248254475e+03
2.838198854177165686e+03
1.883458964514519266e+03
1.792113356406763614e+03
2.446556215479079583e+03
2.436269148304887040e+03
1.867971455931955688e+03
1.514354451314786274e+03
1.959379141880198631e+03
2.051044501945776119e+03
2.560096610065630102e+03
3.865235195883428332e+03
2.507238624571104992e+03
2.907734199145374077e+03
2.705804825523307954e+03
2.990003154724684464e+03
3.113028900388767852e+03
3.886513486335885318e+03
3.730457325353511806e+03
3.096718192600505517e+03
3.092156009190154236e+03
3.897847889220365687e+03
3.096881427288242776e+03
2.917329639294148819e+03
3.172576373319411232e+03
3.552893381155027328e+03
3.032427415242150801e+03
2.256606693723040735e+03
1.722396735339705629e+03
1.753840974222633122e+03
2.796445009119450788e+03
2.576005632801656702e+03
2.339290285381314789e+03
1.630505734996265801e+03
2.741738009072422756e+03
2.882527125134318339e+03
2.415146721650868130e+03
2.437209919796820486e+03
2.247173648879590019e+03
1.802065319174567549e+03
9.746625536207301366e+02
1.046802593107890516e+03
1.173970995349257691e+03
1.124139415175783142e+03
1.034189514614708969e+03
3.588739547919603865e+03
4.630667054753506818e+03
4.422722122199038495e+03
4.874924541101188879e+03
4.054003960299203300e+03
