4.711751265948510991e+03
4.820848650376192381e+03
3.973470212697352054e+03
2.894828850368734493e+03
3.134404760719974547e+03
1.198278685284377389e+03
1.096516425920079200e+03
2.625694834043279570e+03
2.302660317317146109e+03
3.002473695647164732e+03
3.704790421827499813e+03
3.761295220618661915e+03
2.651847880478015668e+03
2.690918678579232164e+03
1.707673609624996743e+03
2.512141875438127499e+03
2.760285711067457669e+03
2.040991079378323775e+03
3.588590263812807279e+03
3.000302727164402768e+03
3.796988859910285100e+03
2.772256656620297690e+03
2.403056181659240337e+03
3.563541091437889008e+03
3.140985943895017044e+03
3.313413523840769813e+03
3.539634139651660917e+03
3.769227976569143266e+03
4.371682817972103294e+03
4.022320021896245180e+03
3.632546801173908079e+03
3.475383897973584681e+03
2.462335328316353753e+03
3.319945820381753492e+03
3.191962380883594960e+03
2.231804978853013836e+03
3.074705884031736787e+03
2.301618090372806364e+03
2.740023718293560705e+03
3.204517453350390042e+03
2.162622755939856233e+03
2.370988909771816907e+03
3.216935629954505202e+03
2.649695264044824398e+03
3.777672651733475504e+03
3.133599043348560826e+03
2.816232359190984425e+03
3.917001168021447938e+03
3.733256435564213007e+03
3.231634200377613979e+03
2.696767374659506459e+03
2.745172088924902710e+03
1.997318919238302669e+03
2.024704156129794683e+03
1.272649184659476305e+03
1.599889669676778112e+03
2.635173506912257380e+03
2.384500110510249215e+03
3.501142158972636480e+03
2.026903235180041065e+03
1.734667099535573243e+03
2.769150618037972436e+03
2.514729051369900390e+03
2.848741693777561522e+03
1.837527507268279351e+03
1.875423626325561827e+03
3.969854334330484107e+03
2.324960683327245533e+03
2.925415128210909188e+03
3.187154347159519602e+03
3.099191295040114710e+03
1.689996784420271524e+03
2.872973511600032452e+03
2.211905598183837810e+03
2.592245490554951630e+03
2.555727417412453178e+03
3.029939723060938377e+03
3.089806901160131474e+03
1.605157132207717495e+03
2.697841801601726274e+03
3.576502125856646217e+03
3.072080944518139404e+03
1.896542636730433060e+03
2.050986298434375385e+03
2.225848157212493334e+03
1.860872061037613548e+03
2.450650544936799179e+03
2.138048296210777607e+03
2.732679782513291229e+03
1.591235731886868962e+03
1.564080455524521085e+03
1.331373449557142067e+03
4.202825547247371105e+03
4.877856228154506425e+03
3.271356335841838700e+03
3.348017805155373480e+03
5.461091364596747553e+03
5.387507835168489692e+03
5.625335580139044396e+03
4.003397092035348123e+03
3.474103446839227217e+03
4.295411873039962302e+03
3.580885842574349226e+03
3.768753776315837968e+03
4.308103604473852101e+03
3.630642945578645140e+03
2.058370830097380349e+03
1.959457701474573696e+03
1.229188392696314622e+03
2.181017889293124881e+03
1.716981907982875100e+03
1.734423631101349656e+03
2.480383692000992141e+03
2.478381198265466082e+03
2.367930769382372546e+03
3.676517749829740751e+03
3.110054987217632515e+03
3.730962103855279111e+03
5.453656873636164164e+03
3.630936443360969406e+03
3.212673921343504844e+03
3.608217121753310039e+03
4.659639570608234862e+03
4.022194784502137736e+03
6.565383899586320695e+03
6.203727296697886231e+03
5.818853356045108740e+03
5.798433947789078957e+03
3.580853415284451330e+03
3.889501993783966100e+03
5.833104422638427422e+03
3.984479849244802608e+03
3.966011485151233046e+03
5.780430657300035818e+03
5.561978713602470634e+03
4.012914665559017976e+03
4.492491741092557277e+03
2.398332437332088375e+03
4.652007908970826065e+03
4.425548877362459280e+03
3.360574056085560187e+03
3.716761780335686581e+03
2.975710030525463026e+03
3.785016457135779547e+03
3.173621840102842270e+03
2.762442060274177038e+03
3.751239356395245068e+03
3.455833518618313974e+03
4.491971476074630118e+03
6.285442931903739009e+03
5.976785497062372997e+03
5.132990436817540285e+03
3.946709900017504424e+03
4.096142973712565436e+03
4.366866835041885679e+03
4.785767331076866867e+03
6.047569371223927192e+03
5.411546893573367925e+03
5.573539525118178062e+03
5.644112589778691472e+03
5.645036595626697817e+03
4.612984945002180211e+03
5.598880304378518304e+03
3.192503176734029239e+03
3.923357443122229597e+03
3.862100385131472194e+03
4.261752444894516884e+03
4.291216100961160009e+03
5.034376574726190483e+03
6.816390700123525676e+03
6.927509060930127816e+03
5.256775393520245416e+03
6.713326437951687694e+03
4.828668779828454717e+03
4.640729089757682232e+03
4.641961487062958440e+03
3.340883192033584692e+03
3.858083605123593316e+03
3.075148281519389457e+03
2.918195765513569313e+03
2.745154245180367980e+03
3.204562455970582050e+03
2.903012724689877359e+03
2.856559553082126968e+03
2.542269944839383697e+03
2.688856910135205453e+03
3.503352492402339067e+03
3.567705805450103071e+03
3.522072011126276266e+03
3.367167290635391055e+03
2.675706387207065745e+03
1.406281864178031810e+03
1.253864622029702332e+03
1.114515771363431668e+03
1.605368119208642156e+03
2.785032314157412657e+03
2.318076401276599881e+03
1.777313031245786306e+03
1.138662924083317421e+03
3.917004820759853374e+03
4.520388662147788637e+03
4.271631409667820662e+03
4.088238692626669945e+03
4.194763955448691377e+03
4.537938858655488730e+03
4.132336720066922680e+03
3.528684436922921577e+03
2.918552430411926707e+03
3.921178168922098394e+03
4.064758232642499479e+03
5.333268573038648356e+03
4.750843451723529142e+03
5.233383172965180165e+03
6.198047781499065422e+03
5.984774966205414785e+03
5.289349548803284051e+03
5.115545901883953775e+03
6.404394213288631363e+03
6.593299205423842977e+03
7.269908427447367103e+03
5.512406919140810714e+03
4.579991811309570039e+03
2.708712159586612415e+03
2.902882353514575698e+03
4.100515257739394656e+03
3.003225421602402548e+03
2.608976972015428601e+03
2.944036179270854973e+03
2.509622460358443732e+03
1.936464300774797039e+03
2.171494008907553962e+03
1.899381505548478799e+03
1.784443711817152462e+03
2.246969131161476525e+03
2.149363020632942607e+03
1.851221063699008027e+03
2.820951585190299738e+03
1.576439306269170402e+03
2.305479826784174293e+03
1.890035876108011735e+03
1.767497985203361850e+03
2.324735673058808061e+03
2.066546346463468126e+03
2.028277449593042093e+03
1.486715204589360837e+03
1.586316753232038991e+03
2.096574769757189642e+03
1.803365759594953943e+03
1.781422298867203608e+03
1.552030723832027661e+03
1.702004550602137215e+03
1.477969268629303315e+03
1.919118882877992064e+03
1.875489100014396854e+03
2.336192609993709084e+03
1.469672672530467935e+03
1.260922969943748058e+03
1.267261191981776847e+03
1.106806964882506918e+03
1.506244746166875530e+03
1.819793713964325207e+03
1.352203515964608869e+03
3.168942034168533610e+03
2.311039009829894439e+03
2.326732262986941350e+03
4.167715615172014623e+03
3.402318323369347581e+03
3.889746393919970615e+03
3.708322044208081479e+03
2.149934746346891188e+03
3.648164400317368745e+03
3.343774825357626924e+03
3.133734183403830684e+03
2.894309857312360236e+03
2.799054404214807164e+03
3.075851816536195656e+03
1.972059290410631775e+03
3.763842857691110112e+03
3.222239833375126636e+03
2.769520823920412568e+03
2.758661505287164800e+03
3.339663732930862807e+03
4.000812882650861411e+03
3.587566963045134344e+03
3.701519814850364583e+03
3.650973641536790637e+03
5.776325428595508129e+03
4.610221358358012367e+03
3.158819979650895220e+03
1.959502301770932263e+03
2.491178099824582205e+03
2.440672327024209608e+03
1.443793068097528703e+03
4.143693452700085800e+03
2.393376307483772962e+03
2.710301799377076804e+03
2.226291654504604594e+03
3.249374353430362135e+03
3.325946155204475872e+03
2.680543385807170580e+03
2.902912076933539083e+03
2.394641623743375021e+03
3.672045025368096958e+03
2.859736900784051613e+03
2.166227373378014363e+03
2.026342540676700764e+03
2.846391631991072245e+03
3.141305096362609675e+03
3.161458812390064395e+03
3.559401556106775843e+03
4.461997688767223735e+03
2.592695839766738573e+03
3.470365001682871480e+03
3.602246522791241205e+03
4.482808875672635622e+03
4.802105336588023420e+03
4.352454498418892399e+03
5.598954014129376446e+03
4.353814757604900478e+03
5.418433256910128875e+03
4.921613516868132137e+03
5.845513168058916563e+03
4.642138030537478699e+03
3.417711706064268583e+03
3.065204531725410561e+03
3.520441970148327528e+03
3.555052375837956333e+03
3.020825690359054079e+03
2.356405424490393216e+03
2.676122526212859157e+03
2.902341475997339330e+03
2.201615829730852965e+03
3.149499506284265863e+03
3.487173582031611659e+03
2.776385227482720438e+03
3.094571577055461603e+03
2.922240292658634644e+03
2.926656613880099940e+03
3.603011378330189928e+03
3.243662578636321541e+03
2.734982403098354553e+03
2.527545792920479926e+03
3.980245315569964532e+03
5.027508691858797647e+03
5.141303310692353080e+03
6.744729074203871278e+03
4.500321246782525122e+03
4.263276895271753347e+03
4.794865476241203396e+03
4.634896039429705525e+03
3.989479641789681409e+03
3.830472157468851492e+03
3.619108927798961759e+03
3.864462726096391634e+03
3.246224929490807426e+03
2.826660136555070039e+03
2.801837788588817602e+03
2.745931405893072224e+03
2.913841980066411907e+03
2.874531315236854880e+03
4.071796411125148097e+03
2.708777318327965077e+03
2.793776757773307054e+03
2.742895210947700434e+03
2.494592869250210697e+03
2.196684029299788108e+03
4.126438872622244162e+03
3.968362872401276036e+03
3.131812392286649811e+03
2.361636637605385204e+03
2.680264925285926893e+03
2.539779803649156293e+03
3.023365948172581739e+03
2.735214897810715229e+03
1.843280609810589795e+03
4.072016089611731331e+03
3.990607279374366954e+03
3.527254757962676194e+03
4.320588022480739710e+03
3.721079940488865304e+03
4.345414870025366326e+03
3.636157836508186847e+03
4.034171250577606770e+03
2.353446841918195787e+03
3.045332338765377244e+03
4.776672146525643257e+03
4.234347642797840308e+03
4.650472107384662195e+03
2.166225857071651262e+03
2.773711480395308627e+03
3.413525049272825072e+03
3.322768600594911277e+03
5.455598793235812991e+03
4.925094950259641337e+03
4.228681512887068493e+03
2.995040603424638448e+03
2.807957804040608153e+03
3.308823215557877575e+03
3.125600173587294648e+03
3.468547329399914815e+03
2.821971390903167048e+03
1.977581725942970934e+03
2.220844099799563992e+03
2.370648309059470193e+03
1.144054100829548815e+03
4.234448982976595289e+03
4.827061049129913954e+03
3.375782908130500346e+03
4.845165648686170243e+03
4.689530948940653616e+03
3.919633919327950480e+03
3.944582760615302959e+03
3.124552205045254141e+03
2.813299415433476952e+03
2.202985732847200325e+03
1.355496388505986260e+03
1.439970006423953691e+03
2.782153279755316817e+03
2.112186189123661279e+03
1.374772566969930494e+03
1.263122088828903543e+03
2.292727433590714554e+03
3.326241660455135388e+03
3.632939129296343708e+03
3.212283907424768131e+03
3.842611034544698668e+03
2.448637840575649079e+03
2.654858842982191618e+03
4.240870512641213281e+03
3.190393270621614192e+03
3.679928388299051676e+03
2.797985265305903340e+03
3.576907600695116344e+03
3.876388421795688373e+03
4.147834419501252341e+03
4.381327669319330198e+03
5.609460134361042947e+03
5.771545347526705882e+03
6.830654579271434159e+03
7.094977217400786685e+03
5.650415523670679249e+03
5.725683004318510939e+03
5.647805444917459681e+03
5.103313394065176908e+03
5.634066871157691821e+03
6.074723224236491660e+03
5.509365452801876017e+03
5.962041390810178200e+03
5.275777788255384621e+03
4.258999706789843913e+03
5.416640319839229051e+03
4.911981187782541383e+03
3.707534660266730498e+03
3.610119693362140424e+03
2.977626315269928455e+03
3.451629866147328357e+03
3.319999693788251079e+03
4.337632580148335364e+03
4.467624122791231457e+03
5.104152812013398034e+03
3.267725070225862055e+03
4.772690900338368920e+03
3.679553386952734854e+03
4.210358863569682399e+03
3.827209793322688711e+03
4.148190855962123351e+03
4.210281886723114440e+03
3.879882822333753211e+03
3.735182135509249747e+03
4.114379538326605143e+03
4.621364173728331480e+03
4.850680365979773342e+03
5.033422071004813006e+03
4.625839283607590005e+03
4.458449807882566347e+03
2.657939821740009393e+03
4.049799024706452656e+03
2.275506815045634539e+03
2.435050472612861086e+03
4.269585554526249325e+03
3.579626710637387077e+03
3.695790222788575647e+03
3.329032761327082881e+03
3.495419566289277554e+03
2.961101430451019496e+03
4.050379635148768102e+03
5.207282789469431918e+03
4.220174404789478103e+03
2.813036880907332488e+03
1.786014636776503494e+03
1.770975389049372097e+03
3.795197666403872972e+03
3.318292022480356991e+03
3.353870720532664564e+03
4.332416201427196938e+03
4.142318210279551749e+03
