2.862463422111770342e+03
1.919484241082895096e+03
3.676389946738495382e+03
2.723843923004134012e+03
5.344536269015999096e+03
4.870950400178703603e+03
3.498181546498349235e+03
3.832692414248132081e+03
5.101534138537914259e+03
5.179847114186980434e+03
4.557555999728106144e+03
3.823813346263590120e+03
3.870596699910232473e+03
5.057661514006153084e+03
3.273183761870503076e+03
3.483110685206533617e+03
3.850167034219143716e+03
2.650080591060750521e+03
2.072813805623553890e+03
3.616988902084840447e+03
4.836202734316543683e+03
5.286490151073251582e+03
4.870920966093233801e+03
3.563939350194959388e+03
2.907902150433141287e+03
4.368050436563973562e+03
4.633276077831856128e+03
4.096120975502603869e+03
4.030383260975120720e+03
3.468236346497424620e+03
3.958011067693607856e+03
2.565322503095552747e+03
2.979414781084306469e+03
2.910366710937058997e+03
2.287474463773442039e+03
2.129593486433268936e+03
2.471138581851019353e+03
2.721528281909094403e+03
2.912775604709909203e+03
3.342527086774867712e+03
3.037216831507890220e+03
3.062389110503128450e+03
3.913572932284567287e+03
5.219573683128877747e+03
6.356514326414522657e+03
5.689184551155043664e+03
2.674980105744435150e+03
4.090044644686882748e+03
5.043156014680728731e+03
5.523716426950548339e+03
3.571746513528025389e+03
3.336664474792919464e+03
2.853435626482012594e+03
2.469902235911736625e+03
2.735437901637500090e+03
2.287500486252963128e+03
2.009456975843145756e+03
3.260554794145028609e+03
3.135578156564909477e+03
3.279499974712084622e+03
1.214923792287273500e+03
9.453733610482419181e+02
1.755579089223764413e+03
1.842992024489211872e+03
3.363410656999424646e+03
2.920563573461659416e+03
2.350237751372092589e+03
1.925302676288360090e+03
2.688127043662375854e+03
2.117938481203055289e+03
2.264150573640482435e+03
1.629091711192851790e+03
2.070249087656075062e+03
2.115329210714330202e+03
1.991257508096931133e+03
1.581351173051719570e+03
1.593544468713204878e+03
1.290214220581434802e+03
1.497683413046403530e+03
1.568899830179422906e+03
1.090329365884297658e+03
1.949746596510987274e+03
1.963150937953242646e+03
1.629836890657882350e+03
1.415545450859280436e+03
1.782711601651408046e+03
1.149346425034725371e+03
1.256748675227598369e+03
1.540906212787061804e+03
1.652376112157859097e+03
1.419446502844714587e+03
1.553075656526430748e+03
1.483848635054000624e+03
2.058007759456896565e+03
1.906429505048722149e+03
1.265794763505455421e+03
1.335521326309800543e+03
1.331811673223114212e+03
9.814717808605300888e+02
1.506642821750874191e+03
1.307691737828415853e+03
2.966874702705448271e+03
3.031881261224305945e+03
1.515389414759738429e+03
1.380864259579662075e+03
1.231603255964288564e+03
1.456224756494409348e+03
1.505200953442497166e+03
1.797914983014886275e+03
1.200411573554728420e+03
1.099250542901370409e+03
1.264433160096450138e+03
1.159265049293447646e+03
1.101706418397870266e+03
1.506872739699244448e+03
1.199325514106372111e+03
1.123468352634523171e+03
1.039583710598545849e+03
1.211072336445257406e+03
1.264206699889439506e+03
1.204206358312875636e+03
9.185454791714489602e+02
1.183581736572101590e+03
1.424179345093355550e+03
1.707003401110804816e+03
1.734171916517345380e+03
1.036148735020920185e+03
1.471770159353530062e+03
1.730786760892712664e+03
1.632472773850749036e+03
1.272064856378797685e+03
1.970433191577622893e+03
3.180514222360369786e+03
2.857254546369012132e+03
1.311570987550480595e+03
1.337347631040140186e+03
1.292446557566995352e+03
1.231133562870195874e+03
1.246130838718188215e+03
1.404267534872681381e+03
1.077330721703877998e+03
1.385768744553527767e+03
1.280437934387063251e+03
1.380422240325414805e+03
2.096440426503272192e+03
2.828546495746331402e+03
1.335100149944624945e+03
1.583399400743796605e+03
1.445189590159069894e+03
1.628254499825605308e+03
1.375095327729177143e+03
2.537479982430038490e+03
1.716145194619879248e+03
2.064524390383552600e+03
1.824381760679240870e+03
1.557671790259437785e+03
1.315245136019649408e+03
1.174079394404022878e+03
1.353553910669164679e+03
1.106318350162970546e+03
1.071675664680805085e+03
9.253619807976880338e+02
1.269069315272414542e+03
1.427258657945530331e+03
1.384582039411944379e+03
1.539894543555137943e+03
1.005712399201858148e+03
9.130250084896990757e+02
1.069949157451596875e+03
1.293141445515167788e+03
1.054692550791746044e+03
1.427683654348371874e+03
1.879043692361780586e+03
1.620160315195185831e+03
1.227570160698037171e+03
1.297819654267763553e+03
1.771422794112973406e+03
3.572111410774507021e+03
4.023945039433140664e+03
3.804663314148975132e+03
1.498936171808776862e+03
1.751240076498166673e+03
1.071918382030804196e+03
1.418117746471529244e+03
1.202027934561611801e+03
1.490358526737962848e+03
1.443946024297848226e+03
1.604792046362863630e+03
2.058456522111462164e+03
1.721964106786028424e+03
1.828214024381677291e+03
2.289873438231278215e+03
1.906311106167667049e+03
2.246723889049396803e+03
1.380322661500886625e+03
1.434722182320597767e+03
1.756171648064847886e+03
1.688930916291254107e+03
1.533278394112554906e+03
1.033325279788889247e+03
1.183861004366613088e+03
1.432465819646829686e+03
1.139880209666665678e+03
1.660628017003904233e+03
1.755942500837646094e+03
9.867550074918208338e+02
1.065973687695742001e+03
1.346694455648141002e+03
1.392816815558289363e+03
1.329904293605532985e+03
1.315731816754144347e+03
1.394626144353769632e+03
1.554410858554068227e+03
1.173634829181191435e+03
1.429095552108974744e+03
1.674368737579963408e+03
2.375811523525200755e+03
2.049806088326574354e+03
9.384001014231735098e+02
4.617237070265452530e+03
4.063144546154794625e+03
3.643409988899353721e+03
2.310850139502403181e+03
9.559363701957845478e+02
1.595724178027455764e+03
3.299809373105979830e+03
5.285236697709847249e+03
4.454831706229219890e+03
4.909507356119120232e+03
4.470471688029934739e+03
4.560037512298305955e+03
5.472481224425527216e+03
5.749166059280731133e+03
4.882274535100040339e+03
3.912250419807838171e+03
3.076328585562462649e+03
2.567443402350108045e+03
4.218647408237330637e+03
5.503681239139313220e+03
5.265578634415328452e+03
4.955100430740791126e+03
5.316747990995323562e+03
5.166453156510563531e+03
4.304830817704368201e+03
3.269711771710191897e+03
2.141603129029234879e+03
1.910800416478534089e+03
2.025928998842140345e+03
2.116003279785383711e+03
2.137279754913917714e+03
1.880996384480767119e+03
2.731258195314747354e+03
1.942005338760062386e+03
3.717634429747230570e+03
2.891562945616570687e+03
2.208988158227289659e+03
1.605128037223445062e+03
2.918203160982619920e+03
4.188092230543496953e+03
2.519853924035355703e+03
1.378875343983895618e+03
3.414417756930611631e+03
3.352111531789692435e+03
2.197401210642409751e+03
2.544124997897517915e+03
4.782355963945989970e+03
2.748182852736995756e+03
3.557389037891481621e+03
2.286718776100724881e+03
3.313622862388640442e+03
3.033362703805480578e+03
3.046035823866954161e+03
3.505718450516682879e+03
2.757738924969503842e+03
1.974073650421786397e+03
2.187909361476713912e+03
3.252144939695226640e+03
1.992855980146800221e+03
1.625386125363057772e+03
9.813888742939828944e+02
2.715214362519732731e+03
2.390852707633926002e+03
2.320279225513882011e+03
1.221056435831073486e+03
2.140090268148119321e+03
1.304764158659287659e+03
5.040900818615233220e+03
3.826800930064119711e+03
3.239333550989596006e+03
2.756332238541367133e+03
3.992765494390246204e+03
4.419772263801451118e+03
5.022537618102880515e+03
3.820311366382341475e+03
3.409331784435681129e+03
3.637281874825900559e+03
4.173675171531748674e+03
4.463747532548244635e+03
4.028413309021815621e+03
3.986727277525582394e+03
3.940117221796925151e+03
3.268971012748405883e+03
3.933109810245007793e+03
3.114606244242016601e+03
3.205402956042594724e+03
3.739697599396849000e+03
4.427849206836103804e+03
4.969228235396420132e+03
5.078407157877523787e+03
5.708396802805286825e+03
5.893412341615841797e+03
6.812538840900816467e+03
8.004284349994626609e+03
7.262501213879207171e+03
6.105961859711978832e+03
4.451460097682952437e+03
1.491647571407602300e+03
1.345068174840815573e+03
1.524590050282422453e+03
1.729894151405618004e+03
1.813245029235569291e+03
3.855078672358285075e+03
3.869874526474842241e+03
3.996883374586160244e+03
3.977915517191667732e+03
4.519090415543034396e+03
2.541937633945574362e+03
3.902870020751432548e+03
3.090985852584672557e+03
2.870803372588304228e+03
2.404899497120313299e+03
3.989956944168049176e+03
3.029274140136292772e+03
3.420106413702781083e+03
4.093118718387127046e+03
2.552485513597227509e+03
3.141142001881158649e+03
3.036819526441450762e+03
3.194398450911156488e+03
3.832699794133145588e+03
3.163970600162846495e+03
3.135934145422982056e+03
2.618099890975277958e+03
2.150682417335413447e+03
3.953715269511090810e+03
3.187634782357936729e+03
3.864755905874995733e+03
2.890981908663859940e+03
1.754051932993865194e+03
4.323542987678017198e+03
4.629748201872957907e+03
3.996054587662904851e+03
2.603256323613606128e+03
2.428468095822898249e+03
2.688711481789874142e+03
2.069666477878305159e+03
2.505532780417768208e+03
2.624282898351600124e+03
2.860137376534489249e+03
4.040847825921157892e+03
3.080411719866042404e+03
4.211666463139839834e+03
3.215051944276954146e+03
3.482445561125837230e+03
4.169055946707111616e+03
4.287575860867723350e+03
3.674656752541477545e+03
1.687233856310547708e+03
2.920033558216143319e+03
2.480658072478580380e+03
2.838785539107942895e+03
3.597284894965615877e+03
2.712009286995075399e+03
2.774172841829082699e+03
2.233958308669809412e+03
2.138942237298569580e+03
2.626095335989720297e+03
2.594522942322786548e+03
2.616133720878860458e+03
2.383350850423806605e+03
1.890324951678509478e+03
2.179557660715528982e+03
2.157363351503776357e+03
1.743878134991483876e+03
1.953745628010681457e+03
1.477014484009056105e+03
1.709510706941652870e+03
1.451073710000486017e+03
1.213087514571532438e+03
1.135143679505058344e+03
9.661677318567149086e+02
1.273475099864263257e+03
1.628747672781248639e+03
1.534720430381312553e+03
1.289005611110762629e+03
1.014209064060180822e+03
1.454310456723683501e+03
1.954973073285555529e+03
1.513882729714048764e+03
1.305708872047739078e+03
1.918059425043862802e+03
2.232955166983181698e+03
3.303781373666800391e+03
2.769756808107656525e+03
1.124913115395727573e+03
1.251301680773968883e+03
1.441777123481209401e+03
1.491173965518033128e+03
1.380388717273511475e+03
1.411913291874863035e+03
1.924046322964355795e+03
1.959983297408386306e+03
1.889028719211178895e+03
1.504832483363648180e+03
1.557238084363522375e+03
1.710132367573575038e+03
1.427967850707744674e+03
1.802375285391887246e+03
1.393178816466737771e+03
1.192763426815524326e+03
1.000461670313036507e+03
1.171121320256948593e+03
1.372598207651537223e+03
1.344270617047036694e+03
1.428844514598833939e+03
1.180577948853957196e+03
1.523373584758864581e+03
1.982312254036631202e+03
1.961603747691726085e+03
2.491578448422567817e+03
2.261535708352477741e+03
2.721657665211894255e+03
2.426801630098500937e+03
2.776444878048509963e+03
2.988018221672692562e+03
3.242710435468984997e+03
2.994800188789106869e+03
3.403177998271452452e+03
3.784988065659858876e+03
2.673068751360162878e+03
2.448305314794115930e+03
2.662709293021310259e+03
2.479219773916752729e+03
2.707844637855024303e+03
2.042790309095536713e+03
2.588932466809356356e+03
2.428184984095289110e+03
2.366486479692110606e+03
2.777934251819870951e+03
2.719700689495933602e+03
4.109019948455380472e+03
2.794071115535362424e+03
2.162706980692709294e+03
2.312316609830393190e+03
1.767882338752750002e+03
1.987109673225732195e+03
2.426848167384664976e+03
2.603768688616796226e+03
2.915238552457573405e+03
2.276078831189891844e+03
2.843155489782808672e+03
1.958600234033568995e+03
2.837070758354889676e+03
2.904601602224710859e+03
1.601377761549659226e+03
2.239309821668753557e+03
3.184473857078758101e+03
2.229583231061210881e+03
3.747385480731248208e+03
3.743549209989072551e+03
2.710182842118048939e+03
2.628872247501480160e+03
2.764662447426205745e+03
3.321556504290042994e+03
3.641783373540622506e+03
3.773339907631809183e+03
3.138846309106964782e+03
3.334576045494128721e+03
2.639279458618198078e+03
2.882490660546477102e+03
3.764370423460609800e+03
2.963960561757341566e+03
2.119999912169688741e+03
1.644979292293224489e+03
1.874046562950173666e+03
2.864377741815083482e+03
2.451131791512480959e+03
1.904303088226736918e+03
1.764687250593557565e+03
2.233045294675210243e+03
2.741302128110753074e+03
3.066681573852149086e+03
2.619054173513134174e+03
1.645813066079182363e+03
1.799178773306056200e+03
1.735188510370306176e+03
1.503047693029888705e+03
2.069009228738146703e+03
