2.963281101155180295e+03
3.117653091845708786e+03
3.563479342069401355e+03
3.404957689665725411e+03
4.223094239142928018e+03
3.764330203717972381e+03
3.573974487095468703e+03
1.829777429769877244e+03
2.954117823445115391e+03
2.349871168426141594e+03
1.387871812303651268e+03
1.469289424105362968e+03
1.420097219908644320e+03
1.288260328753424119e+03
1.706791380252260524e+03
1.571569934592451773e+03
1.612374136733207251e+03
2.112729187707485380e+03
1.741284792971391880e+03
1.996011583226273160e+03
1.353549196056726259e+03
2.276754005242703442e+03
2.298934888428201248e+03
1.715176148540753047e+03
1.876895326195190364e+03
1.484461304847813153e+03
1.376216093145407285e+03
1.818620372908381569e+03
3.024196167257479374e+03
3.888968556990381785e+03
5.338035160803634426e+03
4.651513641797861055e+03
4.422088327304774793e+03
4.475243043217870763e+03
4.039242056558053719e+03
4.118717631826974866e+03
3.562661026982606018e+03
2.928938464661908711e+03
3.265801072195493362e+03
3.410303416349856434e+03
2.867805359972351198e+03
2.998281988919786727e+03
2.311799131675519675e+03
2.103196839409240511e+03
1.733792431565484549e+03
1.822792353070633226e+03
2.429033853946356885e+03
2.514563624001850258e+03
2.590235188255232060e+03
2.010578429312339495e+03
1.899890471683981332e+03
1.346227612959238968e+03
1.055951366951542013e+03
9.598864217068088465e+02
2.095959081734209121e+03
2.240466737992348499e+03
2.585763061815071524e+03
3.194785835099443375e+03
2.780548530750946611e+03
2.775205672434274675e+03
3.030603052837036103e+03
3.405542159321769759e+03
4.891494907551195865e+03
5.546499837771245438e+03
4.972199866949202260e+03
4.825643391582219010e+03
4.012540642196404860e+03
2.914111946972884198e+03
5.227515462690210370e+03
3.714548605880549985e+03
5.473838544335304505e+03
3.524089407847224720e+03
2.961863877916884121e+03
2.157909955465494477e+03
1.901171743058352376e+03
1.613779891800771111e+03
2.042529345603971024e+03
2.797888957289054815e+03
2.922068356543319624e+03
2.725216839824123326e+03
1.778755231703541767e+03
1.429365405234456603e+03
1.829212849117243650e+03
2.026986074980797639e+03
1.361473581699740407e+03
1.092598382814867819e+03
9.591339803276172233e+02
1.183361851234401456e+03
6.770037308726253968e+02
1.052644582673173545e+03
1.550370349704384580e+03
1.428412808067009564e+03
3.503288997338600439e+03
4.761673198172226876e+03
4.860887437971293366e+03
5.307231258154655734e+03
4.436944977285042114e+03
2.926723065445447901e+03
1.508583191762936167e+03
2.105507276830330284e+03
1.418683394304498279e+03
2.649939918238317205e+03
2.810263729114552916e+03
2.649347236946722205e+03
3.002720133069823987e+03
3.601909422104396526e+03
3.512823473132348226e+03
3.718223055472210035e+03
3.649838754056649123e+03
3.234426235056082533e+03
3.466564211998384508e+03
3.169115612996698928e+03
3.064737156901777325e+03
2.942051102895276017e+03
3.633814036928531095e+03
4.335304426890853392e+03
3.453153139892094714e+03
1.928802107184837041e+03
4.479119483150281667e+03
5.115764159399146592e+03
3.088505369794528633e+03
2.735532138556919563e+03
2.912717322007861640e+03
2.091392727172876675e+03
1.892070577704622337e+03
1.029028525990882144e+03
1.154185932359511526e+03
9.605271431363352121e+02
1.023416888716139056e+03
6.843364514099057487e+02
6.712345095333938616e+02
7.321637332543855337e+02
6.963831960476112499e+02
9.795556712012790967e+02
1.203144986641573496e+03
1.105216371093900307e+03
1.058798805615836272e+03
1.229487517459917171e+03
9.144243275667262196e+02
1.521632013712393700e+03
1.305617327145907211e+03
1.257355212467273077e+03
1.182661154590324941e+03
1.070571178963427201e+03
1.039084233910575676e+03
9.095430006973745094e+02
1.233366446513035271e+03
1.505512863845649008e+03
1.498189118670516109e+03
1.593004568583400896e+03
1.530466790651322981e+03
1.436858386133229715e+03
1.736577725718082092e+03
1.776148602000826941e+03
1.782423190466889082e+03
1.635660493856727271e+03
1.824455830579845497e+03
1.433006016154639156e+03
1.188515690172017003e+03
1.477611582317891589e+03
1.674676395823491021e+03
1.187754584127178532e+03
1.221228446883702645e+03
9.295259378443897731e+02
1.001468022915110851e+03
1.224635776876865293e+03
1.362282640345958725e+03
1.330042485675133321e+03
1.173514632701616392e+03
7.896357343532716868e+02
6.690715456129601080e+02
8.849139668442578568e+02
9.178363044360171443e+02
8.594315409767986012e+02
7.461238848437214983e+02
5.934962937319570528e+02
6.807830675816128405e+02
7.664964401393467597e+02
7.791939530244363823e+02
8.488851963895679091e+02
7.168558891944168181e+02
7.281106464632539428e+02
7.268934133825913477e+02
6.197400506368419428e+02
8.904309373150936153e+02
8.059337763294304295e+02
9.187152730267968082e+02
2.170952577233518241e+03
2.137289487149242632e+03
1.624233115294995287e+03
1.331803888509897888e+03
1.349475367632296638e+03
1.710842209806819028e+03
1.493319726213604554e+03
2.598502573400539404e+03
2.920507922351921025e+03
3.461031520154468126e+03
3.505278805306614231e+03
3.381615694544401322e+03
3.148974744586274483e+03
3.468951354932420600e+03
3.075502624025341902e+03
3.411661624372869483e+03
2.785334382468612603e+03
2.848552697098939461e+03
3.524745636966669736e+03
3.996765120130195101e+03
3.491108782906486340e+03
2.530138002044387576e+03
4.546144759751661695e+03
4.128396114340342137e+03
3.123129763388658830e+03
3.642967252194461253e+03
3.335107524684840428e+03
3.396921896163560177e+03
4.167992205520750758e+03
3.514583881629679126e+03
5.485814451579410161e+03
4.690806448897566042e+03
3.127421244342079262e+03
5.988971896407102577e+03
5.050697116299442314e+03
5.278680331265618406e+03
4.913446048546469683e+03
3.841130490862584338e+03
5.292656120566907703e+03
4.167149584223773672e+03
2.787317374173647750e+03
3.191975759381450644e+03
3.674904614590599977e+03
2.482507012371218480e+03
3.985021965524926600e+03
3.130420636300278147e+03
3.021993038505958793e+03
3.789265236433678183e+03
3.989627668540240848e+03
3.717960367037294418e+03
3.873981519270666013e+03
3.507334332805524355e+03
3.937177873027324040e+03
4.106469987321797817e+03
3.327254013740673145e+03
3.631027085118615105e+03
3.470541478379864202e+03
1.850504602616458214e+03
2.057219748113004243e+03
1.916040344884460865e+03
3.135741794472918627e+03
2.362094250408806602e+03
2.464600424884482891e+03
1.949483020992713364e+03
1.314067580609996412e+03
1.279034537837966127e+03
1.729810021670009064e+03
3.400753320974370126e+03
3.945188911298270796e+03
4.520259072993995687e+03
3.942696313791677767e+03
5.614893972394150296e+03
5.326339532296289690e+03
3.566270793309075088e+03
3.638254122762610223e+03
3.814265721899455002e+03
3.413243046093604789e+03
2.745160179990216420e+03
2.141944109852049223e+03
1.941843621139141760e+03
2.533642370031775954e+03
2.018921287627173115e+03
2.705315792287319709e+03
3.279236714936128465e+03
3.514276009807882019e+03
3.638579040734206956e+03
2.614304137970539159e+03
2.166821667959998649e+03
2.954019594763374698e+03
2.954622448238076686e+03
2.748217861792446001e+03
2.979786941240816759e+03
3.884463422723060376e+03
3.385393618239832449e+03
2.370473707514223406e+03
3.064367916702797629e+03
3.077117350281010204e+03
3.425434581175707081e+03
2.381827875352189949e+03
1.639569858774116028e+03
1.443310446783279303e+03
1.712251023795985475e+03
2.706522942106676055e+03
1.937868206905259740e+03
1.274296288533264487e+03
1.200215306761057946e+03
1.240776774949035371e+03
1.293024102318308451e+03
1.349639401612489564e+03
1.032941953238614133e+03
2.198420387246694645e+03
2.147548227671080895e+03
3.080823828703534218e+03
3.629549382698514364e+03
3.921818356602329914e+03
4.044379011800288481e+03
3.576561152549331837e+03
3.093080109717894629e+03
3.402307832738112666e+03
2.900418946179718660e+03
3.127721161364809632e+03
2.606165566667645635e+03
4.107418934779876508e+03
4.653247347689242815e+03
1.608843956853245800e+03
1.568190776310528690e+03
1.696028534443292529e+03
1.585173724750037309e+03
1.116970332779054388e+03
9.657413839637954425e+02
7.856095832870917093e+02
9.282408680200961726e+02
8.364114537555369679e+02
8.045578618917689937e+02
7.068798947319967283e+02
9.444142228067178166e+02
8.855730448621009145e+02
9.502798425531839257e+02
1.244407714773957423e+03
8.617783593539614913e+02
8.226280658270354706e+02
9.660849748527625707e+02
1.409137603994643541e+03
9.599787397502859676e+02
9.358614020976386882e+02
1.025461386419532573e+03
8.973618244757360571e+02
7.502736837972063313e+02
7.795587684686009879e+02
1.012628641064691010e+03
1.074115726088447673e+03
9.665783038798558664e+02
7.616579712792571399e+02
7.501987750324666422e+02
7.976358244811791565e+02
8.686822093319533451e+02
2.743076663392054797e+03
1.179267405005271030e+03
1.207092740918123582e+03
4.042794078139378598e+03
3.981460045756149157e+03
4.139929270005381113e+03
5.194054543505665606e+03
6.919324740423066942e+03
3.191520488408254550e+03
5.176257269658076439e+03
4.197130878041452888e+03
3.517593969228105379e+03
5.007671030398199946e+03
5.091077482468619564e+03
4.272630265871208394e+03
4.263543712139881791e+03
6.274852146085084314e+03
4.890364489616766150e+03
3.705220575446130169e+03
5.272057020126471798e+03
5.584454613171560595e+03
5.539157185271384151e+03
3.643389204556612185e+03
4.112862253999868699e+03
3.301623035325957972e+03
3.791012277575227472e+03
4.416642919517813425e+03
3.286847462513684604e+03
3.409411709635958232e+03
1.957404995167801417e+03
1.666528438316111078e+03
1.570812814196178579e+03
1.447966322043374475e+03
1.234757224809119407e+03
1.447562977410776512e+03
1.443889053868674182e+03
1.095785268822779244e+03
1.607964201127970227e+03
1.705427095928406516e+03
1.671612456110196945e+03
1.202544445781279592e+03
1.402363830570082428e+03
1.428804427448769502e+03
8.268018079567829091e+02
6.283117939225616055e+02
6.884777929887825394e+02
4.855714344667269984e+02
9.125361835146411522e+02
7.503558105301723344e+02
9.993423016327066080e+02
7.029321065093116658e+02
7.878788131705945261e+02
8.735629460312497940e+02
8.605413333534373805e+02
9.533837603213252123e+02
8.599775574039882713e+02
1.003499205412839046e+03
8.799491474211616833e+02
1.546527757541261280e+03
1.914569706609941022e+03
2.426502212499090547e+03
2.416657983196554596e+03
2.058346436528680897e+03
1.672611225206999961e+03
1.113766867989242655e+03
1.604747471090998033e+03
1.874033033398325642e+03
2.527401190864468845e+03
2.295729772305332062e+03
1.675099671234603875e+03
1.549187461234323337e+03
1.968553990175505533e+03
1.546945062516223970e+03
1.792812351661485991e+03
1.463829986292502099e+03
1.421299967942155263e+03
1.630327062293079052e+03
1.687607728750748493e+03
1.662607423288055770e+03
1.189070816005295001e+03
1.390802685376936324e+03
1.277891578401228571e+03
1.570003280783059154e+03
1.406953279216862029e+03
7.963904280923836723e+02
1.049325546987871121e+03
1.088044029085566990e+03
1.423621493144588385e+03
1.204688724985572662e+03
7.967030060204314168e+02
7.149132984267326947e+02
7.881737565461687609e+02
7.535223897937173660e+02
6.188670758403860646e+02
7.986818324333263490e+02
7.202484302263717382e+02
8.115545014920322728e+02
8.628033353179142750e+02
1.425552296759955425e+03
1.256573915517331443e+03
1.250298333289538959e+03
7.992760191094073434e+02
9.294302002060813948e+02
4.815877053888946762e+02
5.641644834690707739e+02
4.838760116213783249e+02
9.291828813338315740e+02
1.258169028358369815e+03
1.129005314491708532e+03
1.124738194200511771e+03
8.701203572019305739e+02
9.625235443824216190e+02
8.760708890882769992e+02
7.554470177797048791e+02
1.176228905584523318e+03
1.189898793153971155e+03
1.653218734640397088e+03
6.942593966665842800e+02
1.074950066527265108e+03
1.266679574280765110e+03
1.377634497158379872e+03
1.463495857729510362e+03
1.004669219785405176e+03
8.385423396992516700e+02
8.574979449054712859e+02
1.032747422200905021e+03
1.644856415152417185e+03
1.183526450945502575e+03
1.067520095870527712e+03
7.401990405440540144e+02
1.094465819051453991e+03
1.052012571779063592e+03
7.037820285767310224e+02
7.193221784749264316e+02
9.120628402327124604e+02
9.647770291069801942e+02
8.094916001759344226e+02
6.460982224536927561e+02
9.992949777825265301e+02
6.877273592593768399e+02
1.130455933500488527e+03
1.356003975394653253e+03
1.393754055944247057e+03
1.044804937177641250e+03
7.664925076107608675e+02
8.755245127116347703e+02
1.048416050148591012e+03
1.063101689573143176e+03
9.976854050202521194e+02
1.364266991980403418e+03
1.287169349614974180e+03
1.422705033817164804e+03
1.301850777976426571e+03
8.712455566289418130e+02
7.456860106543471147e+02
9.619028728835393167e+02
