3.482414834950852764e+03
3.380971899200402277e+03
3.425318430260795139e+03
2.322058949849437795e+03
4.454422233967517968e+03
2.246905885504743310e+03
2.780391658329005168e+03
2.746043890680814911e+03
3.351766126551951857e+03
4.263982672479240136e+03
4.086986175708634619e+03
4.718305565668819327e+03
3.498734983271775491e+03
3.683775703219961088e+03
4.187534850923311751e+03
4.712021317702588021e+03
5.507061740352363813e+03
4.809952633970960051e+03
5.816936556361509247e+03
2.848737681831861664e+03
3.021742744123559532e+03
4.549151549274576610e+03
2.913148716122660517e+03
2.904213388122945162e+03
2.167777419302051385e+03
3.938733493106543847e+03
2.553167223138467762e+03
5.155317540967163950e+03
4.871711100620776961e+03
3.815928348586932316e+03
4.979031388470050842e+03
4.175530198496403500e+03
3.193083335856732447e+03
4.421914946558047632e+03
4.722312833300523380e+03
3.155198450384006264e+03
2.937015136528154017e+03
2.434752252213278553e+03
1.989616388205578232e+03
2.614119973144157029e+03
3.314811305596028433e+03
3.999648477106426071e+03
1.648613194268587904e+03
2.167119335274809600e+03
1.896708972650714486e+03
1.592392049543635494e+03
1.669007006477075947e+03
1.361848454366586338e+03
1.969344974979586596e+03
2.024400890221714917e+03
5.065402162849938577e+03
4.673599373965513223e+03
4.409968064878010409e+03
4.212050722670550385e+03
3.503456586486835477e+03
1.250823947675121190e+03
1.479727107376191270e+03
1.288518644562692771e+03
1.251538039072254378e+03
1.249547802479999973e+03
1.523873461244549617e+03
2.561737805426049817e+03
1.719937057897588829e+03
1.805272258153815983e+03
2.458754277927797830e+03
2.428880580716139775e+03
3.209034364992032806e+03
2.103041001423851412e+03
2.257998445850542794e+03
2.018302079141727290e+03
2.059825689978116770e+03
1.976813448941477191e+03
2.411607628534782179e+03
1.708773189632554931e+03
2.105161479669729033e+03
2.491298724433133430e+03
2.599364241187883181e+03
2.425672609457804356e+03
2.290432245072358455e+03
2.291321210041065115e+03
1.675470294929114743e+03
1.279819865716342747e+03
1.702517097585740885e+03
1.703384344587774649e+03
1.631633829681758016e+03
1.697235658681139512e+03
1.471525029581877789e+03
1.309592723402564616e+03
1.203297608109023258e+03
1.323580864071917631e+03
1.262310170067012905e+03
9.579434220956734407e+02
1.850347742791908104e+03
1.658163822570518050e+03
3.994972522204356665e+03
2.727756765926708340e+03
2.685709104789660159e+03
4.851598964670505666e+03
6.203220918517448808e+03
6.307885975126993799e+03
3.184090359454177360e+03
3.481528235005494480e+03
3.130452850004983247e+03
2.304561632319409455e+03
2.421799878492921835e+03
2.441780461029064099e+03
2.540783737515121175e+03
3.374152067854951838e+03
2.285299070978652253e+03
3.601939923456200631e+03
5.011081621703915516e+03
4.109142694861960081e+03
5.421621777355514496e+03
5.007853375308606701e+03
5.113870587866940696e+03
5.096942053643524559e+03
4.716719329831777031e+03
4.850662042451567686e+03
5.381112098763137510e+03
6.798863796653079589e+03
4.214631643820281170e+03
3.819730894690306286e+03
4.189183508116040684e+03
2.617492582157165089e+03
3.204970721061137283e+03
2.803814404756161366e+03
3.134037238421353322e+03
2.800985062922808993e+03
2.450555972457871576e+03
4.024079397807187434e+03
2.945267465225344949e+03
4.412741005319889155e+03
3.681197390284171888e+03
4.281767346617923977e+03
3.928903960147978523e+03
4.795516782397393399e+03
4.151991670053040252e+03
3.287054690299910362e+03
4.037043963352872197e+03
3.523987906301163548e+03
3.581040329524674235e+03
4.350356273585331110e+03
4.368158735856997737e+03
4.449338590474337252e+03
6.396468235022595763e+03
6.250567058173122859e+03
7.096883971870808637e+03
6.121741833885238520e+03
5.028690915734013288e+03
3.707689484886580431e+03
2.447498283518759308e+03
5.578705945072663781e+03
3.498631928462849828e+03
5.574067443973184709e+03
4.680798802279779011e+03
5.351253510511627610e+03
3.349395486889372023e+03
3.066719476499010852e+03
4.067847055548929802e+03
4.068690371782448892e+03
3.647650546988267706e+03
3.186979957228970761e+03
2.557589833823221852e+03
1.389831602355180166e+03
2.045915728625603151e+03
3.369578330414466564e+03
4.069850593408327313e+03
2.987075268447112194e+03
3.604552349892386701e+03
1.437507513039331343e+03
3.128798440875162669e+03
5.093659401509186864e+03
5.289118325027518949e+03
3.203199361302466514e+03
2.025540975935052302e+03
2.478198048904575444e+03
2.216912141588357827e+03
2.721019851067646414e+03
3.076645505887822765e+03
3.638115248404631529e+03
6.540453709731746130e+03
5.070564670101541196e+03
4.182293519097139324e+03
4.977163311337675623e+03
3.241963678106939369e+03
4.624321714348561727e+03
3.724638026850193455e+03
4.635239999187781905e+03
3.070088116570007060e+03
4.669582834169239504e+03
3.513274425383200651e+03
4.940271499187992958e+03
2.708801019999480559e+03
3.572289140504120496e+03
4.427314851203001126e+03
2.460584585286856964e+03
2.837843991516941514e+03
3.449018448170259489e+03
3.746882706959707775e+03
3.771059195544070917e+03
3.639866944283895009e+03
3.352222361690223806e+03
4.281959467364840748e+03
3.170837793192074969e+03
3.978437226783044480e+03
4.021885863563568819e+03
4.599090592567844396e+03
4.274433862880410743e+03
3.655540953359490231e+03
3.057109067291267820e+03
2.619656886667565232e+03
4.387661201859489665e+03
4.338532368562843658e+03
4.624121960115387992e+03
2.402609813960130396e+03
2.313259815301933486e+03
1.941402648784835037e+03
1.248192222123325337e+03
1.933755690969039733e+03
1.080380484329928549e+03
1.498222421758180644e+03
1.463049625247728045e+03
1.552314272695780119e+03
1.370340147462020013e+03
1.362112068743239661e+03
1.308519551569745772e+03
1.314459635112090609e+03
1.952053247655159566e+03
3.272659143704275266e+03
3.756685774310886700e+03
3.501810183648434759e+03
1.223279568063570878e+03
2.125278836338201472e+03
3.804089281978046074e+03
4.051144569184222746e+03
2.012549661915393472e+03
2.052087808567986940e+03
1.895238318248642599e+03
1.484446752080279339e+03
1.350193360160299790e+03
1.210901703945357440e+03
2.687757405386024402e+03
3.572469864191483339e+03
2.513231118227452953e+03
3.293577779953444860e+03
5.534744563701078732e+03
4.276455887284122582e+03
3.042233618314691739e+03
3.629390102300063973e+03
2.797574067950873996e+03
5.391857602540323569e+03
5.966217534247090953e+03
5.099940311057437611e+03
5.419683816141867283e+03
6.236987664510177638e+03
4.970667459529317057e+03
5.168548590096958833e+03
5.016580225625327330e+03
4.315158776860875150e+03
4.233882890378990851e+03
5.177845603551695604e+03
5.865596061910480785e+03
5.091772123340108919e+03
5.600715302809311652e+03
5.159478687946492755e+03
6.058896160428448638e+03
6.186595037861844503e+03
5.651950220801538308e+03
3.770648613349239895e+03
3.456819152799651420e+03
4.865646201384389315e+03
5.282554132557110279e+03
2.448326694810255503e+03
4.341707044654201127e+03
6.182677173647340169e+03
5.547570022167910793e+03
3.597717427641659924e+03
4.372923410548220090e+03
4.849868103758547477e+03
3.799303061859827721e+03
3.359342886467396056e+03
2.747616470821894836e+03
3.457842324025042672e+03
3.178985318411183016e+03
3.274208681236565099e+03
3.708912059317209696e+03
2.041935008566426632e+03
2.670258659919713409e+03
3.046355241178779579e+03
4.069993000044473774e+03
3.174770768416670762e+03
5.490043227986344391e+03
4.291415220016469902e+03
5.336016406882572483e+03
5.484270055073193362e+03
3.844052850479528843e+03
5.502187431052235297e+03
6.075516619711696876e+03
5.012221052958490873e+03
6.689581822276227285e+03
3.324890238897114614e+03
4.296255849677445440e+03
4.538126450543124520e+03
4.336705970465265636e+03
5.251722747569274361e+03
4.119066320349912530e+03
4.994097199704876402e+03
4.835603172241115317e+03
4.314869318023655069e+03
2.017978233546587489e+03
4.862870113185425907e+03
4.188791682331089760e+03
5.704385042121025435e+03
4.588516402332433245e+03
6.992094174369498432e+03
3.578443996345434698e+03
2.551093572987840162e+03
2.524516506938046859e+03
2.624767275326586969e+03
1.627717742602889075e+03
4.088103177949775272e+03
3.570960794932106182e+03
3.353356970237465248e+03
6.073375314837177939e+03
5.623656767829498676e+03
5.662775922719268237e+03
3.685770986904110941e+03
3.525918219449149092e+03
4.735264709582746036e+03
3.106522225483357033e+03
3.750850616919715321e+03
3.879425200730772303e+03
5.519717553391076763e+03
6.452312787892392407e+03
5.873755041691953920e+03
6.036078818652209520e+03
7.146526732013628134e+03
6.866887283274042602e+03
7.570926885718418816e+03
6.259865126600366239e+03
8.373101959172789066e+03
8.203856581033795010e+03
6.686240173314177810e+03
3.234656416787498074e+03
4.571701531213628186e+03
4.396454295909526991e+03
4.746327199419606586e+03
4.295133859723665410e+03
4.208165926654519353e+03
4.057568618079288626e+03
3.939110826029347663e+03
3.755241365705036060e+03
3.298533886992857788e+03
2.741778181747738472e+03
2.369421887861973119e+03
2.709313503595089514e+03
2.280367583896529595e+03
2.092034441266721842e+03
2.010415660845774482e+03
1.637136878100317745e+03
2.047743265557929817e+03
1.808698050657318163e+03
1.976716971090973175e+03
2.571140593426998748e+03
1.989545207625671992e+03
1.535792049826403172e+03
1.663015826572226160e+03
1.928036265054104433e+03
1.463521816396711529e+03
1.527105110725666918e+03
1.662543446521407759e+03
1.408916907432757853e+03
1.129773410414375803e+03
2.673527247162638105e+03
3.125227757939527692e+03
2.393269159180617862e+03
4.956696444373607847e+03
4.364919062974088774e+03
5.391419641711853728e+03
6.213231817299668364e+03
5.993526016353886916e+03
6.465360542922684544e+03
3.878119003569095185e+03
7.250224667355591919e+03
6.060041436665209403e+03
5.196987984771448282e+03
4.578143613277570694e+03
4.330694744149226608e+03
3.731104682185659385e+03
4.062062218814166954e+03
3.518641970334450889e+03
2.973868033466494126e+03
2.642702753799663697e+03
2.945588761511103712e+03
4.723103602276066340e+03
3.410207909386355368e+03
3.787818157439645802e+03
4.298428834793470742e+03
4.948725013639847930e+03
4.081793861822651706e+03
4.670104152145669104e+03
5.101564613715018822e+03
5.150503634755419625e+03
6.989567248312372612e+03
6.943602138352724069e+03
4.821315806827255983e+03
3.930172782699595700e+03
3.945123038135430306e+03
3.529549042140924485e+03
3.040969930075207230e+03
2.091398145082218889e+03
2.169240678819583536e+03
1.515195252951638167e+03
1.524891277435821166e+03
1.803203357347566453e+03
2.044185681241686552e+03
1.973697696856074117e+03
1.542014279956489645e+03
1.724028638628889894e+03
1.496741461911737815e+03
1.238672954753081285e+03
1.452342431746342982e+03
1.620320555042437945e+03
1.365782859195585388e+03
3.597035486043312176e+03
3.774973581955082409e+03
2.028171512322468971e+03
1.768774351976187290e+03
1.934092280278061025e+03
1.447344239670721436e+03
1.589682999229147754e+03
2.015941158022216769e+03
2.099987051288725070e+03
2.156911418445908112e+03
1.903438708722306956e+03
1.786584033948040542e+03
1.418686553769117381e+03
1.560859751426247612e+03
1.591986358665300031e+03
1.940800584668083275e+03
1.612712403849131533e+03
1.655200579430682865e+03
1.357247835124165249e+03
1.601091399378839014e+03
1.493223084690191854e+03
1.625186593642235266e+03
1.743711159229915438e+03
1.776054976701225996e+03
1.962752511566347266e+03
1.876167822678499761e+03
2.486473051378493892e+03
4.806179083574870674e+03
5.183707674737588604e+03
7.108742326850291647e+03
5.471107887936690531e+03
4.687041885030429512e+03
6.919050210332929055e+03
4.587075621781876180e+03
3.908347706869525609e+03
4.247638073680236630e+03
2.823177642433810888e+03
3.794009856813827355e+03
3.907976806110562848e+03
3.382523733021114822e+03
3.434414722640084619e+03
2.322415720031392993e+03
3.071411242670287265e+03
6.132466812253322132e+03
4.299834975303230749e+03
5.106114549247968171e+03
3.271742736039865576e+03
3.861743743809079660e+03
2.943761192271425443e+03
3.657383880769820280e+03
3.780475618419393868e+03
4.755476148361427477e+03
5.427212397039675125e+03
5.219953534863375353e+03
5.321845870659817592e+03
4.334716697908133028e+03
4.011468194801566369e+03
4.532138121696068083e+03
2.881375016375339328e+03
2.196163149930295731e+03
3.306029646794389009e+03
3.760692537658210767e+03
2.959155980367259417e+03
2.853961655794995750e+03
3.596288639363017865e+03
3.007450511503682719e+03
4.875227153346632804e+03
3.559312981818253320e+03
2.905717637766697862e+03
3.875612492835402463e+03
3.395689771819090311e+03
3.559211829041378223e+03
4.522154436828960570e+03
3.261591243476636919e+03
2.896906958916443728e+03
