3.035751170240346255e+03
3.403478531492574348e+03
2.948525911877188264e+03
2.780981586122939007e+03
2.723037254321876844e+03
2.821499964634817388e+03
3.359620768426897939e+03
3.259932420204963364e+03
2.749779365713461630e+03
3.028606638476257558e+03
4.537845673896668814e+03
4.028924095508492883e+03
3.568787495586848308e+03
4.704737067117899642e+03
3.684495089695933530e+03
3.715710748440263160e+03
3.647292591296015416e+03
2.744581796600285543e+03
2.501267238382827145e+03
1.733157454549819022e+03
1.421596942977129174e+03
1.076825425261966529e+03
1.074369646877326886e+03
1.418044356783712374e+03
1.383230437993245687e+03
1.038441614008845818e+03
1.179654229420921865e+03
1.465063498446849508e+03
1.719130468436630736e+03
1.231763510911119056e+03
1.091086580313757622e+03
8.696733018626871399e+02
1.086953201177881283e+03
1.483756539669875110e+03
1.135762897486267093e+03
1.057663069007039894e+03
9.729435067037655926e+02
1.639353894790720233e+03
1.398304687795535528e+03
1.418701642668045679e+03
1.607970675074785049e+03
1.621818400197729261e+03
1.703357337128369863e+03
1.855560808062452224e+03
2.123531718064882625e+03
1.700452863829103080e+03
1.745071963813432603e+03
2.213969795482013069e+03
1.246331515737770133e+03
2.099208154507196468e+03
2.484299157497373471e+03
1.940140196357028572e+03
2.123639726853098182e+03
2.144729011385174999e+03
2.849184595572376111e+03
3.124119569469225098e+03
2.416712899926279988e+03
2.166308640104803544e+03
2.217243046755684645e+03
2.425216899682072835e+03
2.447964801087426167e+03
2.187589768882638054e+03
2.304107893467777558e+03
1.848832683467593142e+03
1.606133596407282312e+03
1.575006286437281688e+03
1.391538340995503177e+03
2.214614226063285969e+03
2.190894131957724767e+03
1.873554382931567943e+03
2.028351474549830073e+03
2.561705300328405883e+03
3.493017909465515459e+03
3.108197854973142967e+03
1.912916042346996392e+03
1.204241990586390557e+03
1.036504162169199844e+03
1.300471579341531424e+03
1.548069448390749585e+03
2.143510735267270775e+03
1.763897337693705822e+03
2.134694397750171902e+03
1.958193052935491323e+03
2.298656174408355582e+03
2.229100850494620317e+03
1.827415186930135633e+03
1.457155184812897915e+03
2.083016334021913281e+03
2.513947853214461247e+03
2.110295039713772439e+03
2.107409484316980070e+03
2.541914982003222576e+03
2.018013983827590209e+03
2.592093065630571346e+03
2.171073164206871752e+03
3.054323854441843650e+03
2.315917587285971422e+03
2.863741172073745020e+03
2.425263856671079338e+03
2.064661883414245040e+03
2.496043977066713069e+03
2.354698104056767988e+03
3.068203277029535002e+03
2.953197378566449061e+03
2.964550341016555194e+03
3.199719421760677506e+03
3.224069571430087763e+03
3.679844601361907735e+03
3.481553048355204737e+03
3.710470848099599607e+03
2.879699568948068645e+03
1.599610112640691796e+03
1.842588990345022466e+03
2.424560645279115761e+03
2.192960995517354149e+03
2.902150958193326005e+03
3.849246861112991610e+03
3.307396851989551578e+03
3.671124473893199593e+03
3.513741242603645787e+03
2.863265743573474992e+03
1.930477609117414431e+03
2.205783971917727740e+03
2.251013624623834858e+03
1.835201000111712801e+03
2.448277952784495028e+03
1.829831047523385450e+03
2.421016442021099920e+03
2.761194683792131400e+03
3.991747442549849893e+03
2.853700462106471150e+03
2.497704324640330469e+03
2.589877247999692372e+03
2.901794461822664289e+03
3.024334493502361966e+03
3.281600487069674728e+03
2.282702350229160857e+03
2.912528544975790282e+03
3.276280417166076404e+03
2.390082036898219485e+03
3.728139054320763989e+03
4.400614030780419853e+03
2.711725580132917003e+03
2.744574752506744517e+03
1.932648180037059319e+03
2.427449876543336359e+03
2.245333486747084407e+03
2.173907429086017601e+03
2.019429453840634778e+03
1.512780769424357686e+03
3.001592616011618702e+03
2.010713249543466645e+03
2.098674869234265316e+03
2.751738204170180779e+03
1.909163932184604164e+03
1.353273964924490429e+03
1.635134328733424127e+03
1.772969510763516610e+03
1.564393539412386190e+03
1.474171227426954374e+03
1.417138244872159703e+03
1.127501204407140449e+03
1.437328508641092412e+03
1.268795157068017716e+03
1.215693082548531038e+03
1.445621332629307744e+03
1.363545927200271535e+03
1.529328080649793719e+03
1.066536746301240555e+03
1.282285875499805343e+03
1.691034527563368556e+03
2.300080479345412641e+03
4.043199115343737049e+03
2.744026459356039140e+03
3.059198714665297302e+03
2.216052468298824806e+03
2.236980286182870259e+03
1.968121560131941806e+03
1.569899390291638383e+03
2.133324880827588004e+03
1.839188335604867007e+03
1.904372643370391188e+03
2.021047556558048200e+03
2.473124305917624042e+03
2.200080676872602908e+03
2.833054237582673977e+03
2.340825268983168826e+03
2.625089056840676221e+03
3.418128146933260723e+03
3.154272804083352639e+03
3.486291346517667080e+03
3.331266023919536565e+03
3.205231233781453284e+03
2.881712726256592305e+03
2.303365198067207075e+03
3.060778037361606039e+03
2.549662986669926795e+03
1.989096464313001434e+03
1.732073799188077373e+03
1.267384425199354610e+03
1.262498163117434160e+03
1.416196861025288172e+03
1.380996623803578359e+03
1.544324667328001397e+03
1.733910657526884052e+03
1.564477591894071793e+03
1.696708760226823870e+03
1.716303583773450555e+03
1.734897180926029250e+03
1.900987914738937661e+03
2.068382224625162053e+03
1.936951755724411669e+03
1.603022729011080173e+03
1.531888508217235540e+03
1.432016009777637237e+03
1.499371724141955156e+03
1.554776995095256780e+03
1.484004808013276033e+03
1.612721327239162292e+03
1.714250923861341562e+03
1.409123452728795201e+03
1.451340389051760212e+03
2.308990813273940148e+03
2.084712820394415758e+03
1.869044910190708606e+03
2.257663432649171682e+03
2.221963569226203617e+03
2.105669279669623393e+03
2.062662063438633595e+03
1.656196776232761977e+03
1.232678438546855205e+03
1.432284506511539576e+03
1.829906993878588764e+03
2.102709426562840235e+03
2.002460070177674879e+03
2.608864078261598934e+03
2.436269300386346913e+03
2.926612845647710856e+03
2.049112548685664478e+03
3.245585850994722023e+03
2.111870836533726560e+03
2.650534063898262048e+03
2.474330203475911276e+03
3.574253104749865997e+03
3.389289176639645575e+03
2.732450764031236304e+03
2.700237500986996565e+03
2.638604228876459274e+03
4.385958175960963672e+03
3.752860947930850216e+03
3.408056933537653549e+03
3.494026048976813854e+03
3.874927211157051715e+03
3.804422613287701552e+03
3.517804155831673597e+03
3.116868426317852936e+03
3.061453704761937388e+03
2.950208516937312197e+03
3.235957486377749774e+03
1.678005204672243963e+03
1.371767850272952046e+03
1.703268499640024174e+03
1.509913156152565307e+03
1.980483584725291394e+03
2.319318601053142174e+03
2.228614961686384959e+03
2.129457795710137361e+03
2.088262028629004817e+03
1.424694266090513565e+03
1.383722419773602041e+03
1.577013055172352324e+03
1.735955257542058689e+03
1.621978526247110267e+03
1.908166066012256351e+03
1.737405490041522398e+03
1.549097126797274996e+03
1.262670578225858208e+03
1.580813912407056932e+03
1.351079281999332579e+03
1.488179186592574524e+03
1.887383744785973022e+03
1.904370671829297862e+03
2.093043769811637503e+03
2.302688473463260380e+03
2.239627329633265617e+03
2.478930223122128155e+03
2.353785062272232608e+03
2.708921408288902967e+03
3.190041973849381975e+03
3.314770366257274873e+03
3.643989387308688947e+03
3.069234694965055496e+03
3.679804177389071810e+03
3.677303693440357165e+03
3.372134422958975392e+03
3.712700843936755518e+03
3.612238743917960619e+03
3.698342903098397528e+03
2.997417652783029098e+03
2.721001137975997608e+03
3.371554314741502367e+03
1.865726204606517513e+03
2.137052783576903494e+03
1.932594741031603235e+03
1.389073537660914781e+03
2.079076664270897254e+03
2.075217535586779377e+03
1.614033133218589001e+03
1.415920360865939074e+03
2.041648806899994725e+03
2.150941990034850733e+03
1.890977000449002844e+03
1.912640308294039642e+03
1.983448328784485739e+03
2.018268325992135715e+03
1.963226682933690427e+03
1.975162855177424944e+03
1.935242810178643595e+03
1.852465551902029802e+03
2.527444778363137630e+03
1.784593363508578477e+03
1.403695303587732269e+03
1.534572818782718741e+03
1.206754537791804978e+03
1.147896699040512885e+03
1.399772492980973993e+03
1.531990005839606283e+03
1.466075315344120327e+03
1.618996752765844349e+03
1.279752192791263951e+03
1.170682796101915983e+03
1.636678657872921576e+03
1.784905142444229341e+03
2.168938878129721616e+03
2.659898866963210367e+03
2.337789443217521239e+03
1.890500597822866894e+03
1.088440798543407254e+03
1.300648743995014229e+03
2.029876018570537781e+03
2.094040944941070393e+03
2.592693049544772293e+03
3.296545792108549904e+03
2.212926875524603474e+03
2.559366221306853276e+03
3.039816984457258513e+03
2.608419139492460999e+03
1.691134884495164442e+03
1.110374738289718380e+03
1.099829118568138028e+03
1.235093048377326113e+03
1.520171177009258827e+03
2.229422533533655042e+03
1.217542045645422604e+03
1.949012232204395559e+03
1.742424819214253375e+03
1.659121260813440358e+03
1.364396294551119581e+03
2.577276259641648721e+03
2.192797996504639741e+03
2.251040671464458683e+03
2.465996930650056584e+03
2.377864403399384628e+03
2.394877147958011392e+03
2.958918664639318195e+03
2.506819378117139877e+03
3.369127971975652144e+03
2.839829544883792551e+03
2.420360810247324935e+03
1.927570578640407120e+03
2.493031751621108469e+03
2.392258082054764600e+03
1.846218971814946599e+03
2.379974788705876563e+03
2.914828067347808883e+03
2.594371022825907403e+03
2.976367634952657227e+03
2.419717852872189269e+03
3.090239577846562952e+03
4.134920200841837868e+03
3.543571827053339803e+03
3.524212981478363417e+03
3.309834973557709418e+03
2.843185472335341274e+03
3.474644492480354984e+03
3.138372394528933000e+03
2.474150388766761807e+03
3.117401840199399885e+03
3.311035763265786954e+03
2.608240073077854504e+03
2.693739659816497806e+03
3.306123144879381016e+03
2.967530381130045498e+03
2.434909831837364891e+03
2.879433750790537033e+03
2.943963592408315435e+03
2.073191156022192899e+03
1.962692674274503361e+03
1.953988806961631099e+03
2.457662718215709901e+03
1.733835209594401022e+03
1.695934511938060268e+03
1.353716197911752261e+03
9.647468380410400641e+02
1.330532734249173473e+03
1.069597573403000069e+03
1.076676747256554791e+03
9.628552963178649406e+02
9.416655008567697678e+02
8.242185611564250394e+02
1.143241800551160395e+03
8.926148986223129214e+02
1.231506349782146117e+03
1.593291998492325092e+03
1.402338329946528120e+03
1.286144165286617863e+03
1.530745051853234372e+03
1.696442135873357756e+03
1.307903638292978030e+03
1.389531308186538126e+03
1.290325645066599236e+03
1.683106897216804100e+03
1.396084065972693224e+03
1.913896367121098592e+03
1.464313698517908733e+03
1.337858258620110746e+03
1.816769982901238109e+03
2.980543257427020308e+03
1.857093877668786035e+03
2.087683509706822861e+03
2.423131612009993205e+03
2.133816136983439264e+03
1.870826797081090263e+03
1.565803659205613712e+03
1.580592801257768997e+03
1.859476296225071337e+03
1.922104430857510124e+03
1.796736102311537479e+03
2.287427712993475780e+03
2.280265493198630338e+03
1.424904305296488928e+03
2.268814030750208076e+03
2.044965236685637137e+03
2.311380691881807252e+03
1.749236178533042903e+03
1.483181910923655778e+03
1.822978375954559851e+03
9.528608462978985472e+02
1.228421488325606333e+03
1.121867203160952158e+03
1.180915447375957001e+03
1.141289321088450833e+03
1.110813544660904199e+03
1.076814470435814201e+03
1.779975487719333387e+03
1.271643008778680269e+03
2.687164499659227204e+03
2.896068453542377028e+03
2.433276059859852921e+03
2.628854896569378070e+03
2.069383202857066408e+03
2.763506767104964638e+03
3.048920232474432396e+03
2.521251521015896287e+03
2.524070566306090313e+03
1.815472084004896715e+03
1.880083909383157561e+03
2.473458107890637621e+03
1.390253392249783246e+03
1.335144720681253830e+03
1.730126726062718035e+03
2.422579024359190043e+03
2.338089432516001125e+03
3.724846756068452578e+03
4.322914409578351297e+03
4.195888653053783855e+03
3.447563609727899802e+03
3.385546574244127896e+03
3.734175600844127530e+03
3.182549726630179975e+03
3.090334181838371933e+03
3.633651111738697637e+03
3.294145954668977083e+03
2.963536374527045155e+03
1.994387235256753911e+03
3.336935397972930787e+03
3.360097658468641839e+03
2.000816143222734354e+03
2.955086243133508106e+03
2.083722815276634265e+03
2.431539080286222998e+03
2.670048224724735519e+03
1.645339274996273843e+03
