2.760371551542850739e+03
3.605816472987366069e+03
2.960924827425567855e+03
2.771657704663066397e+03
3.110481297509045362e+03
3.324546604843731984e+03
3.357900302995300990e+03
3.004821932563326754e+03
2.798236257500911961e+03
2.695996138206970954e+03
2.329843825941155956e+03
2.324889208897417120e+03
2.055149684666640951e+03
1.258046462953440368e+03
5.977684284470224156e+02
6.458941248795330239e+02
6.913736652929811726e+02
8.342482263511240035e+02
8.080821069034591346e+02
6.806969173440982104e+02
7.547332704355737860e+02
1.515958558437047031e+03
1.211505168170324851e+03
6.642899863490243888e+02
4.031311360757017610e+02
5.496904919004964540e+02
6.488559134842224694e+02
7.470122996107685367e+02
9.231227079599545959e+02
1.135577225711021811e+03
1.066800359723242991e+03
9.648835783435288249e+02
7.486559276451038158e+02
8.802175522305367394e+02
1.009542396027261020e+03
1.099427837524508504e+03
1.168312085941864552e+03
1.070808656112382550e+03
1.228649781437442698e+03
1.132594685948269898e+03
1.228712779108579980e+03
1.527175597841115632e+03
1.022482903663074467e+03
5.926219242458126928e+02
7.255394714503158866e+02
9.183419602588909356e+02
7.973777527518053603e+02
8.297331729571571941e+02
5.846424440170080743e+02
4.804798110695890614e+02
4.531708190650234656e+02
8.711610419887940679e+02
9.136045643410843695e+02
1.132994329156537333e+03
1.139230868072627118e+03
7.549671309864907016e+02
7.380050066891077449e+02
6.146283359626199854e+02
7.198243034233476010e+02
8.737050995640680640e+02
1.566211749618668591e+03
1.054692179407108142e+03
6.695239128902020411e+02
5.322781499826105573e+02
7.204014059316360772e+02
9.912068083681588178e+02
1.113946748469679960e+03
9.276802833086316014e+02
9.563806258438427221e+02
9.418763123882705486e+02
9.079274065368713309e+02
1.000921254172619115e+03
1.625155429056762841e+03
2.581224397334806326e+03
2.850865282028930778e+03
2.906225791006401323e+03
3.060859604331788432e+03
3.068495656713545941e+03
3.242446728792844169e+03
2.681650721568032623e+03
2.324209556832830913e+03
2.290727534638143425e+03
2.400245356631399318e+03
2.201252313686556136e+03
2.959453419646094517e+03
3.791276644196237157e+03
5.136439568760002658e+03
4.998185511260894600e+03
6.262904604120931253e+03
6.626725500783306416e+03
5.363774185590847992e+03
4.384832843421788311e+03
4.531622943932048656e+03
4.845632307638587918e+03
4.130973950491835240e+03
4.353090797796770858e+03
3.801068478272303309e+03
4.770886998000463791e+03
5.345941209345086463e+03
5.519024091029099509e+03
5.551855116157262273e+03
5.679596712893433505e+03
5.803660499362445080e+03
6.687927863545934088e+03
5.352378637935453298e+03
4.729789205453042996e+03
4.516500360457369425e+03
4.522674541523042535e+03
6.286553731991008135e+03
5.151687941771879196e+03
5.810084745229805776e+03
5.744027026692469008e+03
5.493844206224172922e+03
3.623647821645439763e+03
2.090776752567120639e+03
1.592495062918666235e+03
1.423058100452035433e+03
1.095710279405957863e+03
3.357014503655746012e+03
4.666007538020492575e+03
4.132990763142010110e+03
4.895860377964554573e+03
6.817092261020551632e+03
3.938852972954951838e+03
5.738706815795010698e+03
3.892036851947348168e+03
5.654842139841959579e+03
3.766423965602704811e+03
4.410305631661464759e+03
3.731133201545932025e+03
4.503157094893206704e+03
4.003365213027719619e+03
3.513106070704206104e+03
2.642189431290507400e+03
2.185147454467491116e+03
1.861645542900124155e+03
1.519060922766966314e+03
2.370981388611816328e+03
1.980169308943119177e+03
2.376905209919271329e+03
1.791338795248808310e+03
1.356535420823713366e+03
1.759247470406217190e+03
1.969298208436308187e+03
1.420012728180478916e+03
1.612971623768811469e+03
1.512980525676711750e+03
2.059490309944120781e+03
2.128339957439417958e+03
2.138062209167358105e+03
2.281980311432082544e+03
2.578982411473298725e+03
3.136195890140875235e+03
3.648857521171097233e+03
3.780517425814713533e+03
3.651176221860721398e+03
3.356185213889060378e+03
2.709128865753614718e+03
1.711475331149759313e+03
1.701945258924358541e+03
1.608260997049976140e+03
4.006378470854077023e+03
3.616810735716754607e+03
5.422023879490642685e+03
5.264373599066906536e+03
5.307244678945044143e+03
4.978460238834427400e+03
5.265970325480857355e+03
4.259340927012771317e+03
5.251479702768064271e+03
6.373433014027178615e+03
6.130551844040079231e+03
3.834579762569057038e+03
3.196647600572000556e+03
8.089629773984522672e+02
6.619429150606720214e+02
6.137501071232244385e+02
7.571483574796708353e+02
7.869609478233220443e+02
7.431191836211718282e+02
2.005392652523532206e+03
2.843820591748369679e+03
3.501190787690376510e+03
3.024601679178017093e+03
4.730684360537444263e+03
5.052134757609062945e+03
4.040183961762948911e+03
3.987294312494947008e+03
2.819134219311232755e+03
2.654537555277826414e+03
2.586721826180032167e+03
2.909605679928179597e+03
3.252265376495299734e+03
3.784086527420015500e+03
3.069572234825523537e+03
2.781512817703664496e+03
3.147500900741139958e+03
2.479846745806440595e+03
3.314162423216701427e+03
3.613847046032310573e+03
3.403420753176787912e+03
2.041700600098079121e+03
1.089822622942464250e+03
5.973144608377341456e+02
6.071116354400686532e+02
8.025771760878075156e+02
1.102219875603458604e+03
7.497709577977733488e+02
9.233893318761433875e+02
8.945747943942546954e+02
1.257566729025641962e+03
2.529607939848467140e+03
2.559068234052209391e+03
2.493656522733504971e+03
1.288113067864941058e+03
1.163058076745027165e+03
9.145109324599059164e+02
5.633450394106838530e+02
4.136704953498023087e+02
9.214026064270894949e+02
1.985043442206612553e+03
3.075576710772255410e+03
2.967847408448184979e+03
3.236780979307816779e+03
2.405495653675025551e+03
1.264642514927769298e+03
1.469329462724434507e+03
3.269591612299417648e+03
4.054889008996604844e+03
4.999989620768120403e+03
5.348769151961933858e+03
4.722872532455741748e+03
4.247139000276334627e+03
3.843535200722426907e+03
4.627877365400765484e+03
4.941203404249200503e+03
4.628295934322487483e+03
4.227108114748672961e+03
4.829307541996005057e+03
4.795626015458963593e+03
4.867195525328349504e+03
5.013132529115511716e+03
4.722524288737700772e+03
4.813904012865509685e+03
2.974159850730929065e+03
1.440753686820296252e+03
1.122481165178021911e+03
9.883785526250653675e+02
1.221616740420220367e+03
1.318994365546801873e+03
1.346506084952609172e+03
8.983617599334663737e+02
6.781920513242425841e+02
6.635609633692351963e+02
6.179400590485435032e+02
1.531496488259631178e+03
2.584420798713532349e+03
2.932287720667049143e+03
3.039898691709644936e+03
2.732507811518846211e+03
2.891017803064387863e+03
1.585831057734734259e+03
1.616848826656917026e+03
1.722775596094264301e+03
1.330435065798835694e+03
8.099871311004649215e+02
1.049481485913578581e+03
6.126022552847294946e+02
5.408536723185337678e+02
5.253256494502642227e+02
6.739026621529367276e+02
1.238386963899610237e+03
1.314793978118034147e+03
1.629628181979322562e+03
1.854159353446242903e+03
1.667367666744746202e+03
1.702446676344361322e+03
1.873634920465580990e+03
1.251474017618377275e+03
5.533413834684299673e+02
7.702109082194807570e+02
1.061413428533580372e+03
1.901811953530671417e+03
2.428316847289016096e+03
2.156019352509608325e+03
2.408241041077779300e+03
1.862548100645278964e+03
1.647391974252110231e+03
1.460356674517101510e+03
1.033363365441911355e+03
5.989109418398877551e+02
5.770374788928069165e+02
6.562320578941531721e+02
1.047165352562302814e+03
1.041612127297603820e+03
8.533300579853347472e+02
7.249450445256402418e+02
8.729382108976730024e+02
7.589533984202748798e+02
5.341094630556165157e+02
4.179509659446261480e+02
4.629723744054355734e+02
6.266575296419588312e+02
8.831772016066838660e+02
8.786103604275577936e+02
8.951649557874267202e+02
8.923220935888186887e+02
1.008851500031910973e+03
9.516026015179402293e+02
1.047751356651691367e+03
1.204771355175001645e+03
1.244712869073784532e+03
1.032323356289188268e+03
9.323710877033483939e+02
1.128720315487852986e+03
1.275152421348847156e+03
1.334340183528008765e+03
9.963872787549875056e+02
9.075117978440114257e+02
7.517816857150390888e+02
5.406674766283925919e+02
5.152211369486074091e+02
4.709399545517924821e+02
5.232289589955681777e+02
4.567258908537723983e+02
4.503897616180359478e+02
5.016039724432648654e+02
7.067085790980072488e+02
7.240429632525963370e+02
5.746971571326552066e+02
5.378261284196998986e+02
4.858573178467570415e+02
6.961550860652946540e+02
7.655490452801261654e+02
8.055201406615902897e+02
6.291730927439679135e+02
5.260559471883777860e+02
5.421460766217329592e+02
4.981462760524205464e+02
4.137913146767965600e+02
3.835851158005007733e+02
4.437919846863765088e+02
5.045556973637217766e+02
5.669428456412252899e+02
6.028609328577310862e+02
7.725700983362196439e+02
8.226516637447114135e+02
8.252573831361894463e+02
7.954607402727649514e+02
5.283314247678788433e+02
6.483104364894751370e+02
6.916791926076697337e+02
5.776028730186571920e+02
5.420043982826822457e+02
4.938194297675497637e+02
7.994819600640914814e+02
7.689195120729862083e+02
5.806986448900313462e+02
6.245602580710409484e+02
6.692729283367615380e+02
1.024209898278542596e+03
9.252479763158899004e+02
1.069933774271666380e+03
6.558266836399531030e+02
6.435341620939872200e+02
6.492916116139484757e+02
6.414291307342971322e+02
6.256920139135526142e+02
7.874965673969362570e+02
7.028040784785002870e+02
1.463546002723646097e+03
1.613893595798502020e+03
1.047791431998737835e+03
8.419204495137478261e+02
8.084723413679798796e+02
8.732171623595477286e+02
1.006547223054305277e+03
1.029294331137586141e+03
1.238905328307492709e+03
1.840352268266315605e+03
1.316324626229530622e+03
1.398963669577950213e+03
1.035302765894229879e+03
1.069458707684977526e+03
1.634906696811646498e+03
1.650509910048903521e+03
1.429395396634996132e+03
1.368335084073858297e+03
1.274763927566480788e+03
1.763103543260855076e+03
1.990302527359521036e+03
1.654564794789474945e+03
1.157494229234578370e+03
1.044324697197701425e+03
8.125621159061207663e+02
1.441836327552985267e+03
1.393045759878800254e+03
1.023629316867531543e+03
6.023072592515228507e+02
6.094597169276037221e+02
9.525314232531394509e+02
1.010290050517289160e+03
1.825361140271028262e+03
1.483456448501475279e+03
8.405265338951768399e+02
1.334770595606268444e+03
1.009672951478219261e+03
7.647960650794751700e+02
6.694674981448130211e+02
6.332751592726768877e+02
6.323505490428282201e+02
5.766526719743065996e+02
5.687028253731027689e+02
4.707521087107299991e+02
7.831433177642234114e+02
8.890935527551387167e+02
6.517156381633093361e+02
7.161499725772681586e+02
7.070948172342393718e+02
8.720227092454213107e+02
1.055267073767344300e+03
6.370589335280949399e+02
5.806454569937103543e+02
3.275949287223562010e+02
4.878440460228645179e+02
1.118281512669192807e+03
1.279713472544686283e+03
5.892764213427195727e+02
2.128743504247381679e+03
2.717393472113612006e+03
3.285472002978127875e+03
4.438314889139482148e+03
5.119744042259066191e+03
5.292606005620310498e+03
5.013637231655308824e+03
4.392549293542584564e+03
4.866420880945010140e+03
4.053316208442752213e+03
4.406025900477893629e+03
2.985058504507814632e+03
2.583771050580370684e+03
1.451610625876453696e+03
1.066644885096487542e+03
1.005743148128451026e+03
1.159898806309992324e+03
1.182611004915247804e+03
1.287260624545255723e+03
1.972315530370166471e+03
2.079471287069588470e+03
2.114723241575863085e+03
1.209513126914790973e+03
1.761239292288597426e+03
2.808581269836258343e+03
4.320809249937058667e+03
3.642248413253619674e+03
4.469928603673261023e+03
3.612133978890245999e+03
3.087715889138356033e+03
2.217424077600877808e+03
1.733895774280754722e+03
1.067431872786012491e+03
1.121894829422001976e+03
1.108882018334312306e+03
1.339365932882967172e+03
1.915012352054634903e+03
1.804074269977591030e+03
1.535066383707807290e+03
1.589234525023834976e+03
1.617573409893970165e+03
2.137047967173147299e+03
2.804134485589772794e+03
5.198666519784089360e+03
4.334159261446065102e+03
4.509815162928623067e+03
2.650655874289186613e+03
3.184897767811085942e+03
3.279531261951660326e+03
3.761952831101288666e+03
4.180843996075861469e+03
4.248170996621705854e+03
4.313458544600913228e+03
4.067765041333628233e+03
3.492990853693415829e+03
2.580311639622520033e+03
3.473452013557722239e+03
3.317225091120656543e+03
3.799019026125877645e+03
3.754586771295916151e+03
3.835665955827266771e+03
3.348600945743295597e+03
4.128489741603181756e+03
4.464462738132339837e+03
3.559712523087164755e+03
2.697993532232731013e+03
1.723965127397029846e+03
1.045335781077983484e+03
6.477459494746664177e+02
9.481735424514753277e+02
1.391038093718033224e+03
