3.324959818467485093e+03
1.866275840450302667e+03
1.619958896965179065e+03
1.938021485233957264e+03
2.208319831348626849e+03
2.470271335258711588e+03
2.464727781063991642e+03
2.647439810280750407e+03
1.753182148129371399e+03
1.622796716786497655e+03
2.324747709308335288e+03
3.045571786211926337e+03
1.913611214805084956e+03
1.663297990432001370e+03
2.355737057795997316e+03
2.033372968127420336e+03
1.829055734041658070e+03
1.906931140048150382e+03
1.146099217064138202e+03
1.952976341814857051e+03
2.497429977052490813e+03
2.789240433545918677e+03
2.815231324258732911e+03
2.247458414319570238e+03
2.163091885198221007e+03
1.774715624805036214e+03
3.199693160565118887e+03
3.822360578976638863e+03
3.548648859156690833e+03
2.729153345239769351e+03
1.225893102988117334e+03
6.090464208248897194e+03
4.954023891259389529e+03
3.808568768410398661e+03
2.171250470324108846e+03
1.565551219675065340e+03
1.232005620293605261e+03
1.475849037358450687e+03
3.183134814458683650e+03
3.644096362034571939e+03
3.844244011929409680e+03
3.587371198547626591e+03
1.579920519481073825e+03
7.473003329550925628e+03
7.747256691429644889e+03
8.469378325895815578e+03
5.939422268604014789e+03
7.623452638266221584e+03
7.138942719101175499e+03
5.665971495526554463e+03
6.800108513358926757e+03
5.273924255066619480e+03
5.255824759236451428e+03
3.010121185039505235e+03
4.031370680237926990e+03
3.450093814190389821e+03
2.456585758878178694e+03
2.786908380520126229e+03
2.253371286573863472e+03
3.817413234816758177e+03
2.460381449339196024e+03
4.871478904776211493e+03
4.752751128452293415e+03
5.219892910583759658e+03
4.130577035203871674e+03
4.130557155549254276e+03
4.936738787767398208e+03
4.126961874982584959e+03
4.342630572876089900e+03
4.529994925938620327e+03
5.758272203715448995e+03
6.529043194460241466e+03
7.249335990834912991e+03
4.691664235647489477e+03
4.466688249969544813e+03
4.816566437292725823e+03
5.187959363108939215e+03
7.260345415685335865e+03
4.557588715887794933e+03
6.713309140798526641e+03
3.707863314852617350e+03
4.984780800163593085e+03
6.100654043717907371e+03
4.915828212005360001e+03
4.798847627578334141e+03
6.332965456648633335e+03
7.496845128594625749e+03
6.462098645798699181e+03
5.796071664093973595e+03
3.489289911235226100e+03
2.219455030918098146e+03
1.191003737460171351e+03
1.622536067290684741e+03
1.849390264080896259e+03
2.293839697619984690e+03
2.753672710103309782e+03
3.658849573162938668e+03
3.965626539450353448e+03
3.788161317287276688e+03
4.191832547093212270e+03
3.955512659647980854e+03
2.470702308965860539e+03
3.417951825753216781e+03
4.064978606410232260e+03
5.035562393680404057e+03
5.769685021182825039e+03
6.554917554198866128e+03
7.019160296321244459e+03
3.941816449646995807e+03
4.247943564422643249e+03
4.824814010401601081e+03
5.947344973249474606e+03
6.550057557785807148e+03
4.966630862302728929e+03
3.903713994922029997e+03
2.314033440733295720e+03
2.897023379758005376e+03
4.486079360649567207e+03
3.903872974606473690e+03
4.471727872640970418e+03
6.116324111812424235e+03
5.864915996750961313e+03
5.797542677819988057e+03
4.280294591422253689e+03
2.492052887779836965e+03
1.459603183757961915e+03
1.001073392224398276e+03
1.022196671733427706e+03
1.444698021138227432e+03
2.934696305385321011e+03
7.137033112814053311e+03
6.224091226011350045e+03
5.849701410572784880e+03
8.054238357633842497e+03
5.596224692257991592e+03
4.218064708683615208e+03
3.940119864951217551e+03
6.220148431104060364e+03
4.688356611915467511e+03
1.184235873159341963e+03
1.586923579863286250e+03
1.664982631417067296e+03
2.120676110573409915e+03
2.465344156965564252e+03
1.802260736467846982e+03
3.138816897659498409e+03
3.262349495889113768e+03
2.412767178417512241e+03
3.898583220932360291e+03
3.145590525562717175e+03
2.552633496185422246e+03
3.844837559181246434e+03
1.916402936290278603e+03
3.608065546542330594e+03
3.598895450242931020e+03
3.080732658304616052e+03
2.371612875731360418e+03
3.648392980126114708e+03
3.660746736861462978e+03
3.051377838496565801e+03
1.801464391384427927e+03
2.394076425572582593e+03
2.582066841233838204e+03
1.413258469235020129e+03
1.992272984764681951e+03
3.403113634281018221e+03
3.698956814044696785e+03
3.451572901003547940e+03
2.908631773806856927e+03
2.924773625354531760e+03
2.668485333191004884e+03
3.359606942771010836e+03
2.194552310098530143e+03
1.738034447110545671e+03
1.833036262235322511e+03
2.350268311348273073e+03
2.189739513067495864e+03
2.629072700858241660e+03
1.547541496575342308e+03
2.370771463986240633e+03
1.909195308400508338e+03
1.804145744333248558e+03
1.421712794362347495e+03
2.089431413197324673e+03
1.908957014824858788e+03
2.099789285420106808e+03
8.197978944301596584e+02
3.518845754516034958e+03
1.590069679247991644e+03
5.982740029783372847e+03
8.171440105194526041e+03
8.508490539302103571e+03
6.431897653189461380e+03
6.637997643667050397e+03
4.141524595117954050e+03
4.305096323393550847e+03
3.209828105877311373e+03
4.689029832808919309e+03
4.657394999636986540e+03
7.911533605533470109e+03
6.734995211525091690e+03
6.667383495810768181e+03
6.909645603276702786e+03
7.885401650341595996e+03
6.090949528547757836e+03
6.431583181887503997e+03
5.387196186137285622e+03
3.860999492398982056e+03
3.140504894711200450e+03
1.171372261750309690e+03
2.346260988587274824e+03
3.583101969560970247e+03
3.701035515294342076e+03
3.257502953460400022e+03
1.719134458672295978e+03
1.939951146540731088e+03
2.260657644981507474e+03
3.178102657668245229e+03
2.584674326275896874e+03
2.029814673750659040e+03
2.766610079483680238e+03
2.994996241114575241e+03
3.598906144564989972e+03
3.821130330723069619e+03
2.703357809837316381e+03
4.096453964863035253e+03
3.595793241825692348e+03
3.842018597551481434e+03
4.473770489912220910e+03
4.785486169629746655e+03
5.120983662725118847e+03
6.358775632425820731e+03
7.020700259482838192e+03
6.535034444141345375e+03
5.935307296654003949e+03
1.767588794769425476e+03
3.264311545259640297e+03
2.345593310527014182e+03
1.981042482353179366e+03
5.554705153429358688e+03
8.133429829857068398e+03
7.835830549407971375e+03
6.268704597596973144e+03
7.707205469591818655e+03
5.596649833415275680e+03
2.736756152203105557e+03
2.120403483768033766e+03
2.572398604549363426e+03
2.616300410400947840e+03
2.025068634959308383e+03
1.890488370365192623e+03
2.713000594725963310e+03
1.571792141245502535e+03
1.278965714316806725e+03
1.523989527981095307e+03
2.052117820769535683e+03
2.066751561827203204e+03
1.561239494770623196e+03
2.071666520094619955e+03
2.275963063497021267e+03
2.144900711172433603e+03
2.045602021938524103e+03
2.238932446369170975e+03
1.368140216844776660e+03
1.560045208960854325e+03
1.739032440007839114e+03
1.360943686759406319e+03
1.107050989189815937e+03
1.292253707669948199e+03
3.111749029204896033e+03
2.060656213105858114e+03
1.832288722450323803e+03
2.886608219420761998e+03
3.334447189383417935e+03
2.551479102259759657e+03
2.287753807477721239e+03
2.220074630721438098e+03
1.935763990607145388e+03
2.941300307443934798e+03
3.179575058776946207e+03
4.305178839464413613e+03
2.878935507327226333e+03
2.295025386111564330e+03
1.835001717989357530e+03
2.543194447557457352e+03
3.129309257780885673e+03
2.703349708851341347e+03
2.408698688296183263e+03
3.297245693893577027e+03
1.955521916721178968e+03
1.732580127519922371e+03
2.478558276167980694e+03
2.477887379119835714e+03
3.546436683187600465e+03
2.678274037303126079e+03
1.681532851978795179e+03
3.968230532490685164e+03
1.113755101979540314e+03
2.121829895484812823e+03
3.543814534039850514e+03
2.181433689425768080e+03
1.821480840052268832e+03
1.278933444533477768e+03
1.702463647312410785e+03
2.309342015907930090e+03
2.056736432450024950e+03
1.853579634839731852e+03
1.643888226917632664e+03
2.035426055424468132e+03
1.654526341184512376e+03
1.882994663477636323e+03
1.113669130333737485e+03
1.827278723363305744e+03
2.442398016262014153e+03
1.977035694332279036e+03
2.238012668125959408e+03
2.195393855159148188e+03
1.316256478190462985e+03
1.945050273462716632e+03
2.321433872220163266e+03
1.865539421653486443e+03
1.662424772411528238e+03
2.279002682954196644e+03
2.428085810227341426e+03
2.613070168116491459e+03
2.320429651814738463e+03
3.248743466881126096e+03
2.765982786775565728e+03
1.969430654552677197e+03
2.930006901085464960e+03
2.731452957159224297e+03
2.048247644102877530e+03
2.249361453728555261e+03
1.328260873485715138e+03
1.651754259323627139e+03
1.720149287943421541e+03
2.326676896559274610e+03
3.042668813638936172e+03
3.429195110237199515e+03
3.199498609458334158e+03
4.031292646075023185e+03
5.144365268778855352e+03
6.127021242315255222e+03
4.816273062159635629e+03
5.255925216519994137e+03
5.600801053630380011e+03
7.221815743861119699e+03
6.941210966655528864e+03
8.341698123338230289e+03
7.746473857362761919e+03
6.615546021322003071e+03
5.810344481678839657e+03
3.837979506452695205e+03
3.904970852360002027e+03
4.668509706763375107e+03
3.908547949079405043e+03
3.754369983294458962e+03
3.105888611217248126e+03
2.886830756599349570e+03
3.139143721519178143e+03
2.045513599671965494e+03
3.632927263591620431e+03
4.745758674467157107e+03
4.842497109557009935e+03
6.205352739436718366e+03
5.233223498077936711e+03
2.937209571438647799e+03
4.790820451929150295e+03
4.638470073257435615e+03
4.663907877989167901e+03
3.156016857822654856e+03
2.623334096002180559e+03
3.267176610930298921e+03
4.057949691635935324e+03
4.414264974566282945e+03
4.994448045415918386e+03
5.370751762122561558e+03
3.158698637359913846e+03
3.918483951212775082e+03
3.987376523827188976e+03
3.696110575061813961e+03
3.037192978297104219e+03
3.172839818416971866e+03
2.538220915856303236e+03
1.841383276571585156e+03
1.233933776433909998e+03
3.042770383541713727e+03
4.460443585014360906e+03
4.571256247814668313e+03
6.007709687984120137e+03
5.690965401215895326e+03
4.401126630429180295e+03
3.717114721525744699e+03
3.749504567572044834e+03
4.236263129835508153e+03
3.609182431697005541e+03
3.524848435623112437e+03
5.119309197428998232e+03
5.575889768748263123e+03
4.984459850303135681e+03
4.358357978350288249e+03
2.128359907762062448e+03
2.710664751151057771e+03
1.846428508883821678e+03
2.609013450663159801e+03
2.666925799058713437e+03
3.044302898057941093e+03
3.124157856450670351e+03
3.494843483409135843e+03
2.772581783354049549e+03
2.777543174301963973e+03
3.278053177472389962e+03
2.799319616570960079e+03
3.093778123871912612e+03
3.199938527873205658e+03
3.422767820694880811e+03
3.469143491481808269e+03
2.768343112508715421e+03
1.752436957313746461e+03
1.418959678021087257e+03
2.479567640108507931e+03
2.680533767702244859e+03
1.778146278883257310e+03
1.591029954237227003e+03
2.073799441794218637e+03
2.759061897934233002e+03
1.814210215230487165e+03
2.409907971621460092e+03
2.515038092485390280e+03
2.456081473279180955e+03
2.034597646532562067e+03
2.419624319597223803e+03
3.058112162134417304e+03
2.871353054913605774e+03
3.451846639391184908e+03
3.189830367167477107e+03
2.678986454440744637e+03
2.971943334980238433e+03
2.045613182764958310e+03
1.761174623687222038e+03
1.734945551148329514e+03
2.451964295104511621e+03
3.250965365015955285e+03
1.529981378330623784e+03
2.370850868558454295e+03
2.864519896743117442e+03
3.265572623710058451e+03
2.422685877861772497e+03
3.733053634545074146e+03
1.934212014232113006e+03
2.724127916271300364e+03
3.811626298377831517e+03
2.510588941117110153e+03
3.859946520896535731e+03
4.671554589806683907e+03
2.959510520547802571e+03
3.851669830849484697e+03
2.429802312988048925e+03
2.342561106185664357e+03
2.531252018237019911e+03
1.538992310511534924e+03
2.391942906667268289e+03
2.047992847729043660e+03
3.894470811559359845e+03
4.641760812404453645e+03
8.247148347201282377e+03
6.626696852145493722e+03
5.865747345417757060e+03
9.546679672749341989e+03
8.604399554354755310e+03
5.105626148656489931e+03
4.709538032811898120e+03
4.198123758826738595e+03
5.191049754488314647e+03
3.763592195811404963e+03
3.617324544241454532e+03
4.133240972545662771e+03
4.079055268872459692e+03
4.108661577518108970e+03
4.381694732688313707e+03
4.638092683413005943e+03
5.216757904553413027e+03
4.217944578990191985e+03
4.736854970844487980e+03
4.591879590117979205e+03
4.725234929339968403e+03
4.877968130620922238e+03
2.337951194134894195e+03
4.005284277452986771e+03
4.493556676250998862e+03
5.027853034070598369e+03
5.473240763037545548e+03
5.063158449051335083e+03
4.739698001942164410e+03
4.674169034069423105e+03
2.842952703051733806e+03
