1.570459944806164003e+03
1.645661113279915071e+03
1.385209282617819326e+03
1.361037919434166042e+03
1.538675705507773500e+03
2.237686453669142793e+03
1.541767709312591933e+03
1.895024190745135911e+03
2.897153680502262887e+03
1.393764073137892410e+03
1.391527378207622405e+03
1.780183828197426465e+03
1.956971012953564014e+03
9.215841582564190730e+02
1.239777146926038768e+03
1.477537674183160789e+03
1.094501814196577698e+03
1.304809728219240242e+03
1.031970063051448506e+03
1.312539378095609209e+03
1.220802265762894422e+03
8.259930509256034838e+02
1.483116379173722180e+03
9.926044232264405309e+02
1.115396264271616019e+03
7.333935460706101139e+02
4.753899456460719080e+02
5.072023900621658186e+02
8.477871481419775819e+02
1.045432764594744185e+03
6.205857851621683494e+02
4.268572837872395098e+02
4.880740359006019844e+02
7.710174661591265703e+02
8.378201487705405270e+02
2.222424780466293669e+03
2.657865300127372393e+03
2.887151453497992861e+03
2.677273793790418495e+03
2.068137057425429248e+03
1.885397889707333206e+03
1.823369230960920959e+03
1.933496070541078780e+03
2.182143904947854026e+03
1.339111247156025911e+03
1.973551319656357236e+03
2.712111649478208165e+03
2.759702789886595838e+03
2.740035833481402733e+03
2.439210232523225841e+03
2.583348002099963196e+03
1.877498768251384263e+03
2.119026784389140630e+03
2.485729733742176904e+03
3.561190723571645321e+03
3.259412272895587648e+03
3.265113628164040620e+03
3.384466966544625393e+03
3.408316627902965593e+03
3.234090821335541477e+03
3.780932110829521207e+03
3.503244967692130103e+03
1.968766486908745264e+03
1.665983199635602205e+03
1.426540828680600043e+03
1.010147459939901864e+03
1.372615460772494089e+03
9.859897893824129369e+02
9.457497844048295974e+02
7.770217913298196208e+02
1.290127410943525319e+03
1.061822410650530855e+03
1.009364744291745524e+03
1.508664467639351415e+03
2.124759807902988541e+03
1.453050699229623206e+03
1.585391737752267545e+03
1.018253728405367042e+03
1.514226541034101729e+03
1.408667598327804626e+03
1.862174725400747548e+03
1.458432471274315731e+03
1.766126368586600620e+03
1.839578797135809054e+03
2.494134577743330283e+03
2.107688957874069274e+03
3.524357668037562235e+03
3.251894617705361270e+03
2.463974558624444398e+03
2.676814107404664355e+03
3.496345625012980690e+03
2.369438628893298755e+03
2.827651702932809712e+03
2.340619833288577411e+03
1.916806635101981783e+03
1.888660894957605478e+03
1.794519812427282204e+03
3.094670991899428827e+03
1.577911650103420470e+03
1.738641387267856771e+03
1.938871254588547117e+03
2.660097864283192393e+03
2.615877307690745056e+03
3.233346599939778571e+03
2.769516932458304836e+03
2.931406615916382179e+03
3.987248236735126284e+03
3.698931825708786619e+03
3.211469703885554281e+03
3.378442612776415899e+03
4.385168481027938469e+03
3.025316777612904843e+03
2.189531937324212777e+03
1.709993509782143747e+03
1.492014224011330043e+03
1.469118528062483847e+03
1.830026955833862758e+03
1.813146906572819262e+03
2.063951293296478070e+03
1.743856679017070746e+03
1.457464231149336683e+03
1.319919880572707143e+03
1.157171365561274797e+03
1.138089790114873267e+03
1.083830910941212323e+03
8.980696763518049011e+02
9.256911382699439628e+02
8.917679471434878451e+02
7.697964835735142515e+02
1.030908820510190480e+03
1.288565909651656057e+03
1.533232191795091467e+03
1.814985793018293407e+03
2.525305679868758489e+03
2.350203381386085766e+03
2.434026972655572081e+03
2.129601554101559941e+03
1.614886592427560572e+03
1.576496534894874003e+03
1.187532651780630658e+03
1.333293184139703044e+03
9.418374109402709564e+02
7.807410071429136451e+02
7.186219023474085361e+02
1.277397165938649096e+03
1.324240693035768572e+03
1.297870380585033672e+03
8.338007223602296563e+02
1.298053387783960034e+03
1.879251467543445415e+03
1.490233206836112004e+03
1.404914911166843240e+03
1.509549147237015404e+03
1.011519775704526865e+03
6.362802984235590884e+02
5.855295399886106225e+02
1.314209611367098887e+03
9.738714034002952076e+02
1.211691752869009861e+03
1.215679366441575894e+03
1.209362895983822455e+03
9.157108684200011339e+02
1.649572447379697223e+03
1.828985945696905219e+03
1.205487361038819472e+03
1.032375142443109553e+03
1.102582766153430612e+03
1.326020633517483020e+03
1.114122806087523941e+03
1.178638372609252656e+03
1.379642398861356469e+03
1.106446998843159008e+03
1.380099336475924474e+03
1.111585156759223537e+03
9.165607890857545499e+02
1.359566701040194857e+03
1.063899784659927491e+03
1.122046862806652371e+03
6.501523969420403546e+02
5.573406896381576416e+02
9.576912032520071989e+02
9.888148483978109198e+02
4.864683271618923186e+02
1.168511192433709766e+03
5.137664351743519546e+02
7.255493769558396480e+02
7.865329069931730146e+02
7.214703325186757183e+02
1.030480660674924820e+03
8.090185026721446775e+02
1.338762973224866528e+03
1.097332104251448982e+03
1.058262692862987706e+03
1.299073861338088591e+03
1.006551284757924350e+03
1.257823885526117692e+03
6.832242107025043651e+02
1.312212157828696036e+03
9.428267308963220330e+02
9.384202657570405108e+02
9.496987908912008152e+02
7.760106421092332312e+02
5.659897826369186760e+02
6.202538436389971821e+02
8.285365355904307307e+02
1.061708423103164478e+03
1.024993876828717475e+03
9.629455353557304988e+02
1.545092239517995949e+03
1.484107541406377095e+03
8.176427614890527593e+02
6.102523019528991881e+02
7.903892880311151430e+02
1.952344981801018321e+03
2.022858986230171240e+03
5.826666046884984098e+02
5.283504102116982040e+02
4.258158263138704456e+02
4.836744122960281516e+02
1.534631812503934043e+03
1.736047423809224256e+03
7.323353346214396424e+02
6.107358439210217966e+02
8.681286502814660935e+02
6.466055483998744648e+02
7.182889479835248494e+02
1.762571833575467508e+03
1.842912106727718310e+03
1.419293023705174164e+03
2.142525168121512706e+03
1.672812341445978745e+03
3.490698726045242438e+03
2.394462018165991140e+03
2.370752376191891472e+03
2.020997885624912897e+03
1.881198829921300330e+03
1.960930372562024104e+03
1.730916412957870307e+03
1.630501232576223856e+03
1.621234432879369933e+03
1.996174667417034925e+03
1.887481460883757791e+03
2.073863425872959851e+03
2.402654811382408752e+03
2.092931939634182072e+03
1.921747962628744972e+03
2.093299950855243424e+03
2.016154374265214756e+03
1.652197426549804732e+03
1.946463196329304537e+03
1.638055462480697770e+03
1.498779644738111983e+03
1.569206985593539684e+03
1.519844556276779940e+03
1.616713174529822481e+03
1.238476205293953853e+03
1.716631444995894299e+03
1.495860155372198506e+03
1.424726402367987021e+03
1.422915062903530270e+03
1.454590966250351812e+03
1.561187967214970968e+03
1.522972838811080237e+03
1.195910432122840120e+03
1.251434607003425526e+03
1.296253787313532030e+03
1.669778774579576975e+03
1.560580353231456002e+03
1.899582645331284311e+03
1.673726999382367012e+03
1.833600032091117555e+03
2.286668539185113332e+03
2.895572609246613865e+03
2.616880726063025122e+03
1.637896079064928472e+03
1.376983555588276204e+03
1.639043540052969774e+03
1.465905956306972712e+03
1.630084281368019447e+03
2.083297057145300641e+03
1.103854197554153643e+03
1.676558867895382036e+03
1.240463130274094283e+03
1.087394775389788492e+03
1.438924288187658703e+03
2.083207113251111878e+03
1.845670167551201303e+03
1.978072627907994956e+03
1.612517660551243580e+03
2.239976145990137866e+03
2.771824202194376085e+03
3.912421287698178276e+03
3.374587815241125099e+03
2.346869783902137897e+03
1.474457439882647577e+03
2.537843379251374245e+03
1.985381464672251241e+03
1.933523263299132395e+03
2.544643552429876763e+03
1.719504214324821533e+03
1.425732270485179015e+03
1.382188805536193513e+03
1.647213912264298642e+03
1.399731205038707003e+03
1.514590464648656962e+03
1.519456500015544862e+03
9.655449632158547502e+02
7.364462913267368549e+02
8.892975701927992986e+02
1.133675983678969942e+03
9.143173610065327921e+02
1.099096545649545760e+03
6.352724610386717359e+02
6.714032883430190850e+02
8.152312470409748357e+02
9.633315543390667699e+02
6.855682934427018154e+02
5.929377713775041912e+02
6.339560224084540323e+02
1.476088393803118151e+03
1.826419677501445221e+03
8.313453560806822225e+02
6.457722504119449241e+02
9.093812581291289234e+02
5.012357659657724298e+02
5.567706356554385820e+02
9.327498279667003089e+02
6.916389488454703951e+02
8.190525552268129559e+02
8.155181749420127062e+02
8.572623206087564540e+02
7.200590762778382441e+02
1.060847755078412774e+03
1.209566685274177416e+03
9.355093698136613511e+02
1.130190115953296072e+03
6.811625251789230333e+02
7.132125712917636520e+02
1.524926896168781695e+03
9.315495561853729214e+02
5.765822569579435140e+02
5.350742553538057109e+02
2.093409000794630174e+03
2.056189924088824682e+03
7.030321030357176824e+02
7.727635972457826483e+02
1.101728308952074713e+03
8.168261914461737661e+02
8.701569388758687182e+02
1.497597427702389496e+03
1.122406117329949893e+03
1.116150952190332873e+03
4.618306492698097827e+02
5.545676798692153397e+02
7.023402630841484324e+02
1.610583070969304117e+03
4.037145695516564501e+03
2.629330603531218912e+03
2.447629513032698014e+03
3.551803825967454941e+03
2.523358188545734720e+03
1.981903369807187346e+03
1.608088339280510581e+03
1.388008783357260427e+03
1.964884575217492056e+03
2.680429385805965012e+03
1.964181287734670832e+03
3.067614823742487715e+03
2.165490616044242870e+03
2.229408204397101144e+03
2.852779312338911495e+03
2.501088132051232151e+03
2.127402393044022119e+03
1.812427918404359843e+03
1.438310735133646631e+03
1.312825166633804201e+03
2.174935212504955416e+03
2.289057898599051896e+03
3.371877902347051986e+03
2.806466363977934179e+03
2.430604194636840020e+03
2.035274349364862246e+03
1.891019613499662455e+03
2.052742276898165983e+03
2.006809735372370369e+03
1.675180856024741843e+03
1.737529682638206395e+03
2.255434587359981379e+03
1.921101452838440082e+03
1.845922128096376582e+03
2.094266181728283300e+03
2.228344192582249889e+03
2.063717370397466311e+03
1.872460559031649836e+03
1.814088693200830676e+03
1.619532630198183142e+03
2.452130286485400575e+03
2.255034177681674464e+03
1.767448944585523350e+03
2.452542091751683074e+03
1.408811968183140380e+03
1.800683667136140002e+03
2.430116045752210539e+03
3.243190522876755949e+03
1.905471369076529754e+03
2.341452853629421043e+03
2.184565600689828898e+03
1.802809123048866923e+03
2.262567421466198084e+03
3.016846097057172301e+03
2.129767446173138524e+03
1.721127493865920314e+03
1.742222714380322032e+03
1.945469126251682383e+03
1.907451817902047424e+03
1.984884272551413915e+03
1.880977892387545126e+03
1.588554660837159190e+03
1.411772058399816160e+03
1.462256266868350849e+03
1.925030462593442735e+03
1.327246656503294844e+03
1.395271518006614997e+03
1.855748874286513455e+03
2.195586963434534937e+03
1.735588004028643581e+03
1.615095222392345249e+03
1.386128042989281539e+03
1.610437564961184535e+03
1.227113633546875235e+03
1.063281711082414631e+03
9.556193600399301431e+02
5.913144972248583144e+02
1.042518067113733196e+03
1.453968137992914080e+03
1.633603480461982826e+03
1.560251360920620755e+03
1.454371920075425805e+03
1.435455427440491803e+03
1.862660765244180539e+03
1.210347921040869096e+03
1.154427786661919527e+03
1.100410848354238624e+03
1.459677503971768601e+03
1.332263776398241589e+03
1.337403121799377004e+03
1.565736941647491903e+03
1.024203796722900961e+03
8.497457478971354021e+02
8.975666084681764687e+02
5.856626563027929251e+02
5.028404796196747952e+02
1.160404654228475238e+03
1.732163345339217813e+03
1.903969498758789314e+03
2.020589727824600686e+03
1.629963014866046251e+03
1.974901878673520059e+03
1.354001068549336651e+03
1.163757069834700360e+03
1.493226734821603486e+03
1.887960154245072772e+03
1.814987148473778234e+03
1.788463558798263875e+03
1.687505929773958542e+03
1.899970600972362718e+03
1.710207087187056459e+03
1.899676923610405311e+03
1.837888049618963123e+03
1.292723420937223864e+03
1.525402216448969057e+03
2.099586035133684163e+03
2.238495546438069596e+03
2.734030365825909939e+03
2.010379038727825218e+03
1.394276593762451512e+03
1.922928555082835828e+03
2.177408163627173963e+03
2.679862083933708163e+03
1.597949194920295213e+03
1.364413084220318524e+03
1.179833722077485163e+03
1.023952646979296105e+03
1.316139873770667236e+03
1.482404350473251725e+03
1.554328023549511954e+03
1.451475805020538473e+03
2.138272362725873791e+03
1.805628572374432906e+03
1.697533914029874495e+03
1.855857968146353414e+03
1.753514316437988782e+03
2.264182096432276467e+03
1.305968928437821205e+03
1.087301965746722999e+03
