5.007198963567212559e+03
4.286910731803882300e+03
4.202556402895318570e+03
4.732020050718155289e+03
4.624004344123751252e+03
4.113230005021193392e+03
4.221361303322301865e+03
5.972624753072220301e+03
5.318221661851510362e+03
2.816196647509241302e+03
3.522136669677208829e+03
3.660151771457361065e+03
3.740761900375743153e+03
5.035037104880891093e+03
2.113634958446652035e+03
4.010223234913748456e+03
3.478416300062377104e+03
2.610978076993496416e+03
3.722436662335788242e+03
3.989591668231757012e+03
5.468740340657915112e+03
6.487597272857280586e+03
5.262351423719612285e+03
4.458490955951378055e+03
5.923001487461646320e+03
4.385424619629880908e+03
4.163775987750494096e+03
3.859672064629996385e+03
3.511094683999539029e+03
4.930372403064558966e+03
4.620061096555993572e+03
5.071362240007917535e+03
5.520646229469589343e+03
5.386206724349382966e+03
5.854958245336498294e+03
5.168903619337871532e+03
4.426563856907713671e+03
5.503463748586415022e+03
4.360151689742884628e+03
4.807106033900298826e+03
4.557683301318573285e+03
3.619254890801952570e+03
3.242519190481472833e+03
3.324403747647803357e+03
3.670488900116277364e+03
2.660292399070192914e+03
1.692013861641706171e+03
2.188240681418612439e+03
4.127394763749069170e+03
4.759208867070189626e+03
6.189758645358762806e+03
7.318195473759838023e+03
3.779885069664422190e+03
6.089209904911294871e+03
4.711092773485066573e+03
8.680186513865783127e+03
7.344874829883270650e+03
3.544742449555444637e+03
8.272237664212538220e+03
5.677114149323530000e+03
9.027475962193844680e+03
6.992691260168899134e+03
3.459916265874760484e+03
5.865164193338927362e+03
4.664291623791132224e+03
6.705787955571927341e+03
8.125497240547804722e+03
6.597980592930225612e+03
3.644571471893581929e+03
5.234773916242737869e+03
5.070352903322051134e+03
5.627522451150586676e+03
7.161063754773645996e+03
6.317234515141040902e+03
4.105242041638044611e+03
3.420885427563989651e+03
6.148753291665354482e+03
2.855211957852659452e+03
5.546536700834656585e+03
7.013777796007292636e+03
4.022023083895275704e+03
5.022739008450524125e+03
3.763396016154081735e+03
5.768538918436338463e+03
3.121523894672349343e+03
3.192727167204991474e+03
3.054224378319746847e+03
2.488934538339407936e+03
2.657635069884785480e+03
4.100055139138959930e+03
5.321905490586282212e+03
3.886853190102065582e+03
6.810747576361807660e+03
6.044856326398018609e+03
3.883365337189115507e+03
4.668700709617501161e+03
5.410582305650351373e+03
4.318671242356376752e+03
4.048041125464515062e+03
1.253823250564786122e+03
1.967419035316156169e+03
3.079245766903008189e+03
4.644066065233870177e+03
4.450568798011494437e+03
3.581534808878325748e+03
4.101085529097781546e+03
2.795492252034437570e+03
2.234301399664094788e+03
1.996700891840741406e+03
1.565739663138586820e+03
2.860989350504119102e+03
4.834845532383684258e+03
3.933005116029723922e+03
3.188138228975239144e+03
6.194122358197050744e+03
6.813188958338585508e+03
5.547278666599039752e+03
6.630232218886482769e+03
6.213094516351497077e+03
5.745930425587066566e+03
6.831538483568913762e+03
6.796539185240307233e+03
5.445366886058727687e+03
3.276258339480360519e+03
3.527643094998803008e+03
5.007778305519026617e+03
3.804745545536559348e+03
3.853882532693904523e+03
3.878197072740261319e+03
3.820595834509135784e+03
2.738713546456384393e+03
1.827712639223931092e+03
1.644729471470849148e+03
3.159092641207785618e+03
3.751847354655545132e+03
3.843032721057117215e+03
4.031671122551481858e+03
4.571146149469470402e+03
3.830681583661452350e+03
3.073131371158367529e+03
1.991242004196932612e+03
2.373008122159516461e+03
5.166652307734645547e+03
6.044907835965939739e+03
6.308462259923885540e+03
5.990340507387885737e+03
4.978190576475991293e+03
4.451005177713693229e+03
4.239844068192545819e+03
4.427618287371369661e+03
4.348346965046452169e+03
4.608504180225644632e+03
4.371599898937537546e+03
4.545761836976051200e+03
3.572459549562666325e+03
4.215743789095542525e+03
5.189349819412231227e+03
5.917495241798804273e+03
5.595794440212184782e+03
7.207141784357649158e+03
5.139237859032368760e+03
6.487933360353325043e+03
7.404821944286986763e+03
6.086934283261475684e+03
6.661210429905985620e+03
6.977230604565121212e+03
9.100304065655827799e+03
8.893795049377651594e+03
6.590279907739156442e+03
5.533774254140012999e+03
7.397261044290457903e+03
6.283495851591575956e+03
5.469777307255818414e+03
6.075015023376341560e+03
5.447620657312411822e+03
3.804791183898878899e+03
4.716890787525022461e+03
8.452698294482110214e+03
6.011079300284353849e+03
6.340851295945676611e+03
7.005335397907238985e+03
2.531802514506983698e+03
6.776323839333062097e+03
6.362076102862636617e+03
6.479631111925112236e+03
2.784758639863939152e+03
5.901814380317719952e+03
7.995577997157289246e+03
7.163433604095247574e+03
4.869583628073103682e+03
5.354484300008050923e+03
5.008397643833995062e+03
5.907181926424877020e+03
4.837555157595524179e+03
3.868634431248181954e+03
4.868648083997694812e+03
5.192264763758044865e+03
5.079920344793574259e+03
7.659798031951540906e+03
4.889660883862980882e+03
5.770355786681041536e+03
5.531996049563525958e+03
2.965768515564980135e+03
4.540522174714118592e+03
4.866848612307775511e+03
4.546093553311108735e+03
4.986635588406515126e+03
5.884467719924312405e+03
5.607317496914088224e+03
5.440332098042999860e+03
5.021964020087108111e+03
2.867850204945345013e+03
3.756236596228797680e+03
3.248141267067799163e+03
3.191443444899124188e+03
2.475590641385244908e+03
1.800044569050231530e+03
1.175459838488535524e+03
1.444375827341018521e+03
1.428022288534134532e+03
1.165260293073191406e+03
2.072961229084339720e+03
3.583913397616516704e+03
3.858255549115162012e+03
4.740177799134745328e+03
6.178890188556241810e+03
6.053346853605121396e+03
4.839357891879712952e+03
6.960186111196640923e+03
8.178977403869907903e+03
6.927303638889527065e+03
6.645118886256842416e+03
4.614188597243659387e+03
6.354409232932651321e+03
6.817713794103638065e+03
5.811705603594339664e+03
6.255482816695350266e+03
6.366772162278944052e+03
7.039302813383261309e+03
6.435216651147934499e+03
5.649342213187746893e+03
5.354992945354228141e+03
6.286615680582122877e+03
6.162801962442764307e+03
5.357612393382769369e+03
3.054975449613955334e+03
3.700374216383411294e+03
5.509787294888017641e+03
4.701322694869091720e+03
5.904721135901831985e+03
2.946479481608401329e+03
2.779182346204971964e+03
4.166079572618450584e+03
3.477760587016126919e+03
1.974848212527706437e+03
1.954489992409709203e+03
1.780486644689305422e+03
1.504328435103140237e+03
1.724185199473455214e+03
1.444026075503572429e+03
1.162577127577113515e+03
1.085603927314439488e+03
1.056890618273215068e+03
1.389156650215845275e+03
1.045485181162716117e+03
9.647441445797093138e+02
1.169212537400789415e+03
1.312090094671007819e+03
1.584014960188387931e+03
1.351971677406026856e+03
1.119141356317986492e+03
1.285056810653792354e+03
2.496323365810733776e+03
2.827494810319463340e+03
3.179429493549484050e+03
1.340756887652860541e+03
1.454219966304215632e+03
1.373258198086081165e+03
1.555908232638077607e+03
1.847511027092840322e+03
1.439312204346595081e+03
8.236889467823726818e+02
8.521001593338590965e+02
1.836524456365081960e+03
1.619548830298829216e+03
1.179646132544746024e+03
1.216081218028194826e+03
1.348200519249390254e+03
1.630817856092764032e+03
1.414572490611710236e+03
1.638256079633146101e+03
1.748581018285731716e+03
1.581560485836409498e+03
1.586788696335176382e+03
1.872028680393894092e+03
1.979130965901120589e+03
1.537072625523211627e+03
1.567042157205774402e+03
1.759243927261827139e+03
1.743825189961066826e+03
1.730850004562779986e+03
1.641002828936819469e+03
3.082079160129580487e+03
3.224983566223111211e+03
3.406794272590278524e+03
3.381750123343868836e+03
4.015623947113135273e+03
3.288455736096006603e+03
3.099278557854449446e+03
4.976642366266183672e+03
5.270536385223574143e+03
5.585191852243318863e+03
4.283857540911536489e+03
3.848325491781394703e+03
4.289423389963811132e+03
4.728693774845060034e+03
4.759829830974465949e+03
4.507023556405535601e+03
4.414661574741900949e+03
4.534803241596187945e+03
4.759960535360132781e+03
4.989257639881645446e+03
4.326452760268759448e+03
4.158297821820344325e+03
5.865282890544365728e+03
6.669886005539457074e+03
5.124918621692775559e+03
5.047200092998704349e+03
5.769022091789864135e+03
4.104657550003915276e+03
3.197506088174162869e+03
3.598525479354023901e+03
3.384337399042753987e+03
3.107718207934818565e+03
3.517576099666662685e+03
3.045661430584011214e+03
3.378790674255875729e+03
3.221128360387940120e+03
4.005714161718806736e+03
5.700773484231091061e+03
5.091512391359397952e+03
5.183823849180264915e+03
3.858090610715397361e+03
3.903383921221504352e+03
4.033796664159205648e+03
2.900973719624701516e+03
1.551812909576396123e+03
1.026934072789867741e+03
1.735475659596062997e+03
3.368869417819198134e+03
3.941638903574121741e+03
4.426870313566090772e+03
3.254992610265394433e+03
2.406140354655164174e+03
2.834305653249391071e+03
3.046961201529624304e+03
1.298787271685312589e+03
1.775548669358861162e+03
3.946694152208064679e+03
2.727273552219667181e+03
3.156408666721540158e+03
4.392566986294026719e+03
6.750175105887047721e+03
4.811382881527515565e+03
3.954096240018411663e+03
7.123853316643620929e+03
4.686223631542884505e+03
3.418104030945185514e+03
5.114752287691644597e+03
6.432322578229823193e+03
4.517991086607400575e+03
8.245460469284849751e+03
2.858856383142910545e+03
3.750303504995422827e+03
2.638454471918326362e+03
1.777080374132358429e+03
1.521901338928050109e+03
1.477551027459108127e+03
3.539811039556456308e+03
2.991094422533171837e+03
1.722712764044026017e+03
1.445575386441365481e+03
2.795789389349176872e+03
1.862152292171015006e+03
1.890602279490926549e+03
1.554615917812270936e+03
2.282807180921139661e+03
2.992527808834856842e+03
3.693092771067160811e+03
3.616930557689245234e+03
2.856524060329218628e+03
2.575602703011438280e+03
2.892101253205924422e+03
3.266364906089436772e+03
2.955730960603971653e+03
3.262414659114327605e+03
3.830526764138822728e+03
2.570800157510812369e+03
3.414788424449592185e+03
3.476695982793299663e+03
2.897162515464325224e+03
3.058934753809603080e+03
3.104286559217308422e+03
1.422877147908051938e+03
1.271372350856574258e+03
1.496996645016579578e+03
2.971598572031046842e+03
4.040787533929255005e+03
4.322787958372221510e+03
4.071345488588068292e+03
2.894917366727775516e+03
3.628808844693724950e+03
3.239357974666940663e+03
1.924853059855975971e+03
1.779798504398246450e+03
1.537852058425362884e+03
1.198812566146768631e+03
1.520673058631716685e+03
1.600980729711018057e+03
1.204969754070268209e+03
2.296327897600311189e+03
1.564761197681654949e+03
1.050034299728028827e+03
3.416225238556334716e+03
3.069140935397634621e+03
1.610214518700656754e+03
1.772532853851546633e+03
1.117153057254133046e+03
1.666705650285182628e+03
1.621425626542690907e+03
1.540489784159655073e+03
1.406150677104766146e+03
1.458715777658273964e+03
2.329788897454469861e+03
1.987312497605492808e+03
1.991539089954002520e+03
2.408368460715681977e+03
1.737506954482797937e+03
1.734156991562661005e+03
2.541994022527256675e+03
3.525736640742327381e+03
3.783666848401876905e+03
3.194592685169411197e+03
2.188212944848761254e+03
2.623699112292554219e+03
4.934750040679628910e+03
4.131587998241549030e+03
2.679053020577905954e+03
3.371336163810102789e+03
2.994655025769645817e+03
2.528494090568975480e+03
1.985214083205569978e+03
3.355868527147526038e+03
1.638933061798149538e+03
1.448092922644294504e+03
9.952537996322280378e+02
3.043711275802354521e+03
2.577201870247570241e+03
2.185194056975537023e+03
2.264898088595776244e+03
1.683647680402568994e+03
1.601551868207925509e+03
2.450626361013059523e+03
3.449086911853729362e+03
1.844471126893018663e+03
2.863438833277376489e+03
2.412780288960607777e+03
3.498876182144291306e+03
1.702033458933566180e+03
1.928728398061983626e+03
1.712515206341256544e+03
2.053385744880251423e+03
2.003107669189880653e+03
2.760603616824728761e+03
2.715290206996406141e+03
1.240828665797818303e+03
2.556475535323110307e+03
1.686957015039921089e+03
1.848054848971899446e+03
1.970250264338882062e+03
1.947147757426211683e+03
2.146459336376070951e+03
2.123407095833156291e+03
1.456781767790117783e+03
2.387094755126899145e+03
2.338598877353168518e+03
1.309062553337422969e+03
1.420114827310880401e+03
1.945121145938659765e+03
1.704859697337961506e+03
1.132830904407904200e+03
1.213298485098383253e+03
1.365846869851173778e+03
1.738213532391702984e+03
1.350714735225629511e+03
1.669568882145232010e+03
1.705589032342982819e+03
1.568039722275605527e+03
1.094388820349704929e+03
