3.331416384127986476e+03
3.244090004067741120e+03
2.277360170857981757e+03
3.308788127357940539e+03
1.773875908725844511e+03
1.801374680337080690e+03
1.682420521318689680e+03
2.219569436909373508e+03
1.906207853318419666e+03
1.805631969218044787e+03
1.387688616042287094e+03
7.099157356048582415e+02
9.571636661428975685e+02
1.987480441266660591e+03
1.651016075554094414e+03
2.365530389535433642e+03
4.575827017247609547e+03
3.942677314084597128e+03
4.801457338739341139e+03
6.193695731864947447e+03
5.601961284869334122e+03
2.893662171896203290e+03
4.682521630649279359e+03
7.415976279881109804e+03
5.915673577595518509e+03
6.042786463856572482e+03
5.309083498426645747e+03
5.223455268503968909e+03
3.744955612078504146e+03
5.546055459247404542e+03
3.700095402014118918e+03
7.615412774318683660e+03
6.441156814849919101e+03
6.628619239292528619e+03
5.260199005709256198e+03
6.220904797630630128e+03
5.675765779711663527e+03
4.468382915173968286e+03
5.690439741355881779e+03
6.612716953384816406e+03
2.684796744006457629e+03
5.472582510287857076e+03
3.584122310192963141e+03
3.555536741727903518e+03
5.239211657795375686e+03
4.233324057508771148e+03
2.688358492193837264e+03
3.610459991518315746e+03
3.125667434169720764e+03
2.878377640025095843e+03
4.353618903342577141e+03
2.607904402560828203e+03
4.280331148202330951e+03
3.328428100691573036e+03
3.727995813331816407e+03
2.899167482453538014e+03
3.027276531400035765e+03
3.026964190503094869e+03
2.972365618230623568e+03
2.961090147689740661e+03
3.711969359446597991e+03
4.043971952206293281e+03
2.865645066377217063e+03
2.988297221595062638e+03
3.788534095056160368e+03
3.668025892927560562e+03
3.902447959778467521e+03
2.157962729734526420e+03
2.870707199472782122e+03
3.450253051308324757e+03
3.436639099843539043e+03
2.712196885818760165e+03
2.172962170597665590e+03
3.268350313946359620e+03
4.546175315212228270e+03
4.753377597454466013e+03
4.800371641885526515e+03
5.744067427711261189e+03
5.476711161282392823e+03
4.632222137042693248e+03
4.813453780137667309e+03
6.096242330074234815e+03
5.839537823576863957e+03
4.793722630048152496e+03
5.318846145534411335e+03
6.493690434640080639e+03
6.721667163492810687e+03
4.797914429059979739e+03
6.034663551756785637e+03
7.101025781118148188e+03
6.986581994822182423e+03
5.149397738716317690e+03
5.695148624863205441e+03
5.774241877476099944e+03
6.709766248459099188e+03
7.268978162461644388e+03
4.746729443670993533e+03
6.053388994354229908e+03
6.638690817222642181e+03
6.825838818406675273e+03
6.393837048300709284e+03
4.470255167300153516e+03
5.481850832093129611e+03
6.946040572427455118e+03
6.386919773483316021e+03
4.991343739393709257e+03
5.679448222773514317e+03
5.832823818749069687e+03
4.682906635802969504e+03
4.453784079115560417e+03
4.630782886831944779e+03
5.189266029067774980e+03
6.364652319470328621e+03
3.333962924759503949e+03
5.541421145328890816e+03
5.120392379655781042e+03
4.859949290708412263e+03
5.752021819351025442e+03
5.448700576690211165e+03
3.045592125041804593e+03
4.923650178192187013e+03
4.772698085526082650e+03
6.033236998478221722e+03
5.577249456671342159e+03
6.731406268746029127e+03
4.099737526343069476e+03
4.483135039966980912e+03
4.734057322124599523e+03
6.452161649740474786e+03
5.592944559348432449e+03
6.316046294726452288e+03
4.860788139568937368e+03
5.060348216056322599e+03
4.843265258197299772e+03
6.343210397810789800e+03
5.271813578370390132e+03
5.533047969110636586e+03
5.255531078624328984e+03
4.283171195746608646e+03
4.287266388764054682e+03
4.210411386844815752e+03
4.904274513920705431e+03
4.530859612350660427e+03
5.254496599136036821e+03
4.998595516840293385e+03
4.274002462201890012e+03
4.098687585455283624e+03
4.362843942138738385e+03
4.932618537071953142e+03
5.127426396007752373e+03
4.936613541878323304e+03
5.300215756469676307e+03
4.937226582691097065e+03
4.197466986405557691e+03
3.756870550841584645e+03
4.702736710454766580e+03
6.243552432318676438e+03
4.966359676364812003e+03
4.670512108848136450e+03
5.528064954657071212e+03
5.772431458018770172e+03
5.304038292785769045e+03
4.562565443938006865e+03
5.759603986438997708e+03
5.362126610221165720e+03
3.300052136988183065e+03
4.582891279772995404e+03
4.415452274035315895e+03
5.276583562197658466e+03
5.391205706121220828e+03
5.866716935776524224e+03
5.649057903602253646e+03
4.840856588929824284e+03
4.704683529222940706e+03
2.787786987833540479e+03
5.715076153707441335e+03
7.179067651997939720e+03
8.173496364742892183e+03
9.733375109933982458e+03
5.295833997622527932e+03
7.304549807931230134e+03
7.270307835850022457e+03
7.368235278861497136e+03
4.897482977728602236e+03
3.513527735373039377e+03
3.591816251378056677e+03
3.960437075087282665e+03
3.992850768721064469e+03
3.274698585231147717e+03
3.203449764418868654e+03
3.161024141280100139e+03
2.868363304130326014e+03
3.263823950592198798e+03
3.741388579177655174e+03
2.673111315219010976e+03
2.763248860831286038e+03
3.221856955635214945e+03
2.492794863647348393e+03
3.431397414726706302e+03
3.971840664368972284e+03
2.815494287746554164e+03
4.902852165393605901e+03
5.031066711971712721e+03
5.219053777520217409e+03
4.159863088508111105e+03
7.904400916982282070e+03
6.537714496694678928e+03
8.488555717904380799e+03
5.936066512882254756e+03
6.189936476371995923e+03
6.005939856199089263e+03
6.055436391673379148e+03
5.806713107513534851e+03
4.963583126628352147e+03
5.231357440286215024e+03
5.792363876329997765e+03
4.681806362112089118e+03
7.168521115131375154e+03
7.582455685684375567e+03
6.988502427559586067e+03
6.626451462531597826e+03
5.352228265232657577e+03
4.256958801990908796e+03
5.408226211566213351e+03
4.919093782404256672e+03
6.375163216920151172e+03
5.364095220949121540e+03
5.536190626664207230e+03
4.456887168150858997e+03
5.647610438117098056e+03
3.833334682220078776e+03
3.377752928076777607e+03
2.406399289902348301e+03
1.739594852660402239e+03
2.480596651445200223e+03
3.040004127794634769e+03
2.298153264902181945e+03
2.500761035859417461e+03
7.976786634210254306e+03
7.185206242447297882e+03
3.445463624214322863e+03
5.475903997904855714e+03
3.998752753785088771e+03
3.009762140826203449e+03
3.456658991946061633e+03
3.411033674306704143e+03
4.642047218574909493e+03
3.040098126983006296e+03
2.775846443280787298e+03
1.510516087486566676e+03
2.129488959072523812e+03
2.736173178910451497e+03
3.212833452280826350e+03
3.386823615680083549e+03
2.901287719151038345e+03
5.227723076116935772e+03
3.414558740900710745e+03
3.591598547799837888e+03
3.329595447070801129e+03
3.197924466932480300e+03
4.222064236063527460e+03
4.810458727972194538e+03
3.720508123166794121e+03
1.582947491508172334e+03
1.580465518989355587e+03
1.416892326485369040e+03
1.645875992803723875e+03
3.071700524397685513e+03
3.312106286623078631e+03
3.596469713438842064e+03
3.021466403072469348e+03
3.100096103268437219e+03
3.210491138685955775e+03
3.047548987428765940e+03
3.037992615177146945e+03
3.956964883398678012e+03
3.713605213273538538e+03
4.275149858843562470e+03
4.546872187217571991e+03
2.610874228070329536e+03
4.814284734341316835e+03
4.845021263156510031e+03
4.692146790981973027e+03
3.926572409792324834e+03
4.964604332398456791e+03
3.936825250801100992e+03
4.416097768028475912e+03
5.262889669738790872e+03
4.082753396109596906e+03
4.524738898842703748e+03
6.214370321312192573e+03
4.955963414837402524e+03
5.665966928226182063e+03
6.112178503594922404e+03
4.596811881361833002e+03
4.597279722212015258e+03
4.661822370769569716e+03
7.453145459455467972e+03
8.142087643708262476e+03
5.781411206999217029e+03
5.060560254255247855e+03
5.617170718190596745e+03
6.842714314914707757e+03
4.910156048685695168e+03
5.361712910459880732e+03
2.665824524026527342e+03
3.355454520386599597e+03
2.931306462522784386e+03
3.997416255715665102e+03
3.760513839462141277e+03
3.469086472554941793e+03
2.948289582315802818e+03
2.294050750602371409e+03
2.361276224726737837e+03
2.177937458443168453e+03
1.912669297771886022e+03
2.280256413420819626e+03
1.754237796748046094e+03
1.629527017263343168e+03
1.992610706731221171e+03
1.627136823857897980e+03
1.648702631432347744e+03
2.286171949581875197e+03
1.872316407889442189e+03
1.239306732673304168e+03
1.321789005852687751e+03
1.161347193057220920e+03
1.335589672477801514e+03
1.315507027829429717e+03
1.359814959499957695e+03
1.679918476081259769e+03
1.585822276913849237e+03
1.271458816192664699e+03
1.238492445888852444e+03
1.384026727622510862e+03
1.231685177277008961e+03
1.325123492672911652e+03
9.568378129513404247e+02
1.141055437465155819e+03
1.126751518055098586e+03
1.565927045576072715e+03
1.503702800576177879e+03
1.007422379604953221e+03
1.269856519433592439e+03
2.177213674008368343e+03
1.758970128074560080e+03
1.286171398474116586e+03
1.210181538625789244e+03
1.145351588308463988e+03
1.309208503524354910e+03
8.696752198190188210e+02
8.225035629771997492e+02
1.020255012845034457e+03
1.136890243534815227e+03
6.803719132462064181e+02
5.942438912925961176e+02
6.914448791641865455e+02
9.138723351676378570e+02
8.235030470081695739e+02
1.061725584236133955e+03
9.992051146043070275e+02
9.969191842640170762e+02
1.213352376895323459e+03
1.165783419486572939e+03
9.824147509732096069e+02
1.208080064574588960e+03
7.851152960361268924e+02
8.509104150925327303e+02
8.698807774627896379e+02
1.110239328246483183e+03
9.377357306153554646e+02
1.231581786493069558e+03
1.587437173084874303e+03
1.075626209688378140e+03
1.060928423936055651e+03
1.184842876428878526e+03
1.423279387697407174e+03
1.426983522197196635e+03
1.707625147989727793e+03
2.372057733401270525e+03
1.027276751466902851e+03
2.104139869972903398e+03
2.217085640692107063e+03
2.044036100860074157e+03
1.577464120307590747e+03
2.129488109207399248e+03
1.682651357990633187e+03
1.190414893878946259e+03
8.315314985609099949e+02
6.570603164295274610e+02
7.076214555988489337e+03
3.426335812676182286e+03
6.495594746611100163e+03
8.267704864674951750e+03
9.592188372531678397e+03
5.315965162362010233e+03
6.308095865359940035e+03
7.899573112097139528e+03
9.283480168589700043e+03
5.122764401209176867e+03
6.899762703113281532e+03
7.694177487061849206e+03
6.916929373214442421e+03
5.211408681303862068e+03
6.090495204925381586e+03
6.612427199224242941e+03
5.024044428445149606e+03
6.014065590787377005e+03
6.805770747584216224e+03
8.828061593997645105e+03
8.569612863242831736e+03
6.050885109650311279e+03
7.663335466155793256e+03
7.340883738474771235e+03
7.899727907504938230e+03
7.515002971388068545e+03
6.799315084839963674e+03
6.659494382443332142e+03
7.549185463127728326e+03
7.878671421535247646e+03
8.274315745231635447e+03
4.793411282379529439e+03
5.713607000615685138e+03
6.442115484756831393e+03
7.833175103927438613e+03
7.372128466864554866e+03
7.572894559340484193e+03
4.986554379012617574e+03
5.984176857863946680e+03
6.823922316780955043e+03
6.663339827798225997e+03
6.118580070161579897e+03
6.876443681843706145e+03
7.071762516076860265e+03
6.473651074338531544e+03
5.016489599799378084e+03
5.541061544899508590e+03
6.447888607901559226e+03
6.236235068502430295e+03
6.138394631610804936e+03
7.126085432960341677e+03
6.610772928072168725e+03
5.793613133990009374e+03
5.205309796113540870e+03
5.296556631014846971e+03
5.231996740792978017e+03
5.454646803637239827e+03
6.504491759351994006e+03
6.526179817726234432e+03
6.246872000263226255e+03
6.883874829461254194e+03
7.890167534305301160e+03
7.033316555243415678e+03
6.882111575085307777e+03
5.131678996275062673e+03
6.311239669659455103e+03
6.813249940357370178e+03
5.687186709659094959e+03
3.626721050806422681e+03
4.339310836628998914e+03
3.841963277636481962e+03
2.960941057048119546e+03
1.814487103126258717e+03
9.454684296263187662e+02
7.403355717404123197e+02
2.456377943099869753e+03
4.587843353220440804e+03
3.365244623356666125e+03
4.030445169513301153e+03
4.147765198404713374e+03
3.518499029228516065e+03
4.072328037065834906e+03
4.236554110178836709e+03
5.177545510117895901e+03
6.743474011491854071e+03
6.163778942600501068e+03
3.155090825840874459e+03
3.318766305574303715e+03
3.519275423157398109e+03
5.572522465397128144e+03
2.341373723454983519e+03
2.623422390449012255e+03
1.832404306193941920e+03
1.805301617126540577e+03
3.125166286983157988e+03
2.920093200716610681e+03
1.886363763443422386e+03
2.560548828047999450e+03
2.818659308619377043e+03
3.718255062675774752e+03
3.141668200775519381e+03
3.637216304988220600e+03
1.799746013293279248e+03
3.753035139942393471e+03
3.169305197907347520e+03
7.027521767237486529e+03
6.398397440775631367e+03
5.458864308040436299e+03
5.863206699344372282e+03
