1.756569737067288315e+03
1.109017593002502963e+03
9.891810052191432305e+02
9.418184157231498830e+02
1.179842710876864203e+03
1.138371805001345820e+03
1.318470976283644177e+03
2.093844844928442853e+03
2.404684128421193236e+03
2.109041079754351358e+03
2.124752106481054398e+03
2.062613253699797042e+03
2.174406844479306528e+03
2.147536289455684255e+03
2.030779253448822146e+03
1.327437416811631010e+03
1.214056678024256144e+03
1.552197374216378648e+03
1.439775807472808310e+03
1.237810429345171769e+03
1.146861297144656191e+03
1.506305679674730300e+03
1.000346936166193132e+03
1.628989937304394289e+03
1.256009787505621944e+03
1.150908578486626539e+03
1.460629078917971810e+03
1.712929979824564953e+03
2.850981353178439804e+03
2.727730105753263160e+03
2.757632913534743693e+03
2.665440269637595065e+03
2.347146873092089209e+03
1.657013360378752168e+03
1.269084199216705429e+03
1.305269746244358430e+03
1.502456486749555324e+03
1.976571199502789568e+03
1.788553169632210029e+03
1.471025095312323856e+03
1.179351585124586336e+03
8.230100025109250055e+02
1.091580144038658545e+03
1.079426432340435440e+03
1.388408425269512918e+03
1.689076108814404961e+03
2.103716915565283671e+03
2.278340490222084554e+03
2.473188130519277365e+03
2.303405996462226540e+03
2.540833204375005607e+03
1.890110288237151963e+03
1.382579547546263484e+03
1.417754212055578137e+03
8.985223235672708597e+02
7.830913483227619736e+02
8.231505132792208315e+02
1.306994726963099993e+03
1.836617980618892489e+03
1.827463948366298837e+03
1.770173692234497366e+03
1.541507297349742430e+03
1.532948111388608140e+03
1.418547066538027593e+03
1.260107475058262025e+03
1.056685595235221399e+03
1.284176565940693308e+03
1.247085981331010771e+03
1.278580314695071365e+03
1.425535252313928822e+03
1.605364478157244093e+03
1.117809513184515481e+03
1.313235738920257972e+03
1.494397092016462921e+03
1.348442618992796042e+03
1.563937593674008667e+03
1.476398311006996209e+03
2.249881938047299627e+03
2.395296366178603421e+03
1.894413425675965755e+03
1.766311661085698461e+03
2.496008985264678813e+03
1.714096853699523535e+03
1.968525300257581648e+03
2.038967426908713833e+03
2.057526294877509372e+03
1.753527555152998275e+03
1.692751143981698760e+03
1.785737106054062451e+03
1.700472681575770366e+03
2.104549970276645581e+03
2.147227563341777113e+03
2.335875945666597545e+03
2.537632092731895682e+03
2.643197970313443875e+03
2.293359510961632623e+03
2.426662598138275371e+03
2.601519410866761064e+03
2.054629353018211987e+03
1.590218706567990239e+03
1.394771150231531237e+03
8.798819982250349767e+02
8.190677215214726630e+02
9.534077447379265777e+02
8.023642379995858391e+02
1.364348422552858665e+03
1.435929946611779314e+03
1.866479718534370477e+03
2.810400558606144386e+03
1.830041830382178432e+03
1.879543310187999850e+03
2.480921768267711286e+03
1.483397357835344110e+03
1.622735183440613810e+03
1.770338898573654660e+03
1.522794720780360421e+03
1.810827076342001192e+03
1.801195457528338693e+03
1.855785971619629890e+03
2.088567160612025873e+03
2.343391973029839392e+03
2.157163492303258408e+03
2.391652711655740859e+03
2.565958371550818356e+03
2.897046043229413954e+03
2.595686833910604946e+03
2.126934728957973675e+03
2.607843252095091430e+03
2.679229275767337640e+03
2.308556337469160098e+03
1.996518894199743499e+03
2.252455405081704612e+03
2.214847126040301646e+03
2.696232872801284429e+03
2.038820573675238620e+03
1.983059902503936200e+03
2.590714208428049460e+03
2.346525684389328489e+03
2.366771003242380175e+03
3.620429544131580769e+03
3.786763320160326202e+03
3.205295930209174458e+03
3.420727624646021468e+03
3.229031787226049801e+03
3.417337838883083805e+03
2.802353160502159426e+03
2.811771423371996207e+03
2.717883879452462224e+03
2.645729096093432418e+03
2.966577897662304167e+03
2.495156872629086138e+03
2.424492842096074583e+03
1.766126203166870255e+03
1.591817611794851928e+03
2.186701116957064187e+03
2.194615877194287350e+03
2.223166671080850847e+03
2.006628423371258123e+03
2.130425044468239776e+03
2.070106173079390373e+03
2.027958861892297364e+03
2.109063477324891664e+03
3.332261857619774673e+03
2.487342434778393908e+03
1.684001645733074611e+03
1.158521525502866552e+03
1.583640104115072972e+03
1.477010662577624089e+03
1.349237561560484664e+03
2.608257659636735752e+03
2.249587450569925295e+03
1.935286661711273609e+03
1.842183887409619729e+03
1.233946824934361530e+03
1.110006945938937406e+03
1.274821804855939945e+03
1.806259890849547901e+03
1.958585496828940450e+03
2.122328239604233659e+03
1.946346977791712561e+03
1.803111943405279362e+03
2.076975761119947492e+03
1.941696362712126074e+03
1.630741203492354316e+03
1.883554097596654856e+03
1.691741541851283728e+03
1.493578985310392682e+03
1.634568065699706494e+03
1.635159766894179256e+03
1.917946035085036328e+03
2.243006765105025806e+03
1.045207918346255610e+03
8.601154859632540592e+02
8.157095827952250602e+02
8.721027315887322402e+02
1.097712695608408012e+03
1.533273649173376953e+03
9.657331902279448741e+02
1.042129387403980445e+03
1.012092245024765589e+03
1.215195142453540939e+03
2.106168395819196121e+03
2.330352516792314418e+03
1.889304701738448330e+03
1.674620404671966980e+03
1.902576164619509882e+03
2.614461171811063650e+03
1.895594656513582777e+03
1.803396075468946265e+03
2.000189488756097035e+03
1.203816280169178299e+03
8.930341493100470416e+02
9.070809655413170276e+02
8.186795573642060617e+02
8.687729094473492069e+02
8.768573779535799986e+02
1.271350469520900560e+03
1.048834884884860003e+03
1.350076787546465312e+03
1.325755522991612906e+03
1.513414977880835067e+03
1.337432212885239778e+03
1.623457247045842905e+03
2.163570611299573102e+03
2.143746531789916389e+03
2.732910028831059208e+03
2.070019625395481853e+03
1.190226281084773746e+03
1.070697256306534200e+03
1.347942232435253572e+03
1.408871355070601112e+03
1.357035429825033134e+03
1.223424061584242736e+03
1.269061019473045690e+03
1.792068237582598385e+03
1.850500727441553408e+03
1.548754594653990807e+03
1.298421140883328917e+03
1.561060900023346449e+03
1.274990840103840128e+03
1.635597179272404446e+03
1.370650608231543401e+03
1.658383986950711005e+03
1.691779549748108138e+03
1.557601064885191590e+03
1.755751578989423024e+03
2.145499151498976062e+03
1.676691035745688851e+03
1.271049387641110570e+03
1.368330830737105771e+03
1.566317549825313563e+03
1.496853543139756766e+03
1.699225098935675533e+03
1.804465980181677423e+03
1.805395479149403400e+03
1.388757448434100752e+03
1.267131887702275435e+03
1.365969643514232757e+03
1.696201212248136699e+03
1.297256748613843683e+03
1.525103745018644304e+03
1.380462391577611925e+03
1.501104551245980019e+03
1.431240863566075859e+03
1.902901795345262144e+03
1.605806466381814744e+03
1.469286004830666798e+03
1.997465453632713206e+03
1.640343398437604947e+03
2.096766153766849129e+03
2.242753964024246670e+03
1.095772220131127597e+03
1.223691331468174212e+03
1.333479069702158313e+03
2.804684617722875828e+03
2.526958129177620322e+03
1.689778697515885369e+03
1.284190027108178583e+03
1.160459669806394913e+03
1.046260900989835363e+03
1.025475573422396792e+03
1.004450141808957483e+03
1.294654946067794981e+03
1.744975185566730488e+03
1.776238202465220638e+03
1.618171100597823397e+03
1.543264412026896935e+03
2.266827826396908677e+03
2.143995991774642789e+03
1.541869483757665421e+03
1.907204405281801655e+03
3.116838885952259261e+03
2.140773280283994154e+03
1.659717143057848489e+03
2.138521704593561026e+03
1.606976640267130733e+03
2.987657821493448409e+03
1.704336840360723500e+03
1.618472345972826361e+03
2.289924280784371149e+03
2.182712892667809228e+03
2.814293146751806944e+03
2.569158267264506776e+03
2.855073824342397984e+03
4.034017127266723492e+03
4.630683273878744330e+03
3.138536941241595741e+03
2.523895312946103331e+03
2.109284527072006767e+03
2.812891350958048861e+03
2.851625505608245476e+03
1.810193816311468936e+03
1.593354864448233684e+03
1.956166190721868588e+03
2.211677654826582057e+03
2.808501911165130423e+03
2.941639649551782895e+03
3.897736048627060882e+03
3.303469619965783750e+03
3.164155732218253434e+03
3.150886428868651819e+03
3.069077430004979306e+03
3.264211267972515998e+03
3.670968198537987519e+03
2.916111385786799474e+03
2.521225395575166658e+03
2.536582019689115441e+03
2.641774805126263800e+03
1.851192043918624677e+03
2.045151095913867266e+03
2.236883107989377550e+03
2.278404117148555542e+03
2.157456410686368599e+03
1.856826429160784983e+03
1.879591790844931438e+03
2.159405793812598404e+03
1.791399966471041125e+03
2.442337603569834755e+03
1.675815722507536975e+03
1.627124876088396604e+03
1.623072519152818586e+03
1.463549145583784139e+03
1.819202527946931014e+03
1.633243963665001502e+03
1.600537511772020707e+03
1.384773027994014456e+03
1.060203715172455759e+03
8.957550942142272561e+02
1.133016399353675297e+03
1.383667427540917970e+03
1.044098131103243077e+03
1.562377432306364199e+03
1.363587306776743162e+03
1.449557564184010744e+03
1.452438864033651726e+03
1.204474339636568857e+03
1.259388748103632452e+03
1.299102578192491819e+03
1.487092591772293645e+03
1.540790034717754452e+03
1.472288121741119539e+03
1.865824856350758409e+03
1.835605117111346317e+03
1.556761998962138250e+03
1.352296138013715336e+03
1.144125989011840602e+03
1.309199070807002727e+03
1.992461870962836201e+03
2.720654265190504248e+03
2.499621099332955055e+03
2.536422843300402747e+03
3.010256666845236850e+03
2.628776115662132725e+03
3.202979820037633090e+03
3.423835805444317430e+03
3.489716364686062207e+03
2.705479491002349732e+03
3.747483018375022311e+03
3.144445862607637991e+03
3.185117355953708739e+03
3.422516578362914970e+03
3.048036714088339977e+03
3.784975589848948403e+03
3.413604662142675352e+03
3.951317444245199567e+03
4.064870309969374375e+03
4.217675903147519421e+03
3.531345275512893750e+03
3.770193742765458865e+03
3.666605196942234215e+03
3.021285874463217624e+03
2.665777874863603756e+03
1.953966721226627669e+03
1.836967467132929642e+03
1.678895617897626153e+03
1.602260136730590375e+03
8.543249905872768295e+02
8.310107313784274083e+02
9.669386097457602318e+02
9.722095700631666659e+02
1.174593348327184685e+03
1.328185305184518484e+03
1.919569359524693937e+03
1.736666816522742693e+03
1.485968133520806532e+03
1.753404441832142084e+03
2.234818163732065841e+03
2.557607543816647194e+03
2.600637547140404877e+03
2.925880045792953752e+03
2.678289774913783276e+03
2.284871254571658937e+03
2.010611548540371132e+03
2.549464730487659381e+03
2.512704556619289178e+03
3.184693951012594880e+03
2.868572441024195996e+03
2.779833882807423379e+03
1.964778659434504107e+03
2.524767787731227145e+03
2.586550756380454459e+03
2.452222612446968469e+03
1.850226136567067897e+03
2.534404256733843340e+03
1.679103890844519583e+03
1.540872496602886713e+03
1.541499824914875262e+03
1.797974589060742119e+03
2.086057478811289002e+03
1.809874352272876422e+03
1.935363914277655113e+03
2.160783326815656437e+03
2.023069225061910856e+03
1.811125502493933254e+03
1.755184422881810860e+03
2.089362837755999863e+03
2.277248259700906146e+03
3.153001964397129086e+03
2.560476775111191273e+03
2.598630687222939287e+03
2.725839232344379980e+03
3.097060835726709229e+03
2.458865627368071728e+03
2.491120349397095652e+03
3.490152492563780925e+03
2.215010825262719663e+03
2.779815438424413514e+03
2.593822867171552844e+03
1.596457244343683442e+03
1.799096783328558104e+03
3.243226464330346516e+03
1.652305123439253293e+03
2.150007502153730911e+03
2.279683997143200941e+03
1.867341148755564518e+03
1.541321231217152217e+03
1.287023546965715241e+03
1.783328216857724328e+03
1.657427619289426730e+03
1.543978408685543172e+03
1.571925519794129286e+03
1.892359226376632478e+03
1.808239514241801544e+03
1.765194224998761229e+03
1.362830814635928391e+03
1.380220146155009843e+03
1.435606774427154505e+03
1.324086503750634847e+03
1.608519198024690922e+03
2.407288104930310510e+03
2.521993860294419392e+03
2.276318517207507284e+03
1.984714590892786873e+03
1.351351002470632011e+03
1.381578472857854422e+03
1.306700593078675638e+03
1.814236724015878281e+03
2.417993737320450691e+03
2.090968864335138733e+03
1.429932687317018917e+03
3.335589393754233242e+03
2.658912678512546790e+03
1.528719084832260705e+03
1.758804500430569760e+03
1.539099761381866529e+03
1.790865524189749067e+03
1.448573700476503973e+03
1.420073234447469986e+03
1.424216194397311483e+03
1.519143667460920142e+03
1.211458225570728928e+03
1.421660791362647387e+03
1.857329552324139968e+03
2.259217961833474874e+03
2.300418618297152534e+03
