5.781651004579794062e+02
1.117395711800642175e+03
7.837149458061940095e+02
1.155299978484519443e+03
1.553101581733199964e+03
1.447431923501417714e+03
7.511557988721712036e+02
1.093061060439783660e+03
1.402867355615992437e+03
1.288253560137344948e+03
1.549412383553296195e+03
1.046956746358230930e+03
2.024310487991935133e+03
2.162756586048948520e+03
1.548719952135771109e+03
1.393141919765684634e+03
2.088809307959198577e+03
1.361109915713932196e+03
1.501214965045538747e+03
1.802400742917767730e+03
2.438819949585220002e+03
2.244817863372978991e+03
2.132612445073006256e+03
1.912765888930928213e+03
2.040930153270945084e+03
2.056346294700436374e+03
1.942507126346687528e+03
2.089243004068745449e+03
1.646942753520085716e+03
1.699116192426133921e+03
1.265840520510268561e+03
1.430404083039997886e+03
1.652473639737997019e+03
8.837161343033318417e+02
1.414575175039026362e+03
1.273790314763282367e+03
1.483579375037085356e+03
1.363179824504585667e+03
1.466090916531804623e+03
1.361965975121936708e+03
1.662211380958456175e+03
1.398110167106139670e+03
1.555935072096795466e+03
1.495091984426751878e+03
1.736192683182649716e+03
2.376518729523143065e+03
2.297095449290164652e+03
1.804366355139522966e+03
2.853862393938593414e+03
3.375634837242276262e+03
3.063912760626636100e+03
5.213618374816158394e+03
5.066825200466910246e+03
5.982725909944236264e+03
5.339874623007513037e+03
5.362368111755830796e+03
5.760136051705629143e+03
6.581126313989230766e+03
7.179834319610967214e+03
5.379911825169946496e+03
4.854243745206820677e+03
2.968151206407262180e+03
4.047778679220797130e+03
3.742124053754622309e+03
6.562504061926008944e+03
5.113097896235360167e+03
6.701791953898710744e+03
4.888104523188612802e+03
3.729162893280231401e+03
4.617171686291590049e+03
4.544365392173330292e+03
4.938277738037254494e+03
6.498311941510229190e+03
5.803696983765676123e+03
5.414895112382104344e+03
4.734347141087254386e+03
5.776174178259172550e+03
4.150868228117127728e+03
6.215834462510746562e+03
5.587946513517451422e+03
4.120464859763370441e+03
2.915848405698908664e+03
3.658932705006241576e+03
4.461417477925347157e+03
4.509963458957306102e+03
3.693948419758291038e+03
4.639904113882799720e+03
4.278808097357155020e+03
4.405159576923042550e+03
3.948733658554819613e+03
3.721803920494323393e+03
3.886380761682362390e+03
3.435120920138049314e+03
3.420847634671286414e+03
3.339211989057717346e+03
4.689009244743742784e+03
3.468452555554478295e+03
3.882118007346083232e+03
5.362243401165333125e+03
4.506207743888225195e+03
4.932168318281393113e+03
4.963929014095850107e+03
3.447223371930769190e+03
4.118334994793231090e+03
6.105992668962873722e+03
5.651099529687012364e+03
7.187511602998067247e+03
5.943908981692980888e+03
7.197440662055720168e+03
5.025603544079341191e+03
5.164581463836622788e+03
5.355922167026259558e+03
5.046439541306278443e+03
5.724189704177490967e+03
4.604602457998913451e+03
4.900630035849649175e+03
4.905167896292957266e+03
3.975611975579335649e+03
4.870158470218582806e+03
3.597846287136030696e+03
6.210229074496653993e+03
4.436722779033806546e+03
5.732660658532173329e+03
4.188547044582155650e+03
5.479797450267081331e+03
4.888656001458350147e+03
3.488114919416509110e+03
4.292880306648012265e+03
4.324687732654379943e+03
3.047031725390766951e+03
2.313780622750290149e+03
3.253174487545052216e+03
3.417979823887116254e+03
3.339940215783994972e+03
2.450495454847477959e+03
2.483889969200863106e+03
1.790717460938377144e+03
7.339206414158750249e+02
4.154255494225895404e+02
4.854167952567415227e+02
5.044810720260184098e+02
7.622986419408630354e+02
6.623579211437992171e+02
6.700266857096677313e+02
7.804954313836429947e+02
9.785352188140852832e+02
5.916150940823744122e+02
4.944172659879221214e+02
9.949793953631021850e+02
1.255668325309009106e+03
1.092749693694789130e+03
8.898806756524649018e+02
4.894306389729462694e+02
7.093595039200566816e+02
6.912553860455335553e+02
8.685110746478233068e+02
7.312495798916394278e+02
5.812440082782095487e+02
5.147893605634825462e+02
3.613273133146159353e+02
6.434142575365119683e+02
1.201855933852633825e+03
9.570393664184492764e+02
6.253720287302198813e+02
7.960209373461938185e+02
1.044197256578387851e+03
8.126876095227603400e+02
9.758148786363694853e+02
6.942288839980125204e+02
1.247619205962693059e+03
1.069856983879808922e+03
9.823332975145244745e+02
4.287456416497726082e+02
4.306592956166467161e+02
5.370087341714473723e+02
6.584594095553126181e+02
8.341012182325923732e+02
1.031416578949243330e+03
8.998612490889695437e+02
8.565516888195522824e+02
1.054443176392886471e+03
8.219456960515079800e+02
9.715700904147635129e+02
5.813844262374767595e+02
1.608036373331827463e+03
1.856257900506947180e+03
3.457008972889930192e+03
3.495615606801395643e+03
4.249296396662160987e+03
3.778759708909015899e+03
4.682059395049100203e+03
5.098234893964085131e+03
3.865584853291241416e+03
3.593889119914001185e+03
4.774510064968447296e+03
4.424373599133480639e+03
2.641174268038349055e+03
1.363400834545763473e+03
1.641995468484876938e+03
1.684473004975132881e+03
1.343494207498101787e+03
1.402210865193997506e+03
1.408943456917876119e+03
1.647052907418922587e+03
1.384700528563729449e+03
1.876827728813956355e+03
3.055473301713464480e+03
2.691569248292838893e+03
2.722582773007548894e+03
2.747077008101215597e+03
2.819402406310054175e+03
2.799644091861066954e+03
1.671928960476109978e+03
1.432476976647802530e+03
1.237081522743453434e+03
1.227808088824638617e+03
1.288886927538668715e+03
2.271536058104901713e+03
2.836272852732552565e+03
3.182305445019151648e+03
3.324716829320844226e+03
3.197114661661472837e+03
3.186880798407844395e+03
3.015930469874453138e+03
3.679302047480382498e+03
3.432713591958756297e+03
2.825086157948608161e+03
3.579094419007288707e+03
4.068958883828364833e+03
4.833307855807122905e+03
5.919452219752951351e+03
5.284093348523639179e+03
4.653886263349420915e+03
4.685774492689261024e+03
2.685364088268028354e+03
3.017925397783791595e+03
4.297727456940422599e+03
4.181027506824490956e+03
4.784502864405182663e+03
4.678093476971409473e+03
5.337748636870889641e+03
5.366669609351425606e+03
5.140699149386857243e+03
4.743254718258674984e+03
3.469726269133132973e+03
4.697288451356585938e+03
3.589698779717942671e+03
3.342873787569538763e+03
4.125626599957997314e+03
3.594971405264090663e+03
3.113215573600761672e+03
2.873326691317482982e+03
2.683743584346167154e+03
2.312264651215512004e+03
1.964906451083796583e+03
9.359126817791692474e+02
5.884538113357986049e+02
9.388785923213263231e+02
1.565477625752746917e+03
1.334827217232155135e+03
1.802608635493834527e+03
2.268545504630417327e+03
3.400232732933927764e+03
3.224051972149839912e+03
3.958169413477457965e+03
4.119998514612955660e+03
4.501031575758931467e+03
4.897904310863466890e+03
3.665932598236621743e+03
3.616646020428601787e+03
3.872276892544293332e+03
2.661812936679209542e+03
2.153796653387747938e+03
1.441002499424045482e+03
2.273066473596290507e+03
1.878421917673461849e+03
9.995303910968873424e+02
1.043142633075119420e+03
4.976516079412361364e+02
4.979030858676552498e+02
6.106010632520825538e+02
4.523351862134728094e+02
1.755032238845441043e+03
1.516328113311001744e+03
9.835467136234723284e+02
1.141479253347665917e+03
1.192170036866875989e+03
9.942249312042239353e+02
1.421576835220567546e+03
9.470671216175609288e+02
1.289612490593510529e+03
1.795231629434687420e+03
1.673686482509667258e+03
1.099892632570608839e+03
9.363741766934695079e+02
1.071052392806951275e+03
9.426045762100397951e+02
1.217550750578618363e+03
1.471643673338026019e+03
1.884257474768589191e+03
3.538092337448865692e+03
4.092016994172140585e+03
3.809722043758424661e+03
2.853593804213430758e+03
2.388071562781477951e+03
2.012771049988986078e+03
1.786118720169841254e+03
1.718355848302587219e+03
2.079653040734647675e+03
2.236535228422897490e+03
2.438672549292510212e+03
2.423604873155391488e+03
2.438611568937811626e+03
1.771561239611705787e+03
1.166402509731266719e+03
6.577177309194664758e+02
4.346212368990066466e+02
1.601642302693926240e+03
1.623556080593021534e+03
1.224061038566474281e+03
1.222614471006068698e+03
1.408861850584289186e+03
1.807104715873504801e+03
2.869978268476489575e+03
3.112498130823754309e+03
3.535739668752787566e+03
3.265439638353473129e+03
3.132121488816721921e+03
3.255230421763030790e+03
4.101332291888695181e+03
5.293673286978488250e+03
4.012084582346580646e+03
2.662784876740538948e+03
3.679030402778201733e+03
3.966905029381591248e+03
2.865384576693675626e+03
3.140796019340271414e+03
3.004615423827041468e+03
3.640069667297695560e+03
3.946780806219876922e+03
3.505309679329085156e+03
3.020269636339144199e+03
3.254091107630144961e+03
3.517463111298562126e+03
4.385216621308810318e+03
4.105044641343108196e+03
4.162596821506102970e+03
4.266154317007101781e+03
3.315927102284765624e+03
3.006384232081002665e+03
3.736515607920980983e+03
3.447978555951018734e+03
2.804835996529015119e+03
2.095363909906255685e+03
2.057290548842718181e+03
2.431117344869180670e+03
3.250484477723871350e+03
3.633499662068186808e+03
3.813949405164240943e+03
3.688104617984646211e+03
3.585896572964881216e+03
3.016592882340489723e+03
4.344038037087272642e+03
3.705418297311242441e+03
5.026931875137049246e+03
5.036004818247391086e+03
7.295941574947241861e+03
5.667650309987639048e+03
4.608427539514132150e+03
3.938919264539029882e+03
4.895799294893284241e+03
4.902906354342125269e+03
5.152716911472991342e+03
6.012281147290955232e+03
6.705582425805218918e+03
7.003063574795675777e+03
6.528565686494451256e+03
5.910252911286105700e+03
6.710590259360089476e+03
5.020021889745819863e+03
4.845943946411577599e+03
5.137845533786578926e+03
3.848059752541614671e+03
1.856844903845330236e+03
1.247648259509878926e+03
1.451864449383074771e+03
4.607450595513625444e+02
4.411534134253907382e+02
3.017012243188523826e+02
4.807919797823594763e+02
4.060899399788718256e+02
5.291135321573087822e+02
8.075173189537598546e+02
8.328657210645845907e+02
4.980628127000576342e+02
3.811248487700166834e+02
3.787972136970891484e+02
6.070553456193506463e+02
5.990962071910871600e+02
6.470493952907096400e+02
5.004293823279620028e+02
4.848864402721744682e+02
4.713159728890315137e+02
4.514996938486119689e+02
4.117288083616443259e+02
5.537808215173790813e+02
5.873577315662524825e+02
6.073022974019286266e+02
5.681977190082941434e+02
7.526739349416889127e+02
8.093880928091151645e+02
2.758545068185789205e+03
3.080703706070343287e+03
4.192715018814366886e+03
3.120612200401777500e+03
4.937369305244400493e+03
4.310219039013511974e+03
3.608281082878983398e+03
2.115880850109743278e+03
1.278521484880602202e+03
1.137674186421569175e+03
8.236186979155058907e+02
5.288826897735490320e+02
3.933856736184838496e+02
8.116913431146448374e+02
1.356309635083231342e+03
1.371602466337089027e+03
1.706406818945173200e+03
2.386747578821440584e+03
2.530573475199306358e+03
4.498840845357131911e+03
4.569888752573330748e+03
5.649996335047281718e+03
5.276647805413226706e+03
6.031476404046758034e+03
4.946486073060093986e+03
6.105979658141704931e+03
4.318591596829473929e+03
5.064306850219036278e+03
4.185554359900307645e+03
3.320829671416008750e+03
1.985460523587437365e+03
1.159944604677242751e+03
9.608220988149942059e+02
5.296541497081484522e+02
4.046116789645527092e+02
4.753049882099182923e+02
4.871133415761392484e+02
3.791138856911799735e+02
1.107897392852936719e+03
1.899165631414857899e+03
1.953369239356070466e+03
1.336067870522476596e+03
2.941848199822735296e+03
2.997254929990973778e+03
4.550642661840264736e+03
4.059895314417893132e+03
5.038479612682999687e+03
4.564551905148685364e+03
4.899487631305304603e+03
5.194989750136754992e+03
4.971127707295668188e+03
3.154224250616261997e+03
2.175225912004665588e+03
1.591830339630815843e+03
1.858030069837496285e+03
1.474785075402626944e+03
6.709636647758140953e+02
8.946425304627844071e+02
2.759706544849067086e+03
3.316392462824775521e+03
2.999036442191817514e+03
2.457774375747602789e+03
1.586155633662641321e+03
1.668386853411000629e+03
2.641912361863194747e+03
3.033388464109802044e+03
2.763429658083068261e+03
3.229386016212668892e+03
3.576960488787249687e+03
3.436032647815510700e+03
3.277984893941904829e+03
2.128063255503243454e+03
3.166335116557311721e+03
3.187451713911760635e+03
2.902386868425123794e+03
3.871251574163822170e+03
3.431904207225848040e+03
3.639019047873941417e+03
2.910264083276234032e+03
2.953861753692337516e+03
3.169587230248849664e+03
3.321418763572536591e+03
3.018987507456046842e+03
2.745169988710853886e+03
3.044444388743233958e+03
3.273632410522101964e+03
3.579759546449606205e+03
3.873997636773453451e+03
