2.846734097256668974e+03
3.831988017572090939e+03
3.404446595094142140e+03
2.189171028591757931e+03
2.391143952336946768e+03
1.691020377933149348e+03
2.188224145588571446e+03
1.657979607198485837e+03
1.220851154848776787e+03
1.462991583113401020e+03
1.210377833738030631e+03
2.628659773384292748e+03
2.001129810907657657e+03
1.797355867196578629e+03
1.672524829061638911e+03
1.826870053254851882e+03
1.699127126136175320e+03
1.655296723950550586e+03
1.588362006384851156e+03
1.382199115947424616e+03
1.406175177259349766e+03
1.532720987659874709e+03
1.691543097201861883e+03
1.804022373347273060e+03
1.678431330468416036e+03
1.542114782556146793e+03
1.916625256010746625e+03
2.397782985342226311e+03
1.225566319342516636e+03
1.723065784958734866e+03
2.516638247691967536e+03
2.593412872629830417e+03
2.338738125891238724e+03
2.275863835669406853e+03
1.269034077871207501e+03
1.800493281118858704e+03
1.982608288321188411e+03
2.519135290270857240e+03
3.592593926070032467e+03
3.769456865467838725e+03
2.802309924232956291e+03
2.167295932692868973e+03
3.211710210046241627e+03
2.203267994218298099e+03
1.783479885846857542e+03
2.264029438550055147e+03
2.021824002715094821e+03
2.528867071776911416e+03
2.354397940910113903e+03
2.463753900351115590e+03
2.122646375964714935e+03
1.968093400238514960e+03
1.456376642388817118e+03
9.379413373564021867e+02
1.116306105176897745e+03
1.284494410690022278e+03
1.585578037419754537e+03
1.002710611953287412e+03
9.876439307319250247e+02
8.978591981436632068e+02
6.351674988302938800e+02
7.913614693247825471e+02
6.935143079277382867e+02
8.674717678420290667e+02
1.955511011073007467e+03
2.447790129374016033e+03
1.972280254757890816e+03
2.277506098865819695e+03
1.435572243125011710e+03
2.591145481279991145e+03
1.896947462403071086e+03
1.356263418284454474e+03
2.167841777858666774e+03
1.741231482786850620e+03
1.520231398858909415e+03
2.392255052607075413e+03
1.632728865737633214e+03
1.528470422320959642e+03
2.313603082154051208e+03
2.778814136748812871e+03
2.171291712679262673e+03
1.563688005918257886e+03
2.548612683013364858e+03
2.525805040346367605e+03
1.717914633893420159e+03
2.449959201469462187e+03
2.661834043546360135e+03
1.982288798600739938e+03
2.504956896603951463e+03
2.595474681458719715e+03
3.725792547260401989e+03
2.262062411668334335e+03
1.619756265637961405e+03
2.273202315627149801e+03
1.932081337887792643e+03
2.747832081292968724e+03
1.764634182718426018e+03
1.240293778758503095e+03
1.503018507201652710e+03
1.148537696285495940e+03
9.559749580946482865e+02
1.257318611592369052e+03
1.206335013022726798e+03
1.264943664472373484e+03
1.293796048774529936e+03
1.132024203688416264e+03
1.331982773732809392e+03
1.408563709542650486e+03
1.579697343312810517e+03
1.644519523163573922e+03
1.826193871498348017e+03
1.271466384969387946e+03
1.293612036160950538e+03
1.286562786872871811e+03
1.698821835133475588e+03
1.451584975549015326e+03
1.547856053751041372e+03
1.583183636457721605e+03
2.330555247919243811e+03
2.167693543048575066e+03
2.209066064931636902e+03
1.663459922664867008e+03
1.864280738115098529e+03
1.445453568654942728e+03
1.382531771802530784e+03
1.155960545122050462e+03
1.091527698894809646e+03
8.969788686077735065e+02
8.372877155635937925e+02
1.252544124551516688e+03
1.336882508031253565e+03
1.472376570278827103e+03
1.928645040506604118e+03
2.823291738440132576e+03
3.815193257870416801e+03
3.836206759975686509e+03
3.530821089765628130e+03
3.675544793511356147e+03
3.018306755068329949e+03
2.203753116591081380e+03
2.691660259683288587e+03
2.966929017022697735e+03
2.089040090475369198e+03
2.245300720760872537e+03
2.055223495606950564e+03
2.063617885301180650e+03
1.675643442995339228e+03
2.988896030782832895e+03
3.815093639962264206e+03
1.963048231363419745e+03
1.739618399546985074e+03
1.549437354281523767e+03
1.549729429217792813e+03
1.755899581053805377e+03
1.673020817034249831e+03
1.836233987945224271e+03
2.179456209153262989e+03
1.769900631912604013e+03
1.151964107000309923e+03
1.110016067165838194e+03
1.255966017772420628e+03
1.294139081115491535e+03
1.232114577126474387e+03
1.145161764951634041e+03
1.347077495035969378e+03
1.690827095216152884e+03
1.957215396986278165e+03
1.751594988883009137e+03
1.908301025767365900e+03
2.502728013208647553e+03
2.358258955894199516e+03
1.553459081386817161e+03
9.602786636843949282e+02
9.579097026821642658e+02
1.152719606272261899e+03
1.499361592352091975e+03
1.637973943745341330e+03
1.037184704294366384e+03
7.945026345961786092e+02
7.556779772461137554e+02
1.311612099739472114e+03
1.532759354946667600e+03
1.531930577834879614e+03
3.094368729015881399e+03
3.168640877767552411e+03
1.704153529728573858e+03
2.100294364909896103e+03
1.785069786928784879e+03
1.212682619830775138e+03
1.203968532494727015e+03
8.968559033242169107e+02
9.939750978667076424e+02
8.656930238196399614e+02
9.563878325034224872e+02
8.744262865013014334e+02
6.674172989292853799e+02
9.069411374593404389e+02
8.901152786474540335e+02
6.446444404972229449e+02
7.269964880568161334e+02
7.734659131271740762e+02
1.283597801746523601e+03
1.399053597433352479e+03
1.501554659590789242e+03
1.740041347296662707e+03
1.206974428057827708e+03
1.956953060853432589e+03
2.044432953445794737e+03
2.721975929406974046e+03
2.512561677983716891e+03
2.492267072295660455e+03
1.881846957092161574e+03
1.476906370834803511e+03
2.048232393607663198e+03
2.301501724963711240e+03
2.704693651543382202e+03
2.612484859845813844e+03
2.442827111904127833e+03
1.982122418352807017e+03
1.106195040468526031e+03
1.158991870432877477e+03
1.222506026059091710e+03
1.418362534389755638e+03
1.373470417695102014e+03
1.844457405639901026e+03
1.968824146502725853e+03
1.525518115126001021e+03
1.460129667127383300e+03
1.328823334896569122e+03
1.659440806974502038e+03
1.801462694571549946e+03
1.195088506403551492e+03
1.476759751116052257e+03
1.646228690620621137e+03
1.588511933209612380e+03
1.220884873607287091e+03
2.062094948743297209e+03
1.706928795174394963e+03
1.884008753315372132e+03
1.607088008714618809e+03
1.719757247143875247e+03
1.193148126250177029e+03
1.427565522131208127e+03
1.726103405219791057e+03
1.640281309732687305e+03
2.700269044652718094e+03
2.294196995445477569e+03
2.199547037022681252e+03
2.735120944076341402e+03
2.203427442475131102e+03
2.802709168261424111e+03
2.982660558919542837e+03
2.360710029601823408e+03
1.740844498955505287e+03
2.007892553854908556e+03
1.697620342423434067e+03
1.708552410133444027e+03
1.768918548106213620e+03
1.168573113552796713e+03
1.030324708445836677e+03
1.441589358548734253e+03
1.148990944073875426e+03
1.244025181010731558e+03
1.309478283661836031e+03
2.785336881619249652e+03
2.315300015244125461e+03
2.890801865978248770e+03
2.673060596687969792e+03
1.347819978551488475e+03
1.571105920233504548e+03
1.292416090053922062e+03
1.410628072860294424e+03
1.174235862969772597e+03
1.108019178521358754e+03
1.226958351571168350e+03
1.285015969214004144e+03
1.156528246072846741e+03
1.731010296462490260e+03
1.835104864364856667e+03
1.546535819652311147e+03
9.758827509628106327e+02
1.701730166214862493e+03
8.607563794824144452e+02
1.152635666121248278e+03
8.519215121282495602e+02
6.488827784807843955e+02
7.325304755224046858e+02
1.020521338017817470e+03
1.346451748158762257e+03
8.686620727828538975e+02
8.362799899696673265e+02
8.934472009033588620e+02
9.687345625240654954e+02
1.009697246833492500e+03
1.555512184958014132e+03
1.968912226590200589e+03
2.713488074173242239e+03
3.236678958783474627e+03
3.339925607250333542e+03
3.019047570146568432e+03
3.204072000970661065e+03
2.469892614292129110e+03
3.023006978729731145e+03
2.185638045255010638e+03
2.730173847621224013e+03
1.311539471623776080e+03
1.398200539067766385e+03
1.199473519235018557e+03
1.135906353645037143e+03
1.149877267748554686e+03
1.353869974322705957e+03
1.470965634653445022e+03
1.446627849138694273e+03
1.739091541369792822e+03
1.578959019323610391e+03
1.780224171960148396e+03
1.928538553814413035e+03
1.671175334819391310e+03
1.766859567215084780e+03
2.655888619529245261e+03
2.073330483338398153e+03
2.750923384850801995e+03
2.790268214088248897e+03
2.249560507380821491e+03
3.037309591969020858e+03
2.002072044274535301e+03
1.679644122188290794e+03
1.742793207872929997e+03
2.089032911820702793e+03
1.393497197712850266e+03
1.016724458300900324e+03
1.282737221384295708e+03
1.434902393473118536e+03
1.606294239361161772e+03
1.514970351855630724e+03
1.149377993487074718e+03
1.338485442589413879e+03
1.747657888880299879e+03
1.631818301978178397e+03
1.586207719059316332e+03
1.421448973534237439e+03
1.170965942774217183e+03
1.466997888282006443e+03
1.328424001744668203e+03
1.419534712462090738e+03
1.520803390094409906e+03
2.065419768749880859e+03
2.079774892146582715e+03
2.057060810412015599e+03
2.385390447612451226e+03
1.963617405107588183e+03
2.153699979476988574e+03
1.315937930625364515e+03
2.148876035868735016e+03
2.981532400892172973e+03
1.731147731367493861e+03
1.238664359663902815e+03
1.214061787529407638e+03
1.314480393384143781e+03
2.558140526027719716e+03
1.725825997072506198e+03
1.658675538877585268e+03
1.511035024848615876e+03
1.182755332965518619e+03
1.166268486438263153e+03
1.003438163545971292e+03
9.007131514935076666e+02
6.551479132481910028e+02
1.481383184841565935e+03
1.567026818811491012e+03
1.550340932105864113e+03
1.817874171961858337e+03
2.739575088371496804e+03
1.933399319280773625e+03
2.255347471263710759e+03
1.588508374738767088e+03
1.550204073464527028e+03
1.838723371540995686e+03
2.309442418068411371e+03
2.991366686845200547e+03
2.495002407937502539e+03
2.923359689010228522e+03
3.563753947379619149e+03
3.337831138105597802e+03
1.902595584266368405e+03
1.577799618457547922e+03
1.424460708366337940e+03
1.026301211832246736e+03
1.256654663335839359e+03
7.625822248549185360e+02
6.474006873626783545e+02
1.173724866476210536e+03
1.137674279869078873e+03
1.930974993016820690e+03
1.684859791029788994e+03
1.555468198671660502e+03
1.860683173051408858e+03
2.973997717857637781e+03
2.760409921836470858e+03
2.197704769877390390e+03
2.594372933492329594e+03
1.468412200300311270e+03
1.660237851933582760e+03
1.739250029716668678e+03
1.224226697343132173e+03
1.776430986957277582e+03
2.427497977921894289e+03
2.024704380296671616e+03
2.412948600305545369e+03
2.513883654178094730e+03
2.150668896029719235e+03
2.304118430511156475e+03
1.755070730613026399e+03
1.907285098762476309e+03
2.022180479462242602e+03
1.522656818703032968e+03
2.093347902978924139e+03
1.793417056414295757e+03
2.010054092866456585e+03
2.232845150971730163e+03
2.271975400825972883e+03
1.934877382572769420e+03
2.673706709208248412e+03
1.682035087566156790e+03
1.260382214318109845e+03
1.170262008436859787e+03
9.274392466414419687e+02
9.829884337279199826e+02
8.692884814667975206e+02
8.737764774666122776e+02
1.940448395097870844e+03
2.536256438831696869e+03
1.774760172837551636e+03
2.506792708157870038e+03
2.288974292118316498e+03
1.728954734665504247e+03
1.240086565012508800e+03
1.401227551059977714e+03
1.900680421784069495e+03
2.060958317381542656e+03
1.462772879266090740e+03
1.601695668622262929e+03
1.691638700036474575e+03
1.046676766926757182e+03
1.217520404127550137e+03
1.678577566127583623e+03
1.735701281421723479e+03
1.471852311056434246e+03
1.795148380656260542e+03
1.277990236003953896e+03
1.423169006553766621e+03
1.549541451967789726e+03
1.908264815892654269e+03
1.953214498617078334e+03
2.586985225419364269e+03
3.424646724141287450e+03
2.812586780511789129e+03
2.226291296727556983e+03
1.373794060327896204e+03
1.477175589645021319e+03
1.259084793410125712e+03
1.734239756221731341e+03
1.354509570681951573e+03
2.002271606997846447e+03
1.492496754741211134e+03
1.630825492033656246e+03
1.133733688630955612e+03
7.940580952168750173e+02
1.320503646205775340e+03
1.198702026084144563e+03
1.047248472736689791e+03
1.070773452100910163e+03
1.187952546777148200e+03
1.279483593503874999e+03
1.303671838738047654e+03
1.169795070435088064e+03
1.206351674612556508e+03
1.284366488954062561e+03
1.069994496368758519e+03
1.104873041519602566e+03
1.430943519247959557e+03
1.953363856310251322e+03
2.221092360079115224e+03
2.396292394886725560e+03
1.609540311041391760e+03
1.835499927096010424e+03
1.377734511162122317e+03
1.055528470250026885e+03
1.019821538199576594e+03
1.085178430187603453e+03
8.170371841311500702e+02
7.159473707336395591e+02
