1.708966093004124104e+03
2.057667697856385075e+03
1.656575134322105896e+03
1.496867141046225242e+03
1.656489165100412265e+03
1.503027115665551719e+03
1.530787589480036559e+03
1.936933000460748417e+03
1.401624028418032822e+03
1.446726865351329252e+03
1.108603574488426830e+03
1.329000943330478322e+03
1.154866403237147551e+03
8.185950935584860417e+02
8.198690605613084017e+02
9.364962532666870629e+02
1.036406540043734367e+03
1.512619906529002037e+03
1.281364109166373964e+03
1.733710197002011228e+03
1.540384045542370586e+03
8.027412774818192247e+02
1.068630419494719490e+03
2.104837198129046101e+03
2.147872644582404973e+03
1.877076964999662550e+03
1.712176957764159852e+03
1.330774015657013251e+03
1.239512403491823761e+03
7.860480513490110752e+02
1.998879945198820678e+03
1.444203935459548347e+03
1.410209037415618241e+03
1.466542285116325502e+03
2.175901574463987345e+03
1.740707450842398885e+03
2.154342696908759535e+03
2.246376192993636778e+03
2.658229674641686870e+03
2.640120929025230907e+03
2.873261066027902416e+03
2.433795831707118396e+03
3.170466640010010451e+03
2.983197887604041171e+03
2.473282243952179215e+03
3.831625887238651558e+03
2.993738793323587743e+03
2.236896621155579851e+03
3.918595087288786999e+03
2.521265690867369358e+03
1.517658897988554827e+03
2.821642461651452322e+03
2.391529815672462519e+03
2.394831283653602895e+03
3.051189607000328579e+03
1.760575372553229499e+03
2.126629424117432791e+03
2.239035160451990123e+03
1.916168001966276279e+03
1.881893296233884712e+03
2.079938178386844356e+03
2.466305817887954163e+03
2.269710912778398324e+03
2.258650457269971412e+03
3.673062795938830277e+03
2.475966814097097995e+03
2.695793329807860573e+03
2.726569384497463489e+03
2.275369148776761904e+03
2.189134536702868445e+03
1.494419531584160040e+03
1.931806836296273104e+03
1.749573029457046005e+03
1.994358979327406360e+03
2.358600729773362673e+03
2.845814689512087625e+03
3.223223678939741148e+03
3.001467654456335367e+03
2.990411946566597635e+03
2.532607767533777405e+03
2.428699055287847386e+03
1.758459076436716941e+03
1.852101003327717535e+03
1.625963474306021453e+03
1.815702696392386542e+03
1.920387456942327162e+03
1.719915285967515729e+03
1.952594264721037689e+03
2.522162369819389369e+03
1.864892273660995670e+03
1.477074614046727675e+03
1.531353156713241333e+03
1.039338130930394982e+03
1.117020625388782264e+03
1.041061418919730158e+03
1.112833440881893239e+03
1.128622675225893090e+03
1.332898450847820186e+03
1.628065198725043047e+03
1.912856276779249583e+03
1.674863364301116690e+03
1.786490783011606936e+03
1.626122725333551216e+03
2.023726392416013823e+03
1.843077596016889402e+03
2.508186685042851877e+03
2.158719113808859220e+03
1.832347975771383517e+03
1.954605238874509041e+03
2.623487254459180349e+03
2.867511718858218956e+03
2.863581785747461709e+03
2.502205362447258722e+03
2.258044334287200854e+03
2.217710960783688279e+03
2.236510489890369627e+03
1.844609644576150913e+03
1.774019754903427383e+03
1.335562737189643485e+03
2.736279530900613281e+03
1.911007965783395321e+03
1.559337291723317094e+03
1.093795690531509990e+03
1.268106006317823358e+03
1.880812537569608367e+03
2.812432973074772235e+03
2.592055678177363916e+03
3.470303427757095506e+03
3.651768215174525722e+03
2.868750634733741208e+03
3.453541487913679703e+03
2.597493347797493243e+03
3.011128250310258409e+03
3.159527499326800807e+03
3.319947378783510430e+03
2.403769542494599591e+03
2.220273500005478581e+03
2.104718291188799412e+03
2.801167328041402925e+03
3.935955536518777535e+03
3.477927487910460513e+03
2.754344892355585671e+03
3.398925908371807509e+03
3.230753811307929027e+03
2.720471051692722085e+03
2.062434756507942438e+03
2.469476022751734945e+03
1.680560075355552726e+03
1.188311923961684215e+03
8.504364379034573176e+02
4.144297182670233042e+02
1.386282072978399583e+03
2.102231830969505154e+03
2.009673700846519296e+03
1.110157238711444279e+03
3.770200761176390074e+02
4.643578529706182394e+02
3.325861753331179216e+02
3.379938148354810892e+02
5.797716848845935829e+02
4.827714661458968521e+02
7.729030740582045382e+02
1.158999653753405937e+03
1.408770020487080501e+03
1.054077924134386194e+03
9.815754905440812763e+02
1.199781370468416299e+03
1.195779117847298266e+03
1.085152210475512447e+03
1.126384070198050040e+03
8.097156788132366501e+02
9.175694686898125383e+02
9.457198866254778977e+02
6.151234313576441082e+02
5.719398176542449619e+02
5.756629074519321421e+02
5.897897512897909564e+02
5.549232402814446914e+02
6.480464038193099441e+02
9.430888569133107922e+02
1.280378779621593139e+03
5.306467088900053568e+02
5.100972260193516377e+02
1.060349845500116544e+03
6.886331296161934006e+02
5.789981125143166309e+02
4.685037801741142971e+02
6.732549207111144369e+02
7.768191252897325967e+02
9.025483734763608936e+02
1.331631975243043371e+03
1.083085156841229264e+03
7.564134404808266936e+02
6.740438504381461371e+02
6.025896254970772361e+02
6.602431103146415126e+02
5.645778378183109680e+02
7.446667988314671902e+02
7.926188331676725056e+02
7.721333154216745243e+02
7.798502476242192643e+02
6.258500062612474721e+02
6.263218878204189650e+02
8.556013765588330671e+02
8.314426194706558135e+02
5.931744133142969986e+02
5.022491065305095503e+02
5.734517845648533694e+02
6.214036926221692738e+02
5.896672691651872356e+02
6.986106162050175499e+02
9.483528845505976506e+02
1.530634334639857343e+03
2.296187752419936714e+03
3.075856241917858370e+03
1.703612284453261964e+03
2.201224089088704659e+03
1.662031859968154549e+03
1.708366915667779949e+03
1.477164261995003017e+03
1.566738403245612062e+03
2.434471992334108108e+03
2.497436236381463004e+03
3.397843079912248868e+03
2.374511436722838425e+03
1.997211743648535958e+03
2.112724074596658738e+03
1.958932729646678354e+03
3.064463264202523533e+03
2.708506604472908293e+03
2.563434333861986033e+03
2.468974249062915533e+03
2.337911487391057562e+03
3.937107779911546913e+03
3.462943365559392532e+03
4.129934771117712444e+03
3.964908945375850635e+03
3.612881919853747604e+03
3.790922167050881399e+03
3.069236313753881404e+03
2.496119338766784949e+03
2.524718703959631057e+03
3.032689572717531973e+03
2.771916270274956787e+03
3.995842523227794572e+03
2.736642416147299173e+03
2.685453524273119911e+03
1.937697653957581224e+03
3.012458422448520651e+03
2.706450303813072424e+03
3.807311018276092454e+03
3.359137092463514819e+03
2.270098189402342541e+03
1.885323750658388690e+03
1.300245253514588740e+03
2.479089100532869907e+03
2.629932562321929709e+03
2.460005855281108325e+03
1.808970851743707954e+03
2.365106592362824813e+03
1.630940743109721097e+03
2.503127409139618067e+03
1.631694708588953972e+03
1.517726508117157891e+03
1.171085633257966720e+03
1.544844735091534858e+03
1.487045947428675618e+03
1.168746541539095915e+03
1.989357560183849500e+03
2.448622932809778376e+03
2.236223369857374564e+03
2.125469129469721338e+03
1.816647484816623773e+03
1.731414545164301444e+03
1.624386459658838703e+03
2.360989415482853019e+03
1.818890320264489901e+03
1.886354831134496862e+03
1.369762534458745449e+03
1.711549195548942635e+03
1.353374629833898325e+03
1.433965288232669309e+03
1.653058503419315684e+03
1.685474633746697464e+03
1.611476732961410562e+03
8.621946308916251382e+02
7.638136184075036681e+02
9.016296306237018143e+02
1.280273259903802909e+03
1.437996016624391814e+03
1.764934066400775464e+03
1.603865087396165109e+03
1.999868373608578167e+03
1.650139767800190157e+03
1.767240440550803214e+03
1.357008129591986744e+03
1.520606837041835661e+03
1.498221263589802447e+03
1.331801728641215050e+03
1.388536339158008559e+03
1.349241814754337611e+03
1.489948713364852665e+03
1.995898523169788405e+03
2.437556184353310528e+03
1.912598215798588171e+03
2.431001174700922093e+03
2.636818394286877265e+03
3.724300554039358758e+03
3.075690174959499018e+03
2.616091655394699501e+03
1.453329013035181333e+03
1.525761197719357824e+03
2.001322752129181026e+03
1.546120128806869388e+03
1.574709008043476615e+03
1.505633761763086341e+03
1.308781433745382628e+03
1.182210993560842553e+03
1.473325547706385578e+03
1.321326816795454079e+03
1.193495375440073076e+03
1.696781338846217523e+03
1.978786041982857796e+03
2.151057381165831430e+03
2.903452314488422871e+03
2.131492916366477402e+03
2.642146156940483706e+03
2.243506589749117211e+03
2.965105274783073583e+03
2.941342991430834445e+03
2.240009432187862785e+03
2.300432423584045409e+03
2.159288656566882310e+03
1.930078379417126826e+03
1.528354864832004296e+03
1.584195226294298436e+03
2.531540180430081364e+03
2.439488616317278229e+03
1.975424094544428499e+03
2.228302770639718347e+03
2.070910622202075047e+03
2.014685302460112098e+03
2.216437889448424357e+03
2.363602080325705629e+03
2.544512626729552267e+03
2.759310353259987551e+03
1.875198014264988387e+03
1.693035796550693931e+03
1.938247838568869611e+03
2.266122260418533187e+03
1.773756474032919641e+03
1.768649036985767680e+03
2.122744764022186246e+03
1.776392321953751434e+03
2.029204376253736427e+03
2.838373566056208347e+03
3.460822861892944275e+03
2.127078334025532058e+03
1.663613125697595706e+03
1.516872419443614490e+03
2.459344806530249571e+03
1.957565550715643212e+03
1.350717876130819832e+03
1.557435923603433594e+03
1.091372752442340243e+03
7.786470541000556977e+02
1.455328709476076710e+03
1.325962567249286394e+03
1.811770800770005962e+03
1.290763941617421324e+03
1.050778888426164031e+03
6.122264738723919208e+02
7.178524613624808808e+02
7.721924895218845677e+02
7.676292077077100657e+02
8.180001405226361157e+02
6.825537425425109177e+02
9.865743259091208301e+02
1.045271693694472560e+03
1.150786158260264983e+03
1.424478863237685118e+03
1.664865851930979261e+03
1.627306225812819321e+03
2.076810230701237742e+03
1.742948181125572319e+03
1.009138595941590552e+03
1.542955382315577708e+03
1.283587180094508085e+03
1.264187534401295579e+03
8.426596726000558419e+02
1.367276308033784062e+03
9.628040050433643273e+02
8.902225017823509461e+02
1.239246966685994721e+03
1.118159718837344144e+03
1.423025953580724718e+03
1.014815563245993985e+03
1.444067290009306362e+03
1.342550558678359266e+03
7.772542327976319712e+02
6.592720137021888149e+02
5.644840211726116195e+02
4.472303118956628509e+02
6.071383869597261764e+02
6.419524412916342726e+02
4.785303873420571108e+02
4.505711674646029792e+02
5.850510053625911269e+02
7.107833173396851407e+02
6.636818474952076485e+02
1.019021599616902449e+03
1.952601380862774931e+03
2.914016585089758337e+03
2.995875665730420224e+03
2.183336482153858469e+03
2.885225445689712160e+03
3.421542713916050161e+03
2.406925503057656442e+03
2.723063927612362932e+03
2.617486184232691812e+03
2.377263919453062499e+03
2.880423354930116147e+03
1.568297382541733668e+03
1.228376719640365536e+03
1.229822172031606215e+03
1.326054085158725911e+03
1.374685597624368711e+03
1.377813316006966033e+03
1.417419146719929358e+03
1.684298098821716394e+03
1.457814189108710707e+03
1.558448649259668173e+03
1.286276894113874278e+03
1.679611110504545195e+03
1.582678506864461269e+03
1.715665404625875226e+03
1.583319381740250037e+03
1.996556319414878999e+03
2.230819885607508695e+03
2.234315027534594719e+03
2.030832779997712350e+03
1.805355773105090975e+03
2.464428091011757260e+03
1.967108727707063736e+03
2.482941773868350992e+03
2.358145366705998640e+03
2.341654088515200328e+03
1.892729442197939989e+03
1.197768561930587339e+03
2.445304960086038136e+03
2.167273034171011204e+03
1.991764715381599444e+03
1.279195462025415281e+03
1.173093964006845454e+03
1.118660085906429458e+03
1.318083933211175008e+03
1.330756301523805860e+03
1.446122658462694517e+03
1.567917286321740676e+03
1.524927174971088789e+03
1.747990793149844421e+03
2.392236752223585427e+03
1.551759481172072583e+03
1.776047262234238815e+03
3.473459616681649095e+03
1.883107624388881732e+03
2.487875951848130171e+03
1.958100066326275510e+03
1.754503747729956331e+03
1.498963151363958787e+03
1.606154419068592460e+03
1.719370977774464109e+03
1.700411983459775001e+03
1.607500494530163451e+03
2.008197340127433108e+03
1.672497009613196269e+03
1.936300002980683303e+03
5.686693760633599595e+03
4.258396854227830772e+03
2.977550839539650042e+03
2.290407286064271830e+03
1.889347172647440857e+03
2.171812136750402260e+03
2.343392906619812038e+03
2.376601605966262014e+03
3.207093494278327853e+03
2.863242922813694804e+03
1.664311644614754641e+03
1.727006251117568127e+03
1.917273334221408049e+03
3.040958087295421137e+03
2.788032635689985455e+03
1.919455659106521125e+03
2.176572433082999396e+03
1.487105289547537268e+03
2.189015853482350394e+03
2.755664521098628484e+03
2.742747061024707818e+03
2.240140083987646449e+03
