4.114277862530580023e+03
4.373995600234907215e+03
5.491820457857872498e+03
3.950314328272891998e+03
3.156213678235603766e+03
2.870795823931687210e+03
1.759660475565189699e+03
1.755581574811272503e+03
1.605769200547890250e+03
2.065840652926228813e+03
2.580720362282998849e+03
2.832747137543090048e+03
1.918888643638496660e+03
2.334195218344731074e+03
1.709741167296627964e+03
2.489180329030921712e+03
2.492062380370891333e+03
3.353770928982145506e+03
3.015542994679192816e+03
2.652517926853483004e+03
2.216041081794874117e+03
2.428767720119848946e+03
2.348877692154248052e+03
3.452703461162889653e+03
3.200183799595441087e+03
2.902902502557093612e+03
1.600637244923145545e+03
1.657252193457026806e+03
1.652070238681764977e+03
1.664391947038025819e+03
1.998662026161407994e+03
2.498056033205232325e+03
3.552190649530569317e+03
3.441000461543143047e+03
3.510912040865907784e+03
3.635318253952586929e+03
4.240433649769059230e+03
2.337578772880974157e+03
1.946874783663081189e+03
2.489997011152261621e+03
2.870394916854041185e+03
3.678353607453528184e+03
3.339147209524660866e+03
3.302305965782004478e+03
2.399042646265416352e+03
2.740599150699157690e+03
2.739845973993528787e+03
2.697308932659602306e+03
2.564732998366793254e+03
1.636663824576793559e+03
1.770139503859965771e+03
2.126429882858742531e+03
1.227095281192734092e+03
1.339696700542679764e+03
6.581867511515790738e+02
2.374999202438926659e+03
4.485365984465232941e+03
3.335901766422812216e+03
4.233146495188541849e+03
2.961159073754156452e+03
4.616347083950621709e+03
2.945410104647440221e+03
4.394811686585817370e+03
3.611045729051050330e+03
3.507947890494080184e+03
3.404757328503820190e+03
3.783158538859692726e+03
4.382628185645592566e+03
4.720864817283762932e+03
5.033955310109548918e+03
5.363483374008142164e+03
4.337837969294032519e+03
4.061383093636219201e+03
2.584175836974433423e+03
3.582130921922765083e+03
2.776223013355386684e+03
1.955718692158451631e+03
2.287415849433359199e+03
2.193125771967545006e+03
1.878048646592031446e+03
1.942149980388238873e+03
1.966717738442986729e+03
3.345618182724548205e+03
3.230075445086696163e+03
1.849272111822095439e+03
2.515408290679787115e+03
2.444361843464650974e+03
1.313934712039593933e+03
1.176715992268425680e+03
2.799669518451109070e+03
1.328668237853676828e+03
2.833110616682056389e+03
3.770330017825983305e+03
3.689470800416090697e+03
3.305747289365947836e+03
3.803717548268094106e+03
3.648813115910320903e+03
4.041868748764071825e+03
4.288315593690176684e+03
4.544747239561709648e+03
4.182790697434203139e+03
3.867380948180550149e+03
3.840659627454537713e+03
3.640142702191442368e+03
3.978277854862853928e+03
3.567051796412195472e+03
4.310859039942736672e+03
4.008690532926897504e+03
2.808523490372249398e+03
2.977249482173616798e+03
4.355639400431118702e+03
2.898904137424007331e+03
3.620729757067382707e+03
3.013620318359343401e+03
3.299824191929524204e+03
2.320760027315629486e+03
3.142842956042307833e+03
1.906177849727597732e+03
2.421042689075382441e+03
1.745056492563198844e+03
1.452117527834839393e+03
1.452727227333239171e+03
1.138207999875281985e+03
1.046886475957790253e+03
9.646349559732179841e+02
1.156017847971531410e+03
1.319741381812840245e+03
2.212042682743781825e+03
2.943795542435126208e+03
3.898797225840038209e+03
4.278742754132570553e+03
5.648491310024483937e+03
4.124597557037515799e+03
4.372815139653636834e+03
3.608260893973768816e+03
4.628535127485550220e+03
3.178894689756662046e+03
4.556466789538866578e+03
3.173746689695320583e+03
5.022444646339780775e+03
4.110498854591636700e+03
4.978690326886651746e+03
3.486227093522694304e+03
4.001843418104790544e+03
1.962011397624172787e+03
1.562896906143545493e+03
1.991887059485279451e+03
2.373216291841819384e+03
1.890658892032283575e+03
1.942571158730229627e+03
2.275437511556173831e+03
1.836314537535067529e+03
3.163277747158433613e+03
1.977666440813521831e+03
4.447443129140996462e+03
2.352212349541348431e+03
4.274061436984606189e+03
3.538272317763532101e+03
5.063077180783452604e+03
3.869473683267256547e+03
4.454038732559180971e+03
2.642431191184831732e+03
4.079857396183756919e+03
3.460475181614231587e+03
4.016247188721189104e+03
3.583819944211160873e+03
4.044196414403549170e+03
3.007406617264545275e+03
2.931962795257768448e+03
3.676702883061171633e+03
3.595189527805436683e+03
3.652392464941902745e+03
3.190555363681927247e+03
2.732801566909541179e+03
3.424051768257387721e+03
3.422024053351724888e+03
5.220533004298313244e+03
4.521468762069673176e+03
5.376792818245087801e+03
4.625764318468769488e+03
3.722517555336783516e+03
3.847869466630528223e+03
3.550760793989429203e+03
2.802251713613696666e+03
1.790695856715002947e+03
1.093056377437902484e+03
8.795808081810622525e+02
6.766323011506035527e+02
1.645413595139495101e+03
2.048873639755837758e+03
1.816475489146364453e+03
2.541227152084107274e+03
2.237316344998546811e+03
2.178750248298285896e+03
1.284299469246780291e+03
1.486511052880631269e+03
2.121882520039242536e+03
2.678608941514466551e+03
3.023604325945777873e+03
2.870204687474629736e+03
3.447189253386075052e+03
3.727371330670202497e+03
3.110255496120645603e+03
3.327773849053092363e+03
3.107019853684926147e+03
3.270091436436476215e+03
2.601817841024647350e+03
2.707835380013877511e+03
2.968815410675552812e+03
2.220813164840436912e+03
1.622338419784044618e+03
1.923278065335018255e+03
2.207855110892719949e+03
1.853215779265399533e+03
1.914115709693955978e+03
2.096000170535265170e+03
1.151569095652434726e+03
1.191480263537754126e+03
9.801696646805523869e+02
1.252068756821760189e+03
1.324962057104662563e+03
1.972764978263500780e+03
8.489180226442701951e+02
7.013083327670974541e+02
5.629186949008542342e+02
6.834919036201018798e+02
1.149453834406093620e+03
9.157977798942283698e+02
7.201551023139164727e+02
7.906817252318155624e+02
9.857321717309196174e+02
1.464510361806331275e+03
1.088256893358392517e+03
8.797005322431953118e+02
6.572528103360341447e+02
8.989416324838684886e+02
7.794452733178891322e+02
1.891377476433538504e+03
1.637510940218062615e+03
1.859336102826712022e+03
3.289744303490919719e+03
2.827837643708830456e+03
3.068691307725557635e+03
2.980002184116432090e+03
3.340344603083330185e+03
3.569927974667685703e+03
3.544632693859088249e+03
2.270866654624428065e+03
2.701307109153841338e+03
2.283775879343447741e+03
2.338518767019825191e+03
2.036618218554220221e+03
2.245344713234272149e+03
2.585964936231820502e+03
2.708419884546111462e+03
2.784047997025515087e+03
2.464714597145889002e+03
3.339670103882058356e+03
2.619013739890832312e+03
2.654794763870032511e+03
2.593696565138706319e+03
2.162605390105012702e+03
2.819074479314407199e+03
2.146200266718911280e+03
2.670562934633052919e+03
1.628302909502665216e+03
1.076871452935105935e+03
1.041595193929132620e+03
8.068306323627164147e+02
9.148072599930347906e+02
9.340035866104043407e+02
1.215172035155049798e+03
9.767425203860624379e+02
1.099893862793966719e+03
1.223514508510889300e+03
1.076299387784243891e+03
6.285173915716213742e+02
1.171970314665490378e+03
1.622200236563438011e+03
9.432648589205182361e+02
7.016494021081366554e+02
9.322096665832268627e+02
1.076330202501546182e+03
8.282830707885261745e+02
7.833450609722540321e+02
9.052686737381650346e+02
1.087341585697367464e+03
1.473824324155197701e+03
8.332956397538923738e+02
7.514935072745660136e+02
6.376235383467967495e+02
6.767239535828829275e+02
8.498232370568499618e+02
6.958339217833984094e+02
6.786648194751163601e+02
7.045722644639261034e+02
8.570686376062656109e+02
5.733019030644168197e+02
4.294149668837292211e+02
1.285533371978304103e+03
1.189040611283449380e+03
6.594408781695826747e+02
8.620075840188968641e+02
7.033895053137791820e+02
7.382699143513170839e+02
7.504884967735231385e+02
8.615436064749123943e+02
7.463106697496326660e+02
8.091658112155607796e+02
1.201848883228160958e+03
1.516268136086700906e+03
1.062170024429095292e+03
7.706885954122700468e+02
6.308324255609040847e+02
4.966941708862587461e+02
8.381265686418867062e+02
9.513706864764290003e+02
9.678382693534306327e+02
6.463087387754010251e+02
5.629377909420782089e+02
6.161378508366068445e+02
9.214711547815724089e+02
9.274474341880063548e+02
1.078125944471115417e+03
6.887252885902209982e+02
7.667739985929481463e+02
1.101588893108358434e+03
7.528153396552484082e+02
9.812575202816824458e+02
8.264622472061162171e+02
6.749298571620822713e+02
3.037705845981848142e+03
3.683564148266669690e+03
3.116789298035988850e+03
3.517134311770015302e+03
3.963113527882736889e+03
3.313842873583009350e+03
2.993979019235267970e+03
3.406410419112913132e+03
4.685954436639904088e+03
3.094139115986161869e+03
3.573916136457245557e+03
5.237516467625925543e+03
4.044117726389654763e+03
4.377066753080254784e+03
4.471133039737410400e+03
3.949410921746677559e+03
3.228916733125900009e+03
3.725153252597404844e+03
3.039938585594662527e+03
3.183103595232921634e+03
2.527306136544926176e+03
2.903476662736808976e+03
3.806267968516230212e+03
2.794665859749166884e+03
2.096151672854722165e+03
2.578832828776969109e+03
2.478706621924321098e+03
3.650451781846069935e+03
3.873151697574446644e+03
4.494497563277738664e+03
3.469300649965926823e+03
1.853710238629517335e+03
2.482231578798874580e+03
1.277997841457613049e+03
1.033151428971714950e+03
9.194752892070198413e+02
2.610163714391058420e+03
2.622903939219531821e+03
3.614623580285576281e+03
3.404626414862652382e+03
2.340689286001944311e+03
2.834676947013453173e+03
3.715892416396830413e+03
3.075609291523140200e+03
3.388311910381355119e+03
3.528089173974785353e+03
4.489483460453191583e+03
4.916841160956195381e+03
3.210883127762593631e+03
4.680619189835729230e+03
4.430802898293200997e+03
3.355293318702347733e+03
3.929989270359626062e+03
3.923634070863569832e+03
4.568450743614071143e+03
3.367373349285719542e+03
6.126070852971008208e+03
4.058331729911035382e+03
3.935199248527683267e+03
3.541668216755408139e+03
4.996867627358786194e+03
5.072410789741592453e+03
3.674323764145423411e+03
3.702456427528281438e+03
4.872662440202101607e+03
3.657496434556446729e+03
3.569886541213214969e+03
3.301300951751618413e+03
3.180847145523122435e+03
2.200986001766062600e+03
2.217373666450365818e+03
2.172004980387435353e+03
2.908484626282810041e+03
3.056071408924426123e+03
4.034876149612633071e+03
4.236639741474667062e+03
4.832358111931825078e+03
2.733523755101358802e+03
2.870907761686450613e+03
3.590700704407262492e+03
4.051415571433616606e+03
3.799410770975368905e+03
3.016205256699505298e+03
1.585841241161331709e+03
1.322804446391959573e+03
1.685710765253546924e+03
3.918885384742908627e+03
4.660459981186834739e+03
2.001555972563686055e+03
1.479991390194088581e+03
1.415313233136979306e+03
1.841330525223946324e+03
2.570928121644267776e+03
2.971470871774126863e+03
2.538013672528576080e+03
2.048871907659660792e+03
1.581397372516756377e+03
1.718724678667838134e+03
1.626071186025074894e+03
1.557550837816477269e+03
1.652259766571105956e+03
1.539029489164676306e+03
1.160716331072914272e+03
9.062189972742654618e+02
8.317615437127310543e+02
9.144500240774775648e+02
1.172357896252861792e+03
1.514236070224293599e+03
1.582821363584964729e+03
2.141641851108549872e+03
2.788417473611311834e+03
2.769208699776769208e+03
2.069682155043507464e+03
1.506313377258255741e+03
1.413764309489334892e+03
1.405291576754794050e+03
1.943125961147153703e+03
1.572550507181000057e+03
2.467455128248053370e+03
1.425223146731289944e+03
1.231422916387376517e+03
1.546008766473484911e+03
1.184544664732261253e+03
1.390841218346432470e+03
9.503448037251753249e+02
8.238893973403197606e+02
1.793005589860306600e+03
7.029361114837905689e+02
3.447425218082873016e+03
3.403998484522355284e+03
2.957023758917544001e+03
2.730135531798053762e+03
4.192108486491260919e+03
4.434904431365399432e+03
1.980698250426420827e+03
1.327221376579323078e+03
2.024068726324987892e+03
1.643766525088930166e+03
1.105658800688260499e+03
1.131471087932408864e+03
1.095812078096586674e+03
8.128829920233933990e+02
9.756966470275650636e+02
7.187329376839933275e+02
6.722216386816485283e+02
7.383744790903144803e+02
1.127393218617295133e+03
1.160110308799258746e+03
6.561617462344634077e+02
9.863561305957530294e+02
8.171948597492087174e+02
1.015435908338423360e+03
1.274502636009765183e+03
1.088290456808738782e+03
9.201062496145464138e+02
5.285801954210588747e+02
5.693393273501872045e+02
9.887668300141594955e+02
1.216378174370562874e+03
8.440042500617022370e+02
8.148295346861013968e+02
7.980460168807844639e+02
4.517210217625295741e+02
5.953663760287616924e+02
9.898431307959298238e+02
1.247585563862994377e+03
1.200470491471206060e+03
1.186197160059753287e+03
