9.893133684355150308e+02
1.503942026857275323e+03
1.296170089100139194e+03
1.614939788566900688e+03
1.684791430136561530e+03
1.233163816488968678e+03
9.291577614474864504e+02
1.003454922265213781e+03
9.195462889180679440e+02
8.651831249223025679e+02
8.687147558579747511e+02
1.180042718126863520e+03
7.426929327282354052e+02
9.181659358920932164e+02
1.300152117515855025e+03
4.208376895816273304e+02
4.870148611787698769e+02
3.632825815216223191e+02
8.126367413755169764e+02
5.372007594441990932e+02
5.636953237507916583e+02
1.425554843501070991e+03
2.296792056091758695e+03
1.665154380275073891e+03
1.608697633499326230e+03
2.891559170017955239e+03
3.435035075361885447e+03
2.601844215977916974e+03
2.635665095424387800e+03
2.021013113879098910e+03
2.439466279897000277e+03
2.214093549170180268e+03
1.099314373487323564e+03
1.858976670984295652e+03
2.745161168784313759e+03
2.346939238649478284e+03
2.527529098542192514e+03
2.261559733333606346e+03
2.735559212067395038e+03
3.059625196454903744e+03
3.713919547796137977e+03
3.736250285644458017e+03
3.734623554492728090e+03
3.533995127461423181e+03
3.044343748493938620e+03
2.166479979111054945e+03
2.210543097435133859e+03
2.765823220879195105e+03
2.187089345396442695e+03
2.332949139132287655e+03
1.974119240858319472e+03
1.707331442526249702e+03
1.628808179710472814e+03
1.875538416534214775e+03
2.042085090290002199e+03
1.154248143760827816e+03
1.337942263673940261e+03
1.644285193652453245e+03
1.216606028325134730e+03
1.596794461323417181e+03
1.645701009227963368e+03
2.456403786380772999e+03
2.610851853084939194e+03
2.256543785235764972e+03
2.164559451885388171e+03
2.224110622032343144e+03
1.828378094872807424e+03
1.482141239805975147e+03
1.874843657340468781e+03
1.506868336648090235e+03
1.202206865749057897e+03
1.813537851532998047e+03
1.430365401076354829e+03
7.765950869141986459e+02
8.022674424413869474e+02
1.011055190166999864e+03
1.343536992972508642e+03
1.033584245613979419e+03
4.932359289445678883e+02
4.520864107359788591e+02
3.639984003983753951e+02
5.986845746720210855e+02
5.142273501018866000e+02
5.850794156497290714e+02
7.202576925194416617e+02
4.849780370133536849e+02
3.309618660669499945e+02
3.991328428449874650e+02
4.522799394815745586e+02
5.205891033149238183e+02
4.329678866068358047e+02
4.707051415765429283e+02
5.385283988631884995e+02
3.824326877116591845e+02
4.428389345543109812e+02
6.559105372644615954e+02
7.784713166483356872e+02
6.101715321794697502e+02
4.966551984694316957e+02
3.830256546081199076e+02
9.478107656689061287e+02
6.621823768940196260e+02
4.969672312021068592e+02
4.102023729064362101e+02
3.873291022160150874e+02
7.542559405186868844e+02
8.290682083625022187e+02
7.445422704833082435e+02
7.505624443671297286e+02
5.586264308794488898e+02
6.448249443686393079e+02
3.965113196925570946e+02
4.959959818123769537e+02
3.288321650234609592e+02
4.096367259308763096e+02
3.707518764874784551e+02
6.890992418252247944e+02
7.413387044424246142e+02
6.070290724374549427e+02
5.583152770445772148e+02
8.450304208253386378e+02
4.231564661429262628e+02
4.308128403205698191e+02
3.951341015663898588e+02
3.617168114884491388e+02
2.935059722665669710e+02
2.783692049119860030e+02
5.317495541717569267e+02
7.583672578650566720e+02
4.010450624003350413e+02
4.399423719482529123e+02
4.577667443986005651e+02
4.579737480908306679e+02
6.175553227372142828e+02
6.876472094124377463e+02
5.370889973635811430e+02
4.336497532231182390e+02
6.221231141981401151e+02
7.668789461595556531e+02
5.858936719762122038e+02
3.873946680257214439e+02
2.757536652028555295e+02
5.813417681389148584e+02
8.261154286426633462e+02
1.156984046318967330e+03
1.617067173646277979e+03
1.347398783680428323e+03
1.313880697017167449e+03
1.209613870090885939e+03
9.199784389638128914e+02
7.600249329654853909e+02
9.706822217266552570e+02
1.202228160587050525e+03
1.609793692561268927e+03
1.780746291679877004e+03
1.687348663756403312e+03
1.751602255061706046e+03
1.544099801267074554e+03
1.775859883463046117e+03
2.316332726283998909e+03
3.251861536530178910e+03
2.823524116912964473e+03
2.415438735775503574e+03
1.445294858309828896e+03
1.591081803544756440e+03
1.901262239334472270e+03
2.451104492528886112e+03
2.553702254772790184e+03
1.961974128947244026e+03
1.873683812488131935e+03
2.507249291189288670e+03
2.018250571424566260e+03
1.629578973541301139e+03
2.479678282907539597e+03
1.890230966409088524e+03
1.937678666569541747e+03
3.189805311059290489e+03
2.088113614287099608e+03
1.481328812633832513e+03
2.476616914460137195e+03
2.826174700147236763e+03
2.692185050349121411e+03
3.423779272285843035e+03
2.730995196073757143e+03
4.719486202025964303e+03
3.379147926314057713e+03
3.918484437675517711e+03
2.502457526497147683e+03
2.855747824155887429e+03
2.822385956200301734e+03
2.497069607236837783e+03
2.390334158100280547e+03
2.086020236030611159e+03
2.095257016964039849e+03
1.988006766006495127e+03
2.756201204688106372e+03
3.169094048670946904e+03
3.980563552996501585e+03
3.066156042093195083e+03
2.959673916198286861e+03
2.597574000156721468e+03
2.826886452018493401e+03
1.684327760602750459e+03
1.647744234574771099e+03
2.762557434555229975e+03
2.241768492878471989e+03
2.565178689108015988e+03
3.213554054160287706e+03
3.166893788333399243e+03
2.513174414712419093e+03
3.146859379199973773e+03
3.037387598897949829e+03
2.712574703769677853e+03
2.621778067459602426e+03
2.414819597030637397e+03
1.675831007440689064e+03
1.472468935101920124e+03
1.177725878734502203e+03
1.245830135918725546e+03
1.165843449312540542e+03
1.325777236931629432e+03
1.256617325194274372e+03
1.465280248134121848e+03
1.902561956235975003e+03
1.858892798117244865e+03
1.592023661001461278e+03
1.431851400492587800e+03
1.389984325167529050e+03
1.378759245997297057e+03
1.346540098673990769e+03
1.228937850634088136e+03
1.415565113270237589e+03
1.992511385306521788e+03
2.473430049101819350e+03
2.627424026561156097e+03
3.011614229578157847e+03
2.769504469461686767e+03
2.437733473761173627e+03
3.007630874015652807e+03
2.756859018557719537e+03
1.967151687685659908e+03
2.063447225064987833e+03
2.636704866174450217e+03
1.686671657734594419e+03
1.549048305753227851e+03
2.094798402998461825e+03
2.595977949291035657e+03
2.373547911599120653e+03
3.077693740544129923e+03
4.277440551081892409e+03
3.401996722504340141e+03
2.539164353783039132e+03
2.316861327923784302e+03
1.999304033936700307e+03
1.973199439740483740e+03
1.768340312416989264e+03
1.733300855636866572e+03
1.848963848168189315e+03
1.256319442803297306e+03
1.328661760590438917e+03
1.686226584955707267e+03
1.069201794422796411e+03
1.168309145524919131e+03
1.500031818865641299e+03
1.511485009767729480e+03
1.543740578091819771e+03
3.020383733210342143e+03
2.272618676491431870e+03
2.306713711257647446e+03
1.946501158132197133e+03
2.648905329142904520e+03
1.662478547776198639e+03
1.577998969124627138e+03
1.476100189346308298e+03
2.127420627130825324e+03
1.940240375906007330e+03
1.502537840739334570e+03
1.956940091927413050e+03
2.298918368727109737e+03
2.321661654514573456e+03
2.391027523331866178e+03
1.795498412547748330e+03
1.493628804986366958e+03
1.650710311461126366e+03
2.407703126068372512e+03
1.660542959947246572e+03
1.660492785252858994e+03
1.913420813562346893e+03
1.599095050954691942e+03
2.014184175489710924e+03
1.714628481906424213e+03
1.390075039603076902e+03
8.314890204513367280e+02
6.525502149587775875e+02
1.014132157777149246e+03
1.133186845141420690e+03
1.253820672390281970e+03
1.623867351837603337e+03
2.100422455554387398e+03
1.789058711251831483e+03
1.609294010755612135e+03
1.341055041594125441e+03
1.450102060417530083e+03
1.875731942613990441e+03
1.861053135414062581e+03
1.076029191225116165e+03
1.074159342634492532e+03
1.255212744126099551e+03
9.575113079419822952e+02
1.253891851901352766e+03
1.349120726620825735e+03
1.614728469212717073e+03
1.800318659647420418e+03
2.025281216681721162e+03
1.414416652597146367e+03
1.293303734504492695e+03
1.179047329540617284e+03
1.355128137142234436e+03
2.272818736357117359e+03
2.006871524129169302e+03
2.158587440793299265e+03
2.747998329971421299e+03
2.379196586432009099e+03
2.893410465813179144e+03
2.524012350658229934e+03
2.440866681340377454e+03
2.710884432996611849e+03
3.312284167064629855e+03
3.505066403593967152e+03
3.057680673971544820e+03
2.812562671724330812e+03
3.340552888033602812e+03
4.327931642330744580e+03
4.021609957253599077e+03
3.195365576641095231e+03
4.158910304435646140e+03
2.977220874570285105e+03
2.276303380163677048e+03
2.451127383223514244e+03
2.409461199974163264e+03
1.641516722992473206e+03
1.032671484339957715e+03
1.194872101038926530e+03
1.398976759249841734e+03
1.395932467950878618e+03
1.737696832196756986e+03
1.853000016914278831e+03
2.067553928322821321e+03
2.055022072632009440e+03
1.415271352335708571e+03
1.388988618784177334e+03
1.800641586313297239e+03
2.008068396075351529e+03
1.573952790401212496e+03
1.653056997813716862e+03
1.669249477870784631e+03
2.815455484304734455e+03
3.077759185384386910e+03
1.754536632126116729e+03
1.362037270442074259e+03
1.861419849690543970e+03
1.673278851513279506e+03
1.734280935773648935e+03
2.029275927643922159e+03
2.132858899186302096e+03
1.701748094404482117e+03
1.847977727130205494e+03
1.717577534043300602e+03
1.954982976199066798e+03
2.052188065466420539e+03
1.258498945747066500e+03
1.683973363334099986e+03
2.253843781450105780e+03
2.613925532800399196e+03
2.532440255994589734e+03
2.832957239462986763e+03
2.677285561784122820e+03
2.954938179951657730e+03
3.492677205720342499e+03
2.608001353579190436e+03
1.791340116210306405e+03
1.781161397238090331e+03
1.419493162770155777e+03
1.394976078327717005e+03
1.562705356255163224e+03
1.671406078818534979e+03
1.763792776130743960e+03
1.529842263832720164e+03
1.284227980868127815e+03
1.519509247544875734e+03
1.663668076337587308e+03
1.442491689033283819e+03
1.658584988527973564e+03
1.684597619794064713e+03
1.681061973220925665e+03
1.847814981595695599e+03
1.947796469565801317e+03
1.719823494537220540e+03
2.261872847005755830e+03
1.398843556370479519e+03
1.477114097552119347e+03
1.671934825224042015e+03
1.468302020496425484e+03
1.426867817854737496e+03
1.668900600445578448e+03
1.683168316966040493e+03
1.926124127691829244e+03
2.092439911034762190e+03
1.971169412480125857e+03
1.381204701420598894e+03
1.026335181456816827e+03
1.420463687123164391e+03
1.498191463704081343e+03
1.679347703225068017e+03
1.918235187678281363e+03
1.229260240497873838e+03
1.138578574624844805e+03
1.224835091668088353e+03
9.107372022332467623e+02
4.968831994095312439e+02
5.675028067931042415e+02
4.723760187594340891e+02
2.435931597501095780e+02
4.712254825083981586e+02
6.070513387345637284e+02
1.069028558468441815e+03
1.578467493258217928e+03
1.077281884418150867e+03
3.906172512898873492e+02
3.732852332626788439e+02
3.418907591134096151e+02
3.305609701619988527e+02
6.594531058936620411e+02
8.309517406232275789e+02
1.544981276280079328e+03
8.823693025169288831e+02
1.138661765231163372e+03
1.118913059686720089e+03
9.389629901588448320e+02
6.044432751462719580e+02
9.503899460077784624e+02
1.047077335471690276e+03
1.147060598408758096e+03
1.212341041316441988e+03
1.854143338948993687e+03
9.519026082729455993e+02
1.362552178610083729e+03
1.596336318647160397e+03
1.013133868920139889e+03
9.132521246009805509e+02
5.299579096225114654e+02
3.255030278931552630e+02
3.241194645868466750e+02
1.479587700401298207e+03
1.924330342654224296e+03
2.011165660903752496e+03
2.054057447662711184e+03
2.043962178578475459e+03
2.265764571918051843e+03
3.026054921647654282e+03
2.083212535965058578e+03
3.136592992903456889e+03
2.599991203520256931e+03
2.999596705061264402e+03
2.873326200650833925e+03
2.255615704877257031e+03
2.686091829886495361e+03
2.849709095490595246e+03
2.509120435317639931e+03
1.930412134492591122e+03
1.657596525357818564e+03
1.513947474449898436e+03
1.615145187957326470e+03
1.593738803103899500e+03
1.574437177709155549e+03
1.383301743595318385e+03
1.669628907882918838e+03
1.879216678506785229e+03
1.907508537533974504e+03
1.626484750702313704e+03
1.734647580960082223e+03
1.743210334467875782e+03
1.537225061659673884e+03
1.440647850915416484e+03
1.308974802366179119e+03
1.386888696122987540e+03
1.423476558704244553e+03
1.490931761571775723e+03
1.445806435087010868e+03
1.737410493299261134e+03
1.745565002594566522e+03
1.715363585976793729e+03
1.632475071462184815e+03
2.078980871950537221e+03
1.490394815545381334e+03
1.345322775483589339e+03
1.262844224161579632e+03
1.525404302453752734e+03
2.327204677190233724e+03
