5.015117098022149548e+03
6.065334372637908018e+03
3.996987106509526711e+03
5.253641376928069803e+03
4.552255178978663025e+03
3.730092378067113714e+03
3.725519822734462196e+03
4.767452659833512371e+03
2.091009867151125945e+03
1.442335606044065116e+03
1.397795093617796283e+03
2.637757408942243273e+03
1.564415406880076716e+03
1.707927202238764721e+03
2.507457069966471408e+03
2.057748643094743329e+03
1.558516179638060748e+03
1.856754292073332408e+03
3.798196500654787997e+03
3.609468460608381520e+03
3.295236307049220613e+03
2.931728451618014333e+03
1.442690794829953575e+03
3.427623237310720469e+03
2.584861152024200692e+03
1.531582114400632918e+03
2.728123819039685259e+03
2.076858930774577402e+03
2.375727930018682855e+03
1.941537418905305003e+03
2.642289207348665514e+03
1.995695024494234303e+03
2.069680121966242950e+03
1.773234397744776743e+03
1.370504007606613413e+03
1.626140418316476826e+03
2.624371339103760874e+03
1.593635063036282645e+03
1.927951683354503984e+03
1.831046246367634694e+03
2.357591428775659551e+03
2.933944814809618038e+03
4.344544570844241207e+03
2.258706384869343765e+03
2.720099191182478535e+03
1.566345760084674566e+03
3.853195048683993718e+03
3.549433165270063455e+03
5.084666385171271031e+03
4.067158043153077415e+03
3.294145088566184768e+03
6.670927151937704366e+03
2.980940551508805129e+03
2.937890110830255708e+03
4.763669717190742631e+03
4.174741209184961008e+03
3.824673618882795381e+03
3.468826868096934959e+03
4.898661111221442297e+03
3.882141717983804483e+03
4.090634748879604558e+03
5.039634901966657708e+03
4.714321211486325410e+03
4.748726180519138325e+03
5.326763952482342575e+03
4.051667711386578048e+03
3.871309502051335585e+03
2.835597799726096582e+03
2.960139820148880517e+03
1.702769531493687509e+03
2.265597933824376923e+03
6.038520632226812268e+03
3.050302138033867777e+03
4.412947824740791475e+03
2.876783268164293077e+03
3.043040178889707931e+03
2.035308512326169875e+03
3.471830951897067280e+03
2.769772697618887378e+03
3.226744653517588631e+03
2.004691016369627505e+03
2.962407931452550656e+03
2.294394402535913287e+03
3.391356650736367556e+03
2.814192337827428219e+03
1.742724152445688560e+03
2.246676522840160942e+03
2.172595811278088604e+03
1.981415363801414060e+03
2.049086569967017113e+03
2.047216506356007812e+03
2.493441896146679483e+03
2.118748241012631297e+03
1.465953288456222708e+03
2.391263662609133462e+03
1.499513055474159046e+03
1.461489436598017846e+03
2.936424620450272414e+03
1.619726389483502544e+03
1.591393658315177845e+03
2.690794225879903479e+03
2.151303354830444277e+03
2.539855965520892823e+03
1.674167570521629841e+03
3.776743167680142506e+03
4.153705952094464010e+03
2.345721973905687264e+03
3.082422444809769786e+03
2.237724415094249252e+03
3.713562431583759462e+03
3.868257385680630705e+03
4.117850040641031228e+03
5.744238987146748514e+03
6.062794136843509477e+03
3.545162681564488594e+03
3.364166354334841799e+03
4.062035377715271807e+03
4.676662124571547793e+03
4.329779268643184878e+03
5.549979808387195590e+03
3.368982737092841035e+03
3.009752020806485234e+03
2.397061698314719251e+03
4.471599932828272358e+03
2.341159176381639554e+03
3.856279187008754889e+03
4.280684803863235175e+03
5.168462798047537035e+03
2.751429687102248408e+03
6.402890347347679381e+03
4.187836500237495784e+03
1.752783597607622369e+03
2.171030378524401840e+03
2.162338277927648051e+03
2.791677655836680515e+03
2.163445102087921896e+03
1.926036946999757674e+03
2.460255192295358938e+03
2.255285136606479682e+03
2.432261208708066533e+03
1.918203494809595668e+03
1.512998493924902505e+03
2.536370224662372948e+03
1.550866075963154799e+03
2.609951287732695619e+03
1.464919237306683726e+03
3.925408381725706477e+03
2.299461747486865079e+03
1.684205636389243637e+03
1.845757931452302728e+03
1.468668725213554126e+03
3.178498282185271364e+03
1.352142783483076073e+03
1.686554870217722055e+03
3.441184460731679792e+03
1.759512585215937634e+03
1.867624714728827485e+03
2.012021360410461966e+03
3.204016458130670344e+03
2.472437480435635734e+03
2.919357268145137368e+03
3.566802325516748169e+03
2.825733662926649231e+03
1.697236295370839343e+03
1.511294880804547574e+03
2.365237401995786058e+03
2.660686547549182251e+03
3.226207277725125095e+03
3.810742152604364946e+03
2.982741745771406841e+03
2.271833184686963705e+03
3.662862995047042205e+03
2.749157392486042227e+03
3.166622910827081796e+03
2.362040804107194617e+03
3.336980988569840065e+03
2.669545008848148882e+03
2.822295185997349108e+03
3.822566777020245354e+03
6.122706009253911361e+03
4.486984776964442972e+03
2.331197214755558889e+03
2.481724872055854576e+03
1.959091236739505803e+03
2.714909328425111653e+03
3.500030878586061590e+03
2.442551268343840547e+03
2.322084990788620416e+03
1.776391308209759245e+03
3.373491950567172807e+03
3.877318241366247548e+03
5.321526906447707006e+03
4.149254489933187870e+03
5.415840303882690023e+03
5.669718018119092449e+03
5.991665140140779840e+03
5.593230441087046529e+03
5.858716444517599484e+03
3.633722619832996770e+03
2.056949964898136386e+03
1.724616360545324824e+03
2.158354374869689764e+03
2.705132549269728315e+03
3.446028340268023385e+03
2.416832239864477742e+03
1.667428763250409474e+03
2.406581602252053926e+03
1.741814221812221604e+03
2.039659028711373367e+03
1.262474829053820713e+03
2.796975314476685980e+03
3.505764230765345474e+03
3.516202318796150848e+03
2.165707676889885533e+03
3.071507980140288510e+03
4.297717242280872597e+03
1.442571210735357681e+03
3.782116351518725878e+03
4.522374607160228152e+03
4.375362397178238098e+03
1.545450771484684083e+03
2.368230280825280261e+03
4.866491724013957537e+03
3.771753587164771034e+03
4.320032236050640677e+03
7.322658315291095278e+03
5.256359449871270044e+03
5.625959806188795483e+03
6.086135613682952680e+03
4.720597514449109440e+03
4.254160569531961301e+03
6.060275153022743325e+03
2.219587022092871393e+03
1.700815343809419346e+03
2.040400367029541485e+03
2.995141682509125530e+03
3.320745829338585281e+03
4.453897266411695455e+03
2.863250841543615024e+03
2.155454282503659215e+03
2.366129637496104806e+03
1.812203304329698312e+03
2.110087210239998058e+03
2.250160719197030176e+03
1.991785892902695650e+03
1.846703312725240721e+03
2.373165193289354647e+03
1.900374943093981074e+03
2.346613462490555776e+03
2.364880646954532494e+03
2.924581132549549238e+03
2.023472965171448777e+03
1.406455024563912957e+03
1.390857096490134609e+03
2.107401120109627755e+03
1.854523914280753843e+03
4.433437053116877905e+03
3.696003031077068499e+03
2.448819606029488114e+03
1.889913176797457481e+03
2.392109841316683287e+03
1.873440786320516054e+03
2.091514667373219254e+03
2.043314899388020194e+03
1.754058453673440454e+03
1.884596573147570552e+03
1.770943727203711887e+03
2.032234078743389773e+03
2.335628373033567186e+03
2.402291664063460757e+03
2.097394603127283062e+03
2.599467996964744998e+03
1.921281848390114646e+03
2.057032569572079410e+03
2.444730670020514935e+03
2.724039661897418682e+03
1.880353351051021946e+03
2.248992403452603867e+03
1.963383045937742281e+03
1.429587439760293591e+03
1.910098677312494374e+03
1.429854033625237662e+03
5.230955641682726309e+03
6.374623427298392926e+03
6.291907650044264301e+03
4.506231900288505130e+03
5.365981208489260098e+03
5.933189268016033566e+03
5.093888239765691651e+03
4.456981739378752536e+03
3.495373086762296225e+03
3.441672225347215772e+03
5.497808622734431083e+03
4.930523833552074393e+03
2.373497239876308868e+03
2.556530538296164650e+03
6.383443241641726672e+03
3.825657237312760572e+03
3.226933825493221775e+03
4.843220962434073954e+03
2.542046955579522546e+03
4.216729839475771769e+03
5.429212162822542268e+03
1.658646430622648495e+03
6.259516599278730610e+03
6.785205627920321604e+03
5.118786746987520019e+03
5.395877806299366057e+03
4.832357780766489668e+03
5.515327249094083527e+03
5.956987661381861471e+03
3.968960486511439740e+03
4.371721500733303401e+03
3.179728975630082914e+03
5.777291290852095699e+03
5.114549315664963615e+03
2.644778529560137940e+03
4.957523308050217565e+03
5.500394314969311381e+03
2.661146659774813998e+03
2.769433090777743928e+03
2.182119832129253609e+03
3.002325652673877812e+03
1.969694371274060359e+03
2.676172223505460806e+03
2.965285083082958408e+03
4.046606048809328968e+03
3.989489550806707030e+03
3.302485177108856533e+03
4.200386991591582046e+03
4.500380220404713327e+03
3.825399806858841657e+03
2.308191183384699343e+03
2.162458675274097914e+03
3.486172709299748931e+03
3.146747696950337740e+03
3.737124497160905776e+03
2.081602909166966583e+03
1.625236343554260657e+03
2.370376375262631882e+03
2.863673366609101777e+03
1.713728690064353486e+03
2.379781620476271200e+03
1.713033588953847584e+03
4.352086538967729211e+03
2.125970406207574797e+03
2.070460711928838464e+03
1.353875680007525034e+03
4.662103671952545483e+03
5.126767364448056469e+03
1.732606674230090675e+03
1.621583192405281579e+03
1.140241571943973668e+03
2.251449668579292847e+03
4.816054333699978997e+03
5.497045627868433257e+03
3.353140827319291020e+03
3.206227052004318921e+03
6.432777095486012513e+03
4.316876705762481834e+03
3.309345425649924437e+03
3.126446258360018874e+03
4.982174037109256460e+03
4.184285039896521084e+03
2.694337946609592109e+03
3.877379519329457253e+03
1.518804462613709575e+03
5.133743621205044292e+03
4.463151386618760625e+03
2.585649116765738199e+03
5.392031407503972332e+03
3.628585316598074769e+03
4.681960845152987531e+03
5.175842645035099849e+03
6.682295112987469111e+03
1.061484256955891215e+04
5.300646443871749398e+03
5.375092092260748359e+03
4.568183263797332984e+03
7.864225605205065222e+03
7.156363380404190139e+03
4.057961685359878174e+03
6.662608640869571900e+03
5.544527656561541335e+03
3.529722384145523847e+03
4.294577242986908459e+03
3.723447933770321015e+03
7.236254546853003376e+03
5.178941659625188549e+03
7.519970470292862046e+03
5.715412404495672490e+03
4.591563827440708337e+03
5.859375254415283962e+03
6.143203618146656481e+03
6.569975732014900132e+03
5.318701726975235033e+03
8.297546048264071942e+03
4.097297980972382902e+03
4.570839356465973651e+03
5.737677367474915627e+03
2.195041607231305079e+03
4.725983155446229830e+03
3.340618628043282115e+03
3.921087315599799695e+03
2.872803703930270785e+03
1.813181246844732186e+03
2.147175245961785549e+03
2.528829869747763041e+03
4.484225692669167984e+03
2.374415673964663711e+03
1.985437700941391768e+03
1.660784425308856498e+03
2.750847268690206420e+03
1.403351268557461708e+03
2.088322331479403147e+03
1.988444967538376659e+03
1.948209222297731685e+03
2.514627035977298419e+03
2.220982392337876718e+03
2.014796125801163498e+03
1.816398530473219807e+03
1.647206146569475777e+03
2.470129008132231775e+03
1.792731153507226963e+03
2.958258602827570485e+03
2.518584363465196020e+03
1.879043512709027027e+03
2.699798548052164278e+03
1.413076845790151310e+03
1.548209770533887422e+03
2.463984287173895154e+03
1.782832439319586001e+03
1.197762298404213198e+03
1.271461153422286998e+03
3.793403302012278800e+03
2.733743005321592136e+03
2.112477026799688701e+03
3.131649418657472324e+03
6.220686020708548313e+03
3.369213285638171328e+03
2.366967912458499086e+03
1.417155620457859413e+03
4.591956625157126837e+03
2.750096481989163294e+03
3.328946317768852168e+03
4.560301369819757383e+03
1.598176649272467330e+03
2.415064673689271785e+03
2.452728700490296887e+03
3.297092531284976303e+03
2.953418469915463902e+03
2.895666485436063340e+03
2.664588016088981476e+03
3.746977527568524692e+03
3.449315154874173913e+03
3.875190837427554015e+03
3.508157089247458771e+03
2.198040587304328255e+03
2.356469365603164988e+03
2.029487972517413255e+03
3.665101147573024264e+03
3.469685459143962817e+03
2.308925965519586043e+03
3.736577498515753177e+03
2.499051886592852497e+03
2.599503934492748158e+03
2.304578485420611287e+03
1.939955002556279396e+03
3.533613755967456655e+03
2.201331424841462649e+03
3.750503230712272398e+03
2.868788229765673805e+03
3.158767728018460275e+03
2.840496114444036721e+03
1.986084348251495385e+03
2.508680819728393999e+03
2.686153823636419020e+03
3.409003706952558787e+03
1.854136122830830118e+03
1.702589413814833279e+03
1.453296221252170653e+03
1.870342926742240024e+03
1.092107628408038863e+03
3.993333668626788494e+03
4.407852462601081243e+03
2.130829010751134774e+03
2.500534900363431461e+03
1.858813160564438249e+03
2.911165465158598636e+03
1.334004220510830692e+03
2.500617668727461933e+03
4.409720228338350353e+03
4.463266643949622448e+03
3.806654673671901946e+03
4.192067150928738556e+03
1.881436528524080359e+03
2.146916742608837012e+03
2.856932760448482441e+03
4.802081336974266378e+03
3.447225357178074319e+03
4.902848907316889381e+03
4.317723707949291565e+03
3.193393733257919848e+03
4.260818209748403206e+03
4.295759559291060214e+03
4.283955303610161536e+03
3.565549738308044198e+03
2.692403572003949648e+03
1.806286928234651214e+03
3.738302979047266035e+03
3.548381668314330000e+03
2.498298847838179427e+03
2.040409926511445065e+03
2.926117228791118123e+03
2.894624253002630667e+03
3.253078837309850314e+03
2.953823210184681102e+03
2.871687646406684053e+03
4.899119369954706599e+03
2.032477161345423156e+03
1.748273806987029957e+03
1.905472740661168928e+03
5.331316236035748261e+03
3.968234962396312312e+03
2.772688160267310650e+03
3.071073964624034033e+03
3.417758475790019475e+03
2.340087176305488811e+03
3.174463200459017571e+03
2.287729137884589363e+03
2.886194920831174386e+03
2.090663668117133511e+03
3.134504095452687579e+03
4.422119692110182768e+03
4.742838160257585514e+03
2.420806505896964609e+03
1.920252729997300776e+03
1.446914639544863121e+03
5.038682695253172824e+03
4.994165141926336219e+03
4.777328450953783431e+03
3.939456309678119396e+03
1.715567814502706824e+03
2.814839161177161259e+03
2.039786830809017374e+03
1.669020342995730971e+03
2.519763277280590501e+03
1.653187108033170944e+03
3.010083049461078190e+03
3.623795145101050366e+03
3.909583149335429880e+03
1.318918413685442374e+03
1.912358881936244870e+03
4.102569733271716359e+03
2.332366498589865387e+03
1.772680125675393583e+03
2.936967566841784901e+03
4.678269293828690934e+03
4.601171339684206032e+03
5.345817758206586404e+03
4.387231942625670854e+03
2.790740004163733374e+03
5.481740721483577545e+03
4.264986472830581988e+03
1.886016911635869292e+03
3.746224824007881125e+03
1.537915473163212027e+03
2.701885325142927741e+03
2.303551947215683867e+03
4.308995212977991287e+03
3.383508947260945206e+03
2.532352775044430473e+03
2.984311956811698565e+03
2.359483495308402780e+03
3.858396629202555232e+03
2.043773868449545034e+03
2.410306622282747867e+03
2.718313488227727248e+03
3.272643677314183151e+03
3.733586574948125417e+03
3.608662442880298386e+03
2.013013880923169381e+03
2.679256284284922913e+03
2.293530207830209292e+03
2.755942002711491114e+03
3.009262203380641949e+03
3.261099150338885920e+03
2.368976687785616832e+03
2.050366335343174342e+03
3.556764003827836859e+03
1.335574693313028092e+03
2.531443583173493607e+03
1.740781401263315956e+03
1.712418969126390948e+03
3.223078671332989870e+03
1.690249013337634551e+03
1.564068952034544282e+03
1.532091752383554422e+03
1.577411512466251907e+03
1.594035039773424160e+03
3.990281623133712401e+03
3.006813826606070961e+03
3.216266393981775764e+03
2.383609836295093373e+03
1.930767368705139233e+03
1.926129799378545613e+03
2.192133244295521763e+03
2.955905983934174856e+03
2.584032607209294383e+03
2.678016925563469613e+03
2.110380341937228422e+03
2.833563043838489193e+03
2.437289832931348428e+03
2.393530657280028208e+03
2.555903743720624334e+03
2.668239258723604962e+03
3.266665849611923022e+03
3.934143481724364392e+03
2.965969569573544504e+03
2.561119373496771914e+03
2.473773886499343462e+03
3.188629366320686131e+03
2.242177356691675413e+03
2.458259039988494806e+03
1.580599590966266533e+03
2.203519033217234210e+03
1.671538446542815109e+03
1.871767724211902987e+03
2.628993547652901725e+03
2.037846616205612236e+03
2.933037187601925780e+03
1.638540351680059075e+03
2.114209670019550231e+03
2.778129398267420584e+03
3.327755745602645220e+03
3.514490587115871676e+03
3.257952513192753031e+03
3.969906788238717127e+03
2.891411416288564396e+03
1.354673604338426458e+03
2.272050258544279131e+03
1.467321643249952558e+03
1.586262357026566178e+03
1.321083176140890828e+03
3.541310384948575120e+03
5.538664112837740504e+03
4.761575780300998304e+03
2.349612738677198649e+03
2.687259334811981716e+03
5.601966880593897258e+03
4.220136201367043213e+03
3.553350033762653766e+03
2.563083649625270937e+03
3.447751963060497474e+03
5.042721416496162419e+03
4.199259985646262066e+03
2.741078844260770893e+03
3.545598483731523174e+03
2.675527474392357817e+03
3.122430875518337871e+03
2.570107820629826165e+03
3.554971154304304036e+03
2.645011156041980030e+03
1.989927383588972589e+03
3.412037041477013645e+03
3.378033148878454085e+03
3.777156514650753252e+03
4.826543596342671663e+03
6.133150976450509916e+03
4.999499482421299945e+03
4.938101921003337338e+03
4.821736779124555142e+03
4.132046878438364729e+03
4.227495074453774578e+03
3.280458859292673424e+03
2.561770968342424112e+03
2.998836074757529786e+03
3.379311868594528278e+03
4.618237131710699032e+03
5.040459846320155521e+03
4.596219910697230262e+03
3.903469312155862553e+03
3.833686352191083643e+03
4.715083264543593032e+03
5.255144937621796089e+03
1.348446626504768119e+03
3.113067064394879708e+03
1.744337448393340310e+03
4.415062309059655490e+03
3.506048771414682506e+03
3.443635617260835261e+03
4.355519633169383269e+03
5.601613347411803261e+03
5.293339999790652655e+03
3.453628266850587352e+03
4.184197907795618448e+03
