1.299144949634816385e+03
1.299144949634816385e+03
1.299144949634816385e+03
1.299144949634816385e+03
1.299144949634816385e+03
1.299144949634816385e+03
1.299144949634816385e+03
1.299144949634816385e+03
1.299144949634816385e+03
1.299144949634816385e+03
1.299144949634816385e+03
1.299144949634816385e+03
1.299144949634816385e+03
1.299144949634816385e+03
1.299144949634816385e+03
1.299144949634816385e+03
1.299144949634816385e+03
1.299144949634816385e+03
1.299144949634816385e+03
1.299144949634816385e+03
1.299144949634816385e+03
1.299144949634816385e+03
1.299144949634816385e+03
1.299144949634816385e+03
1.299144949634816385e+03
1.299144949634816385e+03
1.299144949634816385e+03
1.299144949634816385e+03
1.299144949634816385e+03
1.299144949634816385e+03
1.299144949634816385e+03
1.299144949634816385e+03
1.299144949634816385e+03
1.299144949634816385e+03
1.299144949634816385e+03
1.299144949634816385e+03
1.299144949634816385e+03
1.299144949634816385e+03
1.299144949634816385e+03
1.299144949634816385e+03
1.299144949634816385e+03
1.299144949634816385e+03
1.299144949634816385e+03
1.299144949634816385e+03
1.299144949634816385e+03
1.299144949634816385e+03
1.299144949634816385e+03
1.299144949634816385e+03
1.299144949634816385e+03
1.299144949634816385e+03
1.299144949634816385e+03
1.299144949634816385e+03
1.299144949634816385e+03
1.299144949634816385e+03
1.299144949634816385e+03
1.299144949634816385e+03
1.299144949634816385e+03
1.299144949634816385e+03
1.299144949634816385e+03
1.299144949634816385e+03
1.299144949634816385e+03
1.299144949634816385e+03
1.299144949634816385e+03
1.299144949634816385e+03
1.299144949634816385e+03
1.299144949634816385e+03
1.299144949634816385e+03
1.299144949634816385e+03
1.299144949634816385e+03
1.299144949634816385e+03
1.746227565991824804e+03
2.065368169374401532e+03
6.720354300998108556e+03
5.793351402454554773e+03
7.291523405588200148e+03
8.224728936596549829e+03
8.314676032301636951e+03
1.399533418089634142e+04
8.181939126014237445e+03
7.970163390610058741e+03
6.076188547665419719e+03
1.390163988529748349e+04
7.586859595625890506e+03
4.065848663117140859e+03
4.915051360627610848e+03
8.131732023578668304e+03
3.293959912876277031e+03
6.694182822018299703e+03
2.999608084091581986e+03
4.500978502785170349e+03
3.582000857120954151e+03
4.741881405903035557e+03
7.768683479991442255e+03
6.725275335912661831e+03
5.240612101310295657e+03
1.210092713315720175e+04
1.046123129253767183e+04
9.061024754927531831e+03
8.890309751262508144e+03
8.348563960843201130e+03
9.024368025763578771e+03
5.804865519302995381e+03
5.594648456234473997e+03
5.358963516558108495e+03
5.181506508749125715e+03
6.670442138893718948e+03
5.732870946106510928e+03
6.917249751002800622e+03
6.590725124868058629e+03
7.804355537532413109e+03
7.406525184181215991e+03
8.110411358419826684e+03
5.346388998191377141e+03
8.306215490824341032e+03
4.864487394971772119e+03
5.592984007458876476e+03
1.235205102058108969e+04
6.128149958170866739e+03
6.710207979514649196e+03
6.324641826984708132e+03
5.193102772004963299e+03
8.095346308083780968e+03
7.486372694766438144e+03
9.166176547739742091e+03
7.266155715551134563e+03
7.206361924950010689e+03
3.850295403524185986e+03
3.799014823227636043e+03
7.960670523195566602e+03
5.458446515586188980e+03
7.673953907958325544e+03
9.511708225580250655e+03
8.386184124508123205e+03
6.013639442978677835e+03
8.928450647082581781e+03
4.902545949306390867e+03
8.647358475675560840e+03
5.380028126957060522e+03
4.972026927724719826e+03
8.380485008102057691e+03
1.431485165037178012e+04
6.649727104052460163e+03
6.849755671744294887e+03
7.595390424827234710e+03
6.135087542950599527e+03
1.029298992163702678e+04
7.183965498146413665e+03
5.020099174598603895e+03
5.431830279053541744e+03
5.125232134641619268e+03
8.163311344293092588e+03
9.330565950160145803e+03
6.997057951065597081e+03
3.807389667743827431e+03
5.316411221956622285e+03
6.622976134120147435e+03
5.975525882111548526e+03
3.978244630459855216e+03
6.364604949530898011e+03
5.648575804031930602e+03
8.183632340380299866e+03
4.482030595923511100e+03
1.872271783004882991e+03
4.229422051696822564e+03
3.047568220648976421e+03
2.636777908564816244e+03
8.322952864260196293e+03
7.500310127227346129e+03
9.568911224141351340e+03
1.006587098697878537e+04
8.071132455120560735e+03
7.109692560655826128e+03
7.845499276050159096e+03
7.450956683997203982e+03
5.717150083226718380e+03
7.147020958223542038e+03
5.296109424793333346e+03
4.691466434697201294e+03
5.442574617189574383e+03
2.710914045513849032e+03
6.702045184362266809e+03
3.659641923991167459e+03
1.060006405004142653e+04
8.286194207898541208e+03
6.003954472679407445e+03
6.072772077462735069e+03
8.070588750675697156e+03
1.339284689946418985e+04
1.022083696980263630e+04
8.301452323240508122e+03
4.692029709817372350e+03
5.418750820234065031e+03
6.373414365753565107e+03
7.894977610643435582e+03
3.908756254156631712e+03
3.833894112313440473e+03
4.756439819787417946e+03
3.463608294975744229e+03
4.497931961547034007e+03
3.996234467960764050e+03
1.249789796625672352e+04
7.877049065583977608e+03
1.229563584769140652e+04
1.305951580418318736e+04
1.678881434713572162e+03
1.124977031078431355e+04
9.223036400439601493e+03
1.053115943804017115e+04
3.594452393047377882e+03
4.948278746418363880e+03
1.848182877016465682e+03
3.121200629645052231e+03
6.101072752403546474e+03
5.374436473814193960e+03
3.097060686019081004e+03
5.875572479331433897e+03
5.109045331239467487e+03
6.614675331097157141e+03
6.910902151917302035e+03
1.144093863865232379e+04
5.934671938933524871e+03
9.239514852051141133e+03
4.436933338242583886e+03
6.129365310652785411e+03
6.894069293982940508e+03
5.687929290095972647e+03
5.968569909648923385e+03
5.597909665579762077e+03
4.370175037261293255e+03
3.762501779318717581e+03
2.572026141502487917e+03
7.204582504162837722e+03
7.550970481699022457e+03
5.539569454116747693e+03
3.333540276569178332e+03
3.563534448951560080e+03
3.066351643155449892e+03
3.916336671174873572e+03
3.251937211172476509e+03
4.469958690876670516e+03
4.754398427656767126e+03
3.825220059385040258e+03
3.335162177840726599e+03
2.887769670804848829e+03
4.950424423532303081e+03
6.068208271481455085e+03
5.793786963540451325e+03
3.446236576180776410e+03
2.202472977496754538e+03
3.403573046377476203e+03
2.046205543229721798e+03
1.299144949634816385e+03
1.299144949634816385e+03
1.299144949634816385e+03
1.299144949634816385e+03
1.299144949634816385e+03
1.299144949634816385e+03
1.299144949634816385e+03
1.299144949634816385e+03
1.299144949634816385e+03
1.299144949634816385e+03
1.299144949634816385e+03
1.299144949634816385e+03
1.299144949634816385e+03
1.299144949634816385e+03
1.299144949634816385e+03
1.299144949634816385e+03
1.299144949634816385e+03
1.299144949634816385e+03
1.299144949634816385e+03
1.299144949634816385e+03
1.299144949634816385e+03
1.299144949634816385e+03
1.299144949634816385e+03
1.299144949634816385e+03
1.299144949634816385e+03
1.299144949634816385e+03
1.299144949634816385e+03
1.299144949634816385e+03
1.299144949634816385e+03
1.299144949634816385e+03
1.299144949634816385e+03
1.299144949634816385e+03
1.299144949634816385e+03
1.299144949634816385e+03
1.299144949634816385e+03
1.299144949634816385e+03
1.299144949634816385e+03
1.299144949634816385e+03
1.299144949634816385e+03
1.299144949634816385e+03
1.299144949634816385e+03
1.299144949634816385e+03
1.299144949634816385e+03
1.299144949634816385e+03
1.299144949634816385e+03
1.299144949634816385e+03
1.299144949634816385e+03
1.299144949634816385e+03
1.299144949634816385e+03
1.299144949634816385e+03
1.299144949634816385e+03
1.299144949634816385e+03
1.299144949634816385e+03
1.299144949634816385e+03
1.299144949634816385e+03
1.299144949634816385e+03
1.299144949634816385e+03
1.299144949634816385e+03
1.299144949634816385e+03
1.299144949634816385e+03
1.299144949634816385e+03
1.299144949634816385e+03
1.299144949634816385e+03
1.299144949634816385e+03
1.299144949634816385e+03
1.299144949634816385e+03
1.299144949634816385e+03
1.299144949634816385e+03
1.299144949634816385e+03
1.299144949634816385e+03
1.299144949634816385e+03
1.299144949634816385e+03
1.299144949634816385e+03
1.299144949634816385e+03
1.299144949634816385e+03
1.299144949634816385e+03
1.299144949634816385e+03
1.299144949634816385e+03
1.299144949634816385e+03
1.299144949634816385e+03
1.299144949634816385e+03
1.299144949634816385e+03
1.299144949634816385e+03
1.299144949634816385e+03
1.299144949634816385e+03
1.299144949634816385e+03
1.299144949634816385e+03
1.299144949634816385e+03
