3.887391236768048202e+03
2.567100564798327468e+03
7.440747291927672450e+03
7.778427681366389152e+03
6.884376691855864919e+03
4.640091486486942813e+03
6.284120453717566306e+03
4.411208932714667753e+03
6.392122435282826700e+03
5.405092107450460389e+03
4.794838181170931421e+03
3.634019429681104157e+03
4.163277021809548387e+03
6.947250278548576716e+03
5.513906414936437614e+03
3.783168246445463410e+03
5.800807469529482660e+03
3.922374504356161651e+03
3.773377343641716834e+03
4.585529674946110390e+03
3.138778103476775414e+03
4.361752280357466589e+03
5.427191836241108831e+03
6.676657774007196167e+03
6.404009183179166030e+03
4.257367739479860575e+03
3.089666903591323262e+03
4.047295479355918815e+03
5.935945803299983709e+03
2.945070871483687370e+03
3.472802801148110120e+03
5.941874444523828970e+03
2.555482101165481254e+03
5.573904368773472015e+03
4.039272292708233635e+03
4.372243053590171257e+03
5.885824645611946835e+03
2.355055418279874175e+03
5.127123048217365067e+03
4.263192600060778204e+03
5.844047048704765075e+03
5.690667608305945578e+03
4.666421148754685419e+03
5.687147043088605642e+03
3.957140697631897183e+03
3.066534934145478019e+03
5.196842382785146583e+03
6.451617171347799740e+03
2.500196161594445584e+03
4.610279859220507205e+03
4.514900109054686254e+03
6.679677057935196899e+03
6.031168595083367109e+03
3.777264145894662761e+03
3.827152909098985674e+03
5.948112211844460944e+03
4.218291636397035290e+03
4.799254582467767250e+03
4.633565568420238378e+03
6.360162392478985566e+03
6.028224849338297645e+03
3.692463674889714639e+03
3.600038757806924423e+03
4.913506435735683226e+03
5.621695848148735422e+03
5.401810636613936367e+03
5.589180881880742163e+03
5.839734411931859540e+03
3.404049005971511178e+03
5.059030420327989304e+03
4.286448362541674214e+03
5.923087380437973479e+03
3.860264761421152798e+03
3.453435298557740225e+03
3.812833763270912186e+03
4.792814832720458980e+03
3.948246012853799584e+03
4.076758082094590463e+03
3.796919041241971172e+03
5.348718252344304346e+03
2.971753750374172796e+03
2.843037607347421726e+03
7.698074622642296163e+03
9.308779036823383649e+03
3.488230572380311060e+03
4.822306847783505873e+03
8.126207978717574406e+03
7.687740145513040261e+03
4.362799358612025571e+03
4.290006344681136397e+03
3.539597425552552068e+03
4.610942657712762411e+03
4.797869555201154981e+03
4.957057663926343594e+03
8.796101120073282800e+03
6.009626881839823909e+03
3.999588898713209801e+03
2.972577359950721075e+03
7.196624000325434281e+03
8.295449867806162729e+03
3.887972339227818338e+03
3.520315155055498963e+03
2.233693334645567575e+03
6.414042124796307689e+03
4.620594060599874865e+03
5.821010616718637721e+03
3.357046754911982589e+03
4.164885607754344164e+03
2.607100539462699544e+03
2.372908563648838026e+03
2.564596579166478932e+03
4.033012434063477940e+03
5.066614691016997313e+03
6.902705581464056195e+03
4.857523557576042549e+03
8.261500970044027781e+03
8.278057195303021217e+03
6.477813517942253384e+03
4.551519412983663642e+03
4.170305803795791689e+03
3.740747672874832460e+03
5.430341021837717562e+03
3.515328043764995982e+03
9.118554124885231431e+03
2.592787739492438959e+03
3.288067563144001269e+03
6.015737316261515844e+03
7.254079763862770960e+03
3.558559611213144308e+03
3.690299067198277498e+03
2.987706965309404040e+03
6.623596000585376714e+03
6.595485275868998542e+03
4.205214820041955136e+03
4.007300789583586720e+03
3.450768681803949676e+03
5.895338393961809743e+03
6.138827857362816758e+03
9.038285952891044872e+03
9.334010868353625483e+03
1.258388093932071024e+04
8.822202425884763215e+03
7.963815619163677184e+03
4.754531193678954878e+03
7.889446146389771457e+03
4.882216307989196139e+03
1.017686773325285503e+04
5.219127216527213932e+03
6.973127612552091705e+03
5.948071498965597129e+03
6.840325194269336862e+03
7.522629443656665899e+03
7.667859882352747263e+03
6.242616176563004046e+03
7.090699560299598488e+03
7.002245698531562084e+03
6.627212483266195704e+03
7.769652691062001395e+03
4.290884306052050306e+03
1.006146640098655917e+04
1.177751088500369406e+04
2.936077346456935629e+03
9.548860798245113983e+03
7.124642509660804535e+03
5.904306277583184055e+03
1.127298704386721693e+04
9.940156556899892166e+03
3.596311999513447972e+03
3.885095126672735205e+03
8.141744006465397433e+03
5.967685046885152587e+03
4.445544511829193652e+03
5.194201910073565159e+03
2.519507711085635492e+03
2.396776831591690552e+03
2.591321132176705760e+03
5.012152494194069732e+03
7.508382397646746540e+03
3.280215528799069943e+03
6.709227704154899584e+03
6.651031762562838594e+03
4.711665365559552811e+03
5.170585175087295283e+03
7.921920964248727614e+03
3.543462745893819374e+03
7.003242026093801542e+03
2.050539851604811702e+03
3.057257927261484838e+03
7.499434710768816331e+03
8.453482580208970830e+03
2.657476345098755246e+03
4.719512117087292609e+03
3.677261163585296799e+03
2.548087969344989233e+03
5.310313836666497082e+03
4.114560715441610228e+03
3.347913317454683693e+03
2.997784808297698874e+03
5.288250304722202600e+03
2.800196941049269299e+03
2.975758230265651036e+03
5.440968830616249761e+03
3.854691581677434897e+03
4.980781714164021651e+03
8.718652842471699842e+03
9.977417423324588526e+03
1.001833990180294859e+04
6.930813406178840523e+03
6.359842878161107365e+03
7.594826779741508290e+03
7.699115904819921525e+03
5.412389526673998262e+03
3.759493245494171333e+03
6.206070572889435425e+03
8.550926871688088795e+03
4.259631074623134737e+03
3.790064855788565637e+03
4.423334603057877757e+03
4.915243120749616537e+03
7.923747889317424779e+03
3.578584363455641324e+03
5.155229797309358219e+03
5.584378850617333228e+03
9.287217662305072736e+03
6.542643910434628197e+03
3.236534216523939449e+03
4.359157057711452580e+03
6.874951707742427971e+03
7.885405566366457606e+03
3.933152775880416812e+03
2.496354350387534851e+03
4.751853657078480865e+03
3.792169713732412674e+03
4.374896870083903195e+03
5.686627857507243789e+03
6.131244200610327425e+03
2.595367841322228287e+03
2.692576141188364545e+03
6.171137923220605444e+03
7.555975069766721390e+03
3.622624027542854947e+03
4.336934493190073226e+03
3.578855262083577600e+03
6.724506587140203919e+03
5.847848667835971355e+03
3.839367846374891542e+03
4.021795032211107809e+03
4.909382453366750269e+03
6.941845569441656153e+03
5.783121552579602394e+03
4.503862642126039646e+03
4.253556549021517640e+03
5.038118183831834358e+03
4.692509745068342454e+03
3.150827187247099118e+03
6.120174485660567370e+03
6.347130382727506003e+03
5.152690391714948419e+03
7.912788983909004855e+03
5.603592605050583188e+03
5.976131174073849252e+03
6.512973085232950325e+03
4.677264918857431439e+03
3.401656806997713375e+03
4.029247555160547563e+03
3.708720608307126440e+03
3.709155760787142299e+03
6.687260075493733893e+03
5.049738990110075974e+03
3.812309027279254678e+03
4.177468121418323790e+03
3.164042671161542785e+03
5.025036286540119363e+03
4.603056855200906284e+03
4.314323031807159168e+03
4.676180452208477618e+03
7.769084692535673639e+03
5.477814842631070860e+03
8.284213207369779411e+03
8.010951970905019152e+03
5.961674141336393404e+03
3.639481797380641183e+03
4.629724900941232590e+03
5.475840794461473706e+03
3.823985956331519446e+03
5.918556640226530362e+03
5.478347153844024433e+03
4.989784777116352416e+03
6.189105137261716663e+03
2.755047399226598827e+03
4.192151542023886577e+03
3.662265134839552502e+03
4.510469621830270626e+03
4.188092621362210593e+03
4.581434929753378128e+03
4.166684131707028428e+03
5.144363937464754599e+03
3.900686928563567562e+03
6.438953102202985065e+03
