1.299144949634816385e+03
1.299144949634816385e+03
1.299144949634816385e+03
1.299144949634816385e+03
1.299144949634816385e+03
1.299144949634816385e+03
1.299144949634816385e+03
1.299144949634816385e+03
1.299144949634816385e+03
1.299144949634816385e+03
1.299144949634816385e+03
1.299144949634816385e+03
1.299144949634816385e+03
1.299144949634816385e+03
1.299144949634816385e+03
1.299144949634816385e+03
1.299144949634816385e+03
1.299144949634816385e+03
1.299144949634816385e+03
1.299144949634816385e+03
1.299144949634816385e+03
1.299144949634816385e+03
1.299144949634816385e+03
1.299144949634816385e+03
1.299144949634816385e+03
1.299144949634816385e+03
1.299144949634816385e+03
1.299144949634816385e+03
1.299144949634816385e+03
1.299144949634816385e+03
1.299144949634816385e+03
1.299144949634816385e+03
1.299144949634816385e+03
1.299144949634816385e+03
1.299144949634816385e+03
1.299144949634816385e+03
1.299144949634816385e+03
1.299144949634816385e+03
1.299144949634816385e+03
1.299144949634816385e+03
1.299144949634816385e+03
1.299144949634816385e+03
1.299144949634816385e+03
1.299144949634816385e+03
1.299144949634816385e+03
1.299144949634816385e+03
1.299144949634816385e+03
1.299144949634816385e+03
1.299144949634816385e+03
1.299144949634816385e+03
1.299144949634816385e+03
1.299144949634816385e+03
1.299144949634816385e+03
1.299144949634816385e+03
1.299144949634816385e+03
1.299144949634816385e+03
1.299144949634816385e+03
1.299144949634816385e+03
1.299144949634816385e+03
1.299144949634816385e+03
1.299144949634816385e+03
1.299144949634816385e+03
1.299144949634816385e+03
1.299144949634816385e+03
1.299144949634816385e+03
1.299144949634816385e+03
1.299144949634816385e+03
1.299144949634816385e+03
1.299144949634816385e+03
1.299144949634816385e+03
1.299144949634816385e+03
1.299144949634816385e+03
1.299144949634816385e+03
1.299144949634816385e+03
1.299144949634816385e+03
1.299144949634816385e+03
1.299144949634816385e+03
1.299144949634816385e+03
1.299144949634816385e+03
1.299144949634816385e+03
1.299144949634816385e+03
1.299144949634816385e+03
1.299144949634816385e+03
1.299144949634816385e+03
1.299144949634816385e+03
1.299144949634816385e+03
1.299144949634816385e+03
1.299144949634816385e+03
1.299144949634816385e+03
1.299144949634816385e+03
1.299144949634816385e+03
1.299144949634816385e+03
1.299144949634816385e+03
1.299144949634816385e+03
1.299144949634816385e+03
1.299144949634816385e+03
1.299144949634816385e+03
1.299144949634816385e+03
1.299144949634816385e+03
1.299144949634816385e+03
1.299144949634816385e+03
1.299144949634816385e+03
1.299144949634816385e+03
1.299144949634816385e+03
1.299144949634816385e+03
1.299144949634816385e+03
1.299144949634816385e+03
1.299144949634816385e+03
1.299144949634816385e+03
1.299144949634816385e+03
1.299144949634816385e+03
1.299144949634816385e+03
1.299144949634816385e+03
1.299144949634816385e+03
1.299144949634816385e+03
1.299144949634816385e+03
1.299144949634816385e+03
1.299144949634816385e+03
1.299144949634816385e+03
1.299144949634816385e+03
1.299144949634816385e+03
1.299144949634816385e+03
1.299144949634816385e+03
1.299144949634816385e+03
1.299144949634816385e+03
1.299144949634816385e+03
1.299144949634816385e+03
1.299144949634816385e+03
1.299144949634816385e+03
1.299144949634816385e+03
1.299144949634816385e+03
1.299144949634816385e+03
1.299144949634816385e+03
1.299144949634816385e+03
1.299144949634816385e+03
1.299144949634816385e+03
1.299144949634816385e+03
1.299144949634816385e+03
1.299144949634816385e+03
1.299144949634816385e+03
1.299144949634816385e+03
1.299144949634816385e+03
1.299144949634816385e+03
1.299144949634816385e+03
1.299144949634816385e+03
1.299144949634816385e+03
1.299144949634816385e+03
1.299144949634816385e+03
1.299144949634816385e+03
1.299144949634816385e+03
1.299144949634816385e+03
1.299144949634816385e+03
1.299144949634816385e+03
1.299144949634816385e+03
1.299144949634816385e+03
1.299144949634816385e+03
1.299144949634816385e+03
1.299144949634816385e+03
1.299144949634816385e+03
1.299144949634816385e+03
1.299144949634816385e+03
1.299144949634816385e+03
1.299144949634816385e+03
1.299144949634816385e+03
1.299144949634816385e+03
1.299144949634816385e+03
1.299144949634816385e+03
1.299144949634816385e+03
1.299144949634816385e+03
1.299144949634816385e+03
1.299144949634816385e+03
1.299144949634816385e+03
1.299144949634816385e+03
1.299144949634816385e+03
1.299144949634816385e+03
1.299144949634816385e+03
1.299144949634816385e+03
1.299144949634816385e+03
1.299144949634816385e+03
1.299144949634816385e+03
1.299144949634816385e+03
1.299144949634816385e+03
1.299144949634816385e+03
1.299144949634816385e+03
1.299144949634816385e+03
1.299144949634816385e+03
1.299144949634816385e+03
1.299144949634816385e+03
1.299144949634816385e+03
1.299144949634816385e+03
1.299144949634816385e+03
1.299144949634816385e+03
1.299144949634816385e+03
1.299144949634816385e+03
1.299144949634816385e+03
2.096240188580488848e+03
3.589697280469184079e+03
4.310303475913760849e+03
2.386434330730079182e+03
2.863347244719571336e+03
5.510509994043560255e+03
3.832961251396593525e+03
1.039252525996696750e+04
8.105230552900682596e+03
3.200466839318067741e+03
5.528436190812394671e+03
3.219263504325229405e+03
4.467867300365961455e+03
5.526411594073741071e+03
5.944161002233235195e+03
4.596993424313407559e+03
1.296357142746429963e+04
7.152910616870790363e+03
1.738897537852062305e+04
6.060815070359009951e+03
8.226455324322940214e+03
1.252047959110404190e+04
7.534626565809603562e+03
8.609993984023058147e+03
1.059539915929762901e+04
5.968333501819223784e+03
4.032857196679114168e+03
9.346777106348488815e+03
6.360473051581860091e+03
7.061739717779093553e+03
6.616218127382569946e+03
7.205411663160089120e+03
1.056797438136675191e+04
1.068060986368849080e+04
6.183619789509873954e+03
1.445571708366645726e+04
1.022429880535223310e+04
6.893977742078805932e+03
7.689374439820061525e+03
5.469135589534118481e+03
6.736224210569786919e+03
1.660280491654671278e+04
1.168993480898591406e+04
4.726728701059726518e+03
1.334515549100465614e+04
7.845047930232148246e+03
6.526706209455454882e+03
9.739967436932225610e+03
9.032982415227861566e+03
1.147577150012806487e+04
1.170750388306593777e+04
1.006649030453466185e+04
1.029010452752461788e+04
7.368058191311767587e+03
4.545491775136094475e+03
8.724037405712249893e+03
1.255104867734481377e+04
1.432179016526603664e+04
2.218912684213600642e+03
3.716998211109988006e+03
2.736419816728297519e+03
4.165214737143189268e+03
5.231396520574870010e+03
5.089429891108933589e+03
8.763650510955470963e+03
8.020147505803787681e+03
1.107964066645774801e+04
5.663580347996949968e+03
5.835751480395769249e+03
3.546016608907551472e+03
5.256548021573466940e+03
7.547021173099665248e+03
8.976736688562807103e+03
1.376429579657875365e+04
7.127072118918312299e+03
1.201307218310976350e+04
1.181731933260069127e+04
7.476853669384485329e+03
5.278846521249806756e+03
9.741525428604609260e+03
9.989569921553564200e+03
1.007478834123781417e+04
1.145929387732908071e+04
1.226317228998650171e+04
5.507463847261833507e+03
6.761073655783568938e+03
8.834650691720897157e+03
8.998910731785257667e+03
5.296019479684474391e+03
1.225369185439512694e+04
4.832230396892946374e+03
2.534971198003629979e+03
3.865691669964789526e+03
7.208821481138529634e+03
5.811025228458035599e+03
3.582929349418157472e+03
2.649291279035063781e+03
3.038341201704515242e+03
2.625331204269541104e+03
2.793244341949870432e+03
3.942362463423509325e+03
3.106761204662673663e+03
4.024950836354758394e+03
7.525994534242929149e+03
4.854178983839286957e+03
6.796554373077013224e+03
6.717469195324877546e+03
4.060563060528054393e+03
7.896344124587398255e+03
7.324297308907965999e+03
7.173154564390960331e+03
5.948747189992453968e+03
4.560900827668574493e+03
5.814592246183965472e+03
5.187767539384885822e+03
8.557345369977958399e+03
6.342513561469229899e+03
3.190051688268284124e+03
5.765705166443130111e+03
5.170646208401053627e+03
4.975274408021241470e+03
6.434080381677271362e+03
6.873082500480638373e+03
3.728101666830949853e+03
6.648794792494808462e+03
6.734111487147085427e+03
7.187488658399377528e+03
2.941464764755612578e+03
7.086860709861228315e+03
7.498884521169780783e+03
7.421280031295893423e+03
3.871331038830646776e+03
2.857882203603202925e+03
2.458463580833968081e+03
5.643123714932623443e+03
2.314966902135873625e+03
2.437853561520430048e+03
6.813291214168461011e+03
5.591640243702366206e+03
2.960136905818631476e+03
4.313904715649148784e+03
2.340583614369507359e+03
3.046188870967537241e+03
2.435509558993579958e+03
2.756503758568114336e+03
1.941378833249176068e+03
1.581817287553802316e+03
3.718875236039751144e+03
2.750202022127378314e+03
3.235438544925187671e+03
3.126301345328814932e+03
4.843150968935605306e+03
3.233622697046318990e+03
6.689101376798769707e+03
3.048209338727710019e+03
4.191453449944111526e+03
2.337084673402067438e+03
4.819168264626237033e+03
4.086721869792846974e+03
2.517348121294942757e+03
2.723051964016337934e+03
4.989226523531134262e+03
7.206071823254490482e+03
7.824658715503295753e+03
7.797481550894733118e+03
8.201030832813044981e+03
5.305227738181305540e+03
2.731377418192857931e+03
1.811293193373697932e+03
1.744881230866403030e+03
2.561640055838466196e+03
2.963913967067822796e+03
4.707442617187703945e+03
6.434900277301790993e+03
2.985273643159447602e+03
2.893156777505090758e+03
3.207572140514597322e+03
9.958486644607675771e+03
9.772795132630430089e+03
4.027415794493880639e+03
7.604801907745029894e+03
3.333376156378854375e+03
8.043701968912388111e+03
3.851012081309294899e+03
5.098632610298736836e+03
3.420868714267071027e+03
3.997114453967730697e+03
2.001845922374192469e+03
1.040436046352014091e+04
7.307912992398233655e+03
1.100110471402590156e+04
5.331420568331058348e+03
6.151904359685705458e+03
6.093549909279690837e+03
6.800663158000835210e+03
4.846330132884792874e+03
7.502716030255116493e+03
4.931453240442525384e+03
7.517341766527948494e+03
2.733377156991363790e+03
8.793958151918510339e+03
6.565687401442276496e+03
5.357186368846925689e+03
5.979970541072563719e+03
1.304939453961361687e+04
5.831643778240294523e+03
7.707825493086235838e+03
5.298168184408465095e+03
1.010167291645292062e+04
1.034844214372751776e+04
8.101300422326750777e+03
8.982452859278166216e+03
5.877452452363966586e+03
5.581779601801230456e+03
7.057139092334920861e+03
7.448400852596197183e+03
8.872919749830280125e+03
4.930283199214736669e+03
7.758302212555890037e+03
6.848996539957817731e+03
1.289166028791895769e+04
4.645597411357792225e+03
5.695715280613619143e+03
1.008275894392088594e+04
8.539724973244146895e+03
9.246687627700090161e+03
6.677033460218759501e+03
7.915680398273931132e+03
5.385232845782248660e+03
7.409382550543266916e+03
1.128867913062772277e+04
2.999846268661906834e+03
6.353098122305171273e+03
4.996411886458911795e+03
4.003615221746190855e+03
5.180814645821256818e+03
5.094417046342586218e+03
5.988306580814708468e+03
7.325343270838412536e+03
5.445584363777301405e+03
3.994799054037922360e+03
7.633845892414705304e+03
5.039511501795097502e+03
7.470780546876568224e+03
6.105048260615905747e+03
6.105628593298727537e+03
2.983523833217430365e+03
1.669184243831369895e+04
5.886871338935426138e+03
5.626548911531629528e+03
8.052265426504213792e+03
4.621346892494392705e+03
4.173083290836763808e+03
7.644478263064157545e+03
4.027844968506359692e+03
7.060459137404643116e+03
6.243854966570340366e+03
5.207824062942585442e+03
6.699672212161949574e+03
4.210091626654897482e+03
3.620863635522922323e+03
4.911788802823085462e+03
5.184793693483316019e+03
5.561250913829928322e+03
2.806247474064349717e+03
8.367598607064830503e+03
1.095298223768091702e+04
8.687254718948746813e+03
4.478573979724264063e+03
8.120390393615587527e+03
8.665639997778058387e+03
3.211027637041615890e+03
1.032301956297898687e+04
8.145555139741219136e+03
9.216252422941402983e+03
1.823507209311157931e+04
5.471883136930408909e+03
5.563864728748580092e+03
5.444454021078551705e+03
6.764502449006261486e+03
8.198222506770494874e+03
5.164652009649395950e+03
2.621628732282919827e+03
5.815542530039595476e+03
4.383967618777822281e+03
5.471170531323195064e+03
6.561853679735976584e+03
7.129824269490790357e+03
4.998697399605403916e+03
4.550754293490154851e+03
4.777296650578801746e+03
9.956378418903992497e+03
3.564355687852803385e+03
4.035112171099178795e+03
5.813379706243171313e+03
5.926710941860684215e+03
5.123802311598424239e+03
2.076425269756146918e+03
5.727974914346768855e+03
4.127736093035459817e+03
4.088099614708817171e+03
3.047259966738902222e+03
3.810755003400457554e+03
1.047803678279271298e+04
4.182478253711828984e+03
2.070896382521729902e+04
6.515783701923231092e+03
9.639824037008405867e+03
1.357244757847978326e+04
1.206408282310273353e+04
7.004191621863986256e+03
7.493170647714877305e+03
8.830417775712779985e+03
1.289887290837729779e+04
1.057546857102671129e+04
7.906937906133496654e+03
3.128635870567865368e+03
9.747209010728091016e+03
8.344549288075653749e+03
5.420607908373198370e+03
1.367411098086224956e+04
5.259214904296146415e+03
6.907856895623721357e+03
1.039297945983844875e+04
8.350760286969625668e+03
8.496611955093754659e+03
8.213780811721502687e+03
9.026775555874834026e+03
1.001654519393207738e+04
7.435922360707395455e+03
1.542480795453988139e+04
5.270766662643668496e+03
6.454381769140331926e+03
4.491157790863871924e+03
9.323970149781707732e+03
5.496312735800545852e+03
1.037610218381070081e+04
5.855511086872749729e+03
3.978880711770527796e+03
7.970297062156661013e+03
4.428628640066425760e+03
1.190007595970339207e+04
3.390915179734335197e+03
5.996096618450747883e+03
6.056200872511673879e+03
3.168275539361248320e+03
2.085996613803072250e+03
3.891979520781493648e+03
2.080180904905673287e+03
2.077377550161969793e+03
1.761455026823011622e+03
2.032426820200051907e+03
1.299144949634816385e+03
1.299144949634816385e+03
1.299144949634816385e+03
1.299144949634816385e+03
1.299144949634816385e+03
1.299144949634816385e+03
1.299144949634816385e+03
1.299144949634816385e+03
1.299144949634816385e+03
1.299144949634816385e+03
1.299144949634816385e+03
1.299144949634816385e+03
1.299144949634816385e+03
1.299144949634816385e+03
1.299144949634816385e+03
1.299144949634816385e+03
6.406828194524353421e+03
6.171561569120379318e+03
9.844177591916533856e+03
6.338494605312232125e+03
1.369059931466691341e+04
6.434199300131917880e+03
1.339500884505017893e+04
4.294759407912159986e+03
9.423626866150632850e+03
7.529179262445391032e+03
3.423877784880956824e+03
1.026014417035750739e+04
6.908953228603193566e+03
7.752798929679991488e+03
6.141193300306262245e+03
5.277459436459591416e+03
1.318271402577925801e+04
7.468318613640914009e+03
3.784344961979613799e+03
1.158810703245856166e+04
8.914455731713482237e+03
4.383326893894643035e+03
7.778854010373690471e+03
4.367015152656917962e+03
1.201763556421977410e+04
8.999106018428201423e+03
4.715525873716312162e+03
7.096448071442917353e+03
5.210791375636265911e+03
9.207426541619472118e+03
5.594165508230182240e+03
1.891699716298024669e+03
3.729928219089830691e+03
5.502017592500171304e+03
1.443642830982212945e+04
3.663001116777115385e+03
1.105632735601460445e+04
5.049748894032633871e+03
2.665728899282266866e+03
2.649368424413183220e+03
3.323377313237056114e+03
7.263031463752065974e+03
1.808548018030851154e+03
6.920752897803237829e+03
5.070312406279698735e+03
9.430178450881963727e+03
5.177800127584533584e+03
2.675769916478827327e+03
2.492439814107197890e+03
4.525237454740781686e+03
2.996860054510564623e+03
4.383894977436812951e+03
3.668532659890256127e+03
4.181958297167422643e+03
3.241577413950235950e+03
7.913406888467347017e+03
6.593350412342493655e+03
1.341167898265807344e+04
1.142633387010606748e+04
2.187891975847920912e+04
1.715317624972363774e+04
1.518768273195817892e+04
2.110620576361190979e+04
1.411057545372035020e+04
4.609233291982360242e+03
9.904811411765120283e+03
7.653397702882363774e+03
1.455368871735196808e+04
9.099934853098078747e+03
4.043659354888858161e+03
1.000333257979580958e+04
9.283236087510691505e+03
6.577988969499192535e+03
5.520679087775375592e+03
3.673314113451633602e+03
8.194180749864590325e+03
4.315404153927882362e+03
4.872691984127118303e+03
4.235478892373894269e+03
5.442593743939883097e+03
3.802479290219173436e+03
4.661023815960562388e+03
4.530421199418528886e+03
6.102002026341887358e+03
5.053570333789732103e+03
2.115047602290815121e+03
1.001137469616264571e+04
6.507756632652825829e+03
1.067416932717464806e+04
2.079977851300553084e+03
5.084260981362760504e+03
1.070501154645372480e+04
8.658236028404702665e+03
2.033019696312829183e+03
9.485881085218126827e+03
6.655929974454285912e+03
1.103889203272681880e+04
2.392915547245771450e+03
6.518475573610979154e+03
5.763951787551215602e+03
6.582580800320885828e+03
5.105631372389325406e+03
2.782439698510685957e+03
5.862704562217163584e+03
2.163782443483522911e+03
7.063433701793956061e+03
5.655059918909179942e+03
3.113900027205932474e+03
4.493273446862183846e+03
3.419146528831971864e+03
5.093119493167810106e+03
2.628879311362842600e+03
3.965468293116921814e+03
2.783265066374832713e+03
7.891855119907482731e+03
3.546996432637818998e+03
9.949274992476310217e+03
3.260473109352252777e+03
6.457557675424532135e+03
3.458510445666316627e+03
5.323166604030122471e+03
1.346869250032550553e+03
3.999420939175046442e+03
3.974897488982136110e+03
2.058780676389343171e+03
2.659477750009550164e+03
3.444100096429116093e+03
2.648779322355321256e+03
3.126637399919228301e+03
2.723136392523751965e+03
1.340185268903666838e+03
1.415302387819670912e+03
1.598471306804197411e+03
1.299144949634816385e+03
1.299144949634816385e+03
1.299144949634816385e+03
1.299144949634816385e+03
1.299144949634816385e+03
1.299144949634816385e+03
1.299144949634816385e+03
1.299144949634816385e+03
1.299144949634816385e+03
1.299144949634816385e+03
1.299144949634816385e+03
1.299144949634816385e+03
1.299144949634816385e+03
1.299144949634816385e+03
1.299144949634816385e+03
1.299144949634816385e+03
1.299144949634816385e+03
1.299144949634816385e+03
1.299144949634816385e+03
1.299144949634816385e+03
1.299144949634816385e+03
1.299144949634816385e+03
1.299144949634816385e+03
1.299144949634816385e+03
1.299144949634816385e+03
1.299144949634816385e+03
1.299144949634816385e+03
1.299144949634816385e+03
1.299144949634816385e+03
1.299144949634816385e+03
1.299144949634816385e+03
1.299144949634816385e+03
1.299144949634816385e+03
1.299144949634816385e+03
1.299144949634816385e+03
1.299144949634816385e+03
1.299144949634816385e+03
1.299144949634816385e+03
1.299144949634816385e+03
1.299144949634816385e+03
1.299144949634816385e+03
1.299144949634816385e+03
1.299144949634816385e+03
1.299144949634816385e+03
1.299144949634816385e+03
1.299144949634816385e+03
1.299144949634816385e+03
1.299144949634816385e+03
1.299144949634816385e+03
1.299144949634816385e+03
1.299144949634816385e+03
1.299144949634816385e+03
1.299144949634816385e+03
1.299144949634816385e+03
1.299144949634816385e+03
1.299144949634816385e+03
1.299144949634816385e+03
1.299144949634816385e+03
1.299144949634816385e+03
1.299144949634816385e+03
1.299144949634816385e+03
1.299144949634816385e+03
1.299144949634816385e+03
1.299144949634816385e+03
1.299144949634816385e+03
1.299144949634816385e+03
1.299144949634816385e+03
1.299144949634816385e+03
1.299144949634816385e+03
1.299144949634816385e+03
1.299144949634816385e+03
1.299144949634816385e+03
1.299144949634816385e+03
1.299144949634816385e+03
1.299144949634816385e+03
1.299144949634816385e+03
1.299144949634816385e+03
1.299144949634816385e+03
1.299144949634816385e+03
1.299144949634816385e+03
1.299144949634816385e+03
1.299144949634816385e+03
1.299144949634816385e+03
1.299144949634816385e+03
1.299144949634816385e+03
1.299144949634816385e+03
1.299144949634816385e+03
1.299144949634816385e+03
1.299144949634816385e+03
1.299144949634816385e+03
1.299144949634816385e+03
1.299144949634816385e+03
1.299144949634816385e+03
1.299144949634816385e+03
1.299144949634816385e+03
1.299144949634816385e+03
1.299144949634816385e+03
1.299144949634816385e+03
1.299144949634816385e+03
1.299144949634816385e+03
1.299144949634816385e+03
1.299144949634816385e+03
1.299144949634816385e+03
1.299144949634816385e+03
1.299144949634816385e+03
1.299144949634816385e+03
1.299144949634816385e+03
1.299144949634816385e+03
1.299144949634816385e+03
1.299144949634816385e+03
1.299144949634816385e+03
1.299144949634816385e+03
1.299144949634816385e+03
1.299144949634816385e+03
1.299144949634816385e+03
1.299144949634816385e+03
1.299144949634816385e+03
1.299144949634816385e+03
1.299144949634816385e+03
1.299144949634816385e+03
1.299144949634816385e+03
1.299144949634816385e+03
1.299144949634816385e+03
1.299144949634816385e+03
1.299144949634816385e+03
1.299144949634816385e+03
1.299144949634816385e+03
1.299144949634816385e+03
1.299144949634816385e+03
1.299144949634816385e+03
1.299144949634816385e+03
1.299144949634816385e+03
1.299144949634816385e+03
1.299144949634816385e+03
1.299144949634816385e+03
1.299144949634816385e+03
1.299144949634816385e+03
1.299144949634816385e+03
1.299144949634816385e+03
1.299144949634816385e+03
1.299144949634816385e+03
1.299144949634816385e+03
1.299144949634816385e+03
1.299144949634816385e+03
1.299144949634816385e+03
1.299144949634816385e+03
1.299144949634816385e+03
1.299144949634816385e+03
1.299144949634816385e+03
1.299144949634816385e+03
1.299144949634816385e+03
1.299144949634816385e+03
1.299144949634816385e+03
1.299144949634816385e+03
1.299144949634816385e+03
1.299144949634816385e+03
1.299144949634816385e+03
