2.315595499868051320e+03
2.655443613635646670e+03
3.808844988718157765e+03
3.345800011152905427e+03
4.748526013912224698e+03
3.415448385657909057e+03
4.742951553477789275e+03
3.016109849943912650e+03
3.842275772955102184e+03
2.795865614636597911e+03
2.410848064301389968e+03
2.691268119703054253e+03
3.550712904847360733e+03
6.703000530151840394e+03
3.282149974363569527e+03
2.516651585842566419e+03
4.390379897478570456e+03
4.409077106119625569e+03
5.010004389783794977e+03
3.241652840479159295e+03
3.933529817422245287e+03
5.475283771837909626e+03
3.990905720704364285e+03
1.363688603676204002e+04
6.251521588799727397e+03
9.250298775181674500e+03
4.497216817891768187e+03
6.967172912645133692e+03
5.263594946626752971e+03
4.561524913093546274e+03
3.324108769974564439e+03
5.095719172201842412e+03
4.891861583916688687e+03
1.813877625205152754e+03
6.870445328510010768e+03
3.991497458150623970e+03
4.531087171560492607e+03
8.614124040491131382e+03
4.771564219531810522e+03
9.151804782161998446e+03
5.701520635524174395e+03
4.374596255992961233e+03
5.653451937899330005e+03
3.394140423027484303e+03
5.066782887593692976e+03
3.480884084505914871e+03
5.035054132244708853e+03
5.571757565076724859e+03
3.182108495994980785e+03
4.272179657377952935e+03
3.588444835651995163e+03
6.307118547770758596e+03
3.314345654602805098e+03
4.829569537983293230e+03
4.516898490507369388e+03
4.520476088069155594e+03
6.973261460372832516e+03
4.306349099414872398e+03
3.585594653067408217e+03
5.622116389638223154e+03
2.425281638106857372e+03
5.332543359294354559e+03
5.525679562480124332e+03
7.366494127829962054e+03
4.509895073061953553e+03
3.476868864820280578e+03
3.599814004099489921e+03
3.659295400531545965e+03
5.686834079017517979e+03
4.647600458097422234e+03
5.525854881308133372e+03
4.840311500873836849e+03
8.744279360652742980e+03
4.299702066226884199e+03
3.389002810969934671e+03
3.475894295541233078e+03
3.243531514211769718e+03
3.789587095027524356e+03
3.312457195760242485e+03
3.394312430931032395e+03
3.784416147545443891e+03
4.810915631713727635e+03
4.819111515169990525e+03
4.101026482703320653e+03
3.199538470401414088e+03
6.119455389737528094e+03
4.800595054839600380e+03
2.957268741257890724e+03
5.783677755272537070e+03
4.524038237872990976e+03
6.928670101438360689e+03
7.333045082512766385e+03
5.682042628638547285e+03
3.984120619508968048e+03
7.267153696605939331e+03
4.683837708069640939e+03
4.500469252461604810e+03
7.141077276264260945e+03
5.674035721561030186e+03
5.067246006419500191e+03
4.250082045294398995e+03
3.385281003052987671e+03
6.365862859257186756e+03
3.583739672123840137e+03
2.333173650279204139e+03
2.827589358514540891e+03
2.588642973593998249e+03
7.131435293579373138e+03
3.763141777791787263e+03
3.848994147082803465e+03
3.164889450941452651e+03
5.494837900755124792e+03
6.595367616230729254e+03
5.055405031875803616e+03
3.587977354958342403e+03
6.651044240493113648e+03
5.381723057918519771e+03
7.241072742159160953e+03
9.121377510243171855e+03
5.994780486320986711e+03
4.420826641798070341e+03
7.822239315477037053e+03
1.153119447506687538e+04
7.655675843502051066e+03
4.003206624179997561e+03
3.585168334093113572e+03
9.487714453421993312e+03
4.946800083013632502e+03
5.847131602639853554e+03
3.997485430065474702e+03
4.871875591006330978e+03
5.995945384265411121e+03
4.013221442546689104e+03
2.896424466897210095e+03
5.462599758365539856e+03
4.149617663195242130e+03
2.372009909375649841e+03
5.980688878564915285e+03
2.939538292602763704e+03
9.249155017050943570e+03
3.766440096373602501e+03
5.145492762620715439e+03
2.132291221649649742e+03
5.946932218678141908e+03
4.065800061773742527e+03
6.565432693576655765e+03
1.303346504287899734e+04
1.026118937549853945e+04
4.755625806104277217e+03
5.647432982210671071e+03
8.426899502188010956e+03
6.311942302551041394e+03
5.348890096730310688e+03
5.482142292380935942e+03
3.131501430986325431e+03
5.063017509996059744e+03
5.278675521874941296e+03
3.200253592970567752e+03
3.449327287520268328e+03
9.349385682585754694e+03
3.061195458869508457e+03
4.116815623487049379e+03
3.217734168390618834e+03
3.909320126221169176e+03
3.415591897589780274e+03
5.744764683478086226e+03
5.284924155702198732e+03
6.058052249041524192e+03
6.585569038931527757e+03
7.898638336210115085e+03
4.328189478200753001e+03
3.187438297560612682e+03
5.518033661060269878e+03
7.583837971711569480e+03
7.993687905004491768e+03
1.065923108362962739e+04
1.185647883065250790e+04
1.153833601252385779e+04
1.093087916877496900e+04
9.050362532921653838e+03
6.235335624615092456e+03
7.142400078351001866e+03
9.871459798653189864e+03
9.224304963468008282e+03
6.320582565331608748e+03
4.948753695127798892e+03
4.967951094231892057e+03
8.921004918056903989e+03
3.701131486997355296e+03
8.021143963283027915e+03
9.529464763043126368e+03
2.063254430439549105e+04
6.294501057629548086e+03
5.190194746835873048e+03
6.729129058390343744e+03
7.016067815082954439e+03
7.435072821690107048e+03
4.595021727055751398e+03
4.561093711276609611e+03
4.684567203474077360e+03
5.170137178383081846e+03
6.408017749433985045e+03
1.136427617705817647e+04
4.312270548818571115e+03
6.824927632689711572e+03
4.413545691150407947e+03
8.689009633576199121e+03
8.983721646714642702e+03
4.926973583317076191e+03
4.053483092729274631e+03
4.923490577012551512e+03
6.699415261633852424e+03
5.423840445561814704e+03
4.956811580924091686e+03
5.256231096721768154e+03
2.076055683949889044e+03
5.117247537706445655e+03
8.770201354628414265e+03
4.647858697361294617e+03
6.923689408293785164e+03
3.456791756252911000e+03
3.543174842397155771e+03
4.997557733846176234e+03
2.212301642894330143e+03
3.675269477619151530e+03
7.057204425798262491e+03
3.237386503587839798e+03
3.272295448952127117e+03
8.557069901056824165e+03
2.204467203364036322e+03
3.422942367215040122e+03
3.554021010216195009e+03
3.751301397857524989e+03
3.555284247335975579e+03
1.032918883616561470e+04
4.701238011809401542e+03
3.165403333281546566e+03
4.057669958192678678e+03
2.732612359360286973e+03
4.034223605913391111e+03
4.100919396958045581e+03
6.436955763121946802e+03
4.346768670060423574e+03
5.141120029135211553e+03
4.748080034661845275e+03
2.956810933999302961e+03
4.386499254766363265e+03
3.691364378042932003e+03
7.236651722551425337e+03
6.015091678095039242e+03
2.902321497234163417e+03
4.763121228094513754e+03
3.258595008618517113e+03
2.050201045961602631e+03
1.995955501641434694e+03
3.307350097420494421e+03
3.366376120010341765e+03
6.680391425213828370e+03
6.984028582870902937e+03
4.667241975683646160e+03
4.146877448578600706e+03
5.312064016802669357e+03
8.042427751746766262e+03
4.727353066007085545e+03
3.154814538716844254e+03
5.247003116031656646e+03
2.719180267360431571e+03
2.819663894615975096e+03
3.270961725797794315e+03
4.867380557447856518e+03
3.801215856072619317e+03
5.078817062017649732e+03
5.760122667204695972e+03
5.377368987908290364e+03
4.732212879849786077e+03
4.426402870114885445e+03
3.760064455347366675e+03
5.974009248812518308e+03
5.909827865815585028e+03
4.926903240214545804e+03
4.457560109329235274e+03
5.635355660746858121e+03
6.867088487220814386e+03
7.977533003978528541e+03
4.870232410765677741e+03
6.403597399274402960e+03
8.588205229104662067e+03
6.438349306613165936e+03
7.173910625589209303e+03
7.575464974742799313e+03
4.140832363670981977e+03
4.954701181103705494e+03
3.915746841397712160e+03
4.876537306304060621e+03
7.258515841396167161e+03
3.053073493624156981e+03
5.066591248235177773e+03
4.082518920281689134e+03
6.501644131081220621e+03
6.705333001161641732e+03
6.244329993433212621e+03
4.526323535836005249e+03
6.940932350281302206e+03
5.079876323366906036e+03
2.825734273441091773e+03
3.341993556874341266e+03
3.160543443109651434e+03
2.645838200421522288e+03
6.620157957748733679e+03
6.143076431866745224e+03
5.338563946041800591e+03
5.323300562960799653e+03
5.143775781607471799e+03
3.286500704466561274e+03
3.993814359496966063e+03
4.116258256072549557e+03
5.130814566348833068e+03
5.615944868064296315e+03
7.916052742988630598e+03
3.314040411272542315e+03
4.203449958304547181e+03
4.284905202896779883e+03
5.964256454341933022e+03
5.446782509342939193e+03
9.744157418697970570e+03
5.108942071192087496e+03
6.912449618966294111e+03
6.272462565106305192e+03
6.249024825900180986e+03
7.933109838449212475e+03
7.331612423895441680e+03
7.074706572217157373e+03
5.429467502745839738e+03
5.862020739483757097e+03
5.143326341543965100e+03
3.935836554373067884e+03
1.095191234684017036e+04
1.977157805786801873e+03
5.136983239968149064e+03
3.995073611175012047e+03
4.129575528746888267e+03
7.229205926106172228e+03
6.348477765769901453e+03
3.763174326080906212e+03
7.474433135549050348e+03
8.777504948375970343e+03
6.923988070848930874e+03
5.663951816865836918e+03
4.422924869163080984e+03
5.991342480125929796e+03
9.613246594348614963e+03
3.284858841533844952e+03
5.295040587136082650e+03
4.814451068077833042e+03
4.824282121065004503e+03
4.021635741400637471e+03
3.907467971273788407e+03
2.508560518589852563e+03
2.649332305740498668e+03
7.057116918153046754e+03
4.366436143866941165e+03
6.736668510468249224e+03
6.024531563289643600e+03
2.234874118587606517e+03
5.436675128683395997e+03
5.319218994027386543e+03
3.284353243310557900e+03
2.493056488751195047e+03
3.837375834401161683e+03
2.456715482304270608e+03
2.114455233647153818e+03
2.112724819468127407e+03
3.981899946729663498e+03
6.047542804683030226e+03
2.966798149469500913e+03
4.961584827775692247e+03
2.393364662460850923e+03
2.446420652986712412e+03
4.357054444154307021e+03
5.353490469586095060e+03
2.232823741448110013e+03
4.185072126396384192e+03
2.834050260622660062e+03
2.741241519938638248e+03
3.488040190145436554e+03
5.652112199665618391e+03
4.028453697755421672e+03
4.336728312043534970e+03
4.445536197643974447e+03
4.350203017590544732e+03
3.191789775504400495e+03
3.215958888900418060e+03
3.584985454624450085e+03
3.926327618158436508e+03
3.239560325351249958e+03
3.798142911990441007e+03
3.858584223185875089e+03
5.238736490517330822e+03
2.831771132342155397e+03
3.661235635831172658e+03
2.864484464790725724e+03
4.620264736709301360e+03
4.938740443195501030e+03
3.769005926494869982e+03
4.193903623024712942e+03
3.407102891111424469e+03
3.503738689332780268e+03
4.674961643665792508e+03
4.718042999114065424e+03
5.030133078085596935e+03
3.045591664329049308e+03
3.918219526423799380e+03
2.910735299193492665e+03
3.220013037620812611e+03
3.133829583752519738e+03
4.194451671244476529e+03
5.121759207858947775e+03
4.156350553161295466e+03
3.278824797006451263e+03
4.496936781966329363e+03
4.527450181198023529e+03
3.743194912393787945e+03
3.641616766492261377e+03
3.683378611192042172e+03
4.302571511938905132e+03
5.459068326469472595e+03
3.991597982061786752e+03
4.245260089499285641e+03
2.821680928855924321e+03
3.280730550709160525e+03
3.770356455519040992e+03
2.965898180041459909e+03
3.397885417929217510e+03
3.469928203079976356e+03
3.712969491009640933e+03
2.485687717668810819e+03
2.292093415961818209e+03
1.795920690526781073e+03
