1.299144949634816385e+03
1.299144949634816385e+03
1.299144949634816385e+03
1.299144949634816385e+03
1.299144949634816385e+03
1.783213054397825772e+03
2.007184487241571560e+03
4.804837513378097356e+03
5.463126855689133663e+03
3.419196668976995625e+03
7.038884114643663452e+03
5.265610033240388475e+03
8.691048276185218128e+03
1.040392898453314228e+04
3.857510609652239964e+03
4.736200992443997166e+03
5.955116955639646221e+03
5.468938720296378051e+03
7.734755193355117626e+03
5.473212556908027182e+03
6.445494097452696224e+03
7.908170561561607428e+03
6.862115692030238279e+03
8.712656424923898157e+03
8.011005705611089979e+03
8.567990002316904793e+03
4.247998625942434046e+03
7.301393716163192948e+03
7.499640663463099372e+03
7.158068533288778781e+03
4.520201220061891036e+03
8.762351331446088807e+03
8.012951042416416385e+03
6.070349152501182289e+03
7.380177339139180731e+03
6.323025313275697044e+03
4.784457271446851337e+03
5.378295238192044962e+03
6.008756874578843053e+03
6.082444107774285840e+03
4.997965740896880561e+03
8.148718860446047074e+03
2.902616479800841716e+03
1.136255113675055327e+04
9.532575638712301952e+03
3.838233953955541892e+03
6.081608269451806336e+03
4.832038456985321318e+03
7.992487417203049517e+03
4.058357335023873475e+03
5.015391877579988432e+03
6.930586303262299225e+03
8.368162906722058324e+03
5.482577002157087918e+03
3.564941573847897871e+03
4.660834591328339229e+03
7.269811484342769290e+03
4.406724431417062078e+03
4.406581918494329329e+03
7.493670999786684661e+03
1.164668842528719870e+04
5.487786307797222435e+03
7.665251422561387699e+03
8.478375827350142572e+03
9.322102279374794307e+03
7.518313486717896922e+03
5.386992991947055998e+03
7.916807384377008020e+03
5.327680066240010092e+03
6.266401863681431678e+03
6.103627895514629927e+03
6.178704933614408219e+03
1.013612963672135083e+04
3.751773447978113381e+03
4.617478666414584040e+03
8.185710584711322554e+03
8.135579475793490928e+03
8.454337256835411608e+03
8.718589269428379339e+03
7.430764624563763391e+03
5.377092948076667199e+03
3.199739023630628708e+03
4.624391437430990663e+03
6.214239590120769208e+03
5.089762934642401888e+03
5.430081928093612987e+03
7.137822047016305078e+03
5.872865068073538168e+03
4.345754430043574757e+03
6.656612477803508227e+03
8.210832318354208837e+03
3.179188743995344339e+03
8.509075284784663381e+03
4.754790238550324830e+03
3.019253656436792426e+03
5.165225186265964112e+03
4.959692409522681373e+03
4.906535581699934482e+03
7.146841364150192021e+03
7.244787083787013216e+03
5.373074229455841305e+03
9.660542655190463847e+03
6.034189302805066291e+03
5.505150600690643842e+03
5.005115426630495676e+03
1.062186472103034066e+04
4.571710968859393688e+03
7.935364203855016058e+03
7.962616800282487020e+03
7.334408678854331811e+03
4.748606375207597011e+03
3.660875562763738799e+03
9.697506952060337426e+03
9.585071237305148315e+03
6.718568882518174178e+03
4.544441820679808188e+03
7.516510853884088647e+03
8.342807241430165959e+03
7.630966713128481388e+03
8.898961716254669227e+03
4.245104010430814924e+03
8.122649403263384556e+03
7.527554119212240039e+03
5.741932288875844279e+03
3.630707883352840781e+03
7.609382274627939296e+03
7.858391325509082890e+03
4.797158624806825173e+03
7.584853604546906354e+03
7.654610327902940298e+03
9.656462704056557413e+03
6.349108052861411124e+03
4.614064460109928405e+03
5.624743060876796335e+03
7.963989842089342346e+03
7.845624101433813848e+03
4.461155146715385854e+03
4.433403313852976680e+03
6.758809916372500084e+03
5.262339375568703872e+03
9.602875835555907543e+03
8.389467865577193152e+03
5.862473762903494389e+03
3.961790080412909447e+03
7.684299181885522557e+03
9.350341186881698377e+03
8.832996617702958247e+03
5.790255202020673096e+03
5.961153539358288981e+03
3.959471004340187847e+03
3.504367706682322478e+03
4.983353704811955140e+03
3.105175599778496235e+03
9.774184295547676811e+03
6.055961089849985001e+03
8.914370283824688158e+03
6.891618131918840845e+03
3.092226863800202409e+03
6.229532410490477560e+03
6.030240141118773863e+03
1.101787860746829574e+04
5.261751977335286938e+03
1.019222439044088787e+04
8.526991186120952989e+03
5.966318994190416561e+03
1.770170081676410337e+04
1.535355671608982084e+04
4.339678707232687884e+03
6.385684209474703493e+03
7.811893583459400361e+03
6.844032979885464556e+03
5.675368473082613491e+03
2.246946466472607881e+03
4.492564656085410206e+03
1.917549033908961974e+03
5.873315599341173765e+03
2.951445739109869464e+03
3.362696155423224354e+03
8.722460068368405700e+03
3.241851375477262991e+03
1.467706432835763189e+04
2.298518544689084592e+03
4.189178387448976537e+03
8.765102468810252958e+02
5.037417076497115886e+03
1.127690695930024958e+04
4.288043491677504790e+03
3.789853965394652278e+03
7.962344123071276954e+03
9.510175907965998704e+03
8.561228646281300826e+03
1.089454387258386305e+03
1.500974284605458888e+04
4.800058964646283130e+03
5.162516360565832656e+03
6.081501020113416416e+03
6.827853788923166576e+03
1.468314769179976065e+04
7.804874739375050012e+03
1.052016896142576843e+04
7.333231313118002618e+03
4.834808473161782786e+03
9.204472924933494141e+03
1.137457360793009684e+04
4.892171539393015337e+03
4.385027209573505388e+03
6.163075150879545617e+03
3.377108117462116752e+03
8.494518257729851030e+03
4.001104654976812071e+03
3.198371294271042643e+03
2.885653090251207686e+03
8.847091091149000931e+03
3.621530054277459385e+03
2.159737942861246665e+03
1.236788826491959298e+04
7.100662416610998662e+03
2.490680569642972841e+03
1.994322879565564108e+03
3.919824553910928898e+03
2.666285287779178361e+03
4.586975024073443819e+03
1.375026208218998363e+04
6.892616782484696159e+03
3.805832600260650906e+03
1.828244711879967554e+03
3.082089432299501368e+03
1.803018764374892953e+03
7.983456634704987664e+03
2.560459222216396483e+03
1.587520247522809950e+04
5.644767518028129416e+03
1.043842508957300925e+04
3.227095548968578441e+03
7.418404802603059579e+03
2.644560211492856979e+03
8.821527374171015254e+03
1.968792200830352613e+03
7.722791774136259846e+03
4.870713821770100367e+03
1.084221977946312836e+04
1.122447637600523194e+04
5.761747561875301471e+03
1.092515163937806938e+04
5.388368764087863383e+03
7.881378470050044598e+03
3.849194615815307770e+03
1.175224684135628559e+04
3.441973552250625744e+03
1.412091095336840772e+04
1.134664993855249304e+04
7.096369672208689735e+03
4.474966121062899219e+03
8.868731895293158232e+03
9.725225273390909933e+03
7.635488860721838137e+03
6.804521387196421529e+03
2.289024809879766508e+03
7.398581556673765590e+03
1.388571670547791200e+03
1.306466312703644871e+04
4.558591159887686445e+03
5.748291138055212286e+03
6.510550964341932740e+03
3.532473797328083037e+03
7.227435981366636042e+03
1.190587612088035030e+03
7.663009968967193345e+03
5.056634037681826157e+03
8.149396740933441833e+03
5.568082663910201518e+03
1.026596244746313096e+04
3.671300510729275175e+03
1.027542235081991748e+04
2.765890187046864412e+03
1.668902125378807250e+04
2.490412298662725334e+03
9.682222968311823934e+03
2.852835578207554590e+03
5.697690717504468921e+03
9.598616594083296150e+03
1.152699371256423728e+04
8.685007568059387268e+03
4.624140825602959922e+03
8.774538266569590633e+03
2.718118869185655512e+03
5.705855206883714345e+03
1.059039329969056325e+03
8.837399198815182899e+03
3.100675414815066233e+03
1.289107999288089195e+04
4.847628310520221021e+03
1.174671581679708652e+04
3.861143197086065811e+03
1.994660062459864275e+04
1.723619086143872210e+03
7.507917296292962419e+03
1.558646885520570777e+03
5.282864788955627773e+03
3.062388847106376488e+03
8.876504007668994745e+03
8.454593373567631716e+03
2.300091116539156701e+03
4.236857272562739126e+03
1.512013237383038359e+03
6.121214501497108358e+03
8.159943728497399206e+03
7.742555536270853736e+03
3.647518288875038252e+03
6.564009416644976227e+03
2.585394758966432619e+03
5.658438847324739982e+03
5.392219982298488503e+03
1.350894047186012540e+04
6.152838102261255699e+03
1.455301699909158515e+03
5.290379212218060275e+03
2.174084257185364095e+03
5.703236138237049090e+03
8.249381049131452528e+03
9.429303624488828063e+03
1.685441428872699362e+03
3.964648037132431909e+03
2.440333305043321161e+03
6.661437776362898148e+03
1.007874739610022516e+04
3.736874908398354819e+03
3.335102826652742351e+03
1.383339379961999157e+03
6.636539192534031827e+03
3.532515169851604696e+03
7.543060560903215446e+03
2.543578438090981763e+03
4.690007835048291781e+03
1.765146136370460908e+03
4.006390588115845276e+03
8.424722070727875689e+03
3.821313021645808931e+03
3.815622675688548497e+03
1.672153460998462378e+03
6.314129940019747664e+03
1.214510234749020310e+04
1.302469904737540310e+04
1.436299015952834679e+03
3.977569885416559828e+03
2.421900341336469864e+03
1.322554629800913790e+04
1.541417110769281135e+04
2.093425872428710136e+03
5.090713315641302870e+03
1.944626271877823910e+03
4.888743122365053750e+03
5.761361308169702170e+03
1.318188186676360419e+04
2.229578852892141185e+03
6.490917694037801084e+03
5.572487062741784030e+03
8.690776528884633080e+03
6.018895126380147303e+03
2.128828658068379355e+03
7.333830709210124951e+03
4.203729492261035375e+03
7.102763352955450500e+03
2.571953113159588611e+03
7.268934153249294468e+03
1.828630602291426840e+03
6.350231913363426429e+03
4.101009377719296936e+03
7.266799403005391468e+03
1.064144154005210657e+04
1.634527647565727193e+03
3.421891934509475959e+03
3.285124198676166088e+03
4.325948235630580712e+03
3.843043784933456664e+03
8.497696007042459314e+03
2.553700129302957976e+03
4.919834368657378945e+03
3.499610701628399056e+03
7.702990000041182611e+03
7.962188987588716373e+03
3.140075864347343668e+03
4.122476612176829804e+03
1.631179411951509792e+03
6.428543027642104789e+03
4.084609935818666145e+03
7.879419610496515816e+03
1.093816241607110533e+04
9.005140104372369024e+03
2.100163751545007926e+03
1.032041038277473854e+04
3.881542146620300173e+03
1.175024005926312202e+04
1.911281067736863406e+03
7.781896208579394624e+03
2.815182976124813194e+03
4.824523064514078214e+03
5.821891627545975098e+03
1.268371566308030560e+04
8.257530927799693018e+03
3.982777738577010950e+03
1.272427545384908444e+04
3.946832056372276838e+03
1.099041061159790297e+04
6.372488232954494379e+03
5.881652923729032409e+03
7.510438245451556213e+03
8.285948692392898010e+03
1.040121142443785357e+04
7.472446535061720169e+03
5.191781138192544859e+03
9.473526918376383037e+03
1.055042436424372318e+04
6.110758281576835543e+03
8.161736345107747184e+03
8.214921727696375456e+03
1.812958268007768129e+04
1.086484338715019476e+04
9.459347946159608910e+03
1.063120599667991701e+04
9.257212986194621408e+03
8.370674960391323111e+03
1.206269812374582398e+04
7.134529597050293887e+03
8.299933747594373926e+03
9.373279848359725293e+03
1.243789285842723802e+04
3.482658573616685771e+03
1.245613049891040464e+04
8.220923501837458389e+03
4.280068398006307689e+03
9.300463454839064070e+03
9.970264448888678089e+03
6.287785524098834685e+03
5.865140490235190555e+03
7.801667399431026752e+03
7.487757526846836299e+03
5.435599378849614368e+03
8.260196679178974591e+03
2.033168509242479104e+03
2.612391656023080941e+03
1.506775722634996328e+03
1.035312175231914625e+04
6.375759870978764411e+03
1.040347008279306101e+04
3.925819982776369216e+03
2.885593891635423915e+03
8.351368944590421961e+03
6.821551168221079934e+03
8.291268096255183991e+03
3.337838550866827518e+03
8.109881641244041020e+03
4.113034972270309481e+03
6.828185819742802778e+03
5.365264504058458442e+03
6.154695061803892713e+03
1.016433107878030205e+04
1.142503304982430745e+04
8.264683795788077987e+03
4.815442949199663417e+03
5.757562228030747065e+03
4.400046878494494194e+03
1.438971540704694416e+04
7.683812982628909594e+03
1.522735540319375104e+04
1.282387308352223954e+04
1.428989473201354667e+04
1.242964204092544060e+04
6.811484323534501527e+03
7.079309916815343058e+03
5.618622527403284948e+03
5.661958757831772346e+03
8.184517117517358201e+03
9.360798739318466687e+03
6.289336544269650403e+03
8.943817304032452739e+03
6.375353383658027269e+03
7.923237349291585815e+03
9.337075163454221183e+03
2.284638711216864976e+03
5.846467620543455268e+03
2.016681519276580957e+03
7.528477532557899394e+03
2.021283052483051733e+03
6.137452552715060847e+03
1.402331416539390602e+03
1.069312298989633200e+04
1.362147707202845595e+03
5.735904516248700929e+03
1.251577446307950140e+03
3.962571728986323706e+03
1.195883713738180859e+03
6.267644024952226573e+03
1.863261601418092823e+03
4.460954774709792218e+03
1.696974946697621135e+03
8.058455742826015012e+03
1.837410112912637487e+03
1.021117844904114645e+04
2.192760744798676114e+03
1.003732859579185424e+04
9.152970283918253699e+03
6.988387093501327399e+03
6.293504611690447746e+03
6.052280734263788872e+03
3.139795545609421879e+03
1.052541213794183750e+04
1.861464512748235848e+03
9.047646533710994845e+03
1.130913422023314524e+03
6.360626321229137830e+03
1.362155762776219944e+03
6.323748258675329453e+03
2.212907786137640414e+03
5.894075014469118287e+03
6.775586895184600507e+03
7.365178780545238624e+03
6.977875196552418856e+03
7.536558064270654540e+03
1.251797647948771919e+04
8.605731070667989115e+03
4.482041660080570182e+03
4.960525236085421966e+03
7.406673571320819974e+03
2.461529484701148249e+03
7.341917180249160992e+03
1.947377770510247501e+03
6.071280023829499441e+03
7.656193939168728321e+03
5.384473221115714296e+03
9.666342670255613484e+03
8.705393382325299171e+03
2.123752790236206238e+03
6.634155669005225718e+03
1.972212152025712612e+03
8.366512014030220598e+03
2.883962894371721177e+03
4.722773483648838919e+03
9.775399847869708537e+03
6.622414578783691468e+03
1.118801588485965294e+04
4.535149456292333525e+03
4.907758987565824100e+03
1.916194941061854706e+03
5.594194185454067338e+03
2.159334481465604767e+03
7.197025766191124603e+03
8.036688385985349669e+03
7.051633320266324517e+03
1.754631534035083860e+03
7.408040895766072936e+03
1.813613019533021998e+03
5.281204537694289684e+03
3.144571767313684632e+03
3.163613048253555917e+03
4.926524527823396966e+03
1.180024561017861561e+04
7.156935304661777081e+03
2.691856712664860879e+03
3.031402994487737942e+03
3.784359628529657584e+03
6.292826440286907200e+03
8.638953402949673546e+03
7.967425104388424188e+03
4.184611669995243574e+03
1.686235157416928632e+04
7.551701358047956091e+03
5.312325817058924258e+03
3.959345296401523683e+03
3.205341873940160895e+03
7.661984805629043876e+03
2.812113905609849098e+03
8.427934921616404608e+03
1.065354588496684300e+04
5.738854781070438548e+03
1.334491810203596469e+04
2.661998261721377276e+03
6.622734362935698300e+03
6.648695763135066954e+03
4.696715345960528794e+03
2.695369709413007968e+03
2.796655754856138628e+03
5.281610382758473861e+03
7.342044948944851967e+03
8.508040699145098188e+03
4.015639443733028656e+03
1.301401023867836739e+04
2.290288528948727162e+03
1.196795940993479417e+04
1.508445234592942825e+03
5.334915986047184560e+03
1.680935335624287973e+03
8.303134333893030998e+03
2.979257201864984836e+03
7.298690537847771338e+03
7.836602556570242086e+03
5.372239618252717264e+03
1.831180867986206977e+03
7.801667382215468024e+03
1.437518039588737565e+03
6.215830402435006363e+03
4.439936172904443993e+03
5.598734742859998732e+03
5.109339061502131699e+03
1.438389827966946177e+04
1.043789756330672208e+04
2.604766689895319814e+03
7.528552941019090213e+03
1.266341724559355725e+03
6.361314734566646621e+03
1.050279837787719998e+03
8.254808584777929354e+03
2.940439551223932085e+03
5.396710159288537398e+03
3.862745188316459917e+03
7.380053870057437052e+03
1.919423931876877759e+03
7.578359750897237973e+03
1.769383485495752439e+03
6.123615533362541100e+03
3.259631363152337144e+03
1.087160830917780731e+04
3.672944992433950119e+03
1.300119488793388882e+03
3.202063319259465516e+03
4.778485018802999548e+03
5.523809212195986220e+03
5.366956599611081401e+03
4.508537593528482830e+03
5.703717159473157153e+03
7.731460353594296976e+03
2.975131499914958567e+03
4.017655418430859299e+03
2.752702939234306996e+03
1.091064392191596562e+04
8.295177554366420736e+03
1.127833679081017181e+04
8.002161662413190243e+03
8.751790581833738543e+03
5.777486104238281769e+03
5.080012100279915103e+03
1.035018947516242042e+04
8.110982171671108517e+03
7.374020216786327182e+03
7.313382158041707953e+03
6.662449044667670023e+03
4.822589439469821627e+03
1.283300092896781098e+04
7.226470648034636724e+03
7.822525615793729230e+03
9.091642683108899291e+03
4.339058676338871919e+03
7.324786862770654807e+03
2.993867925339662634e+03
1.259396747293551562e+04
2.758327011851748466e+03
9.515020666811828050e+03
4.443321766142798879e+03
8.867781665186796090e+03
2.909345983338847418e+03
1.207428210693819346e+04
1.305576377544429306e+04
5.728435695346316606e+03
9.329471608031044525e+03
8.173856866515578076e+03
7.946553368972879070e+03
5.276796334265217411e+03
5.270452917449467350e+03
1.224348850947715619e+04
4.604147237850451347e+03
7.780997629779313684e+03
4.674472611905475787e+03
6.778961558132807113e+03
1.062726248795057654e+04
6.390071298561445474e+03
7.390464107001110278e+03
7.089291669861901028e+03
5.664881534898960126e+03
4.965758866857510839e+03
9.685506718583495967e+03
7.579118747533693750e+03
6.294114580334023231e+03
5.699370249357230023e+03
7.035847153530016840e+03
6.648857874694135717e+03
8.044938189416546265e+03
4.990351796844797718e+03
6.288827802095469451e+03
9.002207291399276073e+03
8.674600435499321975e+03
1.150651434274501844e+04
4.020185225757816170e+03
3.494045097685083874e+03
3.356084198049397855e+03
9.357585587489762474e+03
9.969087391859004128e+03
8.511138584223683210e+03
5.456844268241402460e+03
7.136591719888246189e+03
5.291325783961831803e+03
7.236185668778917716e+03
1.175690290703064056e+04
5.331507569737194899e+03
6.732520254938416656e+03
6.967741086859748066e+03
9.824747354640885533e+03
7.697134298337925429e+03
9.583824377481509146e+03
9.848820664415232386e+03
9.202785890245664632e+03
1.503897954491954260e+04
7.707180182766702274e+03
7.480852852320304919e+03
5.196208176556750914e+03
4.937431830028831428e+03
8.099894887710031071e+03
3.911384456458420118e+03
7.806176725931660258e+03
8.969336410612908367e+03
1.758102592068378726e+04
3.283539380497257298e+03
1.088195817414501289e+04
9.729725430434196824e+03
5.306984045972371860e+03
1.055174740840610684e+04
9.456597819421764143e+03
6.311417356390101304e+03
8.707575582951842080e+03
1.974379437799697371e+03
4.629882246350701280e+03
1.266002252900231360e+04
4.487620987693391726e+03
1.737611303785815835e+04
3.815057417420719503e+03
6.910070087761964714e+03
1.095333325328922729e+04
1.348675102818680352e+04
2.324217304970770329e+03
8.213156831907675951e+03
2.905474325159481396e+03
8.555477766153411721e+03
9.407063412468070965e+03
3.242901896355814188e+03
1.478908738419937981e+04
2.694047543858176596e+03
7.166401367861987637e+03
1.576315798919458757e+03
1.081828243316217231e+04
4.432580236000067998e+03
7.610298289843321982e+03
1.967796569354931989e+03
1.001424867017500947e+04
9.785217585490601778e+03
9.148205176273606412e+03
1.049794993828740189e+04
2.916161561526566857e+03
3.837760146459444513e+03
5.254159762306259836e+03
4.781091987635355508e+03
4.773659188521498436e+03
6.428022290701219390e+03
7.948681193860979874e+03
4.378479619584590182e+03
7.594814901234753052e+03
1.338232249051638610e+04
6.070606300083211863e+03
4.997506267663563449e+03
4.979693495947589327e+03
6.042684208906087406e+03
7.568187369063393817e+03
9.204304704203394067e+03
7.689192667634455574e+03
6.227569949333025761e+03
6.666483437818738821e+03
7.242406973455973457e+03
9.211838496577822298e+03
9.846845207922518966e+03
8.785411932421457095e+03
8.558163732494618671e+03
7.489871118244267564e+03
7.423662584402737593e+03
3.985650470578877957e+03
6.495531234208910973e+03
5.966197450855360330e+03
8.107134653876236371e+03
4.279479862089983726e+03
3.941288587443178130e+03
9.052728652293299092e+03
8.044714685654008463e+03
2.939863182803272593e+03
7.307979402821982148e+03
4.228457263013446209e+03
4.749212931271581510e+03
5.091118677957090767e+03
6.603499523773889450e+03
6.462146697335815588e+03
9.813216283048526748e+03
1.022648506343347071e+04
5.207256854727765131e+03
8.361341484280201257e+03
7.300351499087802949e+03
7.957393741583577139e+03
5.177755055937983343e+03
9.772786706087183120e+03
6.721204023043626876e+03
1.181175467597169518e+04
1.284886728024656077e+04
6.157670387151584691e+03
7.371666177784245519e+03
8.078073908862460485e+03
1.125775233000831940e+04
1.232261807385937936e+04
6.187936442935699233e+03
7.125112423994089113e+03
4.182080790185737897e+03
4.509984212497563021e+03
8.878833192575204521e+03
4.706205733340515508e+03
9.421109862547062221e+03
7.816513174408092709e+03
4.002790112120514550e+03
7.405217613941891614e+03
6.527910233946528024e+03
1.086176921589507583e+04
8.366775506046573355e+03
7.089069208852924930e+03
7.915370198497719684e+03
1.036205952981737028e+04
5.290288902122747459e+03
4.787294748043012987e+03
4.944300834388348449e+03
9.096843726227756633e+03
6.015933912106608659e+03
5.877858086015606204e+03
5.820139550652230355e+03
6.355738839169240237e+03
1.011859174361386431e+04
8.419515162455683821e+03
3.219618309411510381e+03
4.478920914142925540e+03
1.041871337274636608e+04
1.049620555579013126e+04
8.834455143416136707e+03
8.939032626845504637e+03
5.242654244713672597e+03
6.348824607708798794e+03
7.328732358838309665e+03
7.057361001124376344e+03
1.178000674184509444e+04
4.141836702204856010e+03
5.875455059066383910e+03
4.312556820793989573e+03
1.057955727086167644e+04
6.023432803672816590e+03
1.012831812977297159e+04
6.968454983576539234e+03
8.746589564354702816e+03
5.765266053749491221e+03
5.167583199420447272e+03
8.457683714826258438e+03
6.463441461259005337e+03
4.855236048663889051e+03
5.004757656509150365e+03
8.247545086591542713e+03
9.551067855183373467e+03
3.514622636648253319e+03
9.264351269415581555e+03
6.109308989355953599e+03
8.341633929796915254e+03
8.444348190208322194e+03
7.669080706267302048e+03
7.391963577450758748e+03
8.864052422927441512e+03
6.196249070705266604e+03
5.817442743099915788e+03
7.414739437635017566e+03
7.976518545022420767e+03
5.948012730881737298e+03
5.355191844629483967e+03
6.863679353161957806e+03
8.429685762176462958e+03
6.698678603039844347e+03
5.101594305818477551e+03
9.880384065502248632e+03
4.699140198856382995e+03
7.035321026589574103e+03
8.976014605872624088e+03
8.552491592058784590e+03
5.293813493563336124e+03
4.822066387492141075e+03
6.230796944489953603e+03
4.932783770617292248e+03
7.351287752190398351e+03
6.578572091217285561e+03
1.021630131068368064e+04
5.112058941510238583e+03
6.859117358458495801e+03
8.654278799239600630e+03
3.675435733462622011e+03
3.659430915456699040e+03
3.090771844320691798e+03
9.368307689010078320e+03
6.559174120626403237e+03
5.362128154375387567e+03
7.291686079169627192e+03
1.075680564514788966e+04
9.568518918524910987e+03
2.919142387829455856e+03
7.451056271791077961e+03
4.758722475565770765e+03
6.033613950876127092e+03
8.807425497423806519e+03
4.507900927926022632e+03
6.983993552579508105e+03
4.723774157649431800e+03
9.226508903547892260e+03
7.973252539372574574e+03
7.803175044342515321e+03
5.031844696894782828e+03
7.086703863406881283e+03
6.493842520041603166e+03
8.032772749663571631e+03
4.967192827805859451e+03
6.041093142988363070e+03
5.996429033738556427e+03
8.684581978567824990e+03
7.870384992792377489e+03
7.087268078769363456e+03
5.616846882929582534e+03
9.152401688819431001e+03
9.326234478965045128e+03
8.796460949971320588e+03
7.891198578054568316e+03
6.972036828490015978e+03
3.616133724637134037e+03
5.052481306688796394e+03
5.842150929316880138e+03
4.475510071053357024e+03
7.586893145537128476e+03
4.645534176984379883e+03
6.318691260963474633e+03
6.914862751851804205e+03
7.742257184953045908e+03
8.700700338823386119e+03
7.683149538573135942e+03
8.901371719274393399e+03
3.785343078943396449e+03
4.421088350098377305e+03
1.045249244749380523e+04
4.930617386423189600e+03
5.411306562381859294e+03
6.207392772848069399e+03
7.039231907501137357e+03
3.405963653081233133e+03
5.619758587037529651e+03
5.770592417590945843e+03
8.163478905716372537e+03
6.158493608939463229e+03
7.402701056886597144e+03
7.747192534329034970e+03
3.796186854868998580e+03
3.101574444452813168e+03
1.299144949634816385e+03
1.299144949634816385e+03
