1.299144949634816385e+03
1.299144949634816385e+03
1.299144949634816385e+03
1.299144949634816385e+03
1.299144949634816385e+03
1.299144949634816385e+03
1.299144949634816385e+03
1.299144949634816385e+03
1.299144949634816385e+03
1.299144949634816385e+03
1.299144949634816385e+03
1.299144949634816385e+03
1.299144949634816385e+03
1.299144949634816385e+03
1.299144949634816385e+03
1.299144949634816385e+03
1.299144949634816385e+03
1.299144949634816385e+03
1.299144949634816385e+03
1.299144949634816385e+03
1.299144949634816385e+03
1.299144949634816385e+03
1.299144949634816385e+03
1.299144949634816385e+03
1.299144949634816385e+03
1.299144949634816385e+03
1.299144949634816385e+03
1.299144949634816385e+03
1.299144949634816385e+03
1.299144949634816385e+03
1.299144949634816385e+03
1.299144949634816385e+03
1.299144949634816385e+03
1.299144949634816385e+03
1.299144949634816385e+03
1.299144949634816385e+03
1.299144949634816385e+03
1.299144949634816385e+03
1.299144949634816385e+03
1.299144949634816385e+03
1.299144949634816385e+03
1.299144949634816385e+03
1.299144949634816385e+03
1.299144949634816385e+03
1.299144949634816385e+03
1.299144949634816385e+03
1.299144949634816385e+03
1.299144949634816385e+03
1.299144949634816385e+03
1.299144949634816385e+03
1.299144949634816385e+03
1.299144949634816385e+03
1.299144949634816385e+03
1.299144949634816385e+03
1.299144949634816385e+03
1.299144949634816385e+03
1.299144949634816385e+03
1.299144949634816385e+03
1.299144949634816385e+03
1.299144949634816385e+03
1.299144949634816385e+03
1.299144949634816385e+03
1.299144949634816385e+03
1.299144949634816385e+03
1.299144949634816385e+03
1.299144949634816385e+03
1.299144949634816385e+03
1.299144949634816385e+03
1.299144949634816385e+03
1.299144949634816385e+03
1.299144949634816385e+03
1.299144949634816385e+03
1.299144949634816385e+03
1.299144949634816385e+03
1.299144949634816385e+03
1.299144949634816385e+03
1.299144949634816385e+03
1.299144949634816385e+03
1.299144949634816385e+03
1.299144949634816385e+03
1.299144949634816385e+03
1.299144949634816385e+03
1.299144949634816385e+03
1.299144949634816385e+03
1.299144949634816385e+03
1.299144949634816385e+03
1.299144949634816385e+03
1.299144949634816385e+03
1.299144949634816385e+03
1.299144949634816385e+03
1.299144949634816385e+03
1.299144949634816385e+03
1.299144949634816385e+03
1.299144949634816385e+03
1.299144949634816385e+03
1.299144949634816385e+03
1.299144949634816385e+03
1.299144949634816385e+03
1.299144949634816385e+03
1.299144949634816385e+03
1.299144949634816385e+03
1.299144949634816385e+03
1.299144949634816385e+03
1.299144949634816385e+03
1.299144949634816385e+03
1.299144949634816385e+03
1.299144949634816385e+03
1.299144949634816385e+03
1.299144949634816385e+03
1.299144949634816385e+03
1.299144949634816385e+03
1.299144949634816385e+03
1.299144949634816385e+03
1.299144949634816385e+03
1.299144949634816385e+03
1.299144949634816385e+03
1.299144949634816385e+03
1.299144949634816385e+03
1.299144949634816385e+03
1.299144949634816385e+03
1.299144949634816385e+03
1.299144949634816385e+03
1.299144949634816385e+03
1.299144949634816385e+03
1.299144949634816385e+03
1.299144949634816385e+03
1.299144949634816385e+03
1.299144949634816385e+03
1.299144949634816385e+03
1.299144949634816385e+03
1.299144949634816385e+03
1.299144949634816385e+03
1.299144949634816385e+03
1.299144949634816385e+03
1.299144949634816385e+03
1.299144949634816385e+03
1.299144949634816385e+03
1.299144949634816385e+03
1.299144949634816385e+03
1.299144949634816385e+03
1.299144949634816385e+03
1.299144949634816385e+03
1.299144949634816385e+03
1.299144949634816385e+03
1.299144949634816385e+03
1.299144949634816385e+03
1.299144949634816385e+03
1.299144949634816385e+03
1.299144949634816385e+03
1.299144949634816385e+03
1.299144949634816385e+03
1.299144949634816385e+03
1.299144949634816385e+03
1.299144949634816385e+03
1.299144949634816385e+03
1.299144949634816385e+03
1.299144949634816385e+03
1.299144949634816385e+03
1.299144949634816385e+03
1.299144949634816385e+03
1.299144949634816385e+03
1.299144949634816385e+03
1.299144949634816385e+03
1.299144949634816385e+03
1.299144949634816385e+03
1.299144949634816385e+03
1.299144949634816385e+03
1.299144949634816385e+03
1.299144949634816385e+03
1.299144949634816385e+03
1.299144949634816385e+03
1.299144949634816385e+03
1.299144949634816385e+03
1.299144949634816385e+03
1.299144949634816385e+03
1.299144949634816385e+03
1.299144949634816385e+03
1.299144949634816385e+03
1.299144949634816385e+03
1.299144949634816385e+03
1.299144949634816385e+03
1.299144949634816385e+03
1.299144949634816385e+03
1.299144949634816385e+03
1.299144949634816385e+03
1.299144949634816385e+03
1.299144949634816385e+03
1.299144949634816385e+03
1.299144949634816385e+03
1.299144949634816385e+03
1.299144949634816385e+03
1.299144949634816385e+03
1.299144949634816385e+03
1.299144949634816385e+03
1.299144949634816385e+03
1.299144949634816385e+03
1.299144949634816385e+03
1.299144949634816385e+03
1.299144949634816385e+03
1.438417872241412397e+03
1.831094718677092260e+03
3.549259731859757267e+03
3.173645458486377265e+03
3.157938197304689766e+03
4.893207194511714079e+03
6.371159054067823490e+03
4.504794599715592085e+03
2.788354955177183911e+03
6.644360401703980642e+03
3.724410847957061833e+03
8.687971290495848734e+03
7.278369309721078935e+03
1.470681575451735625e+04
2.146039670067538827e+04
1.197378076098611564e+04
4.094924846956215333e+03
1.470154241353447833e+04
3.592965099777236901e+03
8.103591264358565240e+03
7.778799073729065640e+03
6.469056270213159223e+03
4.229360194096767373e+03
1.268042109819110192e+04
7.997405690281807438e+03
5.839166798240900789e+03
5.344070000516039727e+03
5.585257826223418306e+03
6.245275563109195900e+03
7.126123537878003845e+03
5.088233867426487450e+03
8.142568842912984110e+03
5.895842104323130116e+03
5.759608430513121675e+03
5.239989458724304313e+03
4.113595209581937524e+03
4.851457043780022104e+03
2.433254077546399913e+03
5.108179617819792838e+03
5.177576844214197081e+03
3.967974931858199852e+03
3.469949001924165259e+03
9.113489958191619735e+03
1.658672848538698963e+04
8.918306989257660462e+03
5.898367810512640972e+03
6.968215653951873719e+03
5.522997051037262281e+03
7.078764563749011359e+03
3.593004158857891525e+03
8.686638557685457272e+03
6.915352880612324043e+03
8.253770739248737300e+03
1.058593612614539416e+04
1.024051338067442703e+04
7.866215858989904518e+03
7.241022598395506975e+03
5.372347918458704044e+03
5.665836085453282067e+03
7.681348317162965941e+03
4.233331956835524579e+03
4.829712608649156209e+03
5.864572013579069790e+03
6.736940236798129263e+03
8.511809772531454655e+03
6.143274274308384520e+03
5.149082816996117799e+03
6.790700627554148014e+03
6.928335515301872874e+03
9.785515842085491386e+03
6.604861621488530545e+03
6.660366802633714542e+03
5.036261276371948952e+03
6.092769997876201160e+03
6.396560078759956923e+03
4.829419297558906692e+03
9.749283029415852070e+03
4.395150529624084811e+03
1.228346773631930955e+04
4.152933213658358000e+03
6.800372504040914464e+03
1.896165873508951336e+04
1.344447520102180169e+04
3.534865070496931821e+03
6.851602173296867477e+03
6.993962160883545948e+03
8.234176485627418515e+03
4.327567380305677943e+03
4.842734274571570495e+03
7.901613654648933334e+03
7.209014410513223083e+03
3.339551063553190488e+03
8.114601715849496031e+03
7.027964148325363567e+03
1.149534387961038556e+04
1.052372307875937440e+04
5.654475167608118682e+03
4.339686691792446254e+03
9.689855696632526815e+03
8.148446419799879550e+03
6.470703488373288565e+03
9.349498341858490676e+03
6.862859676040430713e+03
1.778599859255562842e+04
5.972466917030234981e+03
6.085961956368368192e+03
1.378271001081088616e+04
4.154759455442283979e+03
8.354530693742504809e+03
4.977017052806098036e+03
2.518832445799245761e+03
4.279293068308351394e+03
4.146119759809169409e+03
4.526503251726890085e+03
7.859552833680305412e+03
4.733793018633349675e+03
3.305001726574634176e+03
5.410305676012420918e+03
5.761486658304205775e+03
6.631922150019056062e+03
4.851539102204457777e+03
9.933854891756926008e+03
6.372363056771531774e+03
1.109522366071667784e+04
6.626024135929604199e+03
7.970402438344293842e+03
9.358718357853631460e+03
5.247809346121179260e+03
8.166053499313793509e+03
6.926427801545088187e+03
6.027954422489605349e+03
1.186069658795172290e+04
8.676167570683026497e+03
1.135108926486857126e+04
8.027259685889445791e+03
8.468845931346577345e+03
1.572397830488947147e+04
8.146049420284164626e+03
1.487312086755741075e+04
6.520140033484264677e+03
7.225336538029907388e+03
6.231882384435722088e+03
6.944606128393606014e+03
8.009876972044350623e+03
5.910525033664087459e+03
8.385848169471821166e+03
1.178556861366252087e+04
8.539250864965248184e+03
1.318498833107447354e+04
9.072879126157147766e+03
8.344145940468763001e+03
8.949876873823284768e+03
8.694755905033387535e+03
2.180841840320650226e+04
1.038359642118713236e+04
5.565279515128888306e+03
8.948713532609628601e+03
6.220917546777934149e+03
6.847653070142365323e+03
1.087377410043598320e+04
6.169865448357687455e+03
5.361400564806808688e+03
6.123189219880146993e+03
1.026354263116672882e+04
6.066769986501847598e+03
4.726143620833591740e+03
9.602966837530582779e+03
3.555023158702633282e+03
6.604773746302864311e+03
2.759993631584015475e+03
3.258139394114828065e+03
3.744380479779708821e+03
4.375945258565848235e+03
5.008326744849280658e+03
5.159368560121102746e+03
4.213437203639546169e+03
7.135323278407781800e+03
4.686470335949738001e+03
2.418923561286137101e+03
1.327547237902151892e+03
3.836066388512552749e+03
2.765221143602485881e+03
2.236945282831830355e+03
1.683083923276077712e+03
8.509027505322916113e+03
9.397821662760590698e+03
2.592233633860822920e+03
3.610683084794051865e+03
3.718094573493234748e+03
4.653822506364198489e+03
5.270352071957487169e+03
4.949013227581386673e+03
4.266703217876070994e+03
3.927637986219426239e+03
3.315406994455760923e+03
1.073500844399869311e+04
4.107050287640592614e+03
4.498634306178750194e+03
4.475251486366041718e+03
5.565668826346110109e+03
4.479430333100387543e+03
5.267201805995091490e+03
3.216132053301647375e+03
2.958424720997470104e+03
5.689088910009038045e+03
6.524811123845915972e+03
8.660270230473843185e+03
6.276689848821527448e+03
5.781450167605969000e+03
3.427204539169325017e+03
8.426778738677456204e+03
2.519168130377948273e+03
4.225299504500761941e+03
2.970030169761068919e+03
2.055456007946937461e+03
3.626272674138163438e+03
3.264695927006356669e+03
3.241277150274901942e+03
2.586390233061461004e+03
3.027804837636434058e+03
3.928307509180386660e+03
4.273843330484026410e+03
7.328694098286688131e+03
4.019796067021884483e+03
5.257094788572207108e+03
5.663921316400818796e+03
7.048792612313814061e+03
6.621720265843945526e+03
6.921751172832477096e+03
5.694201896921180378e+03
6.224243927787208122e+03
5.198228848089113853e+03
5.276814659766702789e+03
2.450482991427932575e+03
2.135084936493391524e+03
3.624068855124252423e+03
3.124246982122463123e+03
1.985668040035349350e+03
1.903625549520497316e+03
2.494068647214436169e+03
1.299144949634816385e+03
1.299144949634816385e+03
1.299144949634816385e+03
1.299144949634816385e+03
1.299144949634816385e+03
1.299144949634816385e+03
1.299144949634816385e+03
1.299144949634816385e+03
1.299144949634816385e+03
1.299144949634816385e+03
1.299144949634816385e+03
1.299144949634816385e+03
2.409288160214391610e+03
1.981915857589355483e+03
1.676421863981660863e+03
1.950837887413461885e+03
3.182003525342509420e+03
2.653722588913175514e+03
2.920680778698258564e+03
3.011398169783551566e+03
1.733079326964460506e+03
2.574905941770801292e+03
2.587595106804274565e+03
2.824430780601220249e+03
2.758178366612870377e+03
4.253308363554515381e+03
3.366896395509381819e+03
3.020655483381393424e+03
4.132825740127145764e+03
4.518796553644838241e+03
8.656978878902304132e+03
3.648319991286548429e+03
3.521632826705177649e+03
2.442467890859555609e+03
6.022391824374334647e+03
3.648207320065402200e+03
3.402467199348179747e+03
2.576785240263513060e+03
3.945564632692355190e+03
7.241902242841788393e+03
6.656627976242275508e+03
6.915018976194167408e+03
1.151636969577876516e+04
5.542515777252605403e+03
6.415523547470851554e+03
3.149411514036115477e+03
5.246963591972469658e+03
2.388338251386367574e+03
2.426925173368929791e+03
6.277076926242607442e+03
6.766025460028550697e+03
3.630401999965863979e+03
3.693596418123328931e+03
4.936603659794615851e+03
6.136984254458927353e+03
3.255003782009765928e+03
1.595828350137267080e+04
7.684209738106695113e+03
3.943960636240604344e+03
9.037922516437254671e+03
1.075350623736964008e+04
9.222339050010152278e+03
6.495951295757924527e+03
1.150802062558396210e+04
3.168256758707243080e+03
9.875154312132219275e+03
6.496956364443232815e+03
1.022607990404144584e+04
3.103058531142856282e+03
6.785364436530536295e+03
6.105922787654619242e+03
3.027281490451127866e+03
5.881835679212033028e+03
3.068835463139580042e+03
6.485037994317019184e+03
3.784141236848260178e+03
2.571841557975505566e+03
1.773014843432747057e+03
3.822035661817796608e+03
2.606623923753010786e+03
4.580352360344496446e+03
3.139242587200643356e+03
2.735055596964297820e+03
1.919611837984602971e+03
6.333786157896700388e+03
5.017817234230215945e+03
4.274294882340101140e+03
8.308523331616524956e+03
4.850386917361451196e+03
4.779227796270672115e+03
5.567289576919593856e+03
5.075983440736391458e+03
7.382239304242513754e+03
1.091964076684096835e+04
1.144332704194393045e+04
7.327214743029749116e+03
9.017450058876003823e+03
5.729217160618392882e+03
6.175224434017121894e+03
1.152976828367607777e+04
1.219104186466067586e+04
8.218213789268671462e+03
1.081761588673365077e+04
4.463242297244580186e+03
1.455159702631255823e+04
8.285898440011807907e+03
9.130111152134002623e+03
1.205798342347908329e+04
1.180520697191500585e+04
1.286495593568090771e+04
1.295465732929620572e+04
6.583542681897868533e+03
1.385654718764837526e+04
7.719429814138458823e+03
1.168159870859570037e+04
9.912632835232441721e+03
5.235257948778717036e+03
1.347874103658958848e+04
6.897670288982446436e+03
6.361935940771450987e+03
1.167810841958089259e+04
8.467591491233177294e+03
1.219196133358281622e+04
8.221641294033075610e+03
5.837954396165874641e+03
1.124246952845555643e+04
5.771499820879914296e+03
1.419104527848892940e+04
1.302902837959779390e+04
5.027437697097588170e+03
1.404243218260094000e+04
6.746513666105100128e+03
9.452299088095494881e+03
9.609834809712889182e+03
7.023151170330609602e+03
1.466207895181549065e+04
6.030110011637834759e+03
4.645763005425008487e+03
1.477428655962456833e+04
8.098847670566572560e+03
1.094109721782902125e+04
7.802550786343898835e+03
1.133087773834627114e+04
4.477942057173467219e+03
1.165022262462493200e+04
7.380005146266251359e+03
1.571033422259801227e+04
7.524713220687951434e+03
7.677810799971565757e+03
5.074281493653127654e+03
8.860248649378718255e+03
5.395773707886352895e+03
5.724378205350907592e+03
9.394429408852234701e+03
1.077298544940226748e+04
6.234372859639724084e+03
8.725530226242804929e+03
9.898522621020159932e+03
7.662449045348871550e+03
4.558877042895948762e+03
1.700444396248708290e+04
7.402479539512459269e+03
9.644101284042944826e+03
6.520062414307236395e+03
7.019490128919331255e+03
1.056683678795101878e+04
8.581442592950925246e+03
6.541799833610897622e+03
7.694084523844159776e+03
1.031645124966703770e+04
5.964487891958114233e+03
1.127547837514290222e+04
5.580475211600945840e+03
7.310263832524910868e+03
1.125223358683018341e+04
6.584444445394915419e+03
8.235307043790851822e+03
1.378662370017363901e+04
5.487687973777397929e+03
8.833026236986321237e+03
6.693232059364205270e+03
9.567659511871266659e+03
1.175152633561704715e+04
8.352637656105538554e+03
1.344294693532395468e+04
5.503259471672446125e+03
3.144308901115827211e+03
1.877046415977487413e+04
6.963559859589737243e+03
1.356563859551087262e+04
8.820472162148937059e+03
5.484525787880828830e+03
1.004165766314348548e+04
6.319214353241429308e+03
5.871144014325544958e+03
5.963189839450345062e+03
7.157918118172101458e+03
6.777447085988324034e+03
7.279491727443361015e+03
1.101050806055778958e+04
5.902791636790074335e+03
8.416025157878024402e+03
4.095164470128566791e+03
3.234043107718401188e+03
1.057154862084590604e+04
5.823784537249322057e+03
9.072626008509510939e+03
1.101181148755692993e+04
4.230611126850153596e+03
1.255177171674392775e+04
8.046873710573725475e+03
6.561610978756659279e+03
8.366094636570303919e+03
5.728925535777276309e+03
5.569315018970269193e+03
1.003454071017066053e+04
6.373308779547021913e+03
8.179127293785830261e+03
1.403414197944380248e+04
9.066952324050787865e+03
7.250377706314807256e+03
2.016641223581056329e+04
8.230127213767520516e+03
8.591160284856772705e+03
7.225573321420811226e+03
1.706847543555338416e+04
9.874536355136489874e+03
4.426777601536554357e+03
1.327765933996455715e+04
8.771144589835244915e+03
8.459322451313908459e+03
1.161074546917456064e+04
8.914434041642640295e+03
5.576879870469118032e+03
1.140047717810165523e+04
7.746954432210215600e+03
9.185649960121480035e+03
5.134394493462793434e+03
6.172521885097342420e+03
5.498485995975183869e+03
4.114072363174734164e+03
2.898320262216999254e+03
1.520413656935302697e+03
2.397443739708813155e+03
1.863629203928846891e+03
1.123200728620948030e+04
9.713902437836954050e+03
1.002021006173864225e+04
1.151312817441717561e+04
6.009313786934447307e+03
1.233400919818864531e+04
5.862786633700950006e+03
1.653580501761788764e+04
4.744698913422424084e+03
6.695257598073526424e+03
8.530939160484185777e+03
5.089970457205164166e+03
6.801582188091168973e+03
3.530879306358646318e+03
1.055877298412097480e+04
5.064229319687241514e+03
4.800120211007401849e+03
5.058532810776223414e+03
3.397794848624374936e+03
5.511779470091556504e+03
7.029613277030082827e+03
4.259509109649535276e+03
1.120029541872857226e+04
6.196394187409547158e+03
5.807784169002321505e+03
5.606291886558438819e+03
5.187326037664623982e+03
3.217321418988145069e+03
8.393207018807703207e+03
4.509375555882767003e+03
4.152039528180249363e+03
6.512780255132402999e+03
5.650193512049884703e+03
1.155973808293553338e+04
6.130862400300116860e+03
8.993575257495891492e+03
1.077783516271271037e+04
5.956192608546326483e+03
5.614134923912346494e+03
8.005388374325843870e+03
8.809180389008475686e+03
7.455833622674155777e+03
7.731871548498961602e+03
1.022064404498781551e+04
8.977799631292922641e+03
1.279499480968866919e+04
5.806694487535136432e+03
4.883327703515756184e+03
1.075879369167223376e+04
6.101886038314360121e+03
3.345935025378397768e+03
4.680520487393326221e+03
3.883324150868370907e+03
2.266112933904214060e+03
1.350674241211619665e+04
3.879973729063211067e+03
2.721380665809097536e+03
7.134684896494972236e+03
7.686857339294831945e+03
6.659578856381207515e+03
4.072066454135323056e+03
5.678900874767819005e+03
1.009828454909971515e+04
4.814465147173777041e+03
1.030690687630420325e+04
3.786692360354338234e+03
9.107909559352216093e+03
3.771222004481392105e+03
1.013942864621232366e+04
2.496301343717988857e+03
3.680695133870282007e+03
5.871921169750960871e+03
2.493640567359822853e+03
2.882111614740668756e+03
6.056706214403598096e+03
2.671670872741633048e+03
4.140309302229655259e+03
4.214728347993263014e+03
6.116083881948275121e+03
2.277043762946790594e+03
1.661479111146692730e+03
4.041143050591555038e+03
1.512646416814314080e+03
1.850101470201754182e+03
1.894953477686471388e+03
3.231248057238043202e+03
1.967622628346188321e+03
1.932646443361559250e+03
1.339068625244028453e+03
1.713310407401377688e+03
1.457169543938494371e+03
1.299144949634816385e+03
1.299144949634816385e+03
1.299144949634816385e+03
1.299144949634816385e+03
1.299144949634816385e+03
1.299144949634816385e+03
1.299144949634816385e+03
1.299144949634816385e+03
1.299144949634816385e+03
1.299144949634816385e+03
1.299144949634816385e+03
1.299144949634816385e+03
1.299144949634816385e+03
1.299144949634816385e+03
1.299144949634816385e+03
1.299144949634816385e+03
1.299144949634816385e+03
2.505314511986884099e+03
3.141273284493983738e+03
4.308003815185306848e+03
6.550696630340420597e+03
6.373864545435015316e+03
4.385418731323059546e+03
4.791187710874720324e+03
5.675030008605119292e+03
5.637020956725144060e+03
8.754876773218069502e+03
7.324467753146945142e+03
7.772749806480868756e+03
8.081079066246877119e+03
4.997071824357185506e+03
7.343225766933690466e+03
4.685690266826214611e+03
3.888236109910448704e+03
4.465897976171127993e+03
5.190823413336804151e+03
6.685282681080080692e+03
8.758249251271163303e+03
8.406112999582437624e+03
6.877907903683689256e+03
3.040855869320414513e+03
2.352415811396893787e+03
2.806762099112093892e+03
6.827546257182293630e+03
6.359071143260625831e+03
5.072487948164995942e+03
5.137270700952276457e+03
3.672501732691388042e+03
2.970369885510465338e+03
3.711702861985255367e+03
5.537299226979288505e+03
9.535943442087223957e+03
9.895716878938199443e+03
9.842462807861484180e+03
4.421086760455532385e+03
2.760412959528516240e+03
3.797882681230795697e+03
1.066749873966253472e+04
8.235439632413543222e+03
1.032387244156283850e+04
8.290792665582019254e+03
4.825345216306752263e+03
9.507699652337198131e+03
1.000527090640067581e+04
9.812228774497767517e+03
8.697925509729464466e+03
5.956315737128537876e+03
1.394763506777305884e+04
8.387945175493938223e+03
1.001115259085213802e+04
9.770355750731052467e+03
1.009561738861863887e+04
6.949126967722216250e+03
6.540055574928333954e+03
4.046224099706933430e+03
6.095308388249783093e+03
6.598817011886545515e+03
7.373265069360367306e+03
3.462295819500467587e+03
3.966882058521128329e+03
2.877111496199448084e+03
5.420441676321423984e+03
4.668380019348998758e+03
5.005004424202404152e+03
4.992680660624681877e+03
4.781695850672852430e+03
3.408387905698443774e+03
3.284188815107446317e+03
6.008011429982575464e+03
3.626569594889065229e+03
4.188878851783620121e+03
7.688195453339759297e+03
4.853427081886966334e+03
4.590909561747283988e+03
1.427129900148960587e+04
9.281554520883917576e+03
9.525627990595008669e+03
7.146721727298737278e+03
6.146156039796762343e+03
6.619782499873885172e+03
9.155592177216614800e+03
4.117814492836692807e+03
7.175324725546855916e+03
6.961161082558599446e+03
1.126088505899111624e+04
3.588324863705597181e+03
7.588237771077394427e+03
7.644437663703802173e+03
6.821335387010660270e+03
4.803056799703895194e+03
3.769065570498833040e+03
7.505785913712546062e+03
9.971363418969425766e+03
5.182744477073367307e+03
8.948342277142719468e+03
4.316701801345217973e+03
4.935330452239617443e+03
7.090836379057476734e+03
4.685180003369663609e+03
1.378206247456466554e+04
1.101791178933615993e+04
6.781923276259758495e+03
8.573976499236621748e+03
5.989619443452425912e+03
5.471745513379339172e+03
6.322995009365944497e+03
9.983682259774419435e+03
7.791298120043176823e+03
1.214962867297995945e+04
4.139388757760478256e+03
1.003743053600343228e+04
4.897215464824588707e+03
8.157427661171283034e+03
6.423449623791572776e+03
1.584804696792776849e+04
3.330013250695022634e+03
8.515341755439758344e+03
5.800402075257407887e+03
5.494797683894446891e+03
6.944159298728877729e+03
7.407853725905689316e+03
9.287395599158322511e+03
6.369168607925550532e+03
6.384937819889687489e+03
1.141355066641850863e+04
6.833641042154075876e+03
5.919891120778766890e+03
6.806137240031575857e+03
7.878713904541761622e+03
5.484185669813082313e+03
8.249427577940055926e+03
1.291241656928772682e+04
5.537348039382891329e+03
4.359393441228487063e+03
7.221209595942749729e+03
4.939991107539643053e+03
2.896274530286732443e+03
5.924625592127441450e+03
6.982759954874881259e+03
2.942281234001306984e+03
7.254643435479645632e+03
2.831887397992814385e+03
8.669406896958065772e+03
3.797661309053155037e+03
4.851194304021011703e+03
3.084504713981045370e+03
1.922338221974561520e+03
3.324776648582116650e+03
4.124545198776276266e+03
2.758416526258294198e+03
3.480625175486439730e+03
9.258005726698935177e+03
2.674618384040274577e+03
4.729028486481412074e+03
1.534406879711568081e+03
2.108065861738384683e+03
5.785197819839057956e+03
1.118353213782733837e+04
5.074459073012901172e+03
3.684714627229029247e+03
3.424819752557539232e+03
4.387658404402557608e+03
4.828915728994033088e+03
3.158598173180346748e+03
6.416795231350072754e+03
7.321661806610652093e+03
1.172386006535745946e+04
6.972625943471191022e+03
6.655450242531701406e+03
5.392906462934878618e+03
4.020604991923233229e+03
5.193235320854552810e+03
4.536039904721807034e+03
8.060916021883621397e+03
6.309941893507542773e+03
1.954763040189814319e+03
2.162087206622604299e+03
2.360618298839325234e+03
3.184862455441183101e+03
5.347799126513616102e+03
7.177472956183449242e+03
7.402189665907375456e+03
5.215072462158017515e+03
4.866469130552852221e+03
3.133903352358139728e+03
4.521625949286774812e+03
6.894343410401938854e+03
1.084190347251213825e+04
6.944999095105788001e+03
1.140468270031500469e+04
1.181493699499043760e+04
4.573272617350830842e+03
1.027782151330450142e+04
8.053881925982354005e+03
5.296203005682660660e+03
9.065446653199382126e+03
5.718831219589928878e+03
5.117984564706386664e+03
4.536970856192529936e+03
7.223529560696294539e+03
3.370334688783304046e+03
4.836306088879973686e+03
1.018061204574494695e+04
9.271048624720275257e+03
8.972693406339549256e+03
1.073066059011478319e+04
7.731600956998084257e+03
3.553439544685264082e+03
7.735526585514076032e+03
1.159217898089712617e+04
9.387087095871464044e+03
1.057666689650105036e+04
6.324004188823172626e+03
6.704311375913083793e+03
4.338863951904539135e+03
6.910236992297618599e+03
4.756409528074346781e+03
6.144927384777695806e+03
4.383421760707103203e+03
6.738824428315318983e+03
9.143656359461983811e+03
2.740657188045988278e+03
6.304780209553322493e+03
5.209090852408187857e+03
9.638419835335951575e+03
3.033879513131111253e+03
6.213053292803030672e+03
7.558882384764946437e+03
7.202521723380860749e+03
6.231055449614072131e+03
1.444831993137185600e+04
7.239586673003132091e+03
9.039739508614778970e+03
1.673780531800816243e+04
9.536339692902376555e+03
3.261388236997891454e+03
6.193640525244543824e+03
1.140598843075767763e+04
1.434048659281162327e+04
4.557623162885017337e+03
6.293031853790514106e+03
1.128339404618961453e+04
8.518547064335023606e+03
6.369853041420987211e+03
1.120703382152621998e+04
8.929548533073755607e+03
4.896237560544800544e+03
5.067769421228632382e+03
8.187160368636284147e+03
6.813780824623459921e+03
9.786526612479565301e+03
1.159759825394457221e+04
8.983944021424589664e+03
5.653998966218361602e+03
1.086303628211001160e+04
1.040686704013935559e+04
5.332799336371168465e+03
1.417299169368914227e+04
7.905548714023757384e+03
7.237740304065317105e+03
7.878135815944132446e+03
1.052205045110211177e+04
6.952191218983221006e+03
8.436508236400866735e+03
1.265147440157138590e+04
7.678071130926237856e+03
1.066543333192439241e+04
1.072299363010219531e+04
9.081535237727202912e+03
1.012607781799303848e+04
7.871862946861220735e+03
7.444712006824921446e+03
8.896445827776706210e+03
1.006734240513163968e+04
5.008278336517880234e+03
1.459749277116534358e+04
4.117165159102780308e+03
4.582330580431282215e+03
1.006703431835540869e+04
1.146405761954411173e+04
1.125496245547179569e+04
9.124092875832702703e+03
6.985443553315191821e+03
1.074244135324954550e+04
1.356913823658310321e+04
6.274150196789823895e+03
1.746706573875277900e+04
1.870727625642098064e+04
1.488921620410730611e+04
1.367739798198423887e+04
6.371762076675939170e+03
1.563073737502362565e+04
9.754289062385361831e+03
6.824896598204374641e+03
1.283265540803900876e+04
9.772551757437071501e+03
1.490158928181273950e+04
1.015260254024284404e+04
6.864687945467769168e+03
5.508613088040927323e+03
7.951961904840469288e+03
4.971030211762787985e+03
3.685236983874794987e+03
1.046124445383668717e+04
8.140781775525880221e+03
8.492374353488736233e+03
6.491780720674062650e+03
7.430529775103964312e+03
8.495663127433879708e+03
6.017018075395622873e+03
1.025960905379725409e+04
8.344993235819169058e+03
5.567197824245607990e+03
3.590231110311257453e+03
3.122944870502923550e+03
7.105410380011910092e+03
3.319238274635510152e+03
5.764672150154012343e+03
5.270885582226250335e+03
2.262971446914921216e+03
4.315349481163079872e+03
3.605097496532690002e+03
4.709702726943922244e+03
2.945656574279539200e+03
2.884170537181435066e+03
2.026641758526415288e+03
1.819745271199846229e+03
1.299144949634816385e+03
1.299144949634816385e+03
1.299144949634816385e+03
1.299144949634816385e+03
1.299144949634816385e+03
1.299144949634816385e+03
1.299144949634816385e+03
1.299144949634816385e+03
1.299144949634816385e+03
1.299144949634816385e+03
1.299144949634816385e+03
1.299144949634816385e+03
1.299144949634816385e+03
1.299144949634816385e+03
1.299144949634816385e+03
1.299144949634816385e+03
1.299144949634816385e+03
1.299144949634816385e+03
1.299144949634816385e+03
1.299144949634816385e+03
1.299144949634816385e+03
1.299144949634816385e+03
1.299144949634816385e+03
1.299144949634816385e+03
1.299144949634816385e+03
1.299144949634816385e+03
1.299144949634816385e+03
1.299144949634816385e+03
1.299144949634816385e+03
1.299144949634816385e+03
1.299144949634816385e+03
1.299144949634816385e+03
1.299144949634816385e+03
1.299144949634816385e+03
1.299144949634816385e+03
1.299144949634816385e+03
1.299144949634816385e+03
1.299144949634816385e+03
1.299144949634816385e+03
1.299144949634816385e+03
1.299144949634816385e+03
1.299144949634816385e+03
1.299144949634816385e+03
1.299144949634816385e+03
1.299144949634816385e+03
1.299144949634816385e+03
1.299144949634816385e+03
1.299144949634816385e+03
1.299144949634816385e+03
1.299144949634816385e+03
1.299144949634816385e+03
1.299144949634816385e+03
1.299144949634816385e+03
1.299144949634816385e+03
2.265799057729554988e+03
1.674112682344079076e+03
2.158735689471809110e+03
2.665653262557397738e+03
7.407033094781652835e+03
4.083186773398708738e+03
1.172858365832682466e+04
5.777756507686624900e+03
1.484816638758165209e+04
7.005565660608908729e+03
6.771299280191845355e+03
8.953362581126031728e+03
8.941642224383000212e+03
6.958743966421250661e+03
6.881806489658811188e+03
3.858919875648806283e+03
6.738545126812049602e+03
6.663607853063967013e+03
1.675028320582088054e+04
1.142700510592192040e+04
4.684912524974304688e+03
1.148378616602754300e+04
6.438764642018016275e+03
6.316031021671659801e+03
1.452505696700002045e+04
6.064997724667688090e+03
7.547338491207344305e+03
1.041089257867042579e+04
5.235826791362213953e+03
1.009828231712247725e+04
9.655528492765148258e+03
6.008558030632293594e+03
1.229163071402850801e+04
7.706136019907417904e+03
2.116640990607212007e+04
3.376448738428111938e+03
1.028359262426519126e+04
9.315782716575491577e+03
6.080774534072770621e+03
9.544957460170222475e+03
1.017298854090117129e+04
6.853416229571028452e+03
4.727654383172091002e+03
9.801527857987806783e+03
1.320822094780785483e+04
7.121921871141491465e+03
1.360387586877004833e+04
1.198712971925226157e+04
6.981519696532785019e+03
1.355624028412244115e+04
5.489580768446528964e+03
5.090811150670809184e+03
1.026868262817267532e+04
4.103641930376698838e+03
5.736338632606182728e+03
6.699608193154638684e+03
6.160874943560114843e+03
8.183631064855086152e+03
5.531067224489717773e+03
5.588544655418929324e+03
8.811341035802986880e+03
6.181673386467958153e+03
2.574785590019310803e+03
3.818722816856646205e+03
4.014387434196059075e+03
5.065066027974937242e+03
7.274705675285706093e+03
5.694264197230206264e+03
7.485092604191401733e+03
6.045097569172219664e+03
7.976729127810946920e+03
6.160700086150583047e+03
5.030763328069059753e+03
5.699100403480319073e+03
6.466369311170645233e+03
5.175037112685143256e+03
9.552802272471841206e+03
1.007246551425475445e+04
6.922983116772410540e+03
7.539656647868061555e+03
3.904765577473680423e+03
2.402950793423357936e+03
3.259442299784395800e+03
4.325140757365750687e+03
5.290838685312799498e+03
6.291632245363633956e+03
3.945223333563533743e+03
9.435829771335696933e+03
5.235817752678491161e+03
5.024122231337862104e+03
1.422173142110898880e+04
4.007474521637338057e+03
9.506821403608046239e+03
1.660733993126219502e+04
4.064150475309575540e+03
2.178352017405729384e+03
3.848275157502797356e+03
3.926042452788073660e+03
2.741603167774146186e+03
3.385172405941856596e+03
3.028013339911748972e+03
1.299144949634816385e+03
1.299144949634816385e+03
1.299144949634816385e+03
1.299144949634816385e+03
1.299144949634816385e+03
2.147773290828946301e+03
2.105966861255457388e+03
2.007954513258151792e+03
5.140112713776259625e+03
5.610314076548826961e+03
7.609973183837127181e+03
2.701680525056081024e+03
5.644631728540982294e+03
5.684796207414978198e+03
4.483676569575260146e+03
4.840968108986682637e+03
5.345437551618680118e+03
3.883142259100774481e+03
1.098672724669948184e+04
4.678744845802278178e+03
2.362835615044445149e+03
5.987154899236069468e+03
4.919914411323701643e+03
4.027097572237812528e+03
3.855391404962143042e+03
9.888899578471626228e+03
4.533509970067065296e+03
9.587542352441978437e+03
1.053248596932518558e+04
4.745180262518981181e+03
6.595735074028436429e+03
5.966040597915033686e+03
1.177837297546749505e+04
6.555153493892664301e+03
7.627032011012767725e+03
4.454592799419156108e+03
8.397403650903741436e+03
1.059169695722314646e+04
5.506002026206872870e+03
2.545973253158447278e+03
5.241238701018388383e+03
3.594571332047448323e+03
3.405477276415010692e+03
8.302727137901401875e+03
4.069487534993646932e+03
3.099451798786785730e+03
7.406202206288631714e+03
8.269714850591040886e+03
6.447123853989291092e+03
6.395308408585611687e+03
4.352564789410304002e+03
7.414717965104900031e+03
1.099027924375883413e+04
3.537999525527899095e+03
1.082015592873163405e+04
8.150565548611860322e+03
4.348563388945131010e+03
1.072497610646595058e+04
7.958759734587338244e+03
3.055221737669030063e+03
1.020601912979783810e+04
3.226224644465084566e+03
3.319034459189949757e+03
9.645532714459117415e+03
6.224733438638910229e+03
9.820860438250823790e+03
5.896333059357246384e+03
4.960214581850832474e+03
2.080765403390152278e+04
9.310362049634490177e+03
1.622084489616914107e+04
8.084180031963797774e+03
5.458169283306042416e+03
1.475411395862175050e+04
9.736527151131347637e+03
1.367862699663743297e+04
7.103571617344621700e+03
4.445199416054597350e+03
1.387256795489707292e+04
7.883373853266567494e+03
9.567613047949918837e+03
5.280377612743626742e+03
4.958404186638647843e+03
1.612502051994472822e+04
8.068342501662698851e+03
1.860054909732999295e+04
6.544929513258551196e+03
1.183390919807892351e+04
8.527009540293340251e+03
8.289939779313699546e+03
1.221089620837076109e+04
9.372707584090318051e+03
5.845122806068377031e+03
1.423347838283663623e+04
1.403276400829522936e+04
1.124022088465771594e+04
1.196450714242597678e+04
3.483647870301062540e+03
8.984299159196385517e+03
6.482288439216295956e+03
8.478958016270280496e+03
1.320852282678930351e+04
3.024208711834714904e+03
9.317598074099452788e+03
8.651084110788482576e+03
4.872350021197982642e+03
6.603974692889756625e+03
4.648562575210713476e+03
8.618880855332825377e+03
3.796620341094127070e+03
4.193647325243606247e+03
4.155215455293133346e+03
4.604639625740129304e+03
6.010714988905923747e+03
6.947346003515104712e+03
3.740352822311846012e+03
6.735311514653721133e+03
5.445551159991460736e+03
6.840982875192863503e+03
1.094096648743212609e+04
3.689899148329143372e+03
4.961783198180141881e+03
3.373631760399447558e+03
3.461282753037427028e+03
7.645913727818619009e+03
3.162148822546894735e+03
3.286120267414832142e+03
3.567491427957919313e+03
1.300638375965619616e+03
1.299144949634816385e+03
1.299144949634816385e+03
1.299144949634816385e+03
1.299144949634816385e+03
1.299144949634816385e+03
1.299144949634816385e+03
1.299144949634816385e+03
1.299144949634816385e+03
1.299144949634816385e+03
1.873801679150539712e+03
2.135782654548476785e+03
3.384771000811000249e+03
7.110988532845728514e+03
5.553866062729890473e+03
1.115115612986032102e+04
4.269371607560899065e+03
2.751855677432844914e+03
9.354344751521750368e+03
3.524793105130089316e+03
3.909894966931954059e+03
1.800396414655404897e+03
1.374255547588468744e+03
5.394299738656531190e+03
3.703487242755890748e+03
7.008901277961540472e+03
1.029411047567048627e+04
7.604730278609703419e+03
3.599477244182097820e+03
4.579058847360406617e+03
7.285450378286098385e+03
3.918971417869892775e+03
3.989276817126144579e+03
4.480212532519247361e+03
2.226858006215115893e+03
2.950350898033643716e+03
4.509596552373676786e+03
2.864096577133976098e+03
2.525976636857724770e+03
1.390300681269327924e+03
2.063435221533970434e+03
1.299144949634816385e+03
1.299144949634816385e+03
1.299144949634816385e+03
1.299144949634816385e+03
1.299144949634816385e+03
1.299144949634816385e+03
1.299144949634816385e+03
1.299144949634816385e+03
1.299144949634816385e+03
1.299144949634816385e+03
1.299144949634816385e+03
1.299144949634816385e+03
1.299144949634816385e+03
1.299144949634816385e+03
1.299144949634816385e+03
1.299144949634816385e+03
1.299144949634816385e+03
1.299144949634816385e+03
1.299144949634816385e+03
1.299144949634816385e+03
1.299144949634816385e+03
1.299144949634816385e+03
1.299144949634816385e+03
1.299144949634816385e+03
1.299144949634816385e+03
1.299144949634816385e+03
1.299144949634816385e+03
1.299144949634816385e+03
1.299144949634816385e+03
1.299144949634816385e+03
1.299144949634816385e+03
1.299144949634816385e+03
1.299144949634816385e+03
1.299144949634816385e+03
1.299144949634816385e+03
1.299144949634816385e+03
1.299144949634816385e+03
1.299144949634816385e+03
1.299144949634816385e+03
1.299144949634816385e+03
1.299144949634816385e+03
1.299144949634816385e+03
1.299144949634816385e+03
1.299144949634816385e+03
1.299144949634816385e+03
1.299144949634816385e+03
1.299144949634816385e+03
1.299144949634816385e+03
1.299144949634816385e+03
1.299144949634816385e+03
1.299144949634816385e+03
1.299144949634816385e+03
1.299144949634816385e+03
1.299144949634816385e+03
1.299144949634816385e+03
1.299144949634816385e+03
1.299144949634816385e+03
1.299144949634816385e+03
1.299144949634816385e+03
1.299144949634816385e+03
1.299144949634816385e+03
1.299144949634816385e+03
1.299144949634816385e+03
1.299144949634816385e+03
1.299144949634816385e+03
1.299144949634816385e+03
1.299144949634816385e+03
1.299144949634816385e+03
1.299144949634816385e+03
1.299144949634816385e+03
1.299144949634816385e+03
1.299144949634816385e+03
1.299144949634816385e+03
1.299144949634816385e+03
1.299144949634816385e+03
1.299144949634816385e+03
1.299144949634816385e+03
1.299144949634816385e+03
1.299144949634816385e+03
1.299144949634816385e+03
1.299144949634816385e+03
1.299144949634816385e+03
1.299144949634816385e+03
1.299144949634816385e+03
