1.299144949634816385e+03
1.299144949634816385e+03
1.299144949634816385e+03
1.299144949634816385e+03
1.299144949634816385e+03
1.146589430810072145e+03
1.836829867885029216e+03
1.798938315304576690e+03
1.928062311953227891e+03
2.349979544044907925e+03
2.428696486995483156e+03
3.229668066473530871e+03
1.634872329335070390e+03
1.269024831587578319e+03
2.524486487637470418e+03
2.148608164804106764e+03
2.581802483815201413e+03
3.874324129075182100e+03
3.844589710725522764e+03
3.608217711013492590e+03
4.503292278741882910e+03
2.825116441416945690e+03
2.814265684693486946e+03
3.854934267214975534e+03
3.264583705570472375e+03
2.782526395589201456e+03
3.025148021245297059e+03
2.094599147928341608e+03
2.582279531181382936e+03
2.328886974915404153e+03
3.294431031274089946e+03
2.522787092855963238e+03
2.525147197864808732e+03
5.106009677992542493e+03
1.993877786155511558e+03
3.503151238280959205e+03
2.458447761922504014e+03
3.788983989684953485e+03
3.010285008736309919e+03
4.508161624648599172e+03
3.292081670924143509e+03
3.399346167433605387e+03
3.181459315267042257e+03
3.853521292569544130e+03
3.613647280428432168e+03
4.861994456477590575e+03
4.227030630031837063e+03
3.440016574154873979e+03
2.460372143221059559e+03
3.810611153187569016e+03
3.354957752045454527e+03
2.385524439102477118e+03
2.125339561772924753e+03
3.982597886644062783e+03
2.580919821096583746e+03
2.771555797754410833e+03
2.767976064899448829e+03
3.459190892226212327e+03
2.889900946506285436e+03
1.362287387067027112e+03
1.131679003370323016e+03
1.034631599833254313e+03
1.642154976826211623e+03
1.102049196200652432e+03
1.678114116430322383e+03
1.128764372020937344e+03
8.719701642898154432e+02
9.259467773733083504e+02
8.535246005316619176e+02
1.069585340729140171e+03
2.675231383084900244e+03
9.035554971213758790e+02
1.175607460674682443e+03
6.228045639356075753e+02
1.015417030020805555e+03
1.092985141087290685e+03
7.104159349869481730e+02
1.187592604242965535e+03
6.030103563133814077e+02
8.900288771995374191e+02
7.212070628622935828e+02
1.577958037367636962e+03
1.060022648792323025e+03
9.865198399948532142e+02
7.771325141580748550e+02
1.032820805165847105e+03
2.496273927682115300e+03
1.928234115812023674e+03
1.536513542376042324e+03
2.626970363988964436e+03
6.904265535832478236e+02
1.107544036791194230e+03
9.797432868729895290e+02
1.503586603609254780e+03
1.169336817959671180e+03
8.658373197946303890e+02
2.219812429873954898e+03
1.337804705048200276e+03
1.833109625982544912e+03
1.246619380337621578e+03
2.202296162026988895e+03
8.440082619258009800e+02
8.504916181516052802e+02
1.047513095788685177e+03
2.049219068991980294e+03
5.353587209288309168e+03
7.300782339590332413e+03
1.386624307708040214e+04
1.018414924496879576e+04
4.743643342976083659e+03
5.625861675312548869e+03
4.098875471074475172e+03
6.903452734390112710e+03
4.992817732664034338e+03
3.265021060791585569e+03
6.466348864094427881e+03
8.023571387178834811e+03
6.253205417081479027e+03
4.369861013564752284e+03
3.644476190717902682e+03
6.935968406648182281e+03
3.866514692280000872e+03
1.017532528819669460e+04
1.382834246167084348e+04
2.935169586535529106e+03
9.477904657285576832e+03
4.130643736074707704e+03
5.607154207989595307e+03
5.743183265031847441e+03
4.382153908215821502e+03
2.564288479650779664e+03
8.194131396485279765e+03
4.189451920542103835e+03
5.236666259474805884e+03
8.527529323946260774e+03
6.903560120504759652e+03
1.036669599635852319e+04
5.651271059840941234e+03
1.054705059997319040e+04
5.324573508204723112e+03
5.290933770882078534e+03
1.047349632849723093e+04
9.194637088691939425e+03
1.421631113031704626e+04
2.199809619557749556e+03
2.174948231524015227e+03
2.851279838419483895e+03
6.881406574270887177e+03
5.342551254035111924e+03
3.855828485471338354e+03
2.255187215152050612e+03
3.687903996823290072e+03
4.261521997964140610e+03
4.908322301114750189e+03
8.849587636178561297e+03
5.917448636151416395e+03
6.290173541724177085e+03
3.850942025013056082e+03
2.610376827268817578e+03
3.803659833014810374e+03
4.669072816575386241e+03
4.393694512044166004e+03
4.198633492129016304e+03
3.588544083301007504e+03
4.518867926765798984e+03
1.227195686835097149e+04
4.601762730830510918e+03
6.768661274924084864e+03
4.216846790016822524e+03
5.897658321668549434e+03
3.004329993043345439e+03
6.994211823365749296e+03
7.451226944862158234e+03
1.266333558886002538e+04
3.643617138326200347e+03
5.529819091476567337e+03
4.032300503332828612e+03
1.421343659585365231e+03
3.541168245671105069e+03
6.396971545543522552e+03
3.305388658751731782e+03
6.330210604102722755e+03
6.053962665653079057e+03
4.251882748967782391e+03
2.657987057034974441e+03
3.475922743442666160e+03
1.233773690531281318e+04
3.732434147792256226e+03
1.304993282983093741e+04
8.602832213185276487e+03
1.270652225594131050e+04
3.988131005145052768e+03
2.296822989392173440e+03
5.491731473472603284e+03
4.455073186303304283e+03
4.926663146104373482e+03
7.738599179107008240e+03
1.025228854265768678e+04
7.765523918336610222e+03
3.397075224913829061e+03
8.007375315429542752e+03
8.429332466681971709e+03
5.838057947804927608e+03
5.041766065957083811e+03
1.010072859061944837e+04
9.271978266929947495e+03
4.146464862606001589e+03
6.895238636946283805e+03
4.279902139912591338e+03
5.871629951958630954e+03
4.121554409907094850e+03
1.319844618432513744e+04
3.955560992676992100e+03
5.299525616550126870e+03
6.418316144386640190e+03
2.451626430675365100e+03
4.852555767022792679e+03
7.335498467016351242e+03
4.677618959413882294e+03
4.950549757705184675e+03
2.167415200151599493e+03
2.119092616429874397e+03
7.589333037844990940e+03
2.375850709146926874e+03
6.462054042797471993e+03
7.079197006105589935e+03
6.003541160736801430e+03
7.511687854029078153e+03
1.614649205869188881e+04
9.256227645490667783e+03
3.878166354270244028e+03
3.739377594978856905e+03
5.712320526598698962e+03
3.732642492949114967e+03
4.215050633381700209e+03
5.191750902904537725e+03
4.939235273749382941e+03
1.221165623758691254e+04
5.482509212711662258e+03
8.736232316100717071e+03
5.476647952878530305e+03
3.018178559788292660e+03
9.542987702601025376e+03
3.421856516962361184e+03
4.650564211085109491e+03
7.388522289798464953e+03
3.733591469171190511e+03
4.697347374551061876e+03
4.878453178712452427e+03
1.959212955486399096e+03
2.676048309715806681e+03
2.705015015641042737e+03
2.045483630682876992e+03
5.427922922921103236e+03
1.376570814207463854e+03
3.339032620090575620e+03
2.478141012065676932e+03
3.702219989156098109e+03
5.773190842642722600e+03
1.555497824350686187e+03
2.675135174729477512e+03
2.023805914825362379e+03
3.953649149848330580e+03
1.275721211488210656e+03
3.362921513710105046e+03
5.108803843485257858e+03
4.495441006195025693e+03
5.738933195643040563e+03
5.379725555936809542e+03
1.896462579861306494e+03
2.945696249715161684e+03
2.760780212185779419e+03
1.865003483237408545e+03
3.606309243820435313e+03
5.254018832270151506e+03
3.954829282017974037e+03
3.061285153973076831e+03
3.554156854028625276e+03
2.560342218238176429e+03
3.767035752246651100e+03
2.618247260078907402e+03
2.220970407457271904e+03
2.562129790143502305e+03
1.004450916848809538e+04
2.547236054772510670e+03
3.883428745362152313e+03
5.393721659425362304e+03
2.593737213732224518e+03
2.905397684564820338e+03
2.168581800594645756e+03
3.231412546063913851e+03
4.544758229739045419e+03
7.146753421969035116e+03
5.451564697194950895e+03
8.143188386653860107e+03
5.482032193979525800e+03
4.827516862506640791e+03
7.281873131952047515e+03
7.463796725610091926e+03
4.690998431749412703e+03
7.987660619890546513e+03
5.968824962689860513e+03
8.208699401417912668e+03
1.229044932799490380e+04
1.130472398794006767e+04
5.784448099044776427e+03
4.381268556618833827e+03
1.060148664845173516e+04
6.973236738996916756e+03
1.175978591087404675e+04
7.679748341801135211e+03
9.252674408372451580e+03
4.534247657476998938e+03
2.415291814993910975e+03
5.484962599724372012e+03
3.431878824679760328e+03
1.100140309637696191e+04
1.027312050956370331e+04
5.905953957766250824e+03
7.118960905473168168e+03
6.669678000228390374e+03
9.380071214164059711e+03
5.558457977336934164e+03
6.917689443644251696e+03
9.773448137916831911e+03
7.267054759630843364e+03
6.859781381293631966e+03
5.108145291341563279e+03
3.509120528546158312e+03
2.831117124359725949e+03
3.624903836320943356e+03
2.621129290477815630e+03
2.557920298675678623e+03
1.010773830097113569e+04
3.907859170727588662e+03
5.012499036925478322e+03
1.243577544911897894e+04
1.184968126612771994e+04
9.072376063236073605e+03
5.559135491069065210e+03
5.159582339326404508e+03
6.894654043372531305e+03
4.536071395535836928e+03
7.972369773246531622e+03
3.766760213596377071e+03
3.478386143235320105e+03
4.218874595823313939e+03
1.900826672309509604e+03
7.629714186988916481e+03
2.756170394273105558e+03
2.213612607860140088e+03
2.230998638847973780e+03
2.644051646116528900e+03
5.595171897218682716e+03
2.366327576901692282e+03
3.292195485654063759e+03
2.613187588771575975e+03
3.818250365976753073e+03
4.973165625810520396e+03
2.632222310959923107e+03
4.941420105807360414e+03
1.928399359385498201e+03
4.758959825082978568e+03
6.878367877148953994e+03
2.290073075106143278e+03
5.819866792154987706e+03
1.197195667803046035e+03
5.146406576943637447e+03
1.454795741738336346e+03
4.097898224065154864e+03
7.795361974573384032e+03
5.358983028703529271e+03
2.325438127182706012e+03
2.151373518954343126e+03
7.540417279474109819e+03
2.381488469068485756e+03
2.441365334664422790e+03
4.660560185015850038e+03
1.417688075194296744e+03
1.256625600737315835e+03
5.445225867976197151e+03
3.022409210806314150e+03
2.472293154168331967e+03
1.124498347770860164e+03
2.589980610514901400e+03
1.602200230635877006e+03
2.652300807130916382e+03
3.646532654945410286e+03
2.177588301341998886e+03
1.447655764639744120e+03
2.308121639202949609e+03
1.671841468125295023e+03
1.837528615254598662e+03
3.022163490803184231e+03
2.554871882374709912e+03
1.338691864009833353e+03
2.880102509272156567e+03
1.858978862425520902e+03
1.739240345271179876e+03
3.518126788371628209e+03
1.061952389951901978e+03
2.652548168491189244e+03
3.693196167356419210e+03
2.388852451667369223e+03
2.634238379252293271e+03
1.501345213464357130e+03
2.544746392749931147e+03
1.532572642597439199e+03
1.758117208509200964e+03
2.227032976828729716e+03
2.514919265185751556e+03
1.633230287903659473e+03
2.035778633550168024e+03
3.639584563516402341e+03
2.831310533187246619e+03
3.274703331842259558e+03
1.758612958542323895e+03
1.921011873451889642e+03
2.179232194183296997e+03
1.703170762563868038e+03
2.366586895357442245e+03
2.469787243838326958e+03
2.150896995844778758e+03
2.996298799305822286e+03
2.847300770373183241e+03
2.587026980179299244e+03
3.125051021517966547e+03
3.469114540319505522e+03
2.262975379403416355e+03
2.371271974020973175e+03
2.986789850152082636e+03
1.972331866380085785e+03
1.511826794062304316e+03
2.274809183749702697e+03
3.543763238774801721e+03
2.138313422797883504e+03
1.462875547179446812e+03
2.127563647539046997e+03
2.202545035922101306e+03
3.282560942469771817e+03
2.320203102969108841e+03
3.852646267438785799e+03
2.654568316156131459e+03
1.554386794294872288e+03
2.346519409177695252e+03
2.738349479954419621e+03
2.146321385095431197e+03
1.971646139902258938e+03
2.733067349351553275e+03
3.108753694563015870e+03
3.312581665737221101e+03
2.458184521986598611e+03
2.615571230672441288e+03
2.628807162442861681e+03
1.816124816366152800e+03
2.036909579968023081e+03
2.698346611339656192e+03
2.619992561772640784e+03
3.370650334965071124e+03
2.059462559248200250e+03
1.801203182602554534e+03
2.628448508254876288e+03
3.401979615289909361e+03
3.523894245573231274e+03
4.414610404100507367e+03
3.814221703476608127e+03
5.444975584327400611e+03
4.138791298149315480e+03
4.729371851778789278e+03
4.504192619862821630e+03
4.447975890031922972e+03
3.927017340065473945e+03
5.418140778051983034e+03
6.511314131130930036e+03
4.455735910708018309e+03
5.360209094624264253e+03
3.880783448759469593e+03
5.280799476003972813e+03
6.519771000832749451e+03
2.471064726168252491e+03
3.812875756065683163e+03
4.272946116470922789e+03
2.101033886331961639e+03
3.445336312063880541e+03
2.676072537201437626e+03
4.040973826318710053e+03
4.817454747526514439e+03
2.438286556309482421e+03
2.683543766928810783e+03
2.424017730371122070e+03
4.099857249066489203e+03
3.769314711831275417e+03
5.454530753541866943e+03
4.589714579030272034e+03
2.787269262094825535e+03
2.829604804667580993e+03
3.344249095032826062e+03
4.551632548912840321e+03
4.081858274063105910e+03
5.831729951936905309e+03
1.429854656403439321e+03
2.777964853379440228e+03
2.601871796313148479e+03
3.380149168377295609e+03
1.379809327465033675e+03
3.416957729008609931e+03
1.431769219638264531e+03
2.604733933928333045e+03
2.799517996834139467e+03
2.563675525992607618e+03
2.487644555653297630e+03
1.861490877854963401e+03
1.126332265207119690e+03
9.553343092059139963e+02
1.490289356290381647e+03
8.617983762647927506e+02
7.969709223542490690e+02
1.183001818345784613e+03
1.491071609188551065e+03
7.476693420959918512e+02
2.291030939619171477e+03
1.290295058636322210e+03
1.793192943302963840e+03
8.121708842781484918e+02
1.631333892441046828e+03
1.390162576140651481e+03
1.933748199093836320e+03
5.547119648634368332e+02
1.621370840658658835e+03
2.864933270846492633e+03
1.821767919692043506e+03
2.188242967820298873e+03
2.146575994278346570e+03
9.700311231795006961e+02
8.701051040481233940e+02
8.423891901491067529e+02
5.226890439245368043e+02
2.956447360344653589e+03
1.395690729832906982e+03
2.410138783429010800e+03
1.795482583897741279e+03
1.932554108679275942e+03
2.809110599462935625e+03
2.555194476565409332e+03
2.662657003026908114e+03
1.592995053662450800e+03
1.378066378711471771e+03
2.049650420616591873e+03
1.632453940292407879e+03
8.778562779063053085e+02
1.135093109350209261e+03
1.344988565260930500e+03
1.142513705338084947e+03
1.498343438418061623e+03
1.752902092661628785e+03
2.896952126163853791e+03
1.508168006846758544e+03
1.203464015110893115e+03
1.370922938538277776e+03
1.299144949634816385e+03
1.299144949634816385e+03
