1.299144949634816385e+03
1.299144949634816385e+03
1.299144949634816385e+03
1.299144949634816385e+03
1.299144949634816385e+03
1.414096144673643948e+03
2.698202539464907204e+03
6.668373625476417146e+03
6.614877997007723025e+03
8.622739161199016962e+03
8.093207630462407906e+03
4.013482756382225489e+03
5.084799352317739249e+03
8.286547727112450957e+03
4.965395792606286705e+03
5.831451686508756211e+03
7.256261618398066275e+03
7.943259377026656693e+03
8.451488734439155451e+03
3.795173444921865212e+03
7.469475417030337667e+03
7.033736087097127893e+03
7.125299735794452317e+03
7.714694274049691558e+03
6.189341284877837097e+03
9.116528727374943628e+03
3.680888745626868513e+03
8.551922652972698415e+03
5.267668912839422774e+03
6.815700122117652427e+03
7.327307482548033477e+03
6.226766806171335702e+03
6.363553719856726275e+03
5.146845094826116110e+03
6.861187088249303088e+03
8.465868007604522063e+03
5.313041703442780999e+03
7.360256163701587866e+03
5.038517062833559976e+03
6.714625428207940786e+03
6.754616855448931346e+03
8.638425550424703033e+03
9.424673629580520355e+03
7.868517859557525298e+03
9.612953902850480517e+03
6.713276086197773111e+03
6.431399226218088188e+03
7.975239447134920738e+03
5.132159632011701433e+03
4.711147886186467076e+03
4.118225292019588778e+03
9.883995937093090106e+03
9.683317373284551650e+03
7.825918152973741599e+03
8.076202148524684162e+03
5.546693288595863123e+03
4.936947463643396986e+03
5.282762563168067572e+03
5.420087575964132157e+03
5.708248072297064027e+03
3.744268790544990679e+03
9.816456076622354885e+03
9.205765536872506345e+03
7.592915849000748494e+03
3.803159051097501560e+03
9.161491118151890987e+03
5.990662247425834721e+03
4.270296869591343238e+03
4.991143870512297326e+03
9.362337310226261252e+03
9.149334192317857742e+03
4.837243813712398151e+03
4.945000369379754375e+03
7.065325479369766072e+03
6.089191907837422150e+03
1.033351945764901029e+04
1.072225950445167109e+04
6.007251826765734222e+03
5.773164995962907597e+03
6.156939528426892139e+03
5.336005156486638953e+03
5.985457904600069014e+03
6.105917200462999972e+03
7.976110352150486506e+03
4.568275707205019899e+03
3.427259883540225019e+03
6.647427560256731340e+03
5.443685621534296843e+03
5.196515384426218588e+03
6.155137516389998382e+03
1.000350371590192663e+04
6.793278553387752254e+03
4.394144915258897527e+03
8.993878487612557365e+03
5.663158672085803119e+03
6.730037549651496192e+03
6.994747821383483824e+03
4.051697400737437874e+03
7.066514285617437963e+03
4.448752728454306634e+03
3.668068036863497582e+03
6.204005147188866431e+03
5.247551168920354939e+03
8.674312027740179474e+03
4.290970796204887847e+03
7.752354230827681022e+03
7.001833019411659734e+03
4.617010604973329464e+03
7.042043655968720486e+03
7.512429520673353181e+03
8.895092435644919533e+03
8.154045815325845979e+03
8.323131207539901879e+03
1.002170925531242574e+04
7.698551739535145316e+03
4.640283773119019315e+03
9.602818533393476173e+03
4.460445437407715872e+03
3.452861149310291694e+03
9.172920603494441821e+03
3.820619262385096135e+03
5.629353841074610500e+03
4.165662876091305407e+03
4.794630436702137558e+03
9.879787237680757244e+03
3.884957560128405021e+03
9.538381139270275526e+03
3.964057628993341950e+03
5.516916262240052674e+03
8.099060785019960349e+03
8.326397446020828284e+03
8.192902963424059635e+03
6.683487019862272064e+03
8.113788044378371524e+03
5.724140238766695802e+03
8.393936838825597079e+03
3.922125244870649112e+03
5.852441885117167658e+03
8.611409510658375439e+03
8.058009022876302879e+03
5.549826757986376833e+03
6.509614136431918268e+03
6.599155165873424266e+03
4.640551409556177532e+03
5.330093654202574726e+03
5.677754009962453893e+03
7.862585384860349222e+03
4.167081689906484826e+03
8.190658172549574374e+03
6.029568623234481493e+03
9.920076518541312907e+03
6.104035853228221640e+03
8.209704546220253178e+03
2.579684830638048425e+03
1.133380378907259183e+04
7.259872523709573215e+03
3.933433109540418627e+03
5.107171077961390438e+03
4.461729447050538511e+03
6.832011710157497873e+03
3.422211811736282016e+03
2.405441152283029624e+03
3.548727316086295559e+03
3.579028404767929715e+03
2.486481641093013423e+03
3.753954878444247242e+03
5.885499702537366829e+03
4.085321975212357756e+03
4.379034767122039739e+03
4.700753419300992391e+03
2.659659511133474098e+03
5.463828116694885466e+03
1.301675184044733669e+03
3.785281977057481527e+03
1.156421314959131450e+03
5.971458284801416085e+03
1.528309509290389315e+03
9.689809898948307819e+03
1.786769607270439792e+03
7.244173025404415966e+03
4.231305467674295869e+03
1.455259738143406685e+04
1.015560240294640244e+04
6.517466358269683042e+03
5.886485988099525457e+03
6.046075735471387816e+03
4.674545052833908812e+03
4.905144144434628288e+03
3.947747596251682353e+03
1.784616447570920400e+03
7.623318783807108048e+03
1.713595025417552733e+03
4.554060350872797244e+03
5.563736580274170592e+03
7.100900890419829011e+03
1.236964248430825137e+04
1.111047554368506098e+04
1.021877779671332428e+04
5.747278346515577141e+03
5.706760776964130855e+03
3.661542776936112659e+03
3.320142634094770528e+03
4.327328693808523894e+03
4.880319931618336341e+03
4.445328841070189810e+03
2.787433823004540500e+03
5.418365925843061632e+03
1.676924995512912801e+03
6.262227851990554882e+03
1.274531051295912448e+03
1.349418492319305005e+04
1.860829127610547857e+03
1.087117803562370318e+04
1.581641255966793324e+03
4.280255266354953164e+03
1.408810672040261579e+03
1.146601791557262550e+04
4.191945504986731976e+03
3.082385330384145163e+03
1.210898011510607284e+04
4.021442751154708731e+03
8.573398419744484272e+03
3.146266135366584422e+03
1.336810289990472847e+04
1.414183673323680068e+03
4.598924769268630371e+03
1.330583998776352246e+03
8.453633851127004164e+03
2.663367640806737654e+03
6.088672713800144265e+03
8.917803124205316635e+03
5.474790996197585628e+03
3.934499224936301289e+03
8.999416116333684840e+03
4.535418077626926788e+03
5.515415940045778370e+03
7.238710061363503883e+03
4.518027201505087760e+03
1.090386804816905715e+04
7.122043110430904562e+03
4.127361755893982263e+03
1.103627489148820860e+04
5.916760245564079923e+03
7.534636308207535876e+03
7.263417041179996886e+03
6.075455848130065533e+03
5.353510068004245113e+03
7.562492304856310511e+03
1.116946229479559042e+04
1.457680163741148317e+04
8.499200418063039251e+03
7.348622821284112433e+03
1.155177652689041133e+04
4.506911447267187214e+03
8.982924593218531299e+03
4.116868493411424424e+03
7.358090132793838166e+03
2.401539054315739577e+03
1.234957816055130024e+04
3.579071752554452360e+03
7.550408177583592078e+03
2.186309852822610992e+03
4.589891377823269977e+03
3.717529953432466300e+03
7.948952829185869632e+03
2.130615163440751985e+03
1.409664087478864894e+04
4.414139029707682312e+03
6.029741016131208198e+03
4.701649192947195843e+03
2.688453784654942865e+03
3.558859589928884816e+03
5.700246179918560301e+03
8.325853125389943671e+03
3.870096868452141734e+03
8.338939889857088929e+03
1.749162980567434261e+03
9.815265873596501478e+03
1.233039171034686433e+03
8.709028980281533222e+03
1.527478080528811233e+03
6.057689812870482456e+03
3.951219667910506359e+03
7.288473281883976597e+03
4.075648651469959532e+03
5.582543287744359077e+03
1.483847916037842651e+03
4.272951295109723105e+03
1.437054168260111283e+03
3.583034184758526408e+03
3.244187640267090956e+03
4.687120907651243215e+03
6.141200107887015292e+03
1.357399183526360275e+03
9.612107932757318849e+03
3.711114750176717735e+03
4.577553849741278100e+03
3.297722335509819459e+03
6.383654608540795380e+03
1.916381765343116967e+03
7.111743548961190754e+03
5.987744728560676776e+03
7.891114847856820234e+03
2.513439466666457520e+03
6.413149758706865214e+03
8.012862984772062191e+03
2.294531257192999419e+03
1.276601779284147051e+04
3.886547797267013266e+03
7.467727307563108297e+03
1.736718213935332187e+03
4.574563740542520463e+03
2.532333060608854794e+03
8.480998925517715179e+03
1.581263396510988059e+03
4.793482166890440567e+03
2.073984642490377610e+03
3.775115198931966916e+03
2.123949520557010601e+03
3.930466559204628993e+03
3.556931786841918438e+03
7.657683728842929668e+03
2.785671562067638661e+03
5.529442680115862458e+03
2.081917112373829241e+03
1.446796398728818349e+04
1.738819556720157379e+03
5.377049933009163396e+03
4.320520519679334939e+03
8.707453539927804741e+03
3.450860723430857888e+03
1.095916285783500098e+04
3.974363011959697815e+03
6.589427999887894657e+03
6.517330597418368598e+03
3.023505150373097422e+03
1.574847875013919293e+03
6.252031380887706291e+03
3.614359258177428728e+03
6.745757007720003458e+03
5.318277661992049616e+03
7.020405821898784779e+03
9.377970334854515386e+03
4.059387184471127057e+03
7.186397530722985721e+03
1.426622795474886289e+03
4.065913400751816425e+03
1.379830760708758135e+03
8.064917897410635305e+03
4.152443072403904807e+03
8.515832669068922769e+03
3.563864029498796299e+03
1.246870451205094469e+04
2.940284372212693143e+03
4.231275089199389186e+03
2.220621659201322927e+03
1.444495067614183063e+04
4.682883975014096904e+03
4.110238176543996815e+03
4.968026896057952399e+03
1.425533616834638451e+04
1.018678829109049002e+04
3.764209224626887135e+03
6.809079039007106076e+03
1.668351467395064674e+03
7.290195235950048300e+03
1.450347001536259086e+03
1.185640425483624131e+04
2.131552396950536149e+03
8.769902303627415677e+03
5.381006764170324459e+03
1.009873314737984219e+04
4.216420026829255221e+03
8.798435768451819968e+03
3.428281633033100661e+03
1.274533254677314289e+04
1.255491846317082491e+04
1.182109433909771178e+04
3.292275583285389530e+03
8.050679792231750071e+03
8.990080483401890888e+03
7.811616178869253417e+03
1.309394980293422668e+04
8.713269261471179561e+03
7.811323225083777288e+03
5.777898417648841132e+03
6.151246646600122403e+03
1.229535857273905276e+04
1.282352629053222336e+04
7.539646144359519894e+03
1.219358107222602121e+04
9.937529493134014047e+03
4.751651016075474217e+03
5.947548208132397122e+03
1.421189310914039743e+04
9.937933783758986465e+03
7.222171209186902161e+03
7.449539432021147149e+03
9.785838720242301861e+03
6.828682506498248586e+03
5.197658712999682393e+03
7.165686327654198067e+03
5.524136705579850968e+03
6.890618376406215248e+03
2.526616935341135104e+03
6.595764468707451670e+03
3.958621083835125773e+03
3.992046722524545658e+03
5.002861758426779488e+03
1.770441606273359866e+03
9.496300247527666215e+03
6.083160944549847954e+03
4.859789188127174384e+03
5.598017780529203264e+03
4.096446581007330678e+03
9.882289834129935116e+03
9.787120669115871351e+03
7.959171865239454746e+03
6.392228846749415425e+03
1.044831742849871989e+04
1.122515235882977868e+04
1.124383285792277638e+04
4.639642251660655347e+03
5.430938210005219844e+03
8.463970320422797158e+03
5.022909065541643031e+03
7.544526162812264374e+03
7.892938006703333485e+03
1.280639459689381147e+04
9.738381303312275122e+03
3.625952889280181807e+03
1.354722375291341086e+04
4.423847059180541692e+03
2.881457819244216353e+03
1.245392515606387633e+03
1.033007272569780071e+04
1.522907679661110933e+03
7.051666260577842877e+03
7.651838077846105080e+03
8.595924508204081576e+03
7.843106567144222026e+03
7.812225357786422137e+03
8.302377451683063555e+03
4.946859876593612171e+03
4.009012908665691612e+03
2.468495531858845425e+03
5.956213417780499185e+03
1.941285144698678096e+03
1.222114102577133235e+04
3.902947034434576835e+03
4.893141222215095695e+03
6.513447793641805220e+03
2.282179301014374687e+03
7.344627653523469235e+03
4.418321596770285396e+03
9.376582738549628630e+03
7.405305203702477229e+03
4.196253138109582324e+03
1.868780796535026866e+03
8.901575626773654221e+03
2.561944799946818875e+03
7.849964748538257481e+03
5.098580680303940426e+03
7.517899764112093180e+03
1.350515874972056190e+04
3.062690326312381785e+03
6.689912966583541674e+03
1.136906521980333764e+03
5.678706126294888236e+03
5.442063880580620207e+03
9.677794779339203160e+03
5.835208725484595561e+03
1.113703740440546426e+04
1.620325127364868649e+03
8.850451501271882080e+03
9.107438963745220462e+03
4.251992405020341721e+03
9.783842225118729402e+03
3.889565353030883216e+03
9.738234747794138457e+03
2.424127000272971145e+03
6.982134858280101071e+03
4.909052798480487581e+03
1.191219965970602607e+04
5.051220707956114893e+03
7.805322629422513273e+03
2.679814966442475907e+03
1.003278524951405598e+04
3.466781714640205337e+03
5.973529550203954386e+03
9.727209954862290033e+03
8.149644039246563807e+03
1.007277601524948295e+04
5.227509956897706616e+03
7.099158433469774536e+03
3.920411181023806421e+03
3.992270300767421759e+03
2.814711615621228248e+03
4.142729896329953590e+03
1.003009704030269859e+03
3.987183107748681323e+03
8.353847403231044154e+03
6.595212222837603804e+03
3.801673255347937356e+03
6.674998143255820651e+03
8.766799310762706227e+03
4.420764081226796407e+03
3.577302718069821822e+03
4.100875376818381483e+03
5.866118706946491329e+03
4.194730116869516678e+03
4.720197653088836887e+03
4.779422216784012562e+03
3.681959729835077269e+03
3.800471470544713611e+03
9.461264942197811251e+03
3.349600512699729279e+03
8.890487031193593793e+03
5.539088957473477421e+03
6.240840662554823211e+03
5.153869640406621329e+03
1.324531023442491460e+04
2.349561112144011076e+03
9.285911139367994110e+03
1.178590833921568992e+04
2.145270744462646235e+03
4.776375853541149809e+03
5.006464352490281271e+03
7.530350007022985665e+03
2.723601004525262852e+03
1.793308179430828659e+03
1.552850561975897108e+04
3.900267639235480146e+03
7.520992518709383148e+03
4.559655991921787972e+03
6.077966218913784360e+03
7.293247002523863557e+03
3.147656919640750402e+03
5.777122004667017791e+03
8.657210444452608499e+03
3.864849173588896065e+03
1.879976812353134619e+03
5.311626513656336101e+03
6.058471112530623941e+03
2.569598810865520136e+03
6.038960239306231415e+03
2.779813859359769594e+03
4.014268787888242969e+03
3.343125370140628547e+03
9.542421694154310899e+03
2.626036254897797335e+03
5.790109994861406449e+03
5.434277891389268007e+03
6.085965032299262930e+03
1.046165176623422485e+04
3.105091240914223363e+03
6.834907367633798458e+03
3.795560331526847222e+03
8.049005871294531971e+03
3.059876620753316274e+03
8.107404359791634306e+03
2.907590111546605385e+03
8.830954605311642808e+03
2.832467824913674121e+03
5.150097035452259661e+03
7.986987310069201158e+03
1.990093873000827807e+04
6.051969979148537277e+03
5.884932878879906639e+03
4.107715598634767048e+03
3.261510246591318264e+03
5.692419494283355561e+03
2.593065486666843753e+03
7.609023152297111665e+03
1.176743749065356315e+04
5.113558244187192031e+03
9.942597943488903184e+03
6.080551373795554355e+03
1.431401876676555366e+04
8.929116883649585361e+03
1.461196848331603178e+04
6.656051728042722061e+03
7.176342469740529850e+03
6.000515619814886122e+03
5.173146395310361186e+03
7.396782964379372061e+03
1.287087781015526343e+04
1.578970269829123208e+04
8.719312298006325364e+03
9.238597552776871453e+03
5.986119224065804701e+03
1.053520861139742374e+04
8.632184799052327435e+03
7.342590156189728987e+03
7.224200483268215976e+03
4.687598612061843596e+03
5.002562724307776080e+03
7.767608763798891232e+03
5.701575251757732076e+03
1.641343014561009841e+04
1.820134015206906406e+04
7.043040127898785613e+03
7.800923732129368545e+03
7.476157974128027490e+03
1.423307118561953212e+04
8.225416524274878611e+03
1.014419137582864641e+04
8.678099419893851518e+03
1.093098807347810180e+04
3.223625791749421751e+03
4.086214703653254674e+03
9.322094506019140681e+03
4.767238622538958225e+03
3.103084622386138108e+03
7.494004313633129641e+03
6.283640155173054154e+03
6.150908398483958081e+03
7.942507963290101543e+03
1.190660952979211288e+04
6.171791783790322370e+03
3.147724836564066209e+03
1.295072031442647494e+04
4.049289636493455873e+03
5.960724641899892958e+03
4.546238358053599768e+03
5.838799727848187104e+03
5.271794663573724392e+03
3.329629169920279310e+03
1.414445243158326775e+04
2.337873935904685368e+03
1.079257856023591739e+04
1.966181371070992100e+03
9.054800026356155286e+03
6.584983574645910267e+03
6.387463524846084511e+03
2.759071040766015358e+03
1.329327599760029989e+04
2.953333160307054641e+03
3.638330374162772387e+03
1.141200834668841344e+04
5.209560594776871767e+03
1.221287072960341538e+04
1.201605649597786214e+04
8.422419107439940490e+03
2.096019021936929676e+03
4.919008586419681706e+03
7.514231951484295678e+03
3.024642723948016283e+03
2.247636218069384540e+03
3.392635301609886028e+03
1.679248506944316659e+03
1.169298152135913733e+04
6.420617721133581654e+03
1.262887757335700189e+04
5.123968499348838122e+03
5.557676391531970694e+03
3.254218860304657937e+03
1.616187372609858903e+04
1.660614536081622873e+03
4.244870326695541735e+03
2.500005914752342051e+03
4.293587133936514874e+03
7.741632585071110043e+03
2.225546184195565274e+03
5.767584903835476325e+03
2.285328058329280339e+03
4.972881477385464677e+03
1.164546660530806002e+04
4.013602376592328710e+03
2.833885201459137988e+03
3.405085061644089365e+03
5.002908822889987277e+03
8.359679123516563777e+03
6.634894530677836883e+03
2.611045502730999033e+03
4.807533960088531785e+03
3.387979473539471655e+03
5.781545850534716919e+03
4.930520631391796087e+03
9.050703598515892736e+03
6.328652463673918646e+03
8.193330186161330857e+03
1.821328704038064870e+03
2.938438948469308798e+03
5.420844631722652593e+03
3.034895718190226944e+03
2.527076597282660714e+03
5.616464861629039660e+03
8.262411018809236339e+03
4.004338589116550338e+03
1.335655131837376211e+04
4.352809954352712339e+03
6.686473681995128572e+03
6.331459569055748034e+03
5.791589309535047505e+03
4.233970457353661004e+03
4.162400694153147924e+03
3.513117038868731470e+03
4.031802925678948668e+03
8.174948937914147791e+03
3.451644981391709734e+03
7.874295691364522099e+03
5.596637312820726038e+03
8.790813254887227231e+03
4.652309819179262377e+03
3.204203843357542610e+03
4.139165289870952620e+03
2.793329758561833387e+03
1.493577251207653717e+04
9.366201101473863673e+03
1.255491535741567168e+04
7.594991119496930878e+03
6.535773507449228418e+03
7.175607532060429548e+03
7.353752335365523322e+03
5.507818801263743808e+03
1.019078049892890158e+04
1.014507872482975290e+04
9.219230816848843460e+03
8.190115282399573516e+03
8.699434607793098621e+03
1.479022068940919053e+04
1.635328720888725911e+04
1.761331380595710289e+04
9.919052502014810671e+03
1.051415976698590566e+04
1.297349717858081385e+04
1.725959038935191711e+04
4.559652500644613610e+03
1.753259377974593735e+04
1.948427211079100744e+04
6.427774501462761691e+03
6.996774990962573611e+03
7.087703386870013674e+03
5.644674427531494985e+03
5.085102353779125224e+03
1.229388750485871788e+04
1.540438964485308134e+04
9.550719391996022750e+03
7.152348633610192337e+03
1.138654082736968849e+04
9.097715841120907498e+03
4.158084195788595935e+03
1.009652668911454384e+04
6.457668524263602194e+03
4.623642780251359909e+03
3.745997376301967051e+03
7.000178815630836652e+03
3.441460699756720260e+03
6.875185379639241546e+03
7.600952435888268155e+03
9.486408863955977722e+03
9.089148786305235262e+03
7.770723946137689381e+03
1.108704318520770903e+04
5.445364733379803511e+03
3.581306672278685710e+03
1.067435304867008927e+04
9.239117923799814889e+03
1.209402581977975569e+04
4.915811353754216725e+03
2.404158533515052113e+03
6.092416726672862751e+03
3.455367226190067868e+03
5.525492010386107722e+03
1.330369542398554040e+04
2.013849770121359370e+03
1.227347557539199806e+04
1.877555107362580884e+03
5.932882153292609473e+03
2.632295021625693607e+03
5.142114219749108997e+03
2.286007318498982386e+03
4.789102277298549780e+03
8.251649136017755154e+03
8.231906512826823018e+03
9.331140109082114577e+03
4.155242721823849934e+03
1.119786811456236501e+04
1.474183770377733936e+03
9.389641215126492170e+03
1.941160084309337890e+03
1.252212231807877470e+04
2.319945823821246904e+03
8.669077922179754751e+03
8.807583514359532273e+03
1.407197271893974903e+04
3.677896751634252723e+03
1.232019566501860209e+04
5.944274983502068608e+03
4.744485851988107243e+03
9.485602960794905812e+03
1.046589900258916350e+04
1.091129957265807025e+04
6.285663078876591499e+03
5.667106193638091099e+03
1.291873555487395970e+04
1.582860606776261420e+03
1.689896994763852126e+04
2.762188475509737145e+03
6.732445231938005236e+03
4.160503687255510158e+03
5.118206276506904942e+03
5.600967529556411137e+03
6.564495408118312298e+03
6.223061711269763691e+03
8.615884422697976333e+03
1.444561337068454850e+04
3.054716344152652255e+03
7.241240277993420023e+03
1.326880595990592838e+03
5.456421319247402607e+03
1.370693291644126475e+03
6.758636176122585312e+03
2.478852221890819692e+03
4.935076701175878043e+03
2.518889061283580304e+03
6.659086250043349537e+03
3.873954448771272837e+03
1.321053374787336725e+04
1.653339400927491624e+03
2.126002652197431871e+03
1.536604638163134268e+03
1.065543558676908833e+04
9.576315372382747228e+03
5.176174425872925895e+03
2.936081162005441456e+03
4.786755438883164970e+03
8.138957472768207481e+03
3.046987237309606371e+03
4.583456324413977200e+03
1.357992220736897480e+03
5.060164444105987059e+03
1.499696320034995097e+03
9.025353179629481019e+03
3.749897023237489520e+03
1.154380403254143130e+04
4.992618694517386757e+03
1.103558089565437695e+04
8.132971458600766709e+03
8.796813152504788377e+03
2.189421745390988235e+03
5.270044441289123824e+03
1.248827856172823658e+03
1.299298469136722269e+04
2.234288289017546049e+03
7.593304437084807432e+03
4.939342159651618203e+03
4.605718481951064859e+03
5.545655553973184396e+03
3.958975396167896633e+03
2.172168360245189433e+03
9.421598565842929020e+03
3.959335852207614153e+03
4.404127295177900123e+03
4.297318372891464605e+03
4.293754062425849952e+03
3.081405464533162103e+03
4.118584981589046947e+03
1.650328163399634832e+03
2.905491693630408008e+03
8.313691682065233181e+03
4.935999006996318712e+03
4.546460867135932858e+03
3.940058249424565020e+03
4.048756930761133844e+03
3.625373003129277549e+03
6.143210040506970472e+03
3.681157885335142055e+03
5.094308076958463062e+03
7.373549981187946287e+03
8.031195896655120123e+03
3.230182736839557947e+03
4.955783476502454505e+03
7.755020585702469361e+03
6.898762439480890862e+03
5.674244587198105364e+03
5.655934769844809125e+03
6.432080498194345637e+03
1.169433133768141488e+04
1.138083552125343704e+04
9.701202626015230635e+03
6.494481245443263106e+03
8.009283297018897429e+03
1.013428197617106161e+04
5.575268424392104862e+03
1.129453910776825069e+04
1.454308033277443792e+04
7.036921184601363166e+03
1.001015915595282240e+04
1.277635276284125030e+04
8.335924973443399722e+03
1.042116460437571550e+04
3.070441398947288235e+03
6.193449844307157036e+03
3.551727121496574000e+03
6.530590852455182358e+03
5.644746464228578589e+03
5.272759145011163127e+03
1.022062625495981774e+04
6.098257411316621074e+03
6.334337682327210132e+03
3.119908871505825118e+03
8.935621989416595170e+03
5.499612360774545778e+03
1.303736108181600139e+04
1.228682916729547651e+04
5.801236362332137105e+03
1.147977360413123643e+04
1.251219781547152525e+04
6.695819484475785430e+03
8.674892211319016496e+03
1.326816761863167267e+04
1.443147543988367943e+04
1.191052645926264449e+04
1.000856579155759027e+04
7.019534778223723151e+03
6.774471966882745619e+03
1.134843558388850943e+04
1.228868918894387934e+04
1.505311430805805867e+04
9.738534787862889061e+03
1.251844552716561520e+04
1.005962686980647595e+04
8.927235123003923945e+03
1.075047018642114199e+04
1.419575780870955168e+04
1.374677678950572044e+04
1.005336457427368805e+04
9.989264209818940799e+03
9.275220273689357782e+03
5.536784150473828959e+03
6.644481679679635818e+03
1.173602068655995754e+04
9.137956404481741629e+03
1.381105013219725333e+04
1.091378399915068985e+04
5.512408340690516525e+03
6.155445361101884373e+03
1.256356847584174466e+04
8.805146066216238978e+03
5.171715922985287762e+03
7.047575443871359312e+03
4.231431846346176826e+03
1.466120710493732440e+04
1.328672617251058182e+04
6.354873130168980424e+03
8.767217896517748159e+03
3.138769879995391420e+03
1.326910438088617593e+04
3.719131890097286032e+03
5.431786006910027936e+03
1.123154747884510653e+04
8.320824412490896066e+03
4.151237417798050046e+03
6.470733742357072515e+03
3.286161001701796977e+03
5.273634769736175258e+03
2.941681241136700010e+03
6.295297165394974400e+03
2.421249872936781230e+03
4.954872025301076064e+03
4.628605137536982511e+03
7.912588145014815382e+03
6.414752491629705219e+03
8.883974960418192495e+03
1.268347594567179294e+04
1.034262785808293302e+04
4.760666032291235751e+03
4.460482229492720762e+03
3.085443153217341205e+03
1.362673191494377170e+04
3.154391886971421172e+03
2.596942927449456420e+03
5.040693823289802822e+03
6.778972819004958183e+03
1.384177082264781893e+04
4.879316368959056490e+03
9.507263883580691981e+03
3.658911283902081777e+03
9.486601663170680695e+03
4.085776994877548532e+03
1.503697312199834414e+04
9.725879474448189285e+03
5.094105116116895260e+03
1.079364550956874882e+04
5.197600146962704457e+03
5.315500710841647560e+03
3.250355295725371434e+03
1.109871507388113423e+04
1.144241006075075893e+04
8.354368528075883660e+03
1.161266944674559090e+04
6.247914394938092300e+03
7.842138751597414739e+03
5.444828087848185532e+03
1.713519694371055812e+04
3.088139864226783629e+03
3.496158667002377570e+03
3.745572019420204924e+03
7.788094395867608910e+03
1.384317862636129757e+04
1.163216359804941749e+04
8.958553434206058228e+03
1.288159759214993574e+04
1.105706072229400888e+04
5.744555028274862707e+03
5.583080585522935507e+03
9.836578329549094633e+03
1.316489656186994398e+04
5.150150368177972268e+03
7.248001777885689080e+03
1.254138628004560815e+04
8.270951490192481288e+03
4.009434857089776415e+03
8.179083456143558578e+03
6.821346589251400474e+03
1.019838865098061251e+04
1.150191793308250453e+04
1.040270017917471523e+04
5.935593177692137033e+03
7.240076263373351139e+03
7.568091786193193002e+03
8.579488547904089501e+03
1.024729756027854273e+04
1.100965836610747829e+04
1.605998808055573681e+04
4.528737741227783772e+03
4.734935039764906833e+03
6.161283444471260736e+03
3.964855873881488606e+03
7.659460735604046931e+03
6.575927712755971697e+03
6.882865140389462795e+03
4.573447862018611886e+03
8.188304096278177894e+03
1.112847841540452646e+04
4.591956228762044702e+03
9.039922670391802967e+03
5.231971112308076954e+03
4.080281620241639303e+03
1.097376128770459218e+04
6.426375597314405240e+03
8.314333727658146017e+03
1.088882996474499123e+04
1.211386855789524452e+04
4.564418258226638500e+03
1.140530349662014669e+04
7.259170184063951638e+03
1.283191565558288858e+04
7.580105478792924259e+03
3.039125556195057015e+03
6.281646741719671809e+03
3.757952235542195467e+03
6.632139999247294327e+03
4.567047287606099417e+03
4.577504927503788167e+03
4.394293955008683042e+03
6.550233542585096075e+03
8.132280847306027681e+03
4.357377302217756551e+03
6.599327916454913066e+03
5.464311696670709352e+03
7.465415168786963477e+03
7.882879363803334854e+03
7.979777579479472479e+03
3.941172485457529547e+03
7.601865013738888592e+03
7.454897477651317786e+03
7.116046639827228319e+03
7.430608536212856961e+03
2.938762240425303389e+03
9.606320792420323414e+03
1.086692494889102272e+04
4.643419614253340114e+03
7.096947524170268480e+03
6.321631811499976720e+03
8.694245289989727098e+03
3.918614972056585884e+03
7.450290739288829172e+03
9.161297134774171354e+03
6.600436816310821087e+03
5.307378299382819023e+03
8.772980540796002970e+03
4.942663946882488744e+03
5.567857184316812891e+03
4.260853645267008687e+03
6.858038614407087152e+03
5.792020271303876143e+03
3.527956953406509001e+03
4.782754234587579958e+03
9.852692625352856339e+03
6.598475309335078236e+03
9.129075629941771695e+03
1.136672503188773589e+04
7.515698050990449701e+03
1.094287833873951968e+04
3.886575130510125291e+03
5.925647969779687628e+03
6.984801113222285494e+03
6.099808992857466365e+03
4.201396013169770413e+03
9.428284670199293032e+03
7.629486954625988801e+03
6.825813831194230261e+03
4.675754271760926713e+03
6.115059569731254669e+03
7.213098279941968030e+03
5.394919644352119576e+03
4.884335072487079742e+03
9.305212382006220651e+03
7.921446402758845579e+03
5.354339514552881155e+03
6.824964027274363616e+03
5.936174363459211236e+03
4.012045373449094313e+03
7.880154463347083947e+03
7.413700593774371555e+03
5.075333483433151741e+03
3.767544237795018034e+03
3.842716878816085682e+03
6.615097901421171628e+03
4.962837662303568322e+03
6.487847505475178878e+03
5.151285753759450927e+03
5.725710079666722777e+03
4.623685206326902517e+03
8.862577152524501798e+03
9.870926276854157550e+03
7.744433018497632474e+03
9.044531064269709532e+03
3.667613739604036255e+03
6.879508922554952733e+03
9.449105580395280413e+03
3.914934676573442630e+03
4.920783225471338483e+03
4.619951661705133120e+03
3.084436458229845812e+03
7.380825478977410967e+03
3.188629126030846237e+03
7.918129003768672192e+03
7.264029524638108342e+03
6.646641760876521403e+03
3.683167480873129989e+03
7.395063330919130749e+03
3.874462828967282348e+03
7.080481975758212684e+03
4.033719447378368386e+03
8.083160351291470761e+03
3.379270097512995562e+03
6.543830265662620150e+03
9.599224574645813846e+03
9.453044463563124737e+03
4.288004771002103553e+03
1.189863622402906731e+04
6.033882017044932581e+03
5.795888377211488660e+03
6.788276497990726966e+03
1.017096537577528943e+04
8.391558971499043764e+03
9.914979335378255200e+03
4.620701653835157231e+03
8.593724014683708447e+03
5.808187623451347463e+03
6.136206995192855175e+03
6.999713525031824247e+03
9.811084422550635281e+03
3.659237061041103516e+03
3.953585407903085525e+03
7.090999563344606941e+03
8.464058536769885905e+03
8.998654112998892742e+03
7.083228084935836705e+03
8.435989694311818312e+03
5.822531116628391828e+03
7.435437959488827801e+03
4.836156022946457597e+03
5.023591628956794011e+03
9.759421079186899078e+03
4.317593869291557894e+03
7.907485740513527162e+03
4.458471502596272330e+03
5.474791503362895128e+03
6.149940162132864316e+03
7.597636450531969786e+03
8.134115977542626752e+03
8.551855935809551738e+03
6.814290242300517093e+03
8.371026142092763621e+03
5.398091714819445770e+03
6.696371356693805865e+03
5.947848198151989891e+03
8.038075926203649033e+03
8.804138890537431507e+03
4.625379697160952674e+03
8.504893065114521960e+03
6.839827911565386785e+03
6.808176596473162135e+03
5.817417812169389435e+03
9.660822400854636726e+03
9.374837869950037202e+03
5.047041455226943071e+03
9.156120465158061052e+03
8.162667206357813484e+03
6.128264978697178776e+03
7.948660130225546709e+03
7.962189349628622040e+03
9.753478785750543466e+03
1.060198597673264703e+04
6.755290896699990299e+03
1.017155387533317662e+04
5.778274365022405618e+03
7.848239919972742427e+03
7.211407682398213183e+03
1.049998538515268592e+04
8.195361024697971516e+03
8.331241475516284481e+03
9.108813625189803133e+03
7.975578793137382490e+03
9.351304276076623864e+03
9.402085233205891200e+03
5.951410877409016393e+03
7.819474844680680690e+03
9.073644205584592783e+03
7.449397947482285417e+03
7.098096011584042571e+03
8.077482321403398601e+03
9.177711698810218877e+03
9.551835214766260833e+03
6.720600456037814183e+03
7.987937087364297440e+03
2.679669360035018144e+03
1.499065810848559295e+03
1.299144949634816385e+03
1.299144949634816385e+03
1.299144949634816385e+03
