1.299144949634816385e+03
1.299144949634816385e+03
1.299144949634816385e+03
1.299144949634816385e+03
1.299144949634816385e+03
1.299144949634816385e+03
1.299144949634816385e+03
1.299144949634816385e+03
1.299144949634816385e+03
1.299144949634816385e+03
1.299144949634816385e+03
1.299144949634816385e+03
1.299144949634816385e+03
1.299144949634816385e+03
1.299144949634816385e+03
1.299144949634816385e+03
1.299144949634816385e+03
1.299144949634816385e+03
1.299144949634816385e+03
1.299144949634816385e+03
8.236425427329135346e+03
6.558162529444402026e+03
3.472625333462629442e+03
9.814221472978551901e+03
5.890158652853119747e+03
2.748934166757759158e+03
3.976841429562481608e+03
2.395634837767857789e+03
1.600094412641486542e+03
2.362109989613352809e+03
2.253915895555971019e+03
1.299144949634816385e+03
2.220105406342965125e+03
4.941786701811201965e+03
3.754301984359331072e+03
1.963083256837527642e+03
3.816247635515131606e+03
1.960767910025659603e+03
2.907419774923536352e+03
1.936905422653865571e+03
1.532979367475176332e+03
1.799696528782780433e+03
1.299144949634816385e+03
1.299144949634816385e+03
1.299144949634816385e+03
1.299144949634816385e+03
1.299144949634816385e+03
1.299144949634816385e+03
1.299144949634816385e+03
1.299144949634816385e+03
1.299144949634816385e+03
1.299144949634816385e+03
1.299144949634816385e+03
1.299144949634816385e+03
1.299144949634816385e+03
1.299144949634816385e+03
1.299144949634816385e+03
1.299144949634816385e+03
1.299144949634816385e+03
1.299144949634816385e+03
1.299144949634816385e+03
1.299144949634816385e+03
1.299144949634816385e+03
1.299144949634816385e+03
1.299144949634816385e+03
1.299144949634816385e+03
1.299144949634816385e+03
1.299144949634816385e+03
1.299144949634816385e+03
1.299144949634816385e+03
1.299144949634816385e+03
1.299144949634816385e+03
1.299144949634816385e+03
1.299144949634816385e+03
1.299144949634816385e+03
1.299144949634816385e+03
1.299144949634816385e+03
1.299144949634816385e+03
1.299144949634816385e+03
1.299144949634816385e+03
1.299144949634816385e+03
1.299144949634816385e+03
1.299144949634816385e+03
1.299144949634816385e+03
1.299144949634816385e+03
1.299144949634816385e+03
1.299144949634816385e+03
1.299144949634816385e+03
1.299144949634816385e+03
1.299144949634816385e+03
1.299144949634816385e+03
1.299144949634816385e+03
1.299144949634816385e+03
1.299144949634816385e+03
1.299144949634816385e+03
1.299144949634816385e+03
1.299144949634816385e+03
1.299144949634816385e+03
1.299144949634816385e+03
1.299144949634816385e+03
1.299144949634816385e+03
1.299144949634816385e+03
1.299144949634816385e+03
1.299144949634816385e+03
1.299144949634816385e+03
1.299144949634816385e+03
1.299144949634816385e+03
1.299144949634816385e+03
1.299144949634816385e+03
1.299144949634816385e+03
1.299144949634816385e+03
1.299144949634816385e+03
1.299144949634816385e+03
1.299144949634816385e+03
1.299144949634816385e+03
1.299144949634816385e+03
3.138220539071423445e+03
5.582227710327740169e+03
1.059271623740903124e+04
9.864289725014037685e+03
8.421732133473955400e+03
9.139850900502042350e+03
6.108340708079740580e+03
6.547177432155449424e+03
7.665078443393177622e+03
4.308190302114113365e+03
2.548625984408347904e+03
4.819431265096442075e+03
3.867033507057969473e+03
2.785029799785106661e+03
7.625962718124930689e+03
3.511133441165670774e+03
3.370427500846462408e+03
1.170784010969575320e+04
1.394661378374478045e+04
8.539550200567256979e+03
5.100222335838166146e+03
5.936727520950964390e+03
6.661748468785735895e+03
2.805670551258549949e+03
2.772791629419403762e+03
7.100628823659208138e+03
7.837778309799203271e+03
8.079320613931069602e+03
7.134921606398737822e+03
1.015009521038680577e+04
7.837839060448181954e+03
5.476090419765485422e+03
5.389776063025145049e+03
5.431517143701936220e+03
3.840640427893283686e+03
5.163128303128150037e+03
5.019333423450802002e+03
4.734981990182060144e+03
3.648515917922637527e+03
5.000339785136769933e+03
5.757733791369364553e+03
4.461151916459993117e+03
4.104942865404689655e+03
1.052993633039054839e+04
1.076044239161829864e+04
6.662239713255983588e+03
4.174299902133909200e+03
7.966643479912018847e+03
7.956012358363359454e+03
9.128018239234230350e+03
5.681406737961345243e+03
4.366597413184081233e+03
4.181823488390677994e+03
3.411180831434819993e+03
6.668636532817789885e+03
6.545495092023603320e+03
6.795062627800304654e+03
6.406144514688920026e+03
6.984379809456791918e+03
6.441036748514584360e+03
5.867978052800678597e+03
6.523997071242826678e+03
6.057746960899673468e+03
6.811866354460542425e+03
9.488636692588899678e+03
7.691274774737786174e+03
8.150230496607278837e+03
6.600614164560717654e+03
6.089213735828519930e+03
3.043184516768000321e+03
4.544565397035823480e+03
3.956455571138967116e+03
2.622227202106824734e+03
2.292056280222609985e+03
2.521737859847271466e+03
3.088927179809815243e+03
6.147201492708988553e+03
3.698519265186724624e+03
4.043745174396594393e+03
6.262013729649239394e+03
5.918458056915596899e+03
7.121443378664143893e+03
4.540552714886278409e+03
4.613357039201610860e+03
5.916158061061913941e+03
3.957975310425234056e+03
4.840820835570562849e+03
5.847899139036769157e+03
5.435733857992333469e+03
7.164509051153398104e+03
5.847761964640463702e+03
3.568420399885605548e+03
4.109500144250543599e+03
5.130624802454004566e+03
3.596009961753372863e+03
3.188083622778381141e+03
4.297056021309719654e+03
8.420562252661336970e+03
6.803708990446906682e+03
4.166121500675104471e+03
6.903951756639028645e+03
7.703116433683951982e+03
6.020856421846429839e+03
6.531039362211145090e+03
8.655400439332859605e+03
8.110491712240762354e+03
8.528406615196470739e+03
7.213215358063377607e+03
6.729085652845684308e+03
1.606236700867286572e+03
5.511760278627337357e+03
3.850021094313085086e+03
6.941528742228737428e+03
3.385870180884256570e+03
7.003569932194896865e+03
4.157299367797878404e+03
4.065146409766783108e+03
5.479132980546706676e+03
1.062674486611686734e+04
5.532924404132693780e+03
5.381243353045593722e+03
7.074976510426128698e+03
5.851458861234363212e+03
4.946775471365043813e+03
6.540054405034335105e+03
4.964498756296059582e+03
9.123583556784686152e+03
7.879882178889291026e+03
4.954263258131230032e+03
6.721381963389726479e+03
7.760343331472046884e+03
8.922105380154649538e+03
5.153037578154062430e+03
7.518691269084588384e+03
1.025705372420094682e+04
1.149951314213955266e+04
8.118147883893333528e+03
5.334710207765818268e+03
8.613264723274629432e+03
7.085543771279842986e+03
9.618749483695060917e+03
5.371907767955291092e+03
4.769304533650598387e+03
6.230921427386463620e+03
1.052848084186358574e+04
8.049051354179710870e+03
1.030891333978296097e+04
9.394894949324539994e+03
7.106953457055548824e+03
1.045993547736675464e+04
5.979796577535378674e+03
7.041879934870660691e+03
6.433611428468331724e+03
3.125843542027734202e+03
4.099127707855195695e+03
4.732636283041779279e+03
3.798436131993381878e+03
4.923973471132037048e+03
7.437681772096536406e+03
1.727860491206216693e+03
5.214510226644603790e+03
9.067257606166032929e+03
6.017789973020899197e+03
4.813742925844248020e+03
3.450716102912936549e+03
5.479082847255144770e+03
5.577088682812520346e+03
6.270462205392374017e+03
7.866112015398852236e+03
7.526053614758145159e+03
5.943417068179416674e+03
5.130331146834858373e+03
8.142259915995637130e+03
9.584179873946328371e+03
1.337308321340879229e+04
7.062015820564092792e+03
4.741539436328886950e+03
7.611817780472945742e+03
5.591393561609611425e+03
4.597058103149501221e+03
6.503129489775356888e+03
1.065659761920750134e+04
7.043788095857301414e+03
4.140456132739815075e+03
4.898152584637928157e+03
4.632331996923546285e+03
6.729374979327310029e+03
5.115751430347645510e+03
5.415459711804845938e+03
7.571481446960935500e+03
8.681869634617209158e+03
4.078515280206608622e+03
5.503432292201204291e+03
6.669485760638702232e+03
2.998725977167585825e+03
5.676672785817832846e+03
5.442503161700557939e+03
4.391510764163451313e+03
3.855105475737867891e+03
3.521647541920398908e+03
6.648754361305953353e+03
8.332387366931874567e+03
1.092553522029194755e+04
8.348751200979182613e+03
5.260409502688702560e+03
7.192227222183976664e+03
1.153970536957077820e+04
9.270205461473618925e+03
7.986119388161651841e+03
5.477919424067507862e+03
6.881282245897677058e+03
5.399476979907653913e+03
5.803177100303900261e+03
4.781356805231427643e+03
4.626137027349393975e+03
5.567853371032440918e+03
5.114899173522182537e+03
6.198711143601493859e+03
5.319992037096075364e+03
5.093448682415437361e+03
4.071732553580077365e+03
7.537561089560520486e+03
6.582657421154071017e+03
6.889414297870705923e+03
9.959730999353465450e+03
5.596403992842370826e+03
5.022241709914568673e+03
1.149997374169462091e+04
7.732122231914957410e+03
6.405505352526471142e+03
8.115274871804204849e+03
4.577499288907331902e+03
4.528633398334902267e+03
7.410548560581784841e+03
6.173588529027858385e+03
1.610125176352289054e+04
7.057816602928302927e+03
3.094542573598160288e+03
4.287579338063566865e+03
5.474420154752457165e+03
3.861768629766517734e+03
6.984157755881484263e+03
4.108518367803889305e+03
4.278448645158057843e+03
4.014344492139102840e+03
3.726354819313277403e+03
7.738680860838242552e+03
4.963869838105899362e+03
2.210967791042486624e+03
2.010198557353776096e+03
2.311628243591715545e+03
4.672627970155454022e+03
1.024498754762972931e+04
5.913789078497707123e+03
5.653269452369317150e+03
6.001653281442644584e+03
1.004722980426818140e+04
6.478980802452532771e+03
5.625270618054280931e+03
3.672720471838446429e+03
4.628264043873743503e+03
2.672134532577135360e+03
2.383436034789724545e+03
2.976137688570692262e+03
2.702284870258762567e+03
1.838466836655047018e+03
1.716874152383228193e+03
4.263204294431535345e+03
3.342911069425499591e+03
2.688517763983044460e+03
1.670712755683532123e+03
2.078333745007043490e+03
2.179731644436278202e+03
2.279987596978674446e+03
2.052997043602208123e+03
1.299144949634816385e+03
1.299144949634816385e+03
1.299144949634816385e+03
1.299144949634816385e+03
1.299144949634816385e+03
1.299144949634816385e+03
1.299144949634816385e+03
1.299144949634816385e+03
1.299144949634816385e+03
1.299144949634816385e+03
1.299144949634816385e+03
1.299144949634816385e+03
1.299144949634816385e+03
1.299144949634816385e+03
1.299144949634816385e+03
1.299144949634816385e+03
1.299144949634816385e+03
1.299144949634816385e+03
1.299144949634816385e+03
1.299144949634816385e+03
1.299144949634816385e+03
1.299144949634816385e+03
1.299144949634816385e+03
1.299144949634816385e+03
1.299144949634816385e+03
1.299144949634816385e+03
1.299144949634816385e+03
1.299144949634816385e+03
1.299144949634816385e+03
