1.299144949634816385e+03
1.299144949634816385e+03
1.299144949634816385e+03
1.299144949634816385e+03
1.299144949634816385e+03
1.299144949634816385e+03
1.299144949634816385e+03
1.299144949634816385e+03
1.299144949634816385e+03
1.299144949634816385e+03
1.299144949634816385e+03
1.299144949634816385e+03
1.299144949634816385e+03
1.299144949634816385e+03
1.299144949634816385e+03
1.299144949634816385e+03
1.299144949634816385e+03
1.299144949634816385e+03
1.299144949634816385e+03
1.299144949634816385e+03
1.299144949634816385e+03
1.299144949634816385e+03
1.299144949634816385e+03
1.299144949634816385e+03
1.299144949634816385e+03
1.299144949634816385e+03
1.299144949634816385e+03
1.299144949634816385e+03
1.299144949634816385e+03
1.299144949634816385e+03
1.299144949634816385e+03
1.299144949634816385e+03
1.299144949634816385e+03
1.299144949634816385e+03
1.299144949634816385e+03
1.299144949634816385e+03
1.299144949634816385e+03
1.299144949634816385e+03
1.299144949634816385e+03
1.299144949634816385e+03
1.299144949634816385e+03
1.299144949634816385e+03
1.299144949634816385e+03
1.299144949634816385e+03
1.299144949634816385e+03
1.299144949634816385e+03
1.299144949634816385e+03
1.299144949634816385e+03
1.299144949634816385e+03
1.299144949634816385e+03
1.299144949634816385e+03
1.299144949634816385e+03
1.299144949634816385e+03
1.299144949634816385e+03
1.299144949634816385e+03
1.299144949634816385e+03
1.299144949634816385e+03
1.299144949634816385e+03
1.299144949634816385e+03
1.299144949634816385e+03
1.299144949634816385e+03
1.299144949634816385e+03
1.299144949634816385e+03
1.299144949634816385e+03
1.299144949634816385e+03
1.299144949634816385e+03
1.299144949634816385e+03
1.299144949634816385e+03
1.299144949634816385e+03
1.299144949634816385e+03
1.299144949634816385e+03
1.299144949634816385e+03
1.299144949634816385e+03
1.299144949634816385e+03
1.299144949634816385e+03
1.299144949634816385e+03
1.299144949634816385e+03
1.299144949634816385e+03
1.299144949634816385e+03
1.299144949634816385e+03
1.299144949634816385e+03
1.299144949634816385e+03
1.299144949634816385e+03
1.299144949634816385e+03
1.299144949634816385e+03
1.299144949634816385e+03
1.299144949634816385e+03
1.299144949634816385e+03
1.299144949634816385e+03
1.299144949634816385e+03
1.299144949634816385e+03
1.299144949634816385e+03
1.299144949634816385e+03
1.299144949634816385e+03
1.299144949634816385e+03
1.299144949634816385e+03
1.299144949634816385e+03
1.299144949634816385e+03
1.299144949634816385e+03
1.299144949634816385e+03
1.299144949634816385e+03
1.299144949634816385e+03
1.299144949634816385e+03
1.299144949634816385e+03
1.299144949634816385e+03
1.299144949634816385e+03
1.299144949634816385e+03
1.299144949634816385e+03
1.299144949634816385e+03
1.299144949634816385e+03
1.299144949634816385e+03
1.299144949634816385e+03
1.299144949634816385e+03
1.299144949634816385e+03
1.299144949634816385e+03
1.299144949634816385e+03
1.299144949634816385e+03
1.299144949634816385e+03
1.299144949634816385e+03
1.299144949634816385e+03
1.299144949634816385e+03
1.299144949634816385e+03
1.299144949634816385e+03
1.299144949634816385e+03
1.299144949634816385e+03
1.299144949634816385e+03
1.299144949634816385e+03
1.299144949634816385e+03
1.299144949634816385e+03
1.299144949634816385e+03
1.299144949634816385e+03
1.299144949634816385e+03
1.299144949634816385e+03
1.299144949634816385e+03
1.299144949634816385e+03
1.299144949634816385e+03
1.299144949634816385e+03
1.299144949634816385e+03
1.299144949634816385e+03
1.299144949634816385e+03
1.299144949634816385e+03
1.299144949634816385e+03
1.299144949634816385e+03
1.299144949634816385e+03
1.299144949634816385e+03
1.299144949634816385e+03
1.299144949634816385e+03
1.299144949634816385e+03
1.299144949634816385e+03
1.299144949634816385e+03
1.299144949634816385e+03
1.299144949634816385e+03
1.299144949634816385e+03
1.299144949634816385e+03
1.299144949634816385e+03
1.299144949634816385e+03
1.299144949634816385e+03
1.299144949634816385e+03
1.299144949634816385e+03
1.299144949634816385e+03
1.299144949634816385e+03
1.299144949634816385e+03
1.299144949634816385e+03
1.299144949634816385e+03
1.299144949634816385e+03
1.299144949634816385e+03
1.299144949634816385e+03
1.299144949634816385e+03
1.299144949634816385e+03
1.299144949634816385e+03
1.299144949634816385e+03
1.299144949634816385e+03
1.299144949634816385e+03
1.299144949634816385e+03
1.299144949634816385e+03
1.299144949634816385e+03
1.299144949634816385e+03
1.299144949634816385e+03
1.299144949634816385e+03
1.555320451797887927e+03
1.715828572084015605e+03
2.013393193884712218e+03
2.301013503079650036e+03
4.031309730783106716e+03
5.011053642213431885e+03
5.017928297954396839e+03
5.824886592159877182e+03
3.890523177179993581e+03
1.013063564773469625e+04
1.286646326502900592e+04
4.732660274236909572e+03
4.093887034543299251e+03
9.404241269507334437e+03
2.632378590210282255e+03
2.998248295813335972e+03
1.188328662865527986e+04
3.360535080898693195e+03
1.341520794284014301e+04
3.939237785934933072e+03
8.276615923699229825e+03
9.004840343008043419e+03
5.899084415032240940e+03
5.715129924108034174e+03
5.324157019632832998e+03
1.183773075935444103e+04
6.772404849325691430e+03
4.687633168824667337e+03
6.050214504817108718e+03
4.122908238520946725e+03
7.814540335072392736e+03
6.819608298821804055e+03
5.059196161764924000e+03
1.235034215996010971e+04
3.337572440646776158e+03
1.381155011406903941e+04
9.527133841837698128e+03
1.022657092135315179e+04
5.318680368429517330e+03
7.840673806881418386e+03
1.733396836102028828e+04
7.803432184769760170e+03
4.082059890282006108e+03
7.547694930090156049e+03
4.592873189730563354e+03
1.066068010271565981e+04
8.304968031347869328e+03
1.023354587093189548e+04
1.106749035628879938e+04
8.397062714810313992e+03
8.537272543963734279e+03
4.445634667367614384e+03
1.052923132142919530e+04
8.111349861021232755e+03
9.103318343959228514e+03
1.728013315841838266e+04
1.221267088463201435e+04
4.544857501042133663e+03
1.207126595033216836e+04
9.282413894591138160e+03
5.660040873714833651e+03
9.161475610361088911e+03
7.472016835619893754e+03
5.799868450666918761e+03
3.338140208981580599e+03
6.226424467068477497e+03
5.808848235117067816e+03
6.398526991783421181e+03
6.485540896958519625e+03
1.050023581425275734e+04
5.662574671703151580e+03
4.384985173330739599e+03
5.638709561804348596e+03
6.573345381826416997e+03
5.453842695160124094e+03
5.229478763521430665e+03
2.847974758048153035e+03
3.223804431113663213e+03
1.175433425702160093e+04
7.225676806933861371e+03
7.300758240863990977e+03
3.577742228982478082e+03
1.870671995667683586e+04
7.134427812992530562e+03
7.941761647529797301e+03
6.643095581152390878e+03
1.121400698859328259e+04
6.690280948933833315e+03
9.685403680545956377e+03
7.681424079121237810e+03
1.010488694415202008e+04
3.541622425394411039e+03
4.751721094133577935e+03
7.002221388663791913e+03
4.334466852834859310e+03
1.091757074418904813e+04
7.878570154335839106e+03
8.465171641042645206e+03
4.856083047125966914e+03
1.255450888782072252e+04
1.069993573120765177e+04
5.605303695421128396e+03
6.411542698696746811e+03
4.099465096390874351e+03
2.720183852183604813e+03
2.315440805691912828e+03
5.890923854964045859e+03
4.235847987558006025e+03
3.423604437187442727e+03
1.062440565151593182e+04
8.906316595721220438e+03
2.126098067656418607e+03
6.764460636967653045e+03
5.649504183928554994e+03
5.618161167467944324e+03
6.649426046091489297e+03
8.634705407927869601e+03
7.655522377470752872e+03
3.446381244345064715e+03
7.023837522354241628e+03
5.574173809707038345e+03
5.744144518236569638e+03
5.932265183759598585e+03
6.744308808963470256e+03
7.106669359248958244e+03
4.530581737049736148e+03
3.730886803319274804e+03
7.651564720264458629e+03
8.127780305458250041e+03
7.869331651553549818e+03
7.975050027835343826e+03
4.376262247100579771e+03
9.735272852666876133e+03
8.843957571117021871e+03
4.742080601041157024e+03
5.103805737066315487e+03
6.137564757996296976e+03
3.710895077922726159e+03
7.405890345881487519e+03
8.490367105338085821e+03
4.621496977918796802e+03
6.629895630406034797e+03
4.477104099943495385e+03
4.405072707478541815e+03
9.144547210525857736e+03
4.049297608555883471e+03
4.530489683328782121e+03
5.237470092468730400e+03
5.534373421825030164e+03
4.526578201933888522e+03
5.858568417818043599e+03
4.435307908295915695e+03
7.082637283195103919e+03
5.071406186051476652e+03
3.221582457690854881e+03
4.802604429142777917e+03
4.692382750038916129e+03
2.118179612391578303e+03
4.614291334417022881e+03
4.287421651877876684e+03
1.650571412541300560e+03
2.294618209987571390e+03
3.082388453690238748e+03
2.902149517533153812e+03
3.149601138884876491e+03
5.908604206523835273e+03
2.405088602971496584e+03
1.508161425316852046e+03
1.536586696114311962e+03
1.576369613794515544e+03
1.299144949634816385e+03
1.299144949634816385e+03
1.299144949634816385e+03
1.299144949634816385e+03
1.470076978998454706e+03
1.407118456267556439e+03
2.864555024241459705e+03
3.572310641398265943e+03
2.531726975750225847e+03
5.256782926626291555e+03
2.479367125873666737e+03
6.126330762014322318e+03
2.472672450366065277e+03
2.861111552706892326e+03
5.968168949246130978e+03
1.404164339942395782e+04
3.921745419113709431e+03
4.822657363987474127e+03
2.788390550997127320e+03
6.174373132888507826e+03
4.944890125739499126e+03
3.061908939731549708e+03
8.582895854839727690e+03
3.482060219263873478e+03
8.272810949914210141e+03
1.119585781516215684e+04
8.327357279609655961e+03
1.841806199627713113e+03
2.132138902475905070e+03
4.057232625481132345e+03
3.563914844846263804e+03
3.937021276816774844e+03
2.637188390947201242e+03
3.617088451210911899e+03
4.723720308414338433e+03
8.757353837864444358e+03
3.515768677216821288e+03
5.649811868203766608e+03
4.745534042593035338e+03
4.710553164429076787e+03
2.763404760899383746e+03
1.930984759115598081e+03
2.983072795607682110e+03
2.198949793901319481e+03
2.850679987077346141e+03
3.816766452398184811e+03
2.982413731196888875e+03
3.520784653959947718e+03
2.643519777477165462e+03
5.394480924318171674e+03
2.238391786620855328e+03
5.788077452552020077e+03
5.433841181173052973e+03
4.455542772188792696e+03
4.185673367705837336e+03
1.031603561883744260e+04
3.316003153726383061e+03
4.444486583917541793e+03
1.015555971263573520e+04
1.389765660418267180e+04
4.683158781309693950e+03
9.572648225516717503e+03
6.662884307228771831e+03
4.213831944306398327e+03
1.202601236615589914e+04
1.373895703222565089e+03
3.498781280748576592e+03
4.876182343563767063e+03
3.221953833333409420e+03
2.981257309184018595e+03
2.905540102122733515e+03
5.012425077307112588e+03
3.290410092908295155e+03
2.171998573320703144e+03
2.606410046107920152e+03
1.819550945107532243e+03
2.321444619816941668e+03
4.572660771440846474e+03
4.696519726679339328e+03
4.922190540844200768e+03
7.951426697850081837e+03
7.092206262269629406e+03
4.779460858492752777e+03
5.679142695789693789e+03
8.507832238116465305e+03
5.624384353412643577e+03
7.694149362532624764e+03
1.241505924367820080e+04
5.285018674264914807e+03
8.627132757969424347e+03
7.592782511796725885e+03
7.551867263133748565e+03
6.065602447609779119e+03
5.002485347959236606e+03
1.096274386286384288e+04
6.073967782340143458e+03
1.062922201722177488e+04
5.412522668743828945e+03
8.131733895297296840e+03
6.402031091955261218e+03
7.179151989582685019e+03
5.133698444109350021e+03
6.092043692216726413e+03
2.205301391885858175e+04
6.390543216909765761e+03
7.142304600809370640e+03
1.033303724929129567e+04
6.097455923126091875e+03
1.108542817502025719e+04
9.033671164966284778e+03
6.035884561597462380e+03
6.939035233662298197e+03
5.813733703772099943e+03
5.066458474976543584e+03
4.609414960173143299e+03
8.056438050609730453e+03
5.077039146667814748e+03
3.857417524642713943e+03
5.823173377968662862e+03
5.215046840918339512e+03
6.018979637504507082e+03
9.399360271351235497e+03
3.954313750700994206e+03
4.037868997482004488e+03
5.705106535284081474e+03
3.408769288226905246e+03
3.796166187031868049e+03
5.204923134131708139e+03
4.572609473649494248e+03
4.572208380409894744e+03
5.839625355776976903e+03
5.590469715654819993e+03
5.098137119381510274e+03
4.776100663648695445e+03
3.053503049026613098e+03
2.541009803693433696e+03
1.991204605030249468e+03
1.550538341347420328e+03
1.385180980328839269e+03
2.922628139605443721e+03
6.357079031419510102e+03
4.091520009008439047e+03
2.113501564246176258e+03
7.178133585832663812e+03
5.379504498347107983e+03
6.310193302092892736e+03
2.843008219168278629e+03
6.122129873742579548e+03
6.628580474973390665e+03
3.696502639522558638e+03
9.242232036631781739e+03
1.124086174374674738e+04
1.023314649695379012e+04
1.499655688564174488e+04
6.593179371130455365e+03
1.737869046760108176e+04
6.897728800256372779e+03
1.360530488345032063e+04
6.948605771319682390e+03
5.713692325137414628e+03
6.257082853355472253e+03
4.788352371648552435e+03
6.057156461559429772e+03
4.347986832775139192e+03
4.764071657340973616e+03
7.399251386556774378e+03
1.136224341823190662e+04
4.813109069787185945e+03
5.251819005924153316e+03
5.562234482396611384e+03
3.117973120212865979e+03
1.360689370284415418e+04
1.637085241824897139e+03
1.552666208392047338e+04
5.743389486391659375e+03
1.272506777009451980e+04
5.683539051738096532e+03
1.306607693036323326e+04
7.308034537982290203e+03
1.315650653334980416e+04
3.077490408168717295e+03
6.935077881402086859e+03
5.685708816081558325e+03
2.267084857763722539e+03
3.728251497074938925e+03
5.432928098140626389e+03
4.078095927021311581e+03
4.348095973793388112e+03
2.679563296821492258e+03
1.831394266357181550e+03
2.612216353072743004e+03
1.507007469479598058e+03
1.740382162001039205e+03
1.777362270167122460e+03
1.648915187540838815e+03
1.502741821559564187e+03
1.299144949634816385e+03
1.299144949634816385e+03
1.299144949634816385e+03
1.299144949634816385e+03
1.299144949634816385e+03
1.299144949634816385e+03
1.299144949634816385e+03
1.299144949634816385e+03
1.299144949634816385e+03
1.299144949634816385e+03
1.299144949634816385e+03
1.299144949634816385e+03
1.299144949634816385e+03
1.299144949634816385e+03
1.299144949634816385e+03
1.299144949634816385e+03
1.299144949634816385e+03
1.299144949634816385e+03
1.299144949634816385e+03
1.299144949634816385e+03
1.299144949634816385e+03
2.430638081543534554e+03
7.718795685878390032e+03
4.722717056616663285e+03
7.198506405243505469e+03
5.508283074285544899e+03
4.765308384470660712e+03
5.514989282007542897e+03
2.963894780685772730e+03
1.173125228780958059e+04
7.276017175266303639e+03
6.259855143254044378e+03
5.686077066956611816e+03
4.434479243205599232e+03
6.353935615003820203e+03
2.893912439119425017e+03
2.405072573108221150e+03
3.330602719802550382e+03
4.042508960459161244e+03
5.833655542158439857e+03
2.225126627117879252e+03
5.941174826363629109e+03
4.057902956847155110e+03
3.062240261755201573e+03
3.819865229065813310e+03
3.874395408878113813e+03
2.263105608429617405e+03
3.272117857919714879e+03
2.321146478647208369e+03
2.881966967529860540e+03
4.356772859363021780e+03
2.003523140530757928e+03
2.321908260758885717e+03
2.384035421502091594e+03
3.842386912077631223e+03
4.844811135957979786e+03
5.415305170564997752e+03
2.671422290545267515e+03
3.290051410782936728e+03
1.734043483642171168e+03
1.537484829150856740e+03
3.333762867782983903e+03
2.219125431751417182e+03
1.854681174449292030e+03
1.299144949634816385e+03
1.299144949634816385e+03
1.299144949634816385e+03
1.299144949634816385e+03
1.299144949634816385e+03
1.299144949634816385e+03
1.299144949634816385e+03
1.299144949634816385e+03
1.299144949634816385e+03
1.299144949634816385e+03
1.299144949634816385e+03
1.299144949634816385e+03
1.299144949634816385e+03
1.299144949634816385e+03
1.299144949634816385e+03
1.299144949634816385e+03
1.299144949634816385e+03
1.299144949634816385e+03
1.299144949634816385e+03
1.299144949634816385e+03
1.299144949634816385e+03
1.299144949634816385e+03
1.299144949634816385e+03
1.299144949634816385e+03
1.299144949634816385e+03
1.299144949634816385e+03
1.299144949634816385e+03
1.299144949634816385e+03
1.299144949634816385e+03
1.299144949634816385e+03
1.299144949634816385e+03
1.299144949634816385e+03
1.299144949634816385e+03
1.299144949634816385e+03
1.299144949634816385e+03
1.299144949634816385e+03
1.299144949634816385e+03
1.299144949634816385e+03
1.299144949634816385e+03
1.299144949634816385e+03
1.299144949634816385e+03
1.299144949634816385e+03
1.299144949634816385e+03
1.299144949634816385e+03
1.299144949634816385e+03
1.299144949634816385e+03
1.299144949634816385e+03
1.299144949634816385e+03
1.299144949634816385e+03
1.299144949634816385e+03
1.299144949634816385e+03
1.299144949634816385e+03
1.299144949634816385e+03
1.299144949634816385e+03
1.299144949634816385e+03
1.299144949634816385e+03
1.299144949634816385e+03
1.299144949634816385e+03
1.299144949634816385e+03
1.299144949634816385e+03
1.299144949634816385e+03
1.299144949634816385e+03
1.299144949634816385e+03
1.299144949634816385e+03
1.299144949634816385e+03
1.299144949634816385e+03
1.299144949634816385e+03
