1.299144949634816385e+03
1.299144949634816385e+03
1.299144949634816385e+03
1.299144949634816385e+03
1.299144949634816385e+03
1.299144949634816385e+03
2.463279945414872600e+03
1.458100338957556460e+03
1.761848130017056974e+03
9.618759389598028520e+02
1.207048958227368075e+03
1.795745585309598710e+03
2.167796642338412312e+03
2.731733873131633118e+03
8.361745163607382665e+02
1.189328201636462381e+03
8.700495840341882285e+02
1.304496716180813110e+03
8.222661625022624321e+02
6.459027378134970832e+02
9.884768905159053247e+02
1.291913504622820483e+03
1.127510880088046406e+03
9.491066945740839174e+02
1.115187658705493732e+03
1.453217615184497618e+03
1.781893833232352335e+03
1.755945778911132038e+03
1.804884941320965481e+03
1.690982162147682857e+03
1.771773252188480910e+03
2.147643862358143451e+03
1.313354800341883674e+03
2.577615640388774864e+03
4.008031948252825714e+03
1.855068853317724006e+03
2.493876872449493931e+03
2.608585956115668523e+03
1.628387492706073544e+03
1.317147053096559830e+03
2.597392122259970620e+03
2.613096039136823492e+03
3.386449863751473458e+03
2.581881781501452224e+03
1.976038826031764984e+03
2.880588055878720752e+03
1.992574314663922905e+03
1.786477808663237965e+03
1.821477046874432290e+03
2.312271193875400968e+03
2.690220150859161549e+03
2.881358092636825404e+03
2.920677103545574028e+03
3.759002046779631200e+03
3.233946099921676705e+03
2.888195620646012230e+03
1.835201181744195083e+03
3.181257023380266673e+03
2.539413703745347448e+03
2.768731307538903366e+03
3.103794189070310040e+03
2.809111532089605589e+03
1.922305108958183610e+03
2.261755155829584965e+03
1.861768443595291046e+03
2.594369574201141404e+03
2.173252835836287431e+03
3.213775769095518172e+03
2.492513487502543285e+03
2.724641999061144816e+03
2.265400558337100392e+03
2.720043149861015536e+03
2.547734501818223634e+03
1.983796989916752409e+03
3.862973830329639441e+03
2.403819553513485516e+03
3.154079386706900095e+03
2.417409109836965399e+03
3.844056644718118150e+03
4.472624892872076089e+03
3.687312100362303681e+03
3.077402926468094392e+03
3.386966579806013669e+03
3.942594767168943235e+03
4.081624578208231924e+03
3.927545399670738789e+03
3.295277859879789958e+03
3.502997576948147525e+03
5.581673656626497177e+03
3.891215764719398067e+03
2.801726068432364173e+03
2.673648291306041756e+03
3.263487537105942010e+03
3.143144166607594343e+03
2.844121458945462109e+03
2.989642553827136453e+03
1.978522589484656919e+03
2.243614613536268735e+03
2.285742225192795104e+03
2.927651251980550569e+03
3.489928864042410169e+03
1.600618309931826843e+03
1.485647329896206884e+03
2.577512685406413311e+03
2.156406620025169559e+03
1.987405326572449894e+03
3.667232258076068319e+03
2.873625961682397701e+03
8.447758746126038432e+02
1.234779533216115624e+03
7.165339878768586459e+02
1.102489610792143367e+03
9.389699553750810992e+02
3.498091847477080023e+02
6.984888544423270105e+02
4.042584970801118516e+02
4.401416935611035228e+02
5.308872275522305699e+02
3.189006225518908195e+02
2.467760894851627711e+02
7.571909515329326723e+02
4.509235743460487811e+02
7.690454158489490055e+02
4.899038194410675260e+02
8.896846438333030846e+02
4.527238936260180253e+02
6.169475542284761787e+02
1.370968444837787274e+03
6.061008198162537610e+02
2.286303915961183066e+03
1.732955459680615832e+03
9.194672372289414852e+02
8.591948603557862043e+02
1.438443238759944961e+03
1.361679846781522883e+03
1.097127383767934134e+03
1.785522342871030105e+03
1.119336561405345719e+03
2.528843625584166148e+03
5.183494510110735973e+03
2.252370844593634956e+03
3.965106239900633682e+03
6.472414744634968883e+03
7.086329357575251379e+03
5.168520679246427790e+03
5.406213921356636092e+03
4.288965344960466609e+03
6.688440362747622203e+03
7.307719845171958696e+03
4.721151465142789675e+03
5.308916634569616690e+03
7.329074701916209960e+03
4.896111451463541016e+03
8.567140354245646449e+03
4.024655135169633013e+03
4.502130483190700033e+03
6.950670795775954502e+03
2.453096030562525357e+03
2.959519106176521746e+03
3.139674364755187526e+03
3.061610348414693362e+03
2.755358991125602643e+03
4.994654582377647785e+03
6.180717252883512629e+03
1.707672407329394673e+03
3.496342746314242504e+03
3.071946656578727925e+03
2.172780335685135469e+03
1.282290208427036077e+03
3.479713725743336909e+03
2.839148206519847918e+03
2.092595081367288003e+03
5.306846214423923811e+03
6.089314575329888612e+03
4.255014228857517992e+03
7.075007102469436177e+03
3.525861193083251237e+03
2.711691621757671328e+03
5.161881453190664615e+03
6.070974081170870704e+03
5.896308918020327837e+03
5.442402530332722563e+03
4.228595427523444414e+03
4.268693575485328438e+03
1.297611207210742941e+04
3.628953800124671943e+03
3.003160042052732933e+03
2.306456876122524136e+03
6.972649591949067144e+03
2.241385605966170715e+03
2.625032000200093080e+03
3.390037066310226237e+03
2.807072643544845960e+03
2.680687934682780906e+03
6.888533637903631643e+03
3.093489307025421567e+03
1.020751092535011048e+04
4.535338722035931823e+03
2.711224807608475203e+03
4.858681907816649073e+03
2.289795530239208347e+03
7.866762887695989775e+03
4.425017925494226802e+03
3.014900497276789793e+03
2.501207958263623368e+03
6.781836976841294018e+03
5.867244560097772592e+03
4.025856711234508566e+03
5.609701412801718106e+03
1.919727636443916708e+03
2.863006554381686328e+03
3.096571475004188869e+03
6.339488672163310184e+03
2.787756574708002972e+03
1.228679283602841497e+04
1.554557160066310644e+03
4.426757135603978895e+03
2.239819323433833688e+03
5.538864511317768120e+03
4.447979653824421803e+03
4.736814422608671521e+03
2.092806179000959673e+03
2.533006514689035612e+03
4.862163922454699787e+03
3.599727357384871084e+03
1.404658752807897827e+03
4.300262340107151431e+03
4.509766574894441874e+03
6.656213408438674378e+03
3.513367537803419964e+03
3.433041171153488904e+03
2.119709528618448985e+03
1.667567128893200561e+03
4.777899929000901466e+03
6.840543315845400684e+03
3.269849128884997299e+03
1.060998303315148223e+04
3.496419141129868876e+03
4.748218460309086367e+03
4.561338278443334275e+03
7.550413286998248623e+03
1.055392480013103886e+04
2.839594316746793083e+03
2.518626668381359650e+03
3.979139745348872566e+03
2.178254047761786751e+03
6.544574304470386778e+03
5.321475740680851231e+03
7.449873949257527784e+03
5.496415496836001694e+03
6.231252370812091613e+03
5.485751936064498295e+03
6.197928538478314294e+03
3.406135473515605099e+03
4.998332858729083455e+03
6.791761823417416963e+03
8.950746602425473611e+03
1.378984023178225652e+04
8.428892381265784934e+03
9.326241579335082861e+03
1.301010649290756919e+04
1.021525451046106537e+04
4.892676546532994507e+03
4.149954445521645539e+03
8.556827044844956617e+03
3.740727780743141466e+03
4.330976311118430203e+03
2.889043836096115683e+03
3.205863269289254276e+03
4.830195612255434753e+03
3.266559474414691067e+03
3.187091004652040738e+03
4.955116143930410544e+03
6.139463721288877423e+03
1.223411524288998226e+04
1.365674148312730358e+04
7.714433636661221499e+03
6.621298591442791803e+03
5.382155217312453715e+03
6.318191845372874923e+03
2.885283198253052433e+03
2.426459593269350080e+03
2.646176236958730897e+03
3.813805593083288841e+03
4.008545299992618766e+03
4.728315960418050963e+03
4.072174940561867515e+03
5.611691220534072272e+03
7.482490429177049009e+03
4.972138999216977936e+03
5.237911909432895300e+03
3.264995812470562669e+03
4.010219404789930195e+03
3.242939585360109049e+03
2.585224229320974700e+03
4.085924763737172270e+03
4.236894139753385389e+03
3.065199196732771725e+03
4.820064957887148921e+03
8.529027717607474187e+03
6.845090639745464614e+03
4.203917856079404373e+03
5.807878727539763531e+03
5.021391646702534672e+03
7.911849636346378247e+03
8.984374072916578370e+03
2.617079369216326540e+03
1.871888844066032107e+03
2.656393296572943200e+03
2.117536601467367291e+03
5.120370535630893755e+03
2.193207912081564245e+03
4.211523692585967183e+03
2.932743402232994868e+03
4.303508652912499201e+03
3.044750502465199588e+03
4.774622220354394813e+03
1.987125080202792560e+03
1.015858173089408774e+04
3.973978317202289418e+03
9.003125757100166084e+03
4.825048174823976296e+03
1.064449706721432631e+04
4.194499764896624583e+03
4.105609106280860942e+03
2.094473449498401806e+03
1.455879814981117079e+03
3.675701762223321566e+03
3.450526650958769551e+03
2.523892567949819750e+03
1.165447351466564669e+03
3.754968256246618694e+03
2.002783220825038825e+03
2.005932935866924936e+03
3.221514665370655621e+03
2.285848841809666737e+03
4.018560016338578862e+03
5.073704016646644959e+03
8.124849703157911790e+03
5.061680849272721389e+03
6.101582835589076240e+03
7.584610679480570980e+03
2.127656406599615821e+03
5.405519851468020534e+03
2.072659214994296235e+03
1.534989659744647270e+03
5.534518276466194038e+03
3.995076121900641283e+03
2.795401869506138610e+03
2.641709725671646993e+03
3.897383574223541473e+03
2.523316676817148618e+03
2.492994608182026241e+03
2.601262614969638435e+03
3.476778383164636580e+03
2.211553042653820285e+03
4.383776013074376351e+03
6.851714271305629154e+03
3.141880725970488129e+03
2.506143480868696315e+03
3.357362003293108955e+03
2.427220737964951240e+03
4.430487004422677273e+03
3.604342568083307015e+03
7.690512374132353216e+03
1.316106861860457684e+04
3.354536931418381300e+03
5.527144173583545125e+03
5.540392609627287129e+03
7.405659929758860926e+03
5.295163087361928774e+03
2.308761146262120747e+03
3.731765843949659939e+03
5.860559760934034784e+03
4.295507311920351640e+03
4.618349487612083067e+03
2.884656394893702327e+03
2.917267167905056795e+03
4.388742249220513258e+03
5.221774459554902933e+03
8.981441357333573251e+03
6.889411533994352794e+03
3.102653028119180817e+03
4.607269327361774231e+03
6.939103954660766249e+03
1.962830544962881959e+03
4.267424630336325208e+03
8.713175970516484085e+03
2.221359585789723042e+03
3.735458496500362344e+03
1.170615738909960237e+04
2.868673259228180996e+03
2.166427438844571498e+03
6.253582704619916512e+03
2.149025492350886452e+03
6.855886814413733191e+03
7.426490190627564516e+03
1.149138960084091741e+04
4.248790326593694772e+03
5.381501319956507359e+03
1.112586280042369799e+04
3.773985147695369960e+03
3.933626480023307067e+03
3.572956194967981446e+03
2.624367388233697511e+03
3.073935697371654442e+03
2.885238443166623256e+03
3.867673105300678799e+03
4.733558134386623351e+03
4.656030469677001747e+03
4.073250314919528137e+03
3.814124411411929032e+03
4.446801983268627737e+03
2.278634597705775832e+03
4.028602231392938393e+03
3.121767648256390203e+03
2.089478132782271587e+03
2.209359490553815704e+03
5.483932564517302126e+03
1.773326161626805742e+03
3.708517464919825670e+03
2.725846935440134530e+03
3.763877142052553154e+03
2.379146429320895095e+03
2.735647764583010030e+03
5.515526206848079710e+03
6.679920074919960825e+03
5.076987604927753637e+03
8.402335058664742974e+03
3.505857195151660108e+03
5.807650756507349797e+03
4.956785358369922506e+03
8.314022641567858955e+03
4.938068431423359471e+03
4.581582755354767869e+03
7.744945251488979011e+03
4.949486294995213029e+03
4.387418119770209159e+03
5.513020441042923267e+03
3.897781767252357440e+03
2.201510409435374640e+03
3.440141090730641736e+03
7.690275848165492789e+03
3.728517908160288698e+03
7.416822468192963242e+03
5.347624964932954754e+03
4.526937489327786352e+03
3.293300314268911279e+03
8.849165494623310224e+03
4.312836894042268796e+03
4.067738604341275277e+03
4.941185255826128014e+03
3.888617255625470079e+03
5.942100155460086171e+03
3.134931341140716540e+03
5.776387820564475987e+03
4.265533603425511501e+03
5.248686891211678812e+03
7.744069313254977715e+03
4.738782376082762312e+03
5.989599490711629187e+03
8.515822571394091938e+03
4.161446651980619208e+03
4.530820602197289190e+03
3.754100251426384602e+03
2.942859872843062021e+03
5.555718161273493024e+03
3.621143458462650869e+03
4.204490165571221951e+03
5.156705052627168698e+03
4.633845833811667944e+03
5.699384187305738124e+03
4.484080520411642283e+03
4.219899666900683769e+03
3.757122421676835984e+03
7.419012726900457892e+03
6.418693837988555970e+03
4.606225807682765662e+03
3.607407274944959227e+03
3.688997032800016768e+03
2.981500017775267679e+03
2.855307951929817591e+03
1.784786229710483667e+03
4.425659696398634878e+03
5.625175514402621047e+03
4.266979182887384923e+03
8.655788632643269011e+03
4.876601571060005881e+03
5.712479153017688986e+03
7.649711701136789088e+03
2.939782741376390277e+03
2.858975319925101303e+03
7.641595576921046813e+03
4.038953996518559507e+03
4.253345226026395721e+03
4.268944294176818403e+03
2.178125258529676103e+03
3.468633377529033623e+03
7.013129244759952599e+03
6.349360596454279403e+03
1.323963960480802598e+03
3.293978124869851854e+03
3.184241097007798089e+03
5.056287078944200402e+03
2.624430662596517777e+03
5.503479774181066205e+03
4.147731787540737969e+03
5.552260287253724528e+03
6.347881199485139405e+03
1.056092259017388278e+04
4.770553801724679943e+03
5.620214357251368710e+03
1.285387092384809876e+04
1.498523459126014859e+04
9.193336391594297311e+03
1.368199098080180374e+04
9.604918296441535858e+03
1.658228238590650290e+04
1.344702371415427297e+04
6.413640041864027808e+03
6.172315404157276134e+03
8.646138813269215461e+03
1.196547114763659556e+04
9.205864367656589820e+03
5.756469924685467959e+03
3.487774664089673024e+03
4.662858526986409743e+03
4.663991594055383757e+03
9.427724872218132077e+03
8.397568351178664670e+03
9.950851700785255161e+03
7.490487910323317010e+03
1.372770072204492317e+04
1.210255660725186135e+04
1.642944255048772902e+04
8.652717525778210984e+03
1.197766120979208972e+04
1.527761364929451338e+04
1.205330306853377442e+04
8.003941856803410701e+03
8.663218001864663165e+03
1.350177786283113164e+04
5.994143971964943375e+03
9.479388801661865728e+03
1.210962395633720735e+04
5.607955538458037154e+03
4.989240865495549770e+03
2.767579238956491736e+03
4.290781486320243857e+03
6.039090613700020185e+03
4.187076646769786748e+03
7.732261308325288155e+03
5.455406836417804698e+03
3.431837969785061432e+03
4.574119080891366139e+03
4.936456496952396265e+03
3.221602157965724473e+03
5.532325327856110562e+03
2.124660531830575110e+03
2.053505889026539990e+03
2.951137544165329928e+03
3.692749828233952940e+03
2.216718834051233443e+03
2.196143256401998769e+03
4.474994069153861346e+03
4.171852919600452879e+03
1.927692510992872030e+03
5.274427928866190086e+03
5.158346404172518305e+03
4.136345083576233264e+03
3.346719034301836473e+03
4.305805424760512324e+03
2.885745700097029840e+03
9.719071850472237202e+03
2.205532174294219203e+03
1.720419413965311605e+03
3.544837461343784980e+03
3.248247623768445919e+03
6.624379698202767031e+03
2.576694183276362764e+03
3.684803955064463480e+03
4.264352370136294667e+03
2.114394146327390899e+03
3.416188370457374276e+03
5.906625760033334700e+03
7.045082081328743698e+03
3.213760052152990738e+03
2.464286680891388187e+03
3.261765520796102464e+03
2.711700896934460161e+03
5.982459945356900789e+03
1.836855370285645904e+03
4.853641020845853745e+03
4.078049411613107623e+03
3.341077685799256415e+03
9.273430530669846121e+03
1.309390798317586996e+04
2.877442777270483020e+03
7.001355408070766316e+03
6.488100189058645810e+03
6.744350162414962142e+03
4.261173838099161003e+03
4.045632786730709540e+03
2.658306047733391097e+03
3.390649693313436728e+03
3.796981641114522063e+03
1.129716754685628803e+04
9.898141193635343370e+03
8.129827505390536317e+03
3.196700532935198680e+03
2.604224389534164857e+03
1.663005205887480543e+03
6.301254851551875618e+03
3.773493127450981774e+03
5.090423391581711257e+03
9.675855412258584693e+03
1.274544901303806546e+04
2.427018411106179883e+03
5.143468380072577020e+03
5.052119002328833631e+03
3.328140452629932497e+03
5.517617895043251337e+03
3.385604407011509920e+03
8.939562901322618927e+03
4.272754333906427746e+03
3.519744040268871686e+03
7.512357191139803945e+03
3.788535120647011809e+03
4.011976527895232266e+03
2.497413970059802978e+03
4.055680627434467169e+03
5.505568913802751013e+03
2.113869322673552688e+03
3.134419460343996889e+03
6.712225104802877468e+03
3.886406341812724349e+03
5.271978222799170908e+03
6.693576009080962649e+03
7.710380452447109747e+03
1.013071818451214858e+04
6.269348642382233265e+03
6.461368163791749794e+03
3.142456468164543821e+03
9.189703536201106544e+03
3.194083644195128727e+03
5.818647935372708162e+03
3.809114597779777796e+03
3.431731942821282701e+03
6.750095183703520888e+03
6.260249691692973101e+03
5.032636019941575796e+03
5.772429225636713454e+03
1.211881875830873651e+04
7.889742531702565429e+03
1.012430709332556398e+04
1.056827858425769955e+04
1.077290852032089242e+04
1.170504482471665142e+04
8.453459621890035123e+03
1.391647859153034733e+04
1.060931123759021830e+04
1.403311693287546223e+04
5.693292003824921267e+03
1.137604574576841696e+04
8.830510702801266234e+03
5.856957229539130822e+03
7.981987586014491171e+03
5.876451410941315771e+03
5.322897771009829739e+03
3.872517168773971662e+03
4.744037304025906451e+03
3.544318613932706739e+03
3.225496081605422205e+03
3.372539716382900679e+03
3.695124964141547025e+03
3.396557371644993964e+03
3.936112116250248619e+03
3.299536610924430079e+03
9.051132417444236125e+03
1.329432496173420441e+04
3.835516394925538862e+03
6.985689149152730351e+03
4.775893453191139997e+03
7.256226943348729037e+03
2.836053372906501409e+03
6.714342306549565365e+03
4.001442270762416683e+03
2.230838388860174291e+03
8.695235895335290479e+03
3.613555794602465085e+03
7.492035351962593268e+03
4.077545826005994513e+03
2.568827364332064917e+03
3.935159411914394695e+03
6.022360839137197217e+03
4.673653569261630764e+03
4.111597955888536490e+03
6.797286007097070978e+03
1.730015653988611803e+03
6.194996184844972049e+03
5.784189206818113234e+03
4.623935350135199769e+03
1.703014988570087098e+03
3.417380866294532552e+03
3.559440438423339401e+03
3.191509598557298887e+03
2.349357032185593198e+03
4.146270211211141941e+03
2.225522957398376548e+03
3.051066531727271922e+03
3.301245156676154238e+03
3.865271603024764318e+03
2.208655040576772990e+03
2.615644099666304555e+03
2.931252640488966790e+03
2.143659957446423505e+03
2.477445545951788972e+03
3.394665164090135022e+03
2.018783813881429751e+03
1.703287701947592041e+03
1.878317754857069303e+03
6.679979161259241209e+02
3.963724603913984083e+03
3.608664531137053018e+03
2.056147899837055320e+03
6.537587315028410558e+03
1.630984079672619373e+03
3.116441299932531820e+03
3.860325589813176975e+03
3.025371813135559478e+03
1.481963130039175894e+03
2.596043298828138632e+03
2.311919251772103507e+03
3.834003493420955238e+03
3.685770430099847999e+03
2.700016785292153600e+03
1.848290582029831285e+03
1.683972832814757794e+03
1.810184365291296899e+03
1.556329060928916988e+03
2.134861966194479919e+03
1.319344936562835073e+03
1.329303871342829780e+03
1.901056063718177029e+03
2.536915281709724240e+03
2.083210535526176045e+03
2.146718064723368116e+03
2.132249085896240558e+03
2.132957353148147831e+03
1.120403773190643051e+03
8.629193172835705354e+02
1.992825655347910924e+03
1.960321255459609347e+03
1.292235162895443409e+03
1.668048716195264433e+03
1.107484388643960301e+03
2.761354943901103525e+03
2.079692596769477404e+03
1.405790823312150224e+03
8.445201197154882493e+02
2.058650279022466748e+03
1.006183695172189687e+03
2.327613258916817358e+03
1.830405933125676256e+03
3.298730578133747258e+03
3.089690703907516308e+03
3.705262014645129966e+03
4.376765880746854236e+03
2.914355480534632079e+03
2.435454285001491371e+03
2.376315234171740485e+03
1.516557626037646060e+03
3.080614001038465631e+03
8.035355842655186507e+02
2.605324379940414019e+03
2.544291135201785437e+03
1.984811518334891616e+03
3.026073980635166208e+03
1.715856719447338037e+03
1.458276276062859779e+03
2.794626016293653720e+03
7.756834623085741214e+02
1.625939262063142451e+03
2.767928969001060977e+03
1.091771166632579479e+03
3.902882357288284311e+03
2.210396737421086527e+03
1.855002531954199185e+03
2.060752865675950034e+03
1.671477993329390529e+03
2.370312938601712176e+03
8.679306612109047592e+02
1.604734457680253854e+03
1.395171943157415853e+03
5.969141734545341933e+02
9.747673855207626730e+02
1.248287509704191962e+03
8.857123976942656327e+02
1.340944427638324214e+03
8.527004935565976211e+02
3.836600595299074485e+03
2.154797141380944595e+03
2.063357855921078681e+03
1.329005030609677533e+03
1.224106198235380134e+03
1.398991942536244323e+03
2.102471360102543713e+03
1.947811959110595581e+03
2.306101085674487422e+03
2.058370448004930495e+03
3.130803195892457097e+03
1.307348067066275235e+03
1.452248561009293326e+03
2.024893610689497564e+03
1.004450024942121445e+03
1.373136943857819915e+03
1.266038400836302799e+03
1.635076676538708170e+03
1.370584437537422900e+03
1.231995121990903272e+03
1.623918652116126850e+03
1.280521653249672909e+03
1.631234668478894264e+03
1.582881153814107620e+03
1.848092276875887137e+03
4.222214195036235651e+03
1.190938478694264404e+03
2.007662811398505255e+03
1.463079853941969759e+03
2.056781837240800542e+03
1.599793501297325747e+03
1.841123514866526875e+03
2.010823312202666330e+03
1.075133937533001699e+03
7.237353094016306159e+02
7.767262586424290021e+02
7.800036233244940149e+02
6.008261053891255870e+02
6.934169815794118676e+02
6.575376993215404582e+02
6.466947436934897269e+02
1.025843718270283944e+03
1.499769621852915407e+03
1.462340050515689882e+03
7.575825283043185436e+02
5.977185877073123947e+02
8.514905341175500553e+02
1.140473525072783104e+03
1.491650921178288627e+03
9.985577224806677350e+02
1.006893452287777336e+03
1.369801458993745655e+03
1.905262542513399694e+03
9.590516964220379350e+02
1.187757086764503583e+03
7.414344147697061089e+02
8.749847887271115496e+02
1.600861454501294475e+03
1.542160242640170736e+03
1.299144949634816385e+03
1.299144949634816385e+03
1.299144949634816385e+03
1.299144949634816385e+03
