5.829085690389602860e+03
4.138688904965392794e+03
3.286589995373367401e+03
5.052572507637066337e+03
3.431445168152572478e+03
5.081871769314109770e+03
5.980287487147817956e+03
3.343565231178049544e+03
2.451016858708226664e+03
1.565791987372028188e+03
1.629435821018656952e+03
1.907941714234164465e+03
1.615507153389767382e+03
2.838688583016516532e+03
3.397596756168705269e+03
1.841689437251762683e+03
1.863871292963204723e+03
1.734010406497759732e+03
4.363400223404215467e+03
2.419170001169127318e+03
2.466875271489316219e+03
2.210055156453625386e+03
4.903533455105948633e+03
2.708828515433241591e+03
5.699747343372928299e+03
4.301343165765097183e+03
3.347820520203660180e+03
4.480207215871598237e+03
3.428772823089958365e+03
3.926482360109480851e+03
3.763614540672730072e+03
4.072510447276058130e+03
3.230275588703525500e+03
3.961141365337095067e+03
4.429826119545409711e+03
3.744216894746225535e+03
2.696244835494573181e+03
2.903704700381716066e+03
3.069913896221284176e+03
2.872301806564286835e+03
2.285894025918638818e+03
1.976117521001231353e+03
3.883683408613925621e+03
4.024709309846583437e+03
4.358266437876635791e+03
4.227331179944454561e+03
1.102673851233668302e+03
2.268863929669699701e+03
2.108655234169288633e+03
4.187297119976331487e+03
3.449929577182854246e+03
4.464891255885515420e+03
2.995208035684963306e+03
3.206441049303163709e+03
1.294510765926477688e+03
2.396003375198900358e+03
4.530188047964991711e+03
2.579031513087107669e+03
3.633715097570064245e+03
3.789774012753121497e+03
3.725779397063291981e+03
2.202066998940398662e+03
3.479861795741437618e+03
4.034768649685885521e+03
2.430805641927046054e+03
1.935579581302410134e+03
4.799359414606267819e+03
4.110823589062144492e+03
2.673690728176895846e+03
5.666258129047399052e+03
4.269372644618967570e+03
2.300421142196950314e+03
3.087700975280083185e+03
2.624121210654043807e+03
4.649559102830840857e+03
4.237885723772352321e+03
3.785781057713017617e+03
4.606300156393886027e+03
3.320084466743508983e+03
6.303408667012455226e+03
6.795424776365815887e+03
3.149023183897067156e+03
4.663419762939895918e+03
4.846061516370227764e+03
6.802040551893869633e+03
7.088636616721899372e+03
7.908492945403380872e+03
7.678651262995324032e+03
6.706167551988896776e+03
4.698505188397708480e+03
5.621074820275018283e+03
3.496268776814751163e+03
5.339649048989589573e+03
2.768045984688394583e+03
1.535589482608155095e+03
1.636683246063523711e+03
2.420910989441384118e+03
5.639660890973651476e+03
3.918418386306839693e+03
3.623745728830684584e+03
4.358411049707440725e+03
3.355880507870337624e+03
4.105898424817237355e+03
2.242329032295706838e+03
3.181248238328453681e+03
2.324588367184742310e+03
2.195683910456133617e+03
2.954281274523400953e+03
3.058583216010903016e+03
5.190046161957939148e+03
3.354053343768122431e+03
2.661326441113774308e+03
2.703786039728518062e+03
2.553582671205042061e+03
2.954889117986186193e+03
2.075147149171028559e+03
2.503812532490416288e+03
1.866311154501663623e+03
1.763936056395224568e+03
2.390926762558834525e+03
2.549276551485383152e+03
2.783133843709046232e+03
2.108773369010001716e+03
2.477558891634459997e+03
2.714376655841751472e+03
2.973172521810238322e+03
1.203454045527601011e+03
1.750781892055384787e+03
1.671979355553054120e+03
2.013098949147411759e+03
1.851024367778815304e+03
4.123342399631026638e+03
8.614474075408874342e+03
4.004687194853207529e+03
4.244940385483068894e+03
4.116901353625808952e+03
3.334501346650931737e+03
1.510519959514761013e+03
4.552463812433370549e+03
4.652131289634956374e+03
4.906354780309562557e+03
6.175967481294308527e+03
4.535832819441594438e+03
3.318865656052985287e+03
4.775306838798866011e+03
4.735963846325043960e+03
2.663788864058445142e+03
4.030826220748311698e+03
4.533441999541879341e+03
4.109422131102457570e+03
2.904222274326531988e+03
6.145857187855473057e+03
5.196088275941914617e+03
5.282470694108742464e+03
2.539005805268040604e+03
4.557311424520559740e+03
3.614439643958200122e+03
4.223034411296777762e+03
4.606297262336513086e+03
3.232661681195581878e+03
4.962715221066054255e+03
5.061485651257005884e+03
3.878694935912549226e+03
2.496242542435386440e+03
3.096944856492616964e+03
4.299894656229316752e+03
2.404059686129104193e+03
2.544434329023406917e+03
2.019167817407923621e+03
1.476276322384979267e+03
3.685836122525860446e+03
4.144220096382822703e+03
2.688469793407346515e+03
1.739639919010763606e+03
2.204188917571921593e+03
3.473117103351895366e+03
1.539955715580453898e+03
2.233703806919240833e+03
2.285249578721937723e+03
3.687759582588500962e+03
2.715180334541791126e+03
1.928315684731987858e+03
2.138683801285586924e+03
3.975932494361773934e+03
3.868912300953956674e+03
3.614710640776497712e+03
4.902940255835122116e+03
3.634774309646664733e+03
3.567211722768615346e+03
3.635698537363953164e+03
3.865566076083923235e+03
2.220954022555878055e+03
1.507546314810620061e+03
1.409320895052783726e+03
4.586753817782391707e+03
4.641666437895599302e+03
5.477912137829169296e+03
3.571615377602165609e+03
4.906842386521659137e+03
5.744083406822913275e+03
5.203042701455345195e+03
2.152984089140695687e+03
2.842077896157925807e+03
4.178751003244781714e+03
4.277093972507002036e+03
4.331691938320167537e+03
5.789663999961388072e+03
4.404826492866341141e+03
6.368145305287319388e+03
5.307677036327298083e+03
4.752101377279849657e+03
6.395441093452490350e+03
4.683722912419198110e+03
5.447288069118186286e+03
5.041363337271986893e+03
4.274156609525283784e+03
2.203373003964942200e+03
4.067835890381714307e+03
2.875347136154355212e+03
3.431732835345936110e+03
5.167238084841605996e+03
2.179242618139898241e+03
4.069775272684524225e+03
3.398219600651363180e+03
4.830012278562158826e+03
4.529302038625184650e+03
4.027723688111119827e+03
2.532867013746782504e+03
6.650113263333406394e+03
3.411910555467932227e+03
3.039831391301459462e+03
4.375558963435955775e+03
1.662736360571905607e+03
4.451303164055856541e+03
3.498225880478199088e+03
3.036673872061330258e+03
1.875984326465007598e+03
4.534093653643620200e+03
3.329289496488543591e+03
4.828306409269476717e+03
5.459874506337622734e+03
4.943110407573276461e+03
4.360899310175537721e+03
3.713373967022500437e+03
3.722496536927451871e+03
3.467798409194984742e+03
3.189555065266921247e+03
1.992307596778845664e+03
3.551379498801597947e+03
2.336518885853824031e+03
2.347143665163800506e+03
3.279355839028315131e+03
2.907417996877927635e+03
2.181686054268514454e+03
2.136261810895358849e+03
2.276149909189531172e+03
2.484841575214762543e+03
3.490316894597955070e+03
3.606809099904827690e+03
3.813591247214759733e+03
4.181066644080811784e+03
5.056033617677135226e+03
3.186161468843417424e+03
1.977151928271799534e+03
2.460598347156838372e+03
3.469182540973454707e+03
1.277704894247334551e+03
2.196532147754033758e+03
3.045661052212259165e+03
4.672760884073236411e+03
1.363379072178802744e+03
1.973123383113706723e+03
2.886544965700153625e+03
4.404785837971130604e+03
1.383319523259827974e+03
2.009630428649657915e+03
2.656816002906534777e+03
4.125055458012794588e+03
1.792837655480661397e+03
2.554567525239260704e+03
2.479926758522188720e+03
3.253386190577919479e+03
3.297578399296122825e+03
2.119317518414372898e+03
2.653236844283639584e+03
2.479078332563333788e+03
2.050773472125319131e+03
1.630401165527924604e+03
1.870688851986539021e+03
2.089116561583676685e+03
2.797587251812131854e+03
3.214257027784795355e+03
1.775976357633988755e+03
3.164633758787536408e+03
2.769616673486103991e+03
2.934451393854339585e+03
3.168992345650109655e+03
4.426144080139029029e+03
4.914011642190943348e+03
5.902814440778821336e+03
6.117530191764015399e+03
5.806503426980746553e+03
7.792197425002501404e+03
7.187226125263675385e+03
6.304590824830705969e+03
5.241252704589310270e+03
5.871093968599797336e+03
5.694005239610588433e+03
6.613212115633793474e+03
6.237543293572122820e+03
3.273158741303156148e+03
2.316408415087778849e+03
3.188607638079274693e+03
4.715585503573279311e+03
3.092395563147353641e+03
4.428021041147268988e+03
3.575818036395018680e+03
5.103632078258486217e+03
8.180219978393377460e+03
6.715080947527598255e+03
6.016959231234654908e+03
5.663667258874606887e+03
5.590978795186962998e+03
6.841773171227448984e+03
5.202558508721332146e+03
4.168487855441953798e+03
2.773396911214030752e+03
4.311603278012310511e+03
2.915022616223242949e+03
1.399423616924212865e+03
3.093877206783970905e+03
2.332256888509250075e+03
3.623301965304185615e+03
4.576222563064846327e+03
4.023990771879929525e+03
1.994803155091447934e+03
3.024663783844763657e+03
3.029504744146755002e+03
2.293765422777778440e+03
3.493789999216236538e+03
4.010801848312031325e+03
4.400847481440662705e+03
3.535378294753629689e+03
1.203591142676166783e+03
1.991189286824431747e+03
4.282380026372235079e+03
3.275158592582648453e+03
1.454803869900124482e+03
2.277671875150700544e+03
3.180640316830879783e+03
1.692864187465033183e+03
4.024608064033053324e+03
2.262149778317428172e+03
1.705948108033405333e+03
1.271256130411126151e+03
1.715049005290833065e+03
3.715483280368897340e+03
1.610775117790401964e+03
3.571852369361276033e+03
5.384100122364177878e+03
2.434339953828534362e+03
3.585018162836859574e+03
1.997473090672316857e+03
4.269269759809228162e+03
3.048381788688678625e+03
2.812690569622159273e+03
2.506880383532875385e+03
1.532407879851795087e+03
3.711658522193105000e+03
5.322471173662112051e+03
5.405115944117370418e+03
4.185934787345809127e+03
5.902734343852078382e+03
3.410327138157556419e+03
4.055085527808678307e+03
3.157697084844404344e+03
2.727632783854477566e+03
1.849601473910840468e+03
2.228719119555815723e+03
2.960902700032440407e+03
2.004608361864760127e+03
3.525316643278777519e+03
3.874713054266382642e+03
1.285369433073899700e+03
1.474500351814621126e+03
1.571341954950741183e+03
1.649074068893284220e+03
2.059137960481723894e+03
2.606440254738980002e+03
2.609077549682262088e+03
4.483375162569211170e+03
2.031975522541197734e+03
3.836573189407480641e+03
3.986570738335361511e+03
2.691290094402271279e+03
3.088910147977593624e+03
3.218537699989445173e+03
2.786684434657608563e+03
3.713747043025851326e+03
2.793376576497610131e+03
2.452877325345478766e+03
2.809519448096050837e+03
2.749588883250817162e+03
2.904267450746706345e+03
3.249603521489305876e+03
5.033741207090917669e+03
3.823351868566264329e+03
1.506933285677738922e+03
2.108007031737805846e+03
4.511399183924996578e+03
1.465216047454235195e+03
2.892587611233623647e+03
3.899400061457368338e+03
3.555381484114091563e+03
1.814735886653983471e+03
3.400392408055331998e+03
2.403497036495650718e+03
3.677636969423977916e+03
2.896610991890187051e+03
1.753425620652124280e+03
4.557871391265653074e+03
3.739238148720087793e+03
3.964238786516544224e+03
2.696748068808616154e+03
2.779698691391124157e+03
2.774855525479021708e+03
2.119792138206174513e+03
4.087423977063137954e+03
3.726378388556684513e+03
6.281919221836771612e+03
5.450142085725011384e+03
4.682339185496392020e+03
3.101950249642713970e+03
4.196554356296489459e+03
6.188322194077526547e+03
4.678913639965302536e+03
3.030160939843475717e+03
5.427756557376224009e+03
3.494759902402508033e+03
3.428466831808436837e+03
2.515987200669133017e+03
2.726989337815572526e+03
3.641761557451427507e+03
3.309598850386383674e+03
2.234672087368284792e+03
3.155419146559985620e+03
3.791550928357997691e+03
1.835123855426655155e+03
3.692170523041858360e+03
2.429470445701808785e+03
2.599565021817031720e+03
2.785341460782289232e+03
1.740371904383990795e+03
5.442764928311357835e+03
1.787100636648038289e+03
1.316519135834493909e+03
2.586107685758977823e+03
2.875684753679629466e+03
1.420729442108822241e+03
2.023462850104016297e+03
3.913124565647860891e+03
1.444678363890717947e+03
2.051852277358262199e+03
3.261827598016025149e+03
3.297728947247562701e+03
6.199666181964183124e+03
5.555702187324626721e+03
3.875092969102077859e+03
3.604957875030177547e+03
6.082962840005326143e+03
4.922117987762983830e+03
2.879489189676336082e+03
4.671992679958856570e+03
6.091669364606799718e+03
5.013474060690125953e+03
2.436726733188891558e+03
2.779539911134936574e+03
6.585039643539569624e+03
4.635384982879463678e+03
4.550962176992236891e+03
2.077470825093051644e+03
4.310096631647421418e+03
3.515517053029304407e+03
3.900440589759173236e+03
4.989603002456835384e+03
2.559913330018364832e+03
3.002165148562554350e+03
1.583906781296497911e+03
2.158423729885451394e+03
1.660182508445167741e+03
3.381639329062442812e+03
4.151226448124487433e+03
3.688312713649460420e+03
2.227277920326557705e+03
2.200926193511489146e+03
2.833516054545088991e+03
2.038417517568195763e+03
2.940879883706614692e+03
2.683974539958295281e+03
2.402912734491201263e+03
2.545061775563244737e+03
3.431894031640319554e+03
2.769848123304255296e+03
1.329218770442112373e+03
1.878989599093892139e+03
1.262718627907152495e+03
1.483108638042413077e+03
1.630303583007252655e+03
4.124455399370375744e+03
4.073158420709259644e+03
2.222822819395630177e+03
3.177917998457732665e+03
1.603490351900134783e+03
2.885930243962574878e+03
4.374956237790868727e+03
3.221563168932040298e+03
3.097043319653304934e+03
4.034862960841926906e+03
3.245181684091096940e+03
4.558082019230998412e+03
4.010373579802953373e+03
3.942866231754114324e+03
1.470299186785629900e+03
1.967534246519744329e+03
4.107311938659455336e+03
3.020908779043801587e+03
2.802111419248632501e+03
1.285308924430224351e+03
2.862546195813575196e+03
4.505593440760580961e+03
1.660424939430014319e+03
1.687382835022980544e+03
3.513751585848315699e+03
3.901277337065461325e+03
3.673370186580772497e+03
3.705440580669070641e+03
2.970279499028557893e+03
1.718206605428990542e+03
2.463144651654612971e+03
2.442564035613836040e+03
2.659832773148750675e+03
2.303182825111993225e+03
2.148996840337055346e+03
2.515271235188220544e+03
2.745523895833011466e+03
3.153991730740312960e+03
2.069342405556266840e+03
2.660258099774986022e+03
2.001870791887369251e+03
2.359874233391173220e+03
1.601417836908712843e+03
1.884721102050478976e+03
1.639823751818342089e+03
4.226186219951656312e+03
4.201601151530438983e+03
3.484719255008117216e+03
2.961858820672933689e+03
3.345033149025313833e+03
2.235282806405237807e+03
2.932188877289201628e+03
2.403270739991288792e+03
1.952927361454509082e+03
5.088350963474472337e+03
3.366683542849539663e+03
3.255489736453674141e+03
1.614947990580879377e+03
1.760615229420592641e+03
5.483138502396087461e+03
5.066388841693145878e+03
1.733135473670326292e+03
3.870815817008623071e+03
4.175660489845025040e+03
1.749659475093834544e+03
1.364100412812570312e+03
4.624175812281426261e+03
3.498648298317471472e+03
1.055312870863402395e+03
1.860609790842157736e+03
3.403873055024956557e+03
2.864880092905731999e+03
3.907978120844544719e+03
5.135424910135818209e+03
3.732987993222724072e+03
5.236399952962881798e+03
5.504664917413329022e+03
2.242296750646640703e+03
5.309418629459125441e+03
4.953506089927368521e+03
2.384967822793156301e+03
2.608348385370726191e+03
5.192225131095445249e+03
4.375414584247360835e+03
3.009490554683888149e+03
3.825085051109774668e+03
2.233043445854643778e+03
1.329291458785762643e+03
1.731994196782803101e+03
3.570552325497893435e+03
2.522139454827029112e+03
1.450379657482850007e+03
2.455383419092311669e+03
6.234496967017031238e+03
5.132621403507100695e+03
4.656597394909479590e+03
4.779828456018441102e+03
3.414985677560204294e+03
5.570177118702453299e+03
3.939246920949313335e+03
3.409890696032513915e+03
2.165636688579259044e+03
4.073845711326389846e+03
4.144313458143010394e+03
1.210018912588457397e+03
2.660936721031250727e+03
2.724316383508515173e+03
2.452042141455930050e+03
1.737589559928121389e+03
5.326090493574240099e+03
1.760845011149621314e+03
4.356216134909550419e+03
1.940416818011714668e+03
4.503068585368482672e+03
1.561084080714766969e+03
2.025010109191568972e+03
2.481241606514230170e+03
2.812954046465156352e+03
2.123115115102633808e+03
1.715147180508016163e+03
1.677978963510584890e+03
1.725154194128781228e+03
1.770145601831319709e+03
1.626593153987477763e+03
2.654634131812716078e+03
1.858586509338197629e+03
2.928567736304974915e+03
4.172881288212181062e+03
5.015559237652797492e+03
6.082577695782500996e+03
4.862168900709562877e+03
5.587331903330285968e+03
4.633151684649600611e+03
4.729987674867230453e+03
4.303609650573881481e+03
4.743874652867852092e+03
4.543700099855229382e+03
2.953750269355506589e+03
3.697583055872226396e+03
3.593240820085015457e+03
3.435631268440455187e+03
5.153526656708180781e+03
3.515873747807020663e+03
4.522502191053888964e+03
3.016121700984221661e+03
4.303306931577387331e+03
3.570299978898953214e+03
5.520078230388889097e+03
5.309571659447187812e+03
4.411594319517577787e+03
3.287159466525302832e+03
5.488481316076765324e+03
5.508137292145660467e+03
3.809482714152723929e+03
4.087733480386556494e+03
3.082872340890228315e+03
3.640195443167220674e+03
4.085020622219847610e+03
4.027261075502437961e+03
2.832840517525628911e+03
4.587579092368813690e+03
3.237659294856370707e+03
4.729827702809494440e+03
5.281064848291751332e+03
3.211681347683706463e+03
3.275665026369769294e+03
4.476232183195932521e+03
2.106501752051570293e+03
2.294984632420313119e+03
2.609818103742273706e+03
2.452775033455178345e+03
2.561321518227652632e+03
3.003062882994452593e+03
3.078596089695651244e+03
3.773623050062477432e+03
2.700301187534440487e+03
3.245083828843678475e+03
5.935849483294236052e+03
3.861449128795110482e+03
3.137268498914279917e+03
2.920592311284198786e+03
3.447476451803308919e+03
4.390705497500193815e+03
4.243408083653453104e+03
4.141080613579810233e+03
5.158716044303576382e+03
3.880570375055776367e+03
3.181787832107002941e+03
3.141572787546292602e+03
4.745981181301154720e+03
3.111857659124361362e+03
5.861612222902687790e+03
2.734885162082986426e+03
3.964031184466451577e+03
4.649885879052560085e+03
3.271196174546108978e+03
3.601958678649576541e+03
3.424125538751221484e+03
4.345183816385080718e+03
2.716091371282852378e+03
2.903717940104640547e+03
3.926985279524499219e+03
5.885922455450439884e+03
7.127769137598204907e+03
4.806111606173767541e+03
6.464635739896261839e+03
5.152719768290668981e+03
5.269016438591902443e+03
5.047002310784238944e+03
5.279800870459373982e+03
5.260415364251538449e+03
4.244639015606081557e+03
5.316000670621878271e+03
4.909694554452075863e+03
5.341083216605999951e+03
4.851041463119456239e+03
4.543852015516859865e+03
2.799765724560401395e+03
5.261951251704762399e+03
4.069344952632954573e+03
2.984915529314178912e+03
1.829298438417770512e+03
2.746669172836274356e+03
2.956719138448560443e+03
3.364297453437905006e+03
2.650865681894597856e+03
3.358227318472078878e+03
3.331879141825104398e+03
2.734123402479351626e+03
2.681455538654963675e+03
3.598350919968614562e+03
3.339370933488956780e+03
2.634640362904109679e+03
2.130310865929967804e+03
3.558635373088711276e+03
3.416919753501540072e+03
2.752807273920802345e+03
4.421600440330348647e+03
4.363598081729060141e+03
4.484123796068647607e+03
6.018515609859585311e+03
2.290956171870337585e+03
5.562895432072657059e+03
5.172741100316017764e+03
4.142135514116224840e+03
3.708265344990628364e+03
5.557793329251298928e+03
4.764198886891117581e+03
5.830198324463191057e+03
4.239637989698672754e+03
3.761646320181278952e+03
4.250919817960537330e+03
4.059810798070917372e+03
3.654466103841597942e+03
4.724417809777832190e+03
3.174318451469247975e+03
5.605023464563035304e+03
1.793507062188854206e+03
1.588266254880280485e+03
2.150494923172341714e+03
1.947698348355664848e+03
1.233889938499488380e+03
2.012492397629254583e+03
2.590005012493906634e+03
3.579319802658004392e+03
3.058622667284107592e+03
3.429997051668372023e+03
1.121069485205291812e+03
1.585915393066821252e+03
1.324576056703912400e+03
1.525067847473863367e+03
2.322236900751716348e+03
2.409927420815402002e+03
2.002867596008024975e+03
3.199979208157808898e+03
2.009731477479961086e+03
3.769739638844786896e+03
1.907415540318844933e+03
3.975147837176571556e+03
3.577192513468661218e+03
2.058707369618922257e+03
2.127846085857224352e+03
2.330695316803703918e+03
1.681236354869464321e+03
2.073927284493853222e+03
2.156523782894745182e+03
7.346773534964639111e+03
2.202510548038616434e+03
4.840794232735098376e+03
3.521467800293311939e+03
2.795578043066785085e+03
1.752124583037180400e+03
3.368480496727874197e+03
2.849442379515971425e+03
2.721623963116445793e+03
2.046635168671661404e+03
1.796358327583679056e+03
3.149627761174472653e+03
2.702150218415618383e+03
4.262648668793513025e+03
1.952284620365117462e+03
1.654367190306744078e+03
3.160948954363477242e+03
1.380410742824891486e+03
1.879893720619940950e+03
2.407003023115345968e+03
2.288523389967777348e+03
3.012166346081477968e+03
3.045876608635107459e+03
4.025472605028605813e+03
3.733987168387633574e+03
3.391468510380919724e+03
1.863060457111177129e+03
5.862967171876436623e+03
4.592902530738708265e+03
3.610892850509110758e+03
2.207389090533319177e+03
3.278316434294041755e+03
3.349110661208994770e+03
3.607742748673046208e+03
1.331440689846133864e+03
4.313993609245893822e+03
4.688828610806801407e+03
1.402152544054598820e+03
3.095825476231976154e+03
4.473848786731538894e+03
2.551692521228466376e+03
2.474477574671232560e+03
4.027999529691705447e+03
3.566727532245782641e+03
5.907904001416739447e+03
2.053982564901670230e+03
4.356644519726368344e+03
2.833542445830521956e+03
4.391934656891294253e+03
3.870607755772366545e+03
4.262992233728537030e+03
2.458720435556174380e+03
2.803062323715456387e+03
3.974743248096885964e+03
2.498993291194480207e+03
2.011240784743349423e+03
2.732166236457685045e+03
1.552493871905805008e+03
2.385194356841603621e+03
1.971549718327371011e+03
3.116109595326685849e+03
2.951082524374754939e+03
2.388687795066060971e+03
3.248063392521571586e+03
3.305063789954460844e+03
2.551590090652641265e+03
3.926632555588517789e+03
3.310413395784875775e+03
4.042120362258117439e+03
2.818443604720054282e+03
2.075324982416563671e+03
2.229642173954343434e+03
1.623805185703544339e+03
2.324275234176883259e+03
1.726093747055334006e+03
1.694280527936746012e+03
2.305116084191068694e+03
1.953528420135370652e+03
2.044948901333420054e+03
2.854522054170990486e+03
2.422564201139398392e+03
1.783913320970407995e+03
1.829043234801194330e+03
1.725256634158077986e+03
3.292892707457718643e+03
4.060909962651333444e+03
2.551891463064381696e+03
1.287482339559261845e+03
2.347780633067291546e+03
3.088806763123515339e+03
3.234062552981379213e+03
3.657325228120990232e+03
3.431933101815167902e+03
4.087833857859920045e+03
4.070448153498917236e+03
5.523808582316917636e+03
2.323596192727244215e+03
3.359666069243875882e+03
2.348613019744917437e+03
3.562358569646498836e+03
2.754883377558903703e+03
1.663640784852463412e+03
4.304590301055444797e+03
5.848961958636279633e+03
3.549161584886565834e+03
2.500489241707694873e+03
4.043671545552163934e+03
5.311857783725563422e+03
4.889647101311717961e+03
2.227692668931096705e+03
2.580151391883543511e+03
2.026421493960263433e+03
2.699638506479931038e+03
3.839290290453884609e+03
3.291674276909384844e+03
1.896148077166919848e+03
2.249874443506427269e+03
2.433524915164671256e+03
3.330853303464273722e+03
3.465671419138583587e+03
3.061192813214444868e+03
2.049089144589191619e+03
2.173646798055527142e+03
2.214083009292761290e+03
3.448593006575387335e+03
4.874740374868185427e+03
3.106872758097381393e+03
1.991428637584479702e+03
3.567522982355602835e+03
4.445438152517560411e+03
3.111225204806333750e+03
1.864546485858830238e+03
3.498130728087339776e+03
4.536439418939238749e+03
4.852419855437478873e+03
4.696504231366451677e+03
5.056647423751492170e+03
4.783582281416109254e+03
5.213935235054599616e+03
4.696863137474219911e+03
5.162500109065707875e+03
4.540632913148298030e+03
3.953299662387643821e+03
3.274774949052050488e+03
3.689306835306520497e+03
4.200977424190604324e+03
5.106934463370205776e+03
2.810434837269371656e+03
4.691139473836528850e+03
3.385582038787636520e+03
3.026450263182334311e+03
2.195793208254117417e+03
2.695415688255704026e+03
4.251745560524823304e+03
5.088289172542190499e+03
7.428116931436395134e+03
4.290985323984657953e+03
6.516325251026180013e+03
2.900365743963052864e+03
3.262538771698217261e+03
3.684686174224524621e+03
3.694909077920954132e+03
4.263170813356679901e+03
3.562520562560897815e+03
3.917526280040866823e+03
3.927410243452038230e+03
4.297884826467683524e+03
4.980141523599047105e+03
5.341304369364068407e+03
4.315289129670937655e+03
5.614731641776704237e+03
6.305792982647923964e+03
5.135404887209525441e+03
2.990462565434186217e+03
1.502833892111131718e+03
1.677676731463433043e+03
2.592150207512698671e+03
3.193909404242554047e+03
3.418770840166652761e+03
3.830020604351742350e+03
4.387605199301891844e+03
3.299197997233871774e+03
4.287640656930934711e+03
2.086720916802168176e+03
3.341699627659657835e+03
7.254241231476670691e+03
1.756106101376520201e+03
2.041323218900366783e+03
1.208653485343493230e+03
2.059494112736764691e+03
4.491877590365056676e+03
1.224730174441807094e+03
3.037701153973856890e+03
1.682517434315242326e+03
2.341965069569049319e+03
4.508191614573131119e+03
2.352213301289226820e+03
3.292180646254023486e+03
4.070259157868370494e+03
2.610985353768083314e+03
2.410410399491817770e+03
2.112062339794456875e+03
2.703009607735206828e+03
3.792589365745498071e+03
1.513240328455752888e+03
2.465115557647707192e+03
3.760774046698089478e+03
3.593780420152584611e+03
5.783279687650809137e+03
2.258978571073479543e+03
4.101915418212344775e+03
5.648652926183463023e+03
6.736676871510084311e+03
2.920344111417338809e+03
7.079931567015522887e+03
4.384456220039071923e+03
6.493464251042960313e+03
4.799051422897661723e+03
2.236539959279619779e+03
2.255666671992951706e+03
4.321961029095126833e+03
3.493179005062348551e+03
3.809960655768876677e+03
1.470762370047533295e+03
5.797811967343304786e+03
4.978478266396200524e+03
2.246231272118039669e+03
5.487450039720980385e+03
1.583486762141826375e+03
3.037669280780662575e+03
3.449409300315924156e+03
3.862367564334294912e+03
5.437966193649255729e+03
4.296437431923128315e+03
5.086853510767499756e+03
6.047327529262855023e+03
6.231174981218414359e+03
6.269934053927837340e+03
4.927249341434521739e+03
4.871807494113458233e+03
4.534978533807509848e+03
2.833548802446564423e+03
2.588746678375670854e+03
4.828784445049072019e+03
2.578701008560300579e+03
4.086099889842869288e+03
5.665054522563242244e+03
3.003685501783277687e+03
3.831355055956689739e+03
3.912430791361532556e+03
3.803751124125498791e+03
4.711761959598177782e+03
4.068971876778901333e+03
3.176900647889731317e+03
4.380791116525767393e+03
5.246005258155418232e+03
2.741126860242158727e+03
3.167576058687985551e+03
4.950417218980640428e+03
3.859734357748807270e+03
2.959349440375951417e+03
3.396052384594536761e+03
1.972842313826384270e+03
4.549462253942378084e+03
5.243371983830104909e+03
3.699990932384643656e+03
5.044959497987556460e+03
4.427455826634066398e+03
1.970995139163239628e+03
4.462915867669829822e+03
6.482788528679848241e+03
4.331987333186293654e+03
3.359026340151452587e+03
3.256616386338595930e+03
2.986199157377448955e+03
4.130145183748219097e+03
5.821317216178686976e+03
1.713490598069985708e+03
2.636205606902720774e+03
2.939191569382338457e+03
3.632236750877765189e+03
3.710414062959218882e+03
5.290389455085492045e+03
4.761953395984286544e+03
4.268963669738143835e+03
3.625250786418862390e+03
3.556344158479931593e+03
4.019235899639000763e+03
1.842170035984026299e+03
3.328885292205889982e+03
4.332925511186139374e+03
4.254153186020905196e+03
5.178057416257500336e+03
5.134751975676557777e+03
5.961479739443306244e+03
3.520564233037944177e+03
3.713664323468112798e+03
3.689813141314260974e+03
2.930617056639535349e+03
3.613089950889406737e+03
5.296071196749925548e+03
1.724189762208762886e+03
3.331847159809246023e+03
1.950504323742895394e+03
3.311211475205349871e+03
4.018754112978774174e+03
2.752678971877854565e+03
2.996299115502307359e+03
2.203836344735773309e+03
2.676905351654158949e+03
1.938465667868894116e+03
2.141600016765596592e+03
1.914600411702643896e+03
2.192327611996873202e+03
2.438441781536314920e+03
1.393877411802499637e+03
3.153664410739201230e+03
2.452489741602132199e+03
2.887323885911075195e+03
2.538223367028574103e+03
2.174499311313590169e+03
1.708202734923011803e+03
1.797174863076935708e+03
4.115799631118573416e+03
3.662419875001550736e+03
5.956197264942489710e+03
2.967467872988720046e+03
2.600242487529761092e+03
4.361729159894163786e+03
3.622336181298927841e+03
2.251518982281176250e+03
2.363993473669777359e+03
2.152998954454073100e+03
2.776644609269128978e+03
3.049068214803314277e+03
4.735463625677570235e+03
8.823426667544206794e+03
5.609113660193395845e+03
3.560332445263387854e+03
5.856975543448160352e+03
5.095002092843220453e+03
4.893392373599838720e+03
5.197961021282539150e+03
3.489430383943156812e+03
2.379734088998024163e+03
2.824509631697970690e+03
2.089722364808153998e+03
3.018813902004998454e+03
3.617182343976179709e+03
4.865273000309557574e+03
4.015541644320010164e+03
4.666111063057878710e+03
5.526807325753551595e+03
1.810234810278077703e+03
4.810108109321936354e+03
3.839775314815301499e+03
5.205067591417732729e+03
3.915264805127832005e+03
2.527150509560981845e+03
2.539946012730838447e+03
4.566063449104801293e+03
4.264592521183094505e+03
3.371805290204708854e+03
3.165614696327462752e+03
2.245324242070073524e+03
1.763905678260020295e+03
3.827422326376953151e+03
5.082447474120989682e+03
4.177623939181648893e+03
2.437811699194141966e+03
4.355430127815559899e+03
3.052556301330747374e+03
2.821886387788539196e+03
3.183757695372057242e+03
3.003700040130258003e+03
2.244330443736237612e+03
2.474238413586798742e+03
3.793584392167789701e+03
4.655499156144900553e+03
5.850282534376789954e+03
3.027081994478717661e+03
4.503173367934035014e+03
3.391541990544227247e+03
3.395234370322542418e+03
1.877356479572401668e+03
3.093925042310023855e+03
5.019593536502122333e+03
1.757959568584931958e+03
1.800424383112793066e+03
4.266550795946998733e+03
3.310989916682476633e+03
1.758280088473520664e+03
1.446778905707965123e+03
5.651576697153842360e+03
5.397309334935379411e+03
1.286576615915161483e+03
3.024560780358977809e+03
1.382430622917831442e+03
5.790322611188770679e+03
3.655636426450415456e+03
2.693694512739237780e+03
1.687109263843830604e+03
3.978019789291251982e+03
5.803137554145489048e+03
4.280269924402614379e+03
5.089070913402197220e+03
7.217314411663012834e+03
3.881371869990346568e+03
5.291995219108333004e+03
5.301724907079644254e+03
4.413421955061176050e+03
5.499044638934235081e+03
3.620359928100218440e+03
4.967869016149182244e+03
5.344805366175848576e+03
5.324652992472962978e+03
4.223231205809019229e+03
2.757813758761204099e+03
4.319049317021353090e+03
8.679557135832612403e+03
5.758604143341227427e+03
5.882554763878479207e+03
2.918469716868568867e+03
6.039103940547407547e+03
7.429898048852261127e+03
6.738556960753563544e+03
4.171917090413508049e+03
8.942600971511621538e+03
4.005603157584972450e+03
6.355657825681978466e+03
3.791978777753604845e+03
5.888993836134865887e+03
4.504809521985675929e+03
4.020072287015416350e+03
6.531149883393102755e+03
6.393586759305699161e+03
3.299113026798759165e+03
8.741967201930787269e+03
5.902463151004343672e+03
3.453554721890765904e+03
1.723851014595601100e+03
1.846495894118369279e+03
3.954601388741096343e+03
3.142867879990542406e+03
1.316061469118315017e+03
2.537725096143003611e+03
2.166704665881336041e+03
1.890977108793252455e+03
2.860986215052746502e+03
1.879539551958591801e+03
2.855899983602982047e+03
2.959234037124321731e+03
2.526337143182636737e+03
3.692883415147276537e+03
2.175866910440416632e+03
1.900537688344292292e+03
2.593073214474010911e+03
2.974130529075329378e+03
3.375004139761302667e+03
5.007623637010852690e+03
3.546546795225524420e+03
3.126465841020163225e+03
3.580152944621224833e+03
3.175457931962406747e+03
3.194219252510150000e+03
3.246225371393458317e+03
2.176292053654209667e+03
2.630711884438796460e+03
3.285273816055606403e+03
1.481411235990013211e+03
2.035851333730665601e+03
1.664674779048423034e+03
2.712458785355571308e+03
3.790705225149586568e+03
3.653560018514994226e+03
2.152231725417878351e+03
2.555154785656561671e+03
3.558237777855136301e+03
1.914809276566481230e+03
3.978455918093080982e+03
5.498081461774576383e+03
2.740621334420218773e+03
1.224885721108650841e+03
3.037998850412366664e+03
4.323654736138054432e+03
1.047161237842015680e+03
1.422509116334345435e+03
4.187473988197540166e+03
3.748389285574914993e+03
1.622522317751872833e+03
1.997905640330297956e+03
1.364043909547193834e+03
3.853207110456628016e+03
4.681520465381210670e+03
3.166327418027882686e+03
1.616408630428584729e+03
2.739423547617546774e+03
1.793413848783628055e+03
4.843919790968151574e+03
3.903875877610687894e+03
3.417344720258002326e+03
3.283293169060503715e+03
4.825756314273568933e+03
6.668448961330035672e+03
3.349531386354213737e+03
4.012511977395291069e+03
6.268787047550378702e+03
5.234356943539470194e+03
2.025778440267870792e+03
2.432069872862915417e+03
2.759546646889879412e+03
2.601746122143338653e+03
1.901469910663772907e+03
2.426596523809942937e+03
2.013289353286131018e+03
2.023610740843426811e+03
2.315190251445165359e+03
2.296161025647845236e+03
1.882974825960488488e+03
2.845997549062501548e+03
2.696933908571827942e+03
2.889632226364986764e+03
2.273459360125144030e+03
2.680378451092959040e+03
2.717875556711811441e+03
2.814165828420393609e+03
2.510118986722051432e+03
1.903891950988636836e+03
2.999030289015513972e+03
4.135851485425742794e+03
1.503369538028838406e+03
2.030582284134148495e+03
1.118692336504914465e+03
1.816677265603421574e+03
8.089794746108145773e+03
6.157145382782851811e+03
2.995377924669211097e+03
3.276789595200505119e+03
4.178855997050045517e+03
3.411018691503419177e+03
2.691828729478388595e+03
3.011288153201278874e+03
3.943457097983949552e+03
5.028442266949002260e+03
3.720460719214619530e+03
6.686766698607632861e+03
2.686391346832072031e+03
4.911299295253095806e+03
4.963850476028893354e+03
3.980607980649571346e+03
3.066047063852432984e+03
4.008969578340802400e+03
3.712129799870380339e+03
4.340400316096868664e+03
3.536015685917040628e+03
3.162592047477444794e+03
2.195687191857502512e+03
2.635894795046363015e+03
4.377324666281902864e+03
3.149581673108403720e+03
2.886229539212384680e+03
4.638134674493065177e+03
6.390934634228880896e+03
4.516721876239287667e+03
4.741802187102289281e+03
3.748338482819393903e+03
3.420644396904336190e+03
4.519302983490402767e+03
3.533595305340749746e+03
3.548528682252088856e+03
1.840526952875436564e+03
3.204625783717350259e+03
1.973468282015522618e+03
2.625721766308627139e+03
2.944033268080784637e+03
3.642655968129016856e+03
3.790951033875708617e+03
2.163119878194892408e+03
2.854848681846353884e+03
2.277522622846747254e+03
2.408437677599284598e+03
1.567863188807164988e+03
2.002666979860221090e+03
2.805951126511401981e+03
4.276566338614752567e+03
4.186121279961970686e+03
3.933680286906221681e+03
4.876662764406793031e+03
3.391911596290352918e+03
5.475116927593470791e+03
5.406158455264426266e+03
4.718356594450965531e+03
3.295787873928500176e+03
