1.299144949634816385e+03
1.299144949634816385e+03
1.299144949634816385e+03
2.498428026353913538e+03
4.420775883407573019e+03
1.423292835720515086e+03
1.408885063782496445e+03
1.284718005975451661e+03
1.393796294092077915e+03
2.377447387383924706e+03
2.430557587362010963e+03
1.746764407881302759e+03
1.916213414264394260e+03
1.353146134855527862e+03
1.657666583524917769e+03
2.154492267034205724e+03
1.366873358589974487e+03
1.276528212909707008e+03
1.372912786740577758e+03
1.504909475747335364e+03
2.708745358917960857e+03
1.923458476572208610e+03
1.819465576623649440e+03
1.232308999639102922e+03
2.216462948628614868e+03
1.647204076348375565e+03
1.336925104614711699e+03
8.869720145476974267e+02
1.260405026990027409e+03
1.514593870189032941e+03
2.114106744355518913e+03
1.448431614481456563e+03
1.718869497392690619e+03
1.627752335970373224e+03
2.753721760626218384e+03
1.926065647484436568e+03
1.681044082419550477e+03
1.843405665286476960e+03
2.003847769480704301e+03
1.260286366213596693e+03
1.455059562696153762e+03
1.944578374831671681e+03
1.511442313097810711e+03
7.895597612277415465e+02
1.647518891073446412e+03
2.052080388917726395e+03
1.856832331083546705e+03
2.014583450832788913e+03
1.765599555287265730e+03
1.186376736784689683e+03
1.794643848408812119e+03
1.791083380006245534e+03
1.622054791309729353e+03
2.255667598748089858e+03
1.779655298092462317e+03
1.245690875970679599e+03
2.092469016158305749e+03
1.125093418811751008e+03
1.678683033837356334e+03
2.826385141958641270e+03
4.237869962221440801e+03
3.829515565155492823e+03
3.669208524849040259e+03
5.019151028734209831e+03
2.742745356738743794e+03
4.777667829934639485e+03
8.235474873723438577e+03
3.820749043240919491e+03
5.715451957103583482e+03
2.500138592517467714e+03
3.329484612573142840e+03
5.383079074922223299e+03
7.009045522957118010e+03
4.859871375736757727e+03
4.659369220419520389e+03
5.003065532179830370e+03
4.066962777059923155e+03
5.371749982147612172e+03
5.989755394985223575e+03
4.667820207668847615e+03
3.883912788208426264e+03
2.605099904689917821e+03
4.396607572342198182e+03
5.251952734760084240e+03
5.207588563974473800e+03
3.556411563829664829e+03
5.549171167475409675e+03
7.058213805286617571e+03
6.099721278210284254e+03
5.381867034832952413e+03
4.205067717909817475e+03
3.191977818956607734e+03
2.787073733123854709e+03
2.164670620263054388e+03
5.061153624923357711e+03
4.318226168994016007e+03
5.355742274016218289e+03
4.698810510100752253e+03
5.939241565958082901e+03
3.320799318320875500e+03
5.770165153952281798e+03
5.871461609779538776e+03
6.383461221566225504e+03
7.848243980206152628e+03
5.246005867378426046e+03
3.248449233260035271e+03
4.351160895213939511e+03
3.824897061001286147e+03
5.698192462389521097e+03
7.287389729981426171e+03
5.064768031216308373e+03
7.514778773861812624e+03
3.363170735775007415e+03
3.719790604956966490e+03
2.993256053451374100e+03
6.111192673273722903e+03
1.153221349612106314e+04
4.941193098561891929e+03
2.218907578131416358e+03
2.681895934226890404e+03
2.731351558447094703e+03
6.958239574273379731e+03
4.879979737484696670e+03
4.746137145724154834e+03
6.984100159986177459e+03
4.284882865916739320e+03
4.275261357495567609e+03
6.072304281639054352e+03
3.754822851563154018e+03
6.313092451967559100e+03
6.594967293837375109e+03
6.331849669726186221e+03
3.934052150117189285e+03
4.764982882330821667e+03
5.604473162125741510e+03
5.418356866666476890e+03
3.313841882102875843e+03
3.814894260691385171e+03
2.915254470877678614e+03
3.460564035570549095e+03
2.772020713032040476e+03
2.792861054423894075e+03
4.279405480841075587e+03
3.587532773378668026e+03
7.724367568753100386e+03
5.587377410392784441e+03
3.702893366073777088e+03
3.864953419245496207e+03
6.018941702005160550e+03
6.452029831809703865e+03
8.912540835694459020e+03
7.337344091631620358e+03
2.557448843328227667e+03
5.077688936893111531e+03
4.667652334862720636e+03
5.798897672624679217e+03
4.655743630633228349e+03
4.607077448992579775e+03
5.724015515603172389e+03
7.292950863124285206e+03
4.413141513091395609e+03
3.881803916362865948e+03
1.627470096407763094e+03
2.506604451749569307e+03
2.624287139224724797e+03
7.362279276318306074e+03
7.789582675235932584e+03
3.674072096146680906e+03
3.677306634190237673e+03
4.554047743543865181e+03
3.780877743280707818e+03
3.486031759137134941e+03
3.469635052145289137e+03
5.517377501336351088e+03
3.530371352869919519e+03
4.029876299011983519e+03
3.139804710442791475e+03
9.145217408061656897e+03
4.605248466961259510e+03
3.896530265308066191e+03
3.823607201627822178e+03
5.418064024447639895e+03
5.362393728936909611e+03
5.820868439019531252e+03
7.390715521645204717e+03
1.106221994099524090e+04
4.351693649310894216e+03
4.176854545054739901e+03
6.199300916692538522e+03
7.408377307222133823e+03
1.168483372260447504e+04
8.097095258710408416e+03
6.249144523738886164e+03
7.769219397056524031e+03
7.024949335938105833e+03
7.618827108725362450e+03
8.194432334868883117e+03
4.303270911989002343e+03
6.566566615181733141e+03
4.966726344146411975e+03
6.738714917772957961e+03
7.239568125978506032e+03
1.162247522602227218e+04
1.149063593439492251e+04
6.596919304244409432e+03
6.248020072983388673e+03
4.078779421986587295e+03
4.117091376258018499e+03
3.823321449305346050e+03
6.696199909390334142e+03
6.350566368066190989e+03
5.312442122513327377e+03
3.779389237487767332e+03
3.820135545646916853e+03
5.615478481362822095e+03
9.828961167992096307e+03
1.338571473409544888e+04
9.011756421113652323e+03
4.049743343193091732e+03
5.434036363397003697e+03
3.633621548722610441e+03
4.631118223266366840e+03
5.621300022648030790e+03
6.271496085586799381e+03
4.564499445426216880e+03
6.732971051891726347e+03
5.399654146473011679e+03
7.641374228423494060e+03
5.419723842592740766e+03
8.378794253650550672e+03
5.740275734848212778e+03
6.511508296906036776e+03
8.705511758324779294e+03
1.200889499500582133e+04
1.119486976388342919e+04
5.016419861919685900e+03
8.230196600467210374e+03
7.166000339480886396e+03
4.822591245479105055e+03
5.133753167789544023e+03
3.191092400032509431e+03
6.361314343175580689e+03
8.524902613127942459e+03
8.597899474458459736e+03
4.844983832965825968e+03
4.903159818684360289e+03
2.743183283735517307e+03
2.748289623428335290e+03
6.387863703777131377e+03
6.774678720049923868e+03
6.616409885451074842e+03
4.895429246031950242e+03
2.415026319743134991e+03
4.459581227652395683e+03
3.684908221979360860e+03
3.433419391620386705e+03
2.437836109460567968e+03
2.215819842139265347e+03
4.012489385433612370e+03
5.206000832636393170e+03
5.492260449815475113e+03
4.443150725674359819e+03
4.885955824129822759e+03
4.609082219989494661e+03
5.904845761563286942e+03
6.002852075798714395e+03
5.083521683542574465e+03
7.938484201008055607e+03
1.150347645752116296e+04
6.536019973853659394e+03
9.936994532718223127e+03
6.180175454414226806e+03
3.407579833136566322e+03
7.697399553062593441e+03
5.850590257572676819e+03
3.925671582112308442e+03
9.166958912224557935e+03
4.953763543645637583e+03
3.421546806992279016e+03
9.187927146729771266e+03
5.314240490212410805e+03
5.781319144238185800e+03
8.468634852204462732e+03
9.672643329309274122e+03
5.454374356668619839e+03
3.598175426516386779e+03
4.368036372397074956e+03
2.183008807786629859e+03
2.941907305927288235e+03
2.920832122511879788e+03
5.467530524926367434e+03
6.096992620908988101e+03
3.248661977540390581e+03
5.847148247891769643e+03
6.865058709429547889e+03
4.029003274452855749e+03
3.854003084480156758e+03
4.922567353265862948e+03
4.464488113865553714e+03
2.632045202190801319e+03
3.977134145968042958e+03
5.415123548446860696e+03
8.296332293948520601e+03
6.341938091496106608e+03
3.459826843821837429e+03
4.799116583525790702e+03
3.590234333169869387e+03
4.333999823267536158e+03
4.189495279863901487e+03
5.914006264379728236e+03
4.389197571263253849e+03
4.456827770563496415e+03
7.267536207639665918e+03
4.324891888512826881e+03
3.802613625757974205e+03
5.504700780036012475e+03
7.549028524901999845e+03
4.890695350495214370e+03
2.030231197240233541e+03
3.503637312831813233e+03
6.511453185135031163e+03
1.178849256718126890e+04
1.186564086405621310e+04
9.884039255348590814e+03
1.048391670800567772e+04
1.232720087604873515e+04
8.435857807826141652e+03
6.207574702621397591e+03
5.755923229134332360e+03
5.710325197966330052e+03
7.356028761896776814e+03
4.104676800323391035e+03
4.659277337912627445e+03
5.714183226077464496e+03
7.586865199756416587e+03
7.790212580223416808e+03
8.360145194077344058e+03
4.642567433458134474e+03
5.848997953460258032e+03
4.823359118310728263e+03
5.751745726934286722e+03
7.996603001901901735e+03
8.829969545705185737e+03
9.714751295827087233e+03
6.257175880821011560e+03
7.324070600854726763e+03
4.995239230282067183e+03
6.806953341242846363e+03
6.901668723745742682e+03
1.012220057555947642e+04
8.999125234743989495e+03
8.249396711947163567e+03
5.464367661786433018e+03
9.378258765648670305e+03
4.701214669532651897e+03
4.218742719088410922e+03
7.594697958836671205e+03
4.074005831786964336e+03
7.934810336858951814e+03
2.399072481359460198e+03
3.763932921752727452e+03
6.009265778745829266e+03
4.015102460403437362e+03
2.092002144565420622e+03
4.314323411414500697e+03
5.945657071068657388e+03
4.945526812851774594e+03
9.503106445277258899e+03
6.515842392579015723e+03
3.391011817404715202e+03
2.053940472987203520e+03
7.673294011427412443e+03
4.820056415028156152e+03
7.671772902028446879e+03
5.530651427035010784e+03
5.253107601693138349e+03
8.566569303701602621e+03
4.970301851712503776e+03
4.886628518674676343e+03
7.694259547527542964e+03
9.589285874028706530e+03
1.042855176717340328e+04
1.017795568989667299e+04
8.350092516717320905e+03
8.785885174537304920e+03
1.142497357192307391e+04
8.778664591089631358e+03
7.481680387571308529e+03
6.176906314917840064e+03
6.652364033529934204e+03
1.039226832966581787e+04
1.175958101918410284e+04
6.898510387292394626e+03
6.210265978721707143e+03
6.717266598105250523e+03
8.346974793134966603e+03
6.225577221965488206e+03
6.369606399328583393e+03
6.883154925816268587e+03
1.018484531891401821e+04
5.273861870827359780e+03
5.637903054513512870e+03
4.817098391581121177e+03
6.605469294825929865e+03
8.141953079135311782e+03
9.818350925642424045e+03
7.836309605870942505e+03
7.910799671362748995e+03
8.811495807268687713e+03
5.246402129449357744e+03
7.985886548189360838e+03
7.433806101952786776e+03
9.639511602601029153e+03
8.033013426496648208e+03
7.178073638505830786e+03
6.167265087395086084e+03
7.455764065700207539e+03
4.844248526186011077e+03
3.785378522243791394e+03
4.096715123736205896e+03
3.818639083817205574e+03
3.156138778017268578e+03
5.605090201237400834e+03
7.445401793099546921e+03
8.596072913711741421e+03
6.956571867997066875e+03
5.337306304999392523e+03
4.743598695245339513e+03
4.566859577190608434e+03
5.497254352015798759e+03
3.259888382528863985e+03
3.060959548953002468e+03
2.860427289567258413e+03
2.769579228585702822e+03
3.340249955509775191e+03
7.287830766283562298e+03
7.589710921576865985e+03
4.474942345469065003e+03
3.202412136588523481e+03
5.622508262949309028e+03
4.185261285392326499e+03
4.977670310652594708e+03
3.870021713576380080e+03
5.896829613452235208e+03
8.632139546996828358e+03
5.553731455090288364e+03
5.266077194018615046e+03
6.568593318745871329e+03
8.085324145419504930e+03
8.624118542139529382e+03
5.402483337556158403e+03
1.251465698261591206e+04
1.417956802203140251e+04
5.994361887994794415e+03
7.293876225108849212e+03
4.717105151935664253e+03
6.663525482870929409e+03
7.276298709947487623e+03
2.643778705827076010e+03
4.399235338899538874e+03
9.967499948791779389e+03
7.849507997798213182e+03
7.214059062094513138e+03
1.125168766463401698e+04
4.731193758146442633e+03
5.006205468671163544e+03
3.355835875625978588e+03
6.744665171688548980e+03
4.316464463548051754e+03
3.312376764458597336e+03
3.448323148563739323e+03
5.815535203307356824e+03
3.770829298318357360e+03
6.469147975398820563e+03
5.944689299423364901e+03
5.856042278891877686e+03
4.471620936437061573e+03
7.665253738564787454e+03
3.715710538013492624e+03
4.314359782558937695e+03
3.782259127796568009e+03
9.094510330186174542e+03
5.694574846259226433e+03
4.361869537007009058e+03
4.179289458054458919e+03
6.248714608566532661e+03
8.825814588472636387e+03
8.623803106411614863e+03
5.086675529217889562e+03
2.751153282071945796e+03
2.983320668454493898e+03
5.611777171663483387e+03
4.420098756378962207e+03
4.269184062439714580e+03
7.166973568092153982e+03
4.217269655233002595e+03
3.370215084701836076e+03
4.279702951445589861e+03
3.058187942684626705e+03
3.998508350671604603e+03
5.787357505015617789e+03
1.327483550094693055e+04
7.590083661123824641e+03
5.881294237768625862e+03
4.741817565991399533e+03
4.365216999915921406e+03
5.588257685434370615e+03
8.452147411523210394e+03
5.324371575595658214e+03
8.396726247891545427e+03
1.090834514093693542e+04
5.633468908816752446e+03
1.055200530040562990e+04
4.727172942372211764e+03
1.265069338198808146e+04
7.183691437342907193e+03
4.799881801678858210e+03
4.212779399524923065e+03
5.354422920332111062e+03
6.213733247655945888e+03
7.728455416472658726e+03
1.178704129506578101e+04
6.105947925200631289e+03
5.309193856480107570e+03
8.888633737632058910e+03
7.915257264301019859e+03
3.832557465421952202e+03
9.036830616862316674e+03
7.232398919311626742e+03
6.627397238478451072e+03
6.895645009692255371e+03
4.420884903537224091e+03
7.463702173296235742e+03
4.682876381952578413e+03
8.765268883407821704e+03
4.494054483770733896e+03
8.090011778817854974e+03
6.042999013724857832e+03
7.811304069390590485e+03
4.581218482582509751e+03
4.898723721501150067e+03
3.017644312811480631e+03
2.552673605913814754e+03
2.348536661859265223e+03
2.894632594916752169e+03
4.340463574414447066e+03
4.426123131462970377e+03
2.712597549459429047e+03
2.434667070830444118e+03
2.636911357309295454e+03
3.800806965904476328e+03
1.511957836483731171e+03
1.036229938258317134e+03
2.031763489722475924e+03
3.225811409623061991e+03
2.565450114696750916e+03
3.472415439178395445e+03
2.816847937760391233e+03
2.622037526684299337e+03
1.247763551277956594e+03
8.440776861334915111e+02
2.037957767415165108e+03
3.520848671321644360e+03
1.232086909860176547e+03
1.428710730607289179e+03
2.810053369392611330e+03
1.836510195899827522e+03
3.475589149340625227e+03
1.868541766776580289e+03
2.738051987493609886e+03
2.324540239595929506e+03
3.704195536082286708e+03
3.394317506106025121e+03
2.182519812087712580e+03
3.377443497988318995e+03
4.068397767839968310e+03
2.560099777889918641e+03
2.419405697381519985e+03
2.378238116244281628e+03
4.460370537646115736e+03
2.260596370507637857e+03
2.669526845858897559e+03
2.791243658513920309e+03
2.849020980927137771e+03
2.230817878961855513e+03
2.856076842789518651e+03
1.339184900673459197e+03
3.949326636135887838e+03
3.010530341537551521e+03
3.178324686292656224e+03
3.036827162840344045e+03
2.803671681592964887e+03
2.922591375313495973e+03
1.591888397027894143e+03
1.122905984343691898e+03
1.322103973336270656e+03
1.265465700755720718e+03
1.284390646907098471e+03
1.574696596271426642e+03
1.537433086246527637e+03
3.231130428063603631e+03
2.158972769299791707e+03
1.348092679548576143e+03
1.553529242406131516e+03
2.134391754163278165e+03
1.257601332182067608e+03
1.345652124163990493e+03
2.540764154843986944e+03
1.293495231358464935e+03
1.120802131786797190e+03
2.882317447356569119e+03
7.998681124647976048e+02
1.370569700981854339e+03
1.516849121397827957e+03
8.015475254707951080e+02
1.275523215884069941e+03
9.062364612527069312e+02
1.965830552821063520e+03
9.341665642443867910e+02
8.838382342480956595e+02
1.587378232874772948e+03
8.727365176213068025e+02
1.774237989881404701e+03
1.008332856882594911e+03
1.562968949959116344e+03
1.168487554848094533e+03
2.278419620455294989e+03
1.475274909882648444e+03
1.163578852841511434e+03
1.454287215719422420e+03
1.146196742103303450e+03
2.946402489334079746e+03
2.043545616240267691e+03
3.765606696527212534e+03
1.563338892616828389e+03
1.699030812826178135e+03
1.460074289510893777e+03
1.415188342224106009e+03
1.058409000465169584e+03
2.511832332539303025e+03
1.022208255714574534e+03
1.764463192763234701e+03
1.530847514261186234e+03
8.619063167631895794e+02
3.408237719328965341e+03
1.690642176718187784e+03
9.855452649056601331e+02
2.820399305274127073e+03
1.846422674690429858e+03
2.411418267255353840e+03
2.312988061764079248e+03
1.392762143368008083e+03
1.574146617826038892e+03
1.972574622406536946e+03
9.559878737756794180e+02
2.438491054100878955e+03
1.413618482388950497e+03
2.621228281447802146e+03
1.849954798523354839e+03
1.680999839248617945e+03
1.970717314825447374e+03
1.382481641782387896e+03
9.890977614198831134e+02
1.701926403345069957e+03
2.577146307550130132e+03
