1.299144949634816385e+03
1.299144949634816385e+03
1.299144949634816385e+03
2.253915895555971019e+03
2.048744394903894317e+03
1.985759256423880970e+03
1.299144949634816385e+03
2.376172959268661543e+03
1.299144949634816385e+03
1.299144949634816385e+03
1.299144949634816385e+03
1.299144949634816385e+03
1.299144949634816385e+03
1.299144949634816385e+03
1.299144949634816385e+03
1.299144949634816385e+03
1.299144949634816385e+03
1.299144949634816385e+03
1.299144949634816385e+03
2.850103299967600378e+03
5.774030591161639677e+03
1.299144949634816385e+03
1.299144949634816385e+03
1.299144949634816385e+03
1.299144949634816385e+03
1.299144949634816385e+03
1.299144949634816385e+03
1.299144949634816385e+03
1.299144949634816385e+03
1.648802209464613725e+03
2.144750522576111962e+03
1.555413418031343781e+03
2.223874518311194151e+03
1.299144949634816385e+03
1.299144949634816385e+03
1.299144949634816385e+03
1.299144949634816385e+03
1.299144949634816385e+03
1.299144949634816385e+03
1.299144949634816385e+03
1.299144949634816385e+03
1.299144949634816385e+03
1.299144949634816385e+03
1.299144949634816385e+03
1.299144949634816385e+03
1.299144949634816385e+03
1.299144949634816385e+03
1.299144949634816385e+03
1.299144949634816385e+03
1.299144949634816385e+03
1.299144949634816385e+03
1.299144949634816385e+03
1.299144949634816385e+03
1.822195989402457826e+03
1.724536684897523628e+03
2.542373104515624163e+03
1.299144949634816385e+03
1.946016886923098582e+03
2.527461203337810730e+03
3.184300992225003483e+03
1.471361142667931517e+03
1.299144949634816385e+03
1.299144949634816385e+03
1.299144949634816385e+03
1.299144949634816385e+03
1.299144949634816385e+03
1.299144949634816385e+03
1.299144949634816385e+03
1.299144949634816385e+03
1.299144949634816385e+03
1.299144949634816385e+03
1.299144949634816385e+03
1.299144949634816385e+03
1.299144949634816385e+03
1.299144949634816385e+03
1.299144949634816385e+03
1.299144949634816385e+03
1.299144949634816385e+03
1.299144949634816385e+03
1.299144949634816385e+03
1.299144949634816385e+03
1.299144949634816385e+03
1.299144949634816385e+03
1.299144949634816385e+03
1.299144949634816385e+03
1.299144949634816385e+03
1.299144949634816385e+03
1.299144949634816385e+03
1.299144949634816385e+03
3.810236442075894502e+03
1.979398947681719619e+03
3.289248728503559505e+03
2.314065950378444995e+03
3.219478412253168244e+03
2.956324876250748275e+03
1.692308470965611605e+03
5.319745873332957672e+03
5.667996650731944101e+03
5.296886172601597536e+03
6.898698545315294723e+03
6.686070577308373686e+03
7.518495248035579607e+03
6.165602072970997142e+03
4.806488321605418605e+03
3.667828051800594039e+03
4.510172006621177388e+03
5.691146575986990683e+03
4.647531915850865516e+03
7.044957259051348956e+03
6.887653620581562791e+03
5.507646822752406479e+03
6.790204933242138395e+03
4.378965453172469097e+03
3.870089608342031170e+03
6.209034692310107857e+03
4.088545001748295363e+03
5.208632399151650134e+03
6.892377599289025966e+03
8.202905147569765177e+03
6.923247153740723661e+03
8.024430769909344235e+03
6.438187972685176646e+03
8.402798965729503834e+03
5.583466347666466390e+03
4.602826789055660811e+03
8.052546109113790408e+03
8.015010136705110199e+03
5.107523058323692567e+03
6.924593794216091737e+03
6.595709867259550265e+03
8.733126726843989672e+03
9.222579222970900446e+03
4.356302007106426572e+03
7.906625469038262054e+03
1.133587685297489588e+04
9.019648489333254474e+03
7.436453664603513971e+03
9.792915056202356936e+03
3.894357905286438381e+03
4.706568211281220101e+03
2.789816265094946175e+03
2.797987680954345706e+03
1.180925873377398602e+04
7.341010195473605563e+03
1.494056938150874703e+04
6.169553159697291449e+03
7.213806164934244407e+03
7.784525345921356347e+03
6.181868055641863975e+03
8.617810227571288124e+03
4.137391722691066207e+03
4.600649526667549253e+03
7.309508901571893148e+03
9.890901292151958842e+03
5.139728289790085000e+03
3.767648451524294160e+03
6.897310585720525523e+03
5.011209517995947863e+03
2.993349784893285232e+03
3.335398727466628316e+03
2.890118249442443812e+03
3.682866583161792732e+03
3.776453475812932083e+03
4.195488723789210781e+03
4.019165752694233106e+03
5.700897965360611124e+03
3.991748358310017466e+03
5.298563934538170543e+03
7.046646938754784969e+03
3.998414703496775928e+03
4.616811836010657316e+03
5.695657862754765119e+03
3.500508779591929851e+03
5.963097586312347630e+03
4.316635847653440578e+03
3.911616679747507533e+03
3.636448401516294780e+03
6.726008664174545629e+03
5.194264932266029064e+03
9.281276626831360772e+03
1.026192216437071511e+04
1.155025042259522525e+04
6.119785454829627270e+03
9.220690538571827346e+03
7.727927386043663319e+03
1.142718175187369525e+04
1.025341024131030099e+04
7.078798408249708700e+03
7.190633888879165170e+03
1.015820702870952118e+04
7.125789886414542707e+03
7.623929841665840286e+03
1.288437111063028715e+04
5.536734327420613226e+03
7.846635207107701717e+03
7.489817644696491698e+03
1.003280430840135523e+04
6.579601704414532833e+03
6.090629115968062251e+03
7.251960496461068033e+03
5.086853197556160922e+03
9.096841546433190160e+03
5.002975560328359279e+03
7.084518951190533699e+03
4.381434337341954233e+03
5.247369383228446168e+03
7.903670617256738296e+03
6.144588645221847401e+03
4.997069656497157666e+03
1.239739688355044564e+04
6.813493638601053135e+03
3.862089309745372248e+03
7.831864093642017906e+03
6.981343842784678600e+03
5.668361711306093639e+03
4.369859595644223191e+03
3.501434937074760001e+03
7.325551235957142126e+03
6.272661113162830588e+03
1.171661057264603369e+04
8.342306591679120174e+03
5.004511808857801043e+03
4.334385347952145821e+03
8.237009595382069165e+03
3.055303840410510020e+03
5.227715778048013817e+03
6.799585900548793688e+03
5.990753883913742357e+03
3.711638218332323504e+03
4.551856146665642882e+03
9.403855114552872692e+03
9.694436559908366689e+03
4.771864460132205750e+03
2.175600328030322999e+03
3.966620396371741663e+03
7.486083685682626310e+03
5.637992771316632570e+03
6.261613603081827023e+03
2.826655313554930672e+03
2.252770551143304147e+03
2.276277909848311992e+03
2.625074647973801802e+03
2.613877915033585396e+03
2.044796792632760116e+03
2.514793682704122148e+03
3.104117821205019482e+03
2.612891425429591436e+03
2.164704801938136370e+03
4.618598831669397441e+03
3.092004867940055192e+03
1.524510993106793421e+03
1.306279668930612388e+03
2.624360319589278333e+03
2.877520498486783708e+03
3.237005426186847671e+03
3.932101495738067115e+03
2.938324254727640891e+03
2.253915895555972384e+03
1.299144949634816385e+03
1.299144949634816385e+03
1.299144949634816385e+03
1.299144949634816385e+03
1.299144949634816385e+03
1.299144949634816385e+03
1.299144949634816385e+03
1.299144949634816385e+03
1.299144949634816385e+03
1.299144949634816385e+03
1.299144949634816385e+03
1.299144949634816385e+03
1.299144949634816385e+03
1.299144949634816385e+03
1.299144949634816385e+03
1.299144949634816385e+03
1.299144949634816385e+03
1.299144949634816385e+03
1.299144949634816385e+03
1.299144949634816385e+03
1.299144949634816385e+03
1.299144949634816385e+03
1.299144949634816385e+03
1.299144949634816385e+03
1.299144949634816385e+03
1.299144949634816385e+03
1.299144949634816385e+03
1.299144949634816385e+03
1.299144949634816385e+03
1.299144949634816385e+03
1.299144949634816385e+03
1.299144949634816385e+03
