1.299144949634816385e+03
1.299144949634816385e+03
1.299144949634816385e+03
1.299144949634816385e+03
1.299144949634816385e+03
1.299144949634816385e+03
1.299144949634816385e+03
1.299144949634816385e+03
1.299144949634816385e+03
1.299144949634816385e+03
1.299144949634816385e+03
1.299144949634816385e+03
1.299144949634816385e+03
1.299144949634816385e+03
1.299144949634816385e+03
1.299144949634816385e+03
1.299144949634816385e+03
1.299144949634816385e+03
1.299144949634816385e+03
1.299144949634816385e+03
1.299144949634816385e+03
1.299144949634816385e+03
1.299144949634816385e+03
1.299144949634816385e+03
1.299144949634816385e+03
1.299144949634816385e+03
1.299144949634816385e+03
1.299144949634816385e+03
1.299144949634816385e+03
1.299144949634816385e+03
1.299144949634816385e+03
1.299144949634816385e+03
1.299144949634816385e+03
1.299144949634816385e+03
1.299144949634816385e+03
1.299144949634816385e+03
1.299144949634816385e+03
1.299144949634816385e+03
1.299144949634816385e+03
1.299144949634816385e+03
1.299144949634816385e+03
1.299144949634816385e+03
1.299144949634816385e+03
1.299144949634816385e+03
1.299144949634816385e+03
1.299144949634816385e+03
1.299144949634816385e+03
1.299144949634816385e+03
1.299144949634816385e+03
1.299144949634816385e+03
1.299144949634816385e+03
1.299144949634816385e+03
1.299144949634816385e+03
1.299144949634816385e+03
1.299144949634816385e+03
1.299144949634816385e+03
1.299144949634816385e+03
1.299144949634816385e+03
1.299144949634816385e+03
1.299144949634816385e+03
1.299144949634816385e+03
1.299144949634816385e+03
1.299144949634816385e+03
1.299144949634816385e+03
1.299144949634816385e+03
1.299144949634816385e+03
1.299144949634816385e+03
1.299144949634816385e+03
1.299144949634816385e+03
1.299144949634816385e+03
1.299144949634816385e+03
1.299144949634816385e+03
1.299144949634816385e+03
1.299144949634816385e+03
1.299144949634816385e+03
1.299144949634816385e+03
1.299144949634816385e+03
1.299144949634816385e+03
1.299144949634816385e+03
1.299144949634816385e+03
1.299144949634816385e+03
1.299144949634816385e+03
1.299144949634816385e+03
1.299144949634816385e+03
1.299144949634816385e+03
1.299144949634816385e+03
1.299144949634816385e+03
1.299144949634816385e+03
1.299144949634816385e+03
1.299144949634816385e+03
1.299144949634816385e+03
1.299144949634816385e+03
1.299144949634816385e+03
1.299144949634816385e+03
4.939098294221107608e+03
4.988020276712562918e+03
6.979844782335632772e+03
8.341780548518048818e+03
4.013473876748751991e+03
9.950545109785485693e+03
7.952291688949804666e+03
7.919482814413977394e+03
1.037946666276795258e+04
9.923203295376712049e+03
3.962058561000359987e+03
8.480972246701116092e+03
6.368777478976271595e+03
9.693476632975283792e+03
7.651452930696982548e+03
8.476827173842220873e+03
9.474345648038586660e+03
9.537205252601870598e+03
7.990576449514068372e+03
1.193098393454325196e+04
1.833520564273424316e+04
1.277335189103425728e+04
5.156140114626188733e+03
1.027810307000204193e+04
7.373909753178829305e+03
7.069809923728103058e+03
7.306456026853295043e+03
8.257644812195481791e+03
6.289826486030772685e+03
6.199258628890955151e+03
5.029887512191499809e+03
5.409394484690400532e+03
2.974462372015498204e+03
4.735696587317247577e+03
6.770973894614179699e+03
5.211181919457148069e+03
4.828796468295734485e+03
3.647841034899558508e+03
4.269268166942353673e+03
4.979866178472139836e+03
4.190283802894859036e+03
5.229518413003784190e+03
7.389829494393577988e+03
8.702482314169454185e+03
5.378697189054066257e+03
4.298691573368983882e+03
3.999010642858785559e+03
1.108679089090359412e+04
5.663007494801721805e+03
7.539662320964091123e+03
5.148248964895688005e+03
4.180720997908483696e+03
5.550600310488749528e+03
5.230733523447221160e+03
6.131680722375411278e+03
3.764431957705096920e+03
1.870869961937335120e+03
2.594130287692254115e+03
1.886797710392067984e+03
3.256293561953897097e+03
1.299144949634816385e+03
1.299144949634816385e+03
1.624437278161988161e+03
3.000655257566671935e+03
4.399555455102801716e+03
9.567305600931638764e+03
9.216029456285090419e+03
9.633865417946484740e+03
9.548636980769535512e+03
1.063835005107196230e+04
7.895321870097191095e+03
6.390560983792462139e+03
6.637945899628794905e+03
8.691334842101163304e+03
9.656467645697019179e+03
7.598302708880767568e+03
6.708211086484557200e+03
4.080259863795731235e+03
6.698160717454901715e+03
5.368169059060289328e+03
3.752106324697261698e+03
4.024745719256045504e+03
7.996037286787120138e+03
1.212340383068684787e+04
6.471162300702253560e+03
1.292482350739917638e+04
1.299798296839727664e+04
6.963205285246091989e+03
8.597098491819935589e+03
5.711528824083562540e+03
8.283711640124405676e+03
4.110055332513803478e+03
5.571957652012128165e+03
3.634028538248146106e+03
4.292577325845289124e+03
6.274397423163864914e+03
8.131517307244861513e+03
4.080881267155946716e+03
8.487386297270195428e+03
1.097390190865367731e+04
4.485124745800242636e+03
7.584656937709968588e+03
1.550573044611583646e+04
1.196691779293888067e+04
9.830190723067760700e+03
1.107061156339013178e+04
9.269097178091717069e+03
6.152618266783302715e+03
1.076929385378745246e+04
4.584489046499538745e+03
8.877142209895719134e+03
9.356940607668055236e+03
9.020433483893857556e+03
5.108473050706694266e+03
5.126631127150534667e+03
5.403137254261552698e+03
1.070644587218714696e+04
8.603396694604813092e+03
1.459450075615379683e+04
1.626664504686801229e+04
6.200844649629827472e+03
5.294730863327388761e+03
8.525160984310950880e+03
1.139090938368952629e+04
1.211926717466445552e+04
1.064380040318816646e+04
6.753490003479465486e+03
3.390369391942268521e+03
1.286218196026691658e+04
8.828096668141455666e+03
3.363620308812469830e+03
4.126820434556892906e+03
6.744868257363299563e+03
5.375040292842546478e+03
5.763553563707903777e+03
1.157534122197278157e+04
1.026127774463116111e+04
4.346969703127049797e+03
9.163562014813096539e+03
1.152099401815673809e+04
5.622734647539232355e+03
8.070787106590713847e+03
1.470084762810742359e+04
1.057639573618388022e+04
1.195753515732249434e+04
1.105133168269713497e+04
5.662071090989055847e+03
8.455934102361828991e+03
1.009103135611175458e+04
1.618884357755055316e+04
9.688639175917858665e+03
8.395284515489211117e+03
9.067484390933856048e+03
8.345315254726250714e+03
8.478107885356121187e+03
9.457402164385763172e+03
8.970092261168121695e+03
1.004496175723478336e+04
1.222243619558083810e+04
1.176141537543613777e+04
8.159541429008336308e+03
1.329823986532894014e+04
8.625833320630383241e+03
1.011713537630174324e+04
3.893635870785338739e+03
5.581472421501343888e+03
3.761999479922595128e+03
4.451634645909226492e+03
2.133783880516270983e+03
1.299144949634816385e+03
1.299144949634816385e+03
1.299144949634816385e+03
1.299144949634816385e+03
1.299144949634816385e+03
1.299144949634816385e+03
1.299144949634816385e+03
1.299144949634816385e+03
1.299144949634816385e+03
1.299144949634816385e+03
1.299144949634816385e+03
1.299144949634816385e+03
1.299144949634816385e+03
1.299144949634816385e+03
1.299144949634816385e+03
1.299144949634816385e+03
1.299144949634816385e+03
1.299144949634816385e+03
1.299144949634816385e+03
1.299144949634816385e+03
1.299144949634816385e+03
1.299144949634816385e+03
1.299144949634816385e+03
1.299144949634816385e+03
1.299144949634816385e+03
1.299144949634816385e+03
1.299144949634816385e+03
1.299144949634816385e+03
1.299144949634816385e+03
1.299144949634816385e+03
1.299144949634816385e+03
1.299144949634816385e+03
1.299144949634816385e+03
1.299144949634816385e+03
1.299144949634816385e+03
1.299144949634816385e+03
1.299144949634816385e+03
1.299144949634816385e+03
1.299144949634816385e+03
1.299144949634816385e+03
1.299144949634816385e+03
1.299144949634816385e+03
1.299144949634816385e+03
1.299144949634816385e+03
1.299144949634816385e+03
1.299144949634816385e+03
1.299144949634816385e+03
1.299144949634816385e+03
1.299144949634816385e+03
1.299144949634816385e+03
1.299144949634816385e+03
1.299144949634816385e+03
1.299144949634816385e+03
1.299144949634816385e+03
1.299144949634816385e+03
1.299144949634816385e+03
1.299144949634816385e+03
1.299144949634816385e+03
1.299144949634816385e+03
1.299144949634816385e+03
1.299144949634816385e+03
1.299144949634816385e+03
1.299144949634816385e+03
1.299144949634816385e+03
1.299144949634816385e+03
1.299144949634816385e+03
1.299144949634816385e+03
1.299144949634816385e+03
1.299144949634816385e+03
1.299144949634816385e+03
1.299144949634816385e+03
1.299144949634816385e+03
1.299144949634816385e+03
1.299144949634816385e+03
1.299144949634816385e+03
1.299144949634816385e+03
