2.711806438389421601e+03
2.206810274995453256e+03
1.593753733897154234e+03
1.408661467644774802e+03
1.291964201445422532e+03
2.156538693984488873e+03
3.004396097176326293e+03
3.187885831493674232e+03
3.338828586095387891e+03
3.828565914447662635e+03
3.731578821980344856e+03
3.417768743562364307e+03
3.092510788764875997e+03
4.045399133546423855e+03
2.757484468115730124e+03
2.887657944919048532e+03
3.741458648627354705e+03
3.931086563251050393e+03
3.829330467409466110e+03
3.589816627677523229e+03
3.404921577336373502e+03
3.239937889137990624e+03
2.951316567988496899e+03
3.444551802477019010e+03
2.461899477973156991e+03
4.103183065555923349e+03
2.735614227846195263e+03
3.087608773651225874e+03
2.829054437227935978e+03
2.012863921208493366e+03
2.480567053212650080e+03
2.321007803969433553e+03
3.494805595818768325e+03
2.088008025016674310e+03
1.787116278100594172e+03
3.034457450240329308e+03
2.823044176189744121e+03
2.399239373800944577e+03
2.531809638616027314e+03
2.880458261113836215e+03
2.244226177804971940e+03
2.306498918904545917e+03
2.895406322736817856e+03
2.275736363258400615e+03
2.541659577667870053e+03
2.139081384719892867e+03
2.351933732207114645e+03
2.050097509262102903e+03
2.466944261631486825e+03
3.115229140686401934e+03
2.440482227701690135e+03
3.126262636501223824e+03
3.350024937024995779e+03
1.619409888465094582e+03
1.104642363604645880e+03
3.357150969252299546e+03
1.920200780530773045e+03
2.305904430754948862e+03
2.495469199898778243e+03
2.779128619696921305e+03
1.988914912592129895e+03
2.122533563421683539e+03
2.480009287509166370e+03
3.396621131745076127e+03
2.274171663728099702e+03
1.861988899510701003e+03
1.620927126439194581e+03
1.663877982056977316e+03
2.009273484732698080e+03
2.768520036615845129e+03
1.966633173786739007e+03
1.565029166772834742e+03
1.833691587975554057e+03
1.243323489994494366e+03
2.025155947317308346e+03
1.514507203825602573e+03
1.400811690157793919e+03
1.904478811905292105e+03
1.037931913282925507e+03
1.219919247574656993e+03
2.500922294659907493e+03
2.299367332963520312e+03
1.341673817011318533e+03
2.350354835443491538e+03
1.418080494994641413e+03
1.567090310376717980e+03
1.510251633028003198e+03
2.132792930755178531e+03
2.556835807602753448e+03
1.687544511248049275e+03
1.599555769940132222e+03
1.534586763025201435e+03
1.926290416796363388e+03
1.681368359720471517e+03
2.035131601333310527e+03
1.888270624403619195e+03
2.028028349169423109e+03
2.312981244762102961e+03
1.629945934411244480e+03
1.615794592499739338e+03
1.328427592970783280e+03
1.475770522202463781e+03
1.769991041051337334e+03
2.684758561671780626e+03
1.533125750443506377e+03
3.103161817747241912e+03
2.252473204430549686e+03
2.089970522370550952e+03
2.323704413282408950e+03
2.045941444600132400e+03
2.210946014522070527e+03
2.264195540554116633e+03
1.697805343993287806e+03
3.887159353507705873e+03
2.621052015052749084e+03
1.723835740950740956e+03
2.352565623936140128e+03
2.459656681649900747e+03
2.882701502145928771e+03
2.396459253672513114e+03
3.081431991902299615e+03
1.599257774795434671e+03
1.771668298491764745e+03
2.058934983138083680e+03
1.688040822441284945e+03
3.142485105069770725e+03
3.589327216838029017e+03
2.019367851766161039e+03
1.242732302834660231e+03
3.126013309747051608e+03
3.656678285905193206e+03
2.352870029878653440e+03
2.436111555214165946e+03
1.362767619846153138e+03
1.856140494680011443e+03
2.686667630311396351e+03
4.720400281418449595e+03
3.818039978267268907e+03
4.621160879100514649e+03
3.459151914777231468e+03
4.951793036000071879e+03
3.413121122459303479e+03
4.505510888229944612e+03
3.791870376386953922e+03
4.650469901736625616e+03
5.360957445892525357e+03
4.293807475879518279e+03
3.966130766611181116e+03
2.719329331776781146e+03
2.390495684127959976e+03
2.227163508359154093e+03
1.223218555519672236e+03
3.418006030949593423e+03
3.395838623502685550e+03
2.821601699730223118e+03
2.853330423818449617e+03
2.876711124745021607e+03
2.497781425988890987e+03
2.164579259418915171e+03
1.707883370454836722e+03
2.154114219449566008e+03
1.882833975651095670e+03
1.989751808861338304e+03
2.782811559178607240e+03
2.375633052488919020e+03
2.860263130132757396e+03
2.978166550083885340e+03
2.906187898330968437e+03
3.523252305927864199e+03
4.458841469607553336e+03
4.207792567131508804e+03
3.925397895013710240e+03
3.047514195078416833e+03
2.959577954557471458e+03
2.690225773061770724e+03
3.557190002398729121e+03
3.600634005131718368e+03
4.470287771986128064e+03
5.781004854820102082e+03
6.364753289143684924e+03
5.507139299799774562e+03
5.782275974132879128e+03
4.718970461233807328e+03
3.124302993404068275e+03
2.291576292633780668e+03
2.826094569154874989e+03
2.338250661380090150e+03
1.765186573196336667e+03
1.819133437967427199e+03
1.807047250873059284e+03
2.028994914791248902e+03
2.063462865827901169e+03
1.583697584622155773e+03
3.271538839410152377e+03
2.324690568311142215e+03
2.742244243735139207e+03
2.339265200294566512e+03
3.270436124371934966e+03
2.932732538157413273e+03
2.788121358959260760e+03
1.913033791791445765e+03
3.757185784372482431e+03
2.457167820056836717e+03
3.480302770517399040e+03
1.700708705151092317e+03
2.928604399693323558e+03
1.681845536451178305e+03
1.985862084707969643e+03
1.551228290830032620e+03
1.697808182619158060e+03
3.417623842933694959e+03
1.514333406311330918e+03
2.388154694925594868e+03
2.183347441767805776e+03
2.980046222351046254e+03
1.833858210342170878e+03
1.979988177693650641e+03
2.396037989247667156e+03
1.805978575975460217e+03
2.964809097074773945e+03
2.906112950842657483e+03
1.939843656079348193e+03
2.523996792485988863e+03
2.001273364042450567e+03
1.670935035281156161e+03
2.098828037761276846e+03
3.587430917277795743e+03
1.591293159200717128e+03
2.390057029314560168e+03
1.934013924202242833e+03
1.731876828328987131e+03
2.360483485455531536e+03
3.006921678569009146e+03
1.351773079190554199e+03
1.631794715167696722e+03
1.494098804298165533e+03
2.124158296821809927e+03
1.537227933078853312e+03
1.270406182795306222e+03
1.630514588985393630e+03
2.683780200213474018e+03
3.147818936193494665e+03
2.849059827122125171e+03
2.264103967353746157e+03
1.814199673351140291e+03
1.365640196443371224e+03
1.499019217493276983e+03
1.950670527016293363e+03
2.004180010216329720e+03
1.065920782320149328e+03
2.564903737114246724e+03
2.635218155064256280e+03
2.416820088305693389e+03
2.599284464070705326e+03
1.784467178383829832e+03
2.746356370031743154e+03
2.030533607899678827e+03
2.626445000323543809e+03
3.008163532514232429e+03
2.615797884434661682e+03
2.907700957771289268e+03
3.465516687527951035e+03
5.199236090955223517e+03
5.592331707346719668e+03
5.865610967408087163e+03
5.627118375184321849e+03
7.423964607221265396e+03
7.828388643672960825e+03
3.107100973537297705e+03
3.076444068078114924e+03
3.580180840495091616e+03
3.734743780817263087e+03
4.656301316981993295e+03
4.133234607770310504e+03
3.274107537784786473e+03
3.789987285969093591e+03
5.364053393220410726e+03
5.413278679038779956e+03
5.158996536521031885e+03
5.677380759529241004e+03
6.023036926296589627e+03
5.638435837927327157e+03
5.496559972419157930e+03
3.964731929837436837e+03
4.986963703205396996e+03
4.213407076029867312e+03
3.113201623209855825e+03
2.570076614153539140e+03
2.898630087282268960e+03
2.371785118553937991e+03
2.908421575017432588e+03
4.760694347605867733e+03
4.211365559565764670e+03
5.522593174126034683e+03
4.750373254028155316e+03
5.579511176279121173e+03
7.044875374616775844e+03
5.914926810396878864e+03
5.384038588657977016e+03
4.751661233314909623e+03
3.868304942924077295e+03
3.245527853512391630e+03
3.308988646939314549e+03
3.875351287141885223e+03
3.058171174685066035e+03
1.975737364211898466e+03
1.960222245177619243e+03
2.697687654829404437e+03
2.607043332747529348e+03
2.868875638671511751e+03
2.247607692349032277e+03
3.177076247945996329e+03
2.602315921384531521e+03
1.879232996273749905e+03
1.577585459774274113e+03
2.373912823056074558e+03
3.273070746746116583e+03
3.862146145891515971e+03
3.970869180088066514e+03
4.499008178082131053e+03
5.978008611221976935e+03
5.160873194763227730e+03
3.805766438242918412e+03
3.625920176036946032e+03
1.993890826281632371e+03
2.501021051610973700e+03
2.571857751313306380e+03
1.735236549611645842e+03
1.247231210622948538e+03
1.935784498566792990e+03
2.673947694166517522e+03
3.046299909646919787e+03
2.607185052888377868e+03
3.776701246496208569e+03
3.767666551573135621e+03
4.504096770161760105e+03
7.580407303234554092e+03
5.748072531736700512e+03
3.001499217909368326e+03
2.882108173200073452e+03
1.658157885350366996e+03
2.016389134764096752e+03
1.668520170814601215e+03
2.470546575972361097e+03
2.197455485088421483e+03
2.361737034762437361e+03
2.818506882570205107e+03
2.890078410769910533e+03
3.488211525447150052e+03
3.284635321406190997e+03
3.329381520031643049e+03
2.892254884715271601e+03
2.885601667440186702e+03
2.414100095059391151e+03
1.766382044694388242e+03
3.023780271853866452e+03
2.803497398249492562e+03
3.721621204676038360e+03
4.501828033646628683e+03
4.716920516980469074e+03
4.383058280996261601e+03
2.489303509904284056e+03
2.172621353874194938e+03
2.208408605904410251e+03
1.809595838148570010e+03
1.363458126690200515e+03
1.849934056106971866e+03
1.804936300101966935e+03
2.082779452795566613e+03
2.393538893874216683e+03
2.378840987454107108e+03
1.334705585679994783e+03
1.522113134358775142e+03
2.731368077868437013e+03
2.626986775429616955e+03
2.921779093287519572e+03
4.122180249101543268e+03
3.696788193448885067e+03
3.800362942856525478e+03
4.608446891664279065e+03
3.038062562730895479e+03
4.361037577107736979e+03
4.313805706158359499e+03
4.765507682731695240e+03
4.932671628618754767e+03
3.216733698819441997e+03
1.674882863872294820e+03
2.156140666851398237e+03
2.304397561208382740e+03
2.454735709418516763e+03
2.681492207491645331e+03
1.671419033452043777e+03
2.046321859111668800e+03
2.103944316948383403e+03
1.442407140681586270e+03
2.189904039016110801e+03
3.870285432447375115e+03
3.331561784434399669e+03
3.800153177530932226e+03
5.068312086956640087e+03
3.683772371076544005e+03
5.311234201959019629e+03
2.874465703018148815e+03
2.381842235652803993e+03
2.968685961731860061e+03
3.340597505413202725e+03
4.072154218795074030e+03
4.143477944320252391e+03
4.313097184010955061e+03
3.904933720365174395e+03
1.953068728652896425e+03
1.729491529347755204e+03
2.577448947890668023e+03
3.560522184353071680e+03
2.515448760899716490e+03
1.645711849339145601e+03
2.771243612642838798e+03
2.100092019448913106e+03
2.315267893520492635e+03
2.629545535186468896e+03
3.495317899434007359e+03
4.542661505425679934e+03
3.742328654102867858e+03
2.672232405447888141e+03
1.125272270288693107e+03
2.252307306425706429e+03
2.770717026875170632e+03
4.297188291692968960e+03
3.222101083074678627e+03
4.438011938879811169e+03
4.849453602405983474e+03
2.889664112829160331e+03
4.305746421365608512e+03
3.276915339193101318e+03
3.202879303170477669e+03
2.762507276476301740e+03
4.606094597343521855e+03
3.925254238942983648e+03
3.165718476040759924e+03
4.242388336804100618e+03
3.283525651179688793e+03
3.562322631291892776e+03
3.825826958585191733e+03
3.516330925366989504e+03
4.016105934488258299e+03
4.688568927483691368e+03
5.904447522382510215e+03
5.396873697702670142e+03
4.867644772476579419e+03
4.169081245673925878e+03
4.601154621388993291e+03
5.206410905748394725e+03
5.596854842933402324e+03
3.234390179437258666e+03
2.330573916052717323e+03
2.402663851877574871e+03
2.044485422655215643e+03
1.438570722171563148e+03
1.349169772041891974e+03
1.559733273255368886e+03
1.978601788606288665e+03
1.664394648054991421e+03
4.325606164855808856e+03
3.939016455452816444e+03
2.688514306289253909e+03
2.675694451496263810e+03
2.525052343558982557e+03
2.477481201295649498e+03
2.025715356149398531e+03
2.148587889331392034e+03
1.812145349959375608e+03
2.634965484294359158e+03
1.845442391883437267e+03
1.589366957258431967e+03
1.934821335170599014e+03
1.257002263615574066e+03
1.618545648810256580e+03
2.942066730479657053e+03
2.023576531671426210e+03
1.490439393133816566e+03
2.038273822050105309e+03
2.660102548520503660e+03
1.523588670688561251e+03
1.958016708794197029e+03
2.060345844165233757e+03
3.170754994969887321e+03
2.036188399644911442e+03
1.749907879848674838e+03
1.694754711878748139e+03
1.550909320025303487e+03
3.266874484784378637e+03
2.682704557381042832e+03
1.348103009600617497e+03
1.445757026881472939e+03
1.611965101700813648e+03
1.513944188282103823e+03
2.036045379669279100e+03
1.942361560594171806e+03
1.656628514099682434e+03
