1.763287556510784270e+03
2.393757768457636303e+03
5.227494044205409409e+03
4.653537401440970825e+03
3.360698617163842300e+03
3.949714728024687247e+03
3.583479602814380542e+03
3.548669866337962958e+03
3.906098190101652108e+03
4.354021581502986010e+03
3.845297658984823101e+03
3.938353806906622594e+03
4.208580097734681658e+03
4.441104831012273280e+03
5.460356546322786016e+03
3.666350781733760414e+03
2.753145219310481480e+03
3.126903630671659812e+03
1.820399110941050139e+03
1.592120913816400162e+03
2.530037954947062644e+03
2.017825578956755635e+03
1.777805418460211513e+03
2.716010589561270990e+03
2.068820137650852303e+03
2.380202309908686402e+03
2.182748082106045331e+03
2.047164623178293141e+03
1.738466964662302416e+03
2.172998960873411761e+03
1.823228324271429074e+03
1.680011479279299238e+03
1.771071118846227591e+03
1.898364687095406452e+03
1.724626662860161105e+03
1.540465709364457325e+03
1.783632572474556582e+03
1.660428657494223671e+03
1.565918575288372494e+03
1.399107835310788914e+03
1.454608799380230039e+03
1.310315989910140615e+03
1.350616728001187539e+03
9.475613545533266233e+02
1.082819295656968507e+03
1.733788295426053764e+03
2.814178085300572093e+03
2.243791647230153103e+03
3.144333911122140307e+03
4.567712944601437812e+03
5.380564759669964587e+03
5.330319378255461743e+03
5.727974959845965714e+03
5.175907408021140327e+03
5.330160912003455451e+03
6.339044153208648822e+03
7.110686209371995574e+03
5.565352668722336603e+03
5.054436920314321469e+03
5.352606772961526076e+03
4.538944902327728414e+03
4.500446598084175093e+03
3.655251949611396867e+03
2.852822298321286326e+03
3.087363909550643712e+03
3.135478065965286078e+03
3.482693388302493531e+03
2.805695018731896198e+03
2.557450309848426969e+03
2.699028734577079831e+03
2.948316478287542395e+03
3.987260664551602076e+03
5.380289563362088302e+03
5.219685727622932973e+03
5.227301432390660921e+03
4.108828912476055848e+03
3.986903007205084577e+03
4.367030671174969029e+03
5.285054478082769492e+03
4.768582727516711202e+03
5.249156359240494567e+03
4.295321667523933684e+03
3.059363185889481429e+03
4.173973210661682970e+03
2.533427785712478908e+03
2.675380636329498884e+03
2.803996513345531639e+03
4.013721700722873265e+03
2.399043371349446716e+03
2.826833988119977221e+03
2.436856526804342138e+03
2.987288678244628954e+03
1.581755810035001332e+03
1.507066024140737454e+03
3.173396679990264602e+03
2.771967065747505330e+03
3.289892855561784927e+03
2.775595362648255559e+03
1.790100125970749104e+03
2.677452269196518955e+03
2.516646226941525583e+03
2.072995890077439981e+03
1.795122938690598630e+03
2.309636242444509207e+03
2.252530982664163275e+03
2.280422879844564250e+03
2.158302818881475559e+03
1.266782418061169892e+03
1.080257528742943350e+03
1.167782504744430753e+03
2.266060397473790545e+03
2.329527886924674931e+03
2.018119202571029746e+03
1.558290248987926361e+03
1.462951188578306301e+03
8.726418416778570872e+02
8.038805882014612507e+02
8.574279230505776468e+02
5.726857764471652672e+02
6.423071510454233248e+02
7.776016153375674094e+02
1.041478166175710976e+04
9.698876139625084761e+03
7.883634414463510439e+03
8.021166764279374547e+03
8.061584173818302588e+03
7.585107340207898233e+03
7.963370298367941359e+03
7.582398561527319544e+03
6.680244741705630986e+03
7.817106056166747294e+03
7.439555578639350642e+03
6.410534152440080106e+03
7.368586370936541243e+03
7.826896837095003320e+03
5.399079596453134400e+03
5.534626323240603597e+03
6.723964987439190736e+03
6.386272831568116999e+03
6.955295046706362882e+03
8.335200185512965618e+03
8.571439901540077699e+03
8.135136029576280635e+03
7.312869469028971253e+03
8.065138464884181303e+03
6.953795628349511389e+03
5.658657970046291666e+03
6.480699958678538678e+03
4.958660019903366447e+03
5.247124524370668041e+03
4.773555517882577078e+03
7.956062420560684586e+03
7.286078005975505221e+03
3.934357750479430251e+03
6.365708491686442358e+03
8.091156779031514816e+03
6.588544090741565924e+03
6.808536779030496291e+03
5.244249617179948473e+03
5.021320384573757110e+03
4.465438648044686488e+03
6.022536735845974363e+03
6.131147147163007503e+03
6.319181544529921666e+03
9.314463579044921062e+03
8.247699666402128059e+03
9.761855306138497326e+03
8.455437078628167001e+03
4.233082968586105380e+03
6.577820334335786356e+03
4.067934617978623010e+03
2.696172132972874351e+03
2.665985862732309670e+03
1.848915947180071271e+03
2.101993595489659583e+03
2.160626211068309203e+03
2.196179211256613144e+03
1.608991656416269052e+03
1.970196133752064497e+03
1.729990942200422978e+03
2.060602377243733372e+03
1.598637136719047703e+03
2.605362346266035274e+03
2.581169983123738803e+03
2.810094379444572041e+03
1.928464293611278663e+03
1.193825806635707067e+03
3.301013358153426907e+03
2.541402455474001272e+03
5.229220957321605056e+03
7.850534885140672486e+03
9.365082733072584233e+03
9.596397590569855311e+03
3.476152380904027723e+03
4.108850486905109392e+03
2.736172026686505887e+03
3.581689912462542907e+03
3.627613047925598039e+03
1.998132212947111157e+03
3.512040933861980193e+03
3.221518066659823944e+03
4.374981689575969540e+03
4.028908944368426091e+03
4.681129940082749272e+03
4.105418100836001031e+03
5.407560836564975943e+03
4.003634426898685433e+03
4.987731295018773380e+03
4.066932731617144327e+03
4.845099982867421204e+03
2.592659909785885702e+03
2.858412679720455344e+03
3.306436125830625315e+03
5.610530620442739746e+03
5.893773814642709112e+03
4.624621354045874796e+03
7.120315866963642293e+03
6.341407034973900409e+03
5.382002235520748400e+03
4.900600506997227058e+03
6.597897655878709884e+03
5.454006938238468138e+03
5.888797759956542905e+03
5.320560058390594349e+03
4.893884727246702823e+03
4.670372233631205745e+03
4.491479125220208516e+03
4.513469457174310264e+03
4.052336692092697831e+03
3.944306380038137831e+03
3.450225957675603695e+03
2.704460140825130566e+03
3.532450434862195834e+03
4.069194653437677516e+03
3.524066583337239990e+03
3.776875808412151855e+03
3.037705221699759477e+03
3.828197688404961809e+03
3.951522715425738170e+03
3.548116386020749815e+03
4.215746105050452570e+03
4.583705167174399321e+03
4.673567682283589420e+03
3.678459306203701999e+03
4.865311226143669046e+03
4.974296256311708930e+03
4.595644355524102139e+03
3.965055533787465720e+03
4.496652201500015508e+03
4.790419569245609637e+03
4.939540183253828218e+03
4.070057306241892093e+03
4.821895275111563024e+03
3.896575108138073574e+03
2.904402765939253186e+03
3.893511273469598564e+03
3.940984967711746322e+03
3.663253445176025707e+03
3.348781123659897276e+03
2.150101995661619185e+03
2.012070841499874405e+03
1.613668696153847577e+03
2.110778200369770730e+03
1.749480720758496091e+03
1.701308723780507307e+03
2.030843847651784017e+03
1.704169002217859997e+03
2.454503084141775162e+03
2.228092084628020984e+03
3.646228538262132133e+03
3.977453072493074160e+03
3.783003184195380072e+03
4.392949249418244108e+03
4.720818115157066131e+03
5.263926260380787426e+03
3.946526997006228157e+03
3.886953665600104614e+03
4.607304064466960881e+03
6.804204477973517896e+03
6.291209561093485718e+03
7.822621772870329551e+03
9.101861598767271062e+03
9.012744224173315160e+03
8.474309962032319163e+03
7.721098810704225798e+03
6.538448665484436788e+03
6.846361706409720682e+03
7.231993756591195961e+03
7.311333942697112434e+03
7.462347777319002489e+03
7.783749784240837471e+03
8.840193794562352195e+03
7.333362725236504048e+03
6.959366966881167173e+03
3.838241635526747814e+03
3.715737644711260600e+03
2.556260716696192958e+03
2.051090547520596374e+03
1.833601418676151070e+03
1.970428611643321119e+03
2.822722203184576756e+03
3.449579029123894543e+03
5.028933388805711729e+03
4.092934947767128961e+03
5.079959996805521769e+03
3.828872005112399165e+03
5.230480620236091454e+03
3.151174170531264735e+03
7.000936877258470304e+03
7.029954833835309728e+03
7.988785225833479672e+03
6.552896502584356313e+03
6.416888284584760186e+03
5.340916189444486008e+03
4.914007014645264462e+03
4.669030000922139152e+03
4.942387465404621253e+03
4.205887732760986182e+03
3.784864341010312273e+03
5.747224082569044185e+03
7.524052490813739496e+03
5.673182313577385685e+03
3.612346856609853148e+03
3.414923758378035473e+03
3.832134944952269962e+03
4.282014215370115380e+03
2.956857636609682231e+03
2.588371385186579118e+03
3.295919275349720465e+03
3.440865480475252298e+03
2.654973142348723741e+03
2.491435737952544969e+03
2.226817146229536320e+03
1.773957130795804233e+03
2.044331603715939764e+03
2.619776157444372529e+03
1.826779021202205740e+03
1.546910907447182126e+03
1.373800440757722072e+03
2.003355072384239747e+03
1.630388254721469139e+03
1.490773967255509206e+03
1.265503666629301279e+03
2.131860823298542527e+03
2.987472770253904855e+03
2.926282208780280143e+03
2.258965055813209801e+03
2.133406965445979949e+03
3.782865013811340759e+03
3.673591294647328141e+03
3.610929976241630811e+03
3.063863370407661478e+03
1.183725688969180510e+03
3.510059648086937045e+02
7.647632689947055269e+02
8.920105817324981672e+02
1.060614715139425471e+03
1.008975055055529083e+03
9.536120279224471687e+02
9.453395515788090506e+02
1.096566595350038824e+03
1.105739682144148674e+03
7.749165602202837135e+02
1.135132446367077819e+03
1.262989712822629599e+03
1.049207891239348100e+03
3.627666716164490936e+03
3.582699760564606095e+03
4.058509137882841515e+03
3.318325622540891345e+03
4.246160091560846013e+03
3.705188961486992412e+03
3.244359937740826808e+03
2.999531721372938136e+03
3.716940000358216821e+03
4.328881879782899887e+03
3.960249465849230546e+03
3.220739814043930437e+03
3.197664775063454726e+03
3.727693212530263736e+03
4.731709570532309044e+03
2.487474590353158419e+03
1.431010450964208303e+03
2.076361205786966821e+03
2.254786915173475791e+03
1.551251670872973364e+03
1.933134367840563755e+03
2.291364626681163827e+03
1.965168493227438830e+03
2.285662145691220758e+03
2.511654746335854270e+03
2.349572337797476848e+03
1.962461930608751118e+03
1.547826324983971517e+03
2.491601340263656311e+03
3.215612392052833457e+03
3.166222026058769643e+03
3.999996693624383624e+03
2.694558875073338186e+03
2.466655541101384188e+03
2.390683129873772486e+03
2.665023705893479473e+03
2.949669560446441210e+03
2.447249543830876064e+03
2.782484859636161673e+03
1.854130636846662128e+03
1.892034682744553038e+03
2.645155034506909942e+03
2.971657360667323701e+03
4.134643136943597710e+03
3.324442756857979475e+03
2.927057260518145995e+03
3.561315772006532370e+03
2.681116185266749198e+03
4.027012155503327449e+03
2.968363544561082563e+03
3.542701389912080685e+03
5.099146351868052989e+03
5.400757037508082249e+03
4.517940271234802822e+03
3.504352021527333363e+03
5.753470263046890977e+03
5.642912945444248180e+03
4.889914843595896855e+03
2.654179434559361653e+03
2.526581349327725093e+03
3.410403393909058195e+03
4.384298337481793169e+03
4.409532050538667136e+03
3.443983465557232194e+03
3.044792796705623914e+03
3.228079030969696305e+03
2.767552513633541366e+03
2.581007513516915424e+03
3.224067419827852973e+03
2.621447579202871566e+03
2.570811429006735125e+03
2.118809817472119903e+03
1.801733952008319420e+03
3.525259263082552025e+03
3.735138966077626719e+03
2.532870208911181180e+03
4.098386410307452024e+03
4.199450551860621999e+03
2.440008270608788280e+03
2.967614391845170303e+03
3.588981645677594315e+03
4.004324862916887014e+03
3.623429105486700792e+03
4.780850905757783949e+03
4.454629099253048480e+03
4.372318601289223807e+03
6.118451675904282638e+03
5.781827265433028515e+03
6.813078682113801733e+03
5.965947942008940117e+03
5.254872925206848777e+03
3.682544331973166209e+03
3.450789733688357956e+03
3.201915550783378876e+03
3.199911854081704860e+03
3.231524119873483414e+03
3.300563192828190495e+03
2.269448095654981444e+03
2.803477059642424592e+03
2.036590800906351660e+03
1.643506213378648681e+03
1.364549190367339634e+03
1.068763922673349271e+03
7.582814084229386253e+02
8.213839423951530989e+02
1.222943506659064951e+03
1.199581251142464453e+03
9.517338592150587147e+02
9.506772230965394783e+02
1.046444215715599967e+03
1.179039582963842577e+03
8.788365376183935496e+02
6.645795275909387101e+02
7.121035982630199896e+02
1.030883009972003947e+03
8.787372552572826407e+02
9.365291119687390164e+02
8.681531743667135288e+02
6.931621179303821236e+02
9.579989330600077437e+02
1.263915475170035506e+03
1.124429822642232011e+03
7.221650801709730558e+02
1.009337844169670007e+03
6.822979361298156391e+02
7.689045914875423477e+02
8.393222544672220238e+02
8.361448694643110002e+02
8.493023970679618060e+02
1.078340890224835675e+03
9.646359795811116555e+02
1.133224487434766161e+03
8.329456975553762277e+02
