3.418546252732796802e+03
2.086619234818546374e+03
4.244757117528074559e+03
3.560003608519108639e+03
3.738648130526654768e+03
4.223065370242355129e+03
4.416762906271740576e+03
4.528294094917109760e+03
5.141251000806253614e+03
6.236988118128796486e+03
5.120456044712711446e+03
5.163926406576395493e+03
5.558406218879665175e+03
4.714002299510596458e+03
2.626374685457305532e+03
2.990860820534431696e+03
2.354566488603304606e+03
3.277188550964297519e+03
5.452719998458724149e+03
3.130104429224745672e+03
4.909914973490873308e+03
2.912659070819160661e+03
2.310358227689160231e+03
1.914916857295359250e+03
2.252399951156367933e+03
1.670111815551360678e+03
2.008488956615445204e+03
3.356294613521229621e+03
4.005682766979762619e+03
3.671020944492377112e+03
3.849480929064995962e+03
4.365141949884762653e+03
3.902600088125953789e+03
4.845405486597533127e+03
3.782824750391109774e+03
5.299979474325642514e+03
4.452614833026550514e+03
4.008977668131556584e+03
4.099506083783358008e+03
1.921644093372153520e+03
2.540920401359654534e+03
3.068814185578377874e+03
2.850804091938722650e+03
3.200647836326486413e+03
2.690179219405668391e+03
3.092967117524495279e+03
4.744952154458221230e+03
3.766451460560452688e+03
1.886577071125035900e+03
2.073634280304131153e+03
1.827571449983476896e+03
2.097164776506132057e+03
2.013318407164004839e+03
3.301293061170291367e+03
2.747324922754519321e+03
2.444494195458114973e+03
1.849760291481042714e+03
1.693363044122011843e+03
1.874438728977811706e+03
2.208059935132422197e+03
2.517954449952575487e+03
2.355043264825628739e+03
2.038634754505945693e+03
1.707806464587514938e+03
2.478995938406748337e+03
2.228802725439552887e+03
2.354764401852712581e+03
1.597982761951322573e+03
1.397153010073493078e+03
1.443395694199352647e+03
1.685558079905500335e+03
1.359942169448051800e+03
1.525921897097805640e+03
1.352434640354986641e+03
1.366090017081042106e+03
1.541750501526359130e+03
1.444393707565400064e+03
1.433629469445327686e+03
2.323854361745672577e+03
2.999471196720141506e+03
3.256695237260680187e+03
3.324059668771042652e+03
2.709319162680913905e+03
3.014094238739181037e+03
2.806733213116258412e+03
3.763348757020054109e+03
4.153348186096071004e+03
3.285052994713299540e+03
3.038603789971677998e+03
3.599234220609760541e+03
3.680753937620569104e+03
3.757720999605950510e+03
4.158533250074901844e+03
2.395670025202761735e+03
3.249855805507249443e+03
2.257856986649718237e+03
2.381244402184838691e+03
2.307159951585927047e+03
3.732701596896295541e+03
3.516891515656659976e+03
1.895734360015557968e+03
2.155169079764835260e+03
3.671000803371146958e+03
2.677734144536594613e+03
3.253671691832377292e+03
2.530298264968617332e+03
2.899089392415182374e+03
3.127017628605704431e+03
2.663236418778403731e+03
2.868457496363827886e+03
3.492628063379634568e+03
4.292373901238154758e+03
3.513169994545618010e+03
3.810287952020521061e+03
4.433634787518922167e+03
3.845149067057208867e+03
3.366005990632637804e+03
2.793612186825766912e+03
2.621428815105395643e+03
1.942855874477791076e+03
1.743786260544010474e+03
3.023732471952528613e+03
2.273403814877788136e+03
3.113485492676950798e+03
3.710336232458902941e+03
3.589004231907281337e+03
2.578781575893488935e+03
3.044957895602055032e+03
3.460873189550906318e+03
3.657219783899370213e+03
3.710216260868298832e+03
3.449082683816272493e+03
2.734793643415798215e+03
2.245358554468933107e+03
2.685696832281322713e+03
2.046301101137752767e+03
3.018918098874307816e+03
3.406211270666001383e+03
3.043800233167826264e+03
3.062542640579819818e+03
2.305771402125384611e+03
2.467003258112843469e+03
2.262269202561692055e+03
3.050443620893636762e+03
2.208765436328879332e+03
3.509434547122848471e+03
2.138835801036948851e+03
2.302849188365610644e+03
2.428283410089337849e+03
1.804958156867982325e+03
2.233807525161829744e+03
1.601231972249352111e+03
2.703864199423238915e+03
2.393094834387028186e+03
2.209230431356609643e+03
4.832845667011783007e+03
4.454697638140583877e+03
6.465683760523760611e+03
6.426033820115992057e+03
6.465498649485847636e+03
5.489098946635929678e+03
5.407336986147634889e+03
3.898684341850918827e+03
2.933432025137473829e+03
3.778117249601167714e+03
3.526599736504887460e+03
3.153812583990440544e+03
3.757788588854242789e+03
2.763528748595586421e+03
3.681398668774893395e+03
4.727860336778672718e+03
4.456014544848552760e+03
3.892624675937173834e+03
2.964371927923235035e+03
4.190922345142535050e+03
5.779383843649851769e+03
5.715231891995743354e+03
4.348365911220905218e+03
5.922850423153163320e+03
5.114246528046417552e+03
3.923221310035504303e+03
3.633253345625506427e+03
3.988086165377190355e+03
3.360286985000440836e+03
3.006874843688437068e+03
3.252791280680905857e+03
1.914624470256476343e+03
2.136468105016673690e+03
1.591529428648827434e+03
1.749389017230853824e+03
2.654137280625636322e+03
2.377618636978257200e+03
2.715797480048251145e+03
2.300153333404487512e+03
2.084878721171577581e+03
2.149561172968490609e+03
3.259992126152908895e+03
3.730368672767159296e+03
4.796415300147599737e+03
4.093770032410754084e+03
5.488529733073773059e+03
5.348421713568269297e+03
6.183793175024195079e+03
5.887320813514438669e+03
5.832155633149255664e+03
8.122837957555151661e+03
9.413562082522232231e+03
7.711334969489344076e+03
6.921691044111640622e+03
5.385739135871683175e+03
2.656733875856358736e+03
2.184518908513317456e+03
2.613554368457759210e+03
2.146439238241805015e+03
1.650991533798511000e+03
2.325584291864659008e+03
4.151371347682631495e+03
5.069086344960410315e+03
5.699534032197350825e+03
5.539286639322797782e+03
3.773178760849998071e+03
3.480818270686158485e+03
3.989710676314611646e+03
3.851979041323521869e+03
4.799645027420081533e+03
3.674468429919133087e+03
3.412816561144754360e+03
2.078662735311979304e+03
3.633400076504490698e+03
4.090285523834922060e+03
4.370657454888809298e+03
2.628597139662780137e+03
2.243000970984614469e+03
1.654500887488911758e+03
2.632237098923855228e+03
3.090687708801364352e+03
3.138988589802794195e+03
3.392923199159371961e+03
1.938287096232522117e+03
3.090235012630829260e+03
3.537365452671768253e+03
3.715269825024898182e+03
3.008204245409624946e+03
2.124839492163987416e+03
2.137328723516355240e+03
2.097596875961627120e+03
4.172573625795106636e+03
4.757629285501548111e+03
4.387446992690867773e+03
5.195541495779705656e+03
4.621726750283561159e+03
4.282902119147203848e+03
3.983466583063814596e+03
2.769702658753882588e+03
4.338834024836138269e+03
3.861731934769622967e+03
4.206907354487497287e+03
4.645935954979474445e+03
4.105266195178829548e+03
3.849457019976831816e+03
4.346468501171864773e+03
5.816392884107837745e+03
4.676750286292400233e+03
4.599630136959184711e+03
4.425684746919196186e+03
3.864897889237653999e+03
2.318247343663070296e+03
3.237269737812049698e+03
4.202054882011792870e+03
5.513278786868773750e+03
3.953433267852580684e+03
4.271450924885003587e+03
3.424357698399331639e+03
3.910779732659872934e+03
2.729790582735259704e+03
3.687531882001352642e+03
3.365459062710642229e+03
2.565822094442155958e+03
3.342375010913669939e+03
4.169251007560265862e+03
5.501649921967605223e+03
5.146416631258916823e+03
4.744208273702701263e+03
4.045491217338423667e+03
3.354651049137666632e+03
3.321305497944461877e+03
4.363245986509446084e+03
3.344853597902508682e+03
3.625067759350375582e+03
3.282195820382129114e+03
2.609605519279699820e+03
2.759953755203905075e+03
2.830536194867742324e+03
2.707554440554834855e+03
2.558161840627994025e+03
2.783172942354491170e+03
2.081117139669171138e+03
2.482101587366474632e+03
3.027170325556847274e+03
3.227067773153641156e+03
2.841469821713785223e+03
2.575822745562426917e+03
2.536906331523590779e+03
1.753920832690432690e+03
3.146525947519290185e+03
3.084675662295620896e+03
2.384910962478187685e+03
3.960086130957267414e+03
3.375658858026265989e+03
3.463325486173559966e+03
4.133172680382445833e+03
3.536211344717559768e+03
4.042338025387570269e+03
3.787137433566992513e+03
2.451345757250354836e+03
4.539167851644614530e+03
3.707319685637095517e+03
3.938150801812711961e+03
4.373994308463416019e+03
4.724597555662586274e+03
3.420162119894080206e+03
3.361634646242085637e+03
3.303533886234250986e+03
4.618094691250258620e+03
4.206082240784404348e+03
2.975380400730442943e+03
4.525198709703616260e+03
4.889420920925818791e+03
3.518950191749170699e+03
3.022270616203102236e+03
4.274730999341686584e+03
3.626891491358397616e+03
2.701802002647214522e+03
2.971972761467506643e+03
2.669309376951799550e+03
1.648439921767638907e+03
2.686781371207092434e+03
2.562313171602202601e+03
4.467093807288113567e+03
5.579740668103432654e+03
6.065457279829454819e+03
5.471138735016763349e+03
4.745957319369687866e+03
3.366186205861264625e+03
3.856558763156484929e+03
4.554063771060102226e+03
4.054131494157707948e+03
3.688453129341071872e+03
4.729261443573799625e+03
2.713808457953624838e+03
2.970520611089083559e+03
2.320478560445781568e+03
1.934841449372155694e+03
1.343533462827646190e+03
2.287003111453705515e+03
3.511790434605567043e+03
2.824050822286798848e+03
4.528520858849372416e+03
3.226011848807964270e+03
5.384270202761262226e+03
4.486809039125064373e+03
5.291578423516571092e+03
5.110789021679315738e+03
7.331713540243084026e+03
7.368512875655871539e+03
8.189768890782838753e+03
8.103407427321603791e+03
5.787596688692272437e+03
5.073464936802502052e+03
4.370671392935299991e+03
4.273012384209630000e+03
3.110739569173352265e+03
2.057544030819395630e+03
2.432524927419834057e+03
4.838212557269336685e+03
7.460353383761259465e+03
7.249791751134444894e+03
4.127752298110259289e+03
5.129350856610765732e+03
4.266535635413902128e+03
3.913873492008529865e+03
3.614133212162101700e+03
2.654987581282184237e+03
2.015276991645655471e+03
2.477223551057766599e+03
2.695241209177551355e+03
2.029012227801027620e+03
2.012282110028493662e+03
1.338802265248823915e+03
1.679462862216322719e+03
1.956905060268008583e+03
1.990884786885435688e+03
2.764791214823634164e+03
2.196089432365482480e+03
2.970600653051617883e+03
2.796932567655429011e+03
3.131853840329290051e+03
2.669989776508311934e+03
2.031517044729736881e+03
4.751090762658858694e+03
3.898468157951599551e+03
3.388824759128300684e+03
5.539558708630082947e+03
3.316908646170409611e+03
3.829538126868437757e+03
3.098381574057636044e+03
2.150847745894859145e+03
3.017110511345705163e+03
3.802628161512827319e+03
3.191276968349215167e+03
3.280781428522899660e+03
3.667481097859343208e+03
3.936477512945220951e+03
4.337636599235926042e+03
4.694512960736204150e+03
5.416854336792076538e+03
4.264455569933968945e+03
3.543540842279857316e+03
3.985174346791935932e+03
3.691607888973581339e+03
2.817591480482321003e+03
2.465595659183123644e+03
2.721294305301940312e+03
2.097211697815024763e+03
2.428332887302523432e+03
2.774953574764391306e+03
2.372992500482485866e+03
2.616330943775551077e+03
3.626250167059557043e+03
3.264386572387275010e+03
4.850995031780456884e+03
4.441708348943789133e+03
2.752972562998061221e+03
5.226149006144662962e+03
4.476342132511146701e+03
3.922340757222430966e+03
5.386233699215252273e+03
4.789894088668826043e+03
2.826751380273958148e+03
2.559562789858762244e+03
3.779066796634103412e+03
4.328212919533885724e+03
5.336408515797989821e+03
6.082553555966557724e+03
4.017456213506321546e+03
3.857845216119636461e+03
4.435529572616264886e+03
4.016889642758874743e+03
2.581034861619925778e+03
2.649093664560065918e+03
2.324448020907921546e+03
2.219583898558601049e+03
1.849095679930598408e+03
1.939539174772125989e+03
2.739267356366091462e+03
1.931028817608361578e+03
2.520809780240672808e+03
3.275780351302464169e+03
2.700829114091124211e+03
2.358757294259005903e+03
3.096028073129891709e+03
2.376178586892205658e+03
1.974159013759581057e+03
4.304346323069677965e+03
3.473161629719998928e+03
3.111284441044373125e+03
6.066253385066546798e+03
5.531567617234190948e+03
5.731807049507119700e+03
4.774442897099807851e+03
4.704326592904903009e+03
5.646247117027020067e+03
5.854491385544228251e+03
4.842985065159502483e+03
4.263243822328753595e+03
4.411519660782338178e+03
3.760066978658843709e+03
4.142996713718939645e+03
4.248290649221497006e+03
5.623801576551773906e+03
5.619720254261213995e+03
6.846510478710271855e+03
5.654423853610302103e+03
4.736119439058093121e+03
5.205526349359322921e+03
3.165900278468013767e+03
2.645591250112753187e+03
2.267068055403467042e+03
2.166115488248206930e+03
1.879326942657108475e+03
1.896533446977563926e+03
1.832890285600647985e+03
2.303705783090629666e+03
