2.623884359477332509e+03
5.208883189278030841e+03
3.403804426612281532e+03
5.996242808317133495e+03
3.727539722229533709e+03
5.505635939808542389e+03
4.214049890158501512e+03
6.153257506039562031e+03
4.718124620452333147e+03
6.558362149435294668e+03
1.761489816047372869e+03
4.746404348016400945e+03
5.106243021323434732e+03
5.022627293545863722e+03
4.283547101203310376e+03
5.183932859199581799e+03
3.615116048800388853e+03
4.015227153869702761e+03
5.328868986191430849e+03
4.348620449077052399e+03
3.939738149890245040e+03
3.828202054248471086e+03
5.083826825685076983e+03
6.042353621088755972e+03
5.112133643421979286e+03
6.703908723690879924e+03
3.453117392101797577e+03
4.104182322216828652e+03
3.917096337963655969e+03
3.724663476450925828e+03
2.353484681655902477e+03
1.647165777152102464e+03
1.526283848321718779e+03
1.794545361036053009e+03
1.387479768406778021e+03
1.500253753330840254e+03
2.572266698798017842e+03
3.088855405903053452e+03
3.503965230093564514e+03
4.894521751383399533e+03
6.370623697847596304e+03
3.666340259919990785e+03
5.803538666013321745e+03
6.675282356167666876e+03
6.403308563887723722e+03
5.783163242565130531e+03
3.886860031014920878e+03
4.705575032953333903e+03
3.256120285787001649e+03
2.581388633079106967e+03
2.881529936839744096e+03
2.591259985228768983e+03
5.125137270798737518e+03
5.654897258563859396e+03
4.486129308628313993e+03
5.090101217245106454e+03
6.120729281274079767e+03
5.098036976627793592e+03
4.773148498476338318e+03
5.693430321463452856e+03
4.557703524996375563e+03
5.411166777802187426e+03
5.071452624546194784e+03
8.062946278740354501e+03
8.582064395225426779e+03
7.870748424231280296e+03
6.067906306576711359e+03
5.980884948154955964e+03
4.502178800791295544e+03
4.657777029318669520e+03
6.163481509217856001e+03
4.058931773447237447e+03
5.357145820564338464e+03
3.948311458156556910e+03
7.550548832072804544e+03
7.101912963307739119e+03
7.034614176407943887e+03
6.872737010551054482e+03
6.143211011307958870e+03
5.080487779206096093e+03
7.659912514075956096e+03
6.928601249230449866e+03
4.713039523060099782e+03
6.926950347216491537e+03
6.348047273626418246e+03
5.479994967685324809e+03
7.316056407236601444e+03
5.978301644455556016e+03
3.288181831577842331e+03
5.151672092844615690e+03
6.761803313541949137e+03
4.747236462776098051e+03
3.803595867751973401e+03
4.481426188194033784e+03
5.488730673212079637e+03
4.285052576105264052e+03
3.200314088523754435e+03
4.079701901047130377e+03
3.966799602945950483e+03
2.701679456016385757e+03
3.427157409008680588e+03
3.510098490537510315e+03
3.498184836606324097e+03
3.443769248906093708e+03
3.132789703436923901e+03
2.473064342947439400e+03
2.140667750942024668e+03
2.342866863967249174e+03
1.917521825319896834e+03
2.398433315350531757e+03
3.002364942271929522e+03
3.254176949557416265e+03
2.694499784161382195e+03
2.628836214095292689e+03
2.961532773644809367e+03
3.344676066019090285e+03
3.254816878737793559e+03
2.366080398823633914e+03
2.705648844223576816e+03
2.171485970860236193e+03
2.550534839154119254e+03
2.530344594821308419e+03
1.984965846941347536e+03
1.803711880443331665e+03
2.063009594828897662e+03
1.607290308460165988e+03
1.898491275813164066e+03
2.234174415991144997e+03
1.950287281530557948e+03
1.756901669437630972e+03
2.356938356068825669e+03
2.652442340625287670e+03
2.835012331840219758e+03
4.394193842788015900e+03
6.053181941661974633e+03
5.360295586275323330e+03
5.298325159183453252e+03
5.518931553225450443e+03
4.400668656812366862e+03
3.359535014318046706e+03
2.485910060823795448e+03
2.649419946645086384e+03
2.314341206135015454e+03
3.631209210647298278e+03
3.259051361869816446e+03
3.013571267798069130e+03
3.505738859686494379e+03
2.972722523335126425e+03
3.212135976216853123e+03
3.042711929679608147e+03
4.760434396579753411e+03
2.965790182668943089e+03
2.136588372175856421e+03
3.059735721344147805e+03
1.568550288366780023e+03
1.400125444610577233e+03
1.824031781907396180e+03
1.299411364078676797e+03
1.294617129946415844e+03
1.517028653994291972e+03
2.526444459055048355e+03
2.753948189116028061e+03
5.728596604553513316e+03
8.308493987050156647e+03
7.569369438161304970e+03
5.439362608739671487e+03
5.905782855498651770e+03
7.619031724555881738e+03
4.478582860885160699e+03
5.317058559110962051e+03
5.538689573356099572e+03
4.780922840394947343e+03
3.946644303485214550e+03
3.015472391728924322e+03
2.965259087501889098e+03
3.175610017918475933e+03
2.889010126772208878e+03
2.276166964392197315e+03
2.644528574632477557e+03
2.565088494801746947e+03
3.165170243525276874e+03
2.802711034674031907e+03
2.368967601546755304e+03
3.334505077751986391e+03
4.625998915897243933e+03
3.954787342829041791e+03
2.862830504266412390e+03
2.728219954683571359e+03
3.115021300280101059e+03
2.867669499576322323e+03
2.704119927799235938e+03
1.968730235653467616e+03
2.485988319380912799e+03
3.209085245851129457e+03
2.683797213218808338e+03
3.941317409614615372e+03
2.597856263887621481e+03
3.366562198139419706e+03
3.326891149781640706e+03
2.735305240581355520e+03
3.785634012592585805e+03
2.704279185049990701e+03
2.651199790389053305e+03
2.150562770223693406e+03
1.733496290139615439e+03
1.897792868474182796e+03
2.685157004664386022e+03
2.467333087442290889e+03
1.583394954836423040e+03
1.548145597280488346e+03
1.868319579309299797e+03
1.843113240594198714e+03
2.682819534112808924e+03
4.555902701473145498e+03
6.539442840459341824e+03
5.348340701125557644e+03
6.176796961429085059e+03
8.016923188420407314e+03
6.500176032973436122e+03
8.670179363883795304e+03
6.655086858889882933e+03
6.132079162420297507e+03
6.316335512683500383e+03
5.861856789993598795e+03
2.752982725435869725e+03
2.248889676508255889e+03
2.266322292473450034e+03
2.697060183409915226e+03
3.983214898250738315e+03
4.241896433288817207e+03
4.609630809923697598e+03
5.665426893669060519e+03
3.946065622480279217e+03
4.713501703586553049e+03
6.263527426574491074e+03
7.251672086299073271e+03
7.568487624880913245e+03
8.210547182211070322e+03
1.980747052219994430e+03
2.620032527426802972e+03
2.348410757623568770e+03
2.900871777014776853e+03
2.464024411271103418e+03
2.630406230088439770e+03
2.546055522774767724e+03
2.527174117887813736e+03
2.913693228953698508e+03
2.693915917306359006e+03
2.694816859607913557e+03
2.037251162431648936e+03
2.904833727834265119e+03
3.355902548380994631e+03
3.989654669472771729e+03
4.374284570976084979e+03
2.333309077943237753e+03
2.735229364434331728e+03
2.164537991837237769e+03
1.808957430203733111e+03
2.722956790093949166e+03
2.156268275413560332e+03
1.956649618930822953e+03
2.366990774098962902e+03
3.046961008084279001e+03
2.278442941910849640e+03
5.446487548986870024e+03
6.517854722280155329e+03
5.080971706269943752e+03
6.934145412178514562e+03
6.436201990503999696e+03
7.887208412290572596e+03
1.088612192564853649e+04
1.138456325991302765e+04
6.216309809488682731e+03
7.476290470326498507e+03
4.527104605119675398e+03
6.930454405361930185e+03
8.539956261060011457e+03
8.702245463949840996e+03
9.686451587382340222e+03
8.208538176744048542e+03
6.409438149380653158e+03
5.302198700731106328e+03
5.115131722947719936e+03
4.402178391779975755e+03
3.847096017393538204e+03
2.293493873751080628e+03
2.440691750700441844e+03
2.556448286689644647e+03
1.831096416798597829e+03
2.249932252649706243e+03
2.914155733824022718e+03
2.508573426355420452e+03
2.631845273480158539e+03
1.017047336206952878e+03
1.023438098168111765e+03
1.507503216917741156e+03
3.240898608087172761e+03
3.105705917100242914e+03
2.730661085786459807e+03
2.698412595166844767e+03
2.377919117803189238e+03
1.991670805391533577e+03
2.039267541579006775e+03
2.641690910584351968e+03
3.747790923095243670e+03
2.716140854819735978e+03
1.767364315313823226e+03
2.225968825594633927e+03
2.154803031377291518e+03
2.099915421948614949e+03
1.979610807068156191e+03
2.035648494702475091e+03
1.742590069250898523e+03
2.592647782051543345e+03
2.542385868859244965e+03
2.172838242551636995e+03
1.949222891161197822e+03
2.165475113495172081e+03
1.526683710389994985e+03
1.413017137932671176e+03
1.531631493687895272e+03
1.010264016329385072e+03
1.338754273105122593e+03
1.010635002439886193e+03
1.259589049189137995e+03
5.396585517952345981e+03
3.958535912166142680e+03
1.707174185723244591e+03
3.009431814656291863e+03
2.758511794102740168e+03
3.041127556705213465e+03
4.320859878399573063e+03
4.807256319132078715e+03
4.729866870523312173e+03
5.540665032705564954e+03
5.843504649075298403e+03
5.261853101349453027e+03
2.964533867635718707e+03
1.942285575917940605e+03
1.346669111814847383e+03
1.561147992854195991e+03
1.353819547440526094e+03
2.358256593633519515e+03
1.747342836686085775e+03
2.079564422348295921e+03
3.338834025649225623e+03
3.023559652749786437e+03
1.743955483672654964e+03
1.888838908978320660e+03
1.900104921690462334e+03
1.964947614518312548e+03
2.612172599671479929e+03
3.384298279301414368e+03
4.760622380345858801e+03
4.516012086565010577e+03
4.225095237474766691e+03
4.382612391325041244e+03
4.196776873265777795e+03
2.784892102905241700e+03
3.571397169715764903e+03
7.155369062501276858e+03
5.001587627875459475e+03
5.199721989631912948e+03
3.884168177217420180e+03
2.576187028259201725e+03
4.021696320243916034e+03
6.440334460586602290e+03
5.785751716879220112e+03
3.444796973181913017e+03
5.934113712511546510e+03
7.587262416020686942e+03
7.151954159674606672e+03
8.048084512554393768e+03
5.750668709359212698e+03
5.478518481499643713e+03
2.569088965601154086e+03
2.708740155128813058e+03
3.232794477347548764e+03
2.582229220498622453e+03
3.744314470174756025e+03
4.656230291843467057e+03
4.506576742561906030e+03
5.344879325812097704e+03
6.236651336130456912e+03
9.124667545586833512e+03
8.840044628201216256e+03
6.049702899366576275e+03
5.717380914009952903e+03
7.666618052265381266e+03
5.621206324818823305e+03
5.269869932523295574e+03
6.585355203669346338e+03
5.857049410674308092e+03
5.705126837614120632e+03
5.197279907246733273e+03
6.851196588650419471e+03
6.436126440033895960e+03
7.575112462825376497e+03
6.470606870189444635e+03
6.680010390196378466e+03
6.284923491092934455e+03
5.886328586589334009e+03
6.625265369495556115e+03
5.974184590701013803e+03
7.486610151101016527e+03
7.291414808669468584e+03
6.492653662168732808e+03
6.470266652435613651e+03
6.670454082398004175e+03
4.751126975061950361e+03
4.932395007558546240e+03
5.463837649127119221e+03
4.389883182721596313e+03
3.927162362821903571e+03
2.355940275036359708e+03
1.529810575674833672e+03
1.738146317446052990e+03
1.623548556039543200e+03
1.015371469694976781e+03
1.966703634156276394e+03
4.706167163296237050e+03
4.947167993060566005e+03
6.324025624184196204e+03
6.480335570150465173e+03
3.818542304082915507e+03
5.485484457377383478e+03
6.355660894277007174e+03
4.931698695703923477e+03
3.617040895022076711e+03
4.798689568127824714e+03
6.542816836667734606e+03
8.289781888190178506e+03
6.904098007784863512e+03
6.690947052745827932e+03
3.714734161246479289e+03
4.224532438418568745e+03
4.653942188284820077e+03
5.204423257535488119e+03
2.857530351549872194e+03
3.791265907582475847e+03
4.632668742002901126e+03
3.796075111977892448e+03
4.036558084864740067e+03
5.357655303755163004e+03
5.695296581596547185e+03
4.518044911585574482e+03
6.666416014673893187e+03
6.555957616522761782e+03
6.629198933256890996e+03
3.465851462592900134e+03
3.340462492260426188e+03
1.552488594414481213e+03
2.314346599762167443e+03
2.347522376088900273e+03
3.656647298732019408e+03
3.384954724395609901e+03
3.617580930910103689e+03
3.295072752983642204e+03
4.091289823975683703e+03
6.028983450265916872e+03
5.480933175435948215e+03
6.121974926725384648e+03
6.322544145726886200e+03
6.688455947902025400e+03
6.123909482999277316e+03
3.303463147020975612e+03
2.919746698906301390e+03
2.113637291980899136e+03
5.997528199624774061e+03
6.325716339656154560e+03
4.330488434698326273e+03
4.966262926587088259e+03
6.333045264156019584e+03
8.707285611763996712e+03
9.912653795853148040e+03
6.215134217363571224e+03
7.572830305887913710e+03
7.387450278540912223e+03
9.294039372039429509e+03
9.579009649313955379e+03
6.514521896357666265e+03
5.569208256974136020e+03
7.052258787382505943e+03
9.130004780630071764e+03
9.182155765515897656e+03
1.067450791864527855e+04
6.309787862620191845e+03
5.734398071849364896e+03
9.243267027898589731e+03
1.151133431243555060e+04
1.122007783086115160e+04
6.438939394139047181e+03
7.097902508755761119e+03
8.049297720428163302e+03
6.756786395376366272e+03
5.321148451254302017e+03
