3.359801556811784849e+03
2.812785804143421956e+03
2.200303207381988614e+03
2.757599118711243136e+03
1.948861666598876354e+03
3.000131933505245797e+03
2.793407892993068799e+03
2.664964043419377958e+03
2.988446519114670991e+03
2.243911229497329714e+03
2.034284441487220874e+03
3.535564704531408552e+03
4.194625354626329681e+03
5.770533465587109276e+03
3.543699234384215742e+03
3.283458634759005690e+03
3.318404677329565857e+03
4.167335895483538479e+03
3.885676461454161199e+03
4.201325345313925936e+03
3.666620970847115586e+03
3.394040053349503069e+03
2.523781938640935095e+03
2.334359469148726475e+03
2.894559853043473595e+03
2.915025848588107692e+03
3.023014957833878270e+03
2.897999029063239504e+03
2.675304517468134691e+03
3.196286336218637643e+03
3.424355283756894096e+03
2.909797700195626021e+03
3.088106562075198781e+03
3.721972657707050075e+03
4.235126181019965770e+03
3.362178962070634952e+03
3.936834034159696785e+03
4.962964079291226881e+03
5.699987188125716784e+03
5.381949576608406460e+03
3.341120575260071746e+03
3.649470925726289352e+03
3.356733588620025330e+03
3.801742634699968221e+03
4.018055723149255755e+03
3.983673875130652959e+03
4.031163429604834619e+03
4.541583017290128737e+03
4.553677155858241349e+03
4.269530987647489383e+03
3.492616606306557060e+03
3.648254299500909383e+03
4.454603475632249683e+03
4.411215142574047604e+03
2.904957358671811107e+03
2.211616750593268989e+03
1.849778048367477822e+03
3.329055666439740889e+03
3.260255254760842490e+03
2.580206923319646194e+03
2.999016635969912841e+03
2.606314270103787294e+03
2.673970606805266925e+03
2.956376142809205703e+03
3.618046544212406843e+03
4.766581438631239507e+03
3.981140056857237141e+03
6.188766464609320792e+03
8.265403256982674066e+03
6.113264418266785469e+03
6.874081416795012046e+03
5.894352791961331604e+03
7.971780021944750843e+03
5.002734788271160141e+03
8.959741462244190188e+03
6.224910192466229091e+03
7.583785074164152320e+03
5.227508074383129497e+03
5.341944351630998426e+03
5.902109046953020879e+03
6.474134401832728145e+03
8.574309554841418503e+03
8.332949342812240502e+03
8.707765527189154454e+03
6.142273635672127966e+03
5.337498714029850817e+03
7.009270919891722770e+03
6.369517336042822535e+03
8.972324190223780533e+03
6.983878778694694120e+03
8.538365955117780686e+03
8.620665314491456229e+03
1.008150212106342588e+04
1.099515506213935259e+04
5.337831463045109558e+03
4.825679880302455786e+03
5.044025537956924381e+03
5.122952254522750991e+03
5.041756830338818872e+03
3.474904236053555906e+03
4.257676766129469797e+03
3.537248006126966175e+03
3.335222601712553569e+03
4.030269395929187340e+03
3.462301767311359072e+03
1.378617246678429410e+03
1.949911203540424594e+03
2.287349853867679485e+03
3.677663112699479825e+03
2.070086704208057654e+03
4.215005242469990662e+03
5.838250686353858327e+03
5.863212991479968878e+03
4.299106770152153331e+03
3.067831165892926492e+03
1.585598415091100833e+03
1.990217835266802240e+03
2.364716543635790913e+03
2.611472027396887825e+03
3.120485844851145430e+03
4.074044924013742730e+03
3.263548654127239388e+03
1.731749761868999940e+03
6.530510329145057767e+03
6.146201978039319329e+03
7.411600200963326643e+03
5.504986788203280412e+03
7.220178326756182287e+03
4.687033877524145282e+03
4.399100142020890416e+03
3.728823298724182678e+03
2.510856607643229836e+03
2.170416886474914008e+03
2.483968227874238892e+03
1.268926419878120214e+03
1.890826997098970196e+03
2.244081049669282038e+03
1.866430376756675514e+03
3.848108743906773270e+03
3.404147911881247182e+03
2.562868377305544072e+03
6.787277233429185799e+03
4.674183002083878819e+03
8.069017590460352949e+03
7.129786726998459926e+03
7.872736795619252916e+03
6.583537873381824284e+03
7.931210427188549147e+03
7.348453977041662256e+03
7.548797023018180880e+03
7.388682067646033829e+03
8.608093592308683583e+03
4.907111772559573183e+03
4.793273536758489172e+03
7.538098363340161995e+03
9.010706063177291071e+03
1.001412092566506362e+04
5.015860388041491206e+03
6.817506458531985118e+03
8.316518285106087205e+03
6.655009304917544796e+03
5.302239078357445578e+03
2.245282765939710771e+03
2.534366212244154212e+03
2.893735205702401799e+03
1.823443096110302804e+03
2.593884514401283013e+03
1.892050221768142137e+03
1.663195634203472309e+03
2.245941260013171359e+03
2.351876777749117082e+03
2.233666347061652687e+03
3.536376454335772905e+03
5.806470858268934535e+03
7.243577063023463779e+03
5.159418502361064384e+03
2.193243086573287201e+03
2.526655114190043150e+03
3.329656505234848282e+03
3.726327107769554004e+03
3.762719283076544798e+03
3.444420901115069682e+03
2.893626865134647232e+03
3.806944259279574908e+03
3.301389503016720028e+03
2.996401508161048696e+03
3.504165415900531116e+03
4.730436946421556058e+03
2.308353255431879916e+03
4.890888931461790889e+03
5.282694068873184733e+03
4.527947568084654449e+03
4.841467537557203286e+03
2.854893344784188685e+03
3.684899275005014260e+03
3.419431635481837020e+03
3.838225564222846515e+03
2.247052148780362131e+03
1.545420223967467564e+03
1.227250229043123909e+03
1.268718623983444331e+03
1.962514984361603410e+03
2.885175386145189805e+03
2.554880947847714197e+03
3.383895326362592641e+03
4.865389417347810195e+03
5.258435368416741767e+03
4.340091487652029173e+03
5.195134696112781057e+03
5.007161398550022568e+03
5.457791574932251024e+03
2.617199372691417921e+03
2.570517073392077236e+03
2.807472530588774589e+03
4.268590905085040504e+03
4.872204913133324226e+03
5.098302004525893608e+03
3.695475433518003683e+03
4.339812467891690176e+03
3.800676084940759210e+03
4.379514693057869408e+03
4.052493330029547451e+03
2.761505252339136860e+03
5.213877731046762165e+03
7.643921636176111861e+03
4.633626527623303446e+03
5.703119477612739502e+03
6.970379532516372819e+03
7.921813216470124644e+03
5.411986202774939557e+03
5.637084357618186004e+03
4.737280958950357672e+03
5.725003947140237869e+03
4.023563936253385236e+03
4.863668433032026769e+03
3.369046758011625570e+03
4.912099737624224872e+03
3.835989497270390530e+03
4.454017709393133373e+03
5.812219703014645347e+03
5.631701465463711429e+03
3.177397090767438385e+03
1.847399503038928742e+03
1.842192826761552624e+03
2.463477954028543991e+03
2.631246559652917767e+03
2.592790361828757796e+03
2.679434698589428535e+03
2.878133653907309053e+03
2.730688299832932444e+03
2.556033425902004183e+03
2.371037021495958015e+03
2.221009095539850023e+03
2.669136639141368050e+03
3.795820619781090954e+03
2.048379382529070881e+03
2.477913507994641350e+03
2.810975572758991348e+03
3.189046655219429795e+03
2.677522197721383236e+03
1.989027197886262456e+03
2.507509731263728099e+03
2.027997027288064828e+03
2.196663093537979421e+03
2.086824884512657263e+03
1.740432759575293858e+03
1.526132841477063266e+03
1.214450443542927587e+03
1.791957303632847925e+03
2.408311297579107759e+03
1.739891883983556454e+03
1.836808858120887180e+03
1.635146264542289600e+03
1.462177726768495404e+03
1.556835250175373631e+03
2.036840945046634715e+03
1.859933298893641449e+03
1.655881416642463364e+03
1.657762540923669576e+03
1.604732207543947197e+03
1.879920596890557363e+03
2.769363897318746240e+03
1.602392733662779165e+03
1.975126157926716360e+03
3.073386121700811600e+03
3.248356770563239024e+03
2.730049656228624826e+03
2.263547003472071538e+03
1.778847953346912391e+03
1.234250727136010028e+03
5.032547226533158209e+03
2.931057007345091733e+03
3.187197624620234819e+03
4.233805107990771830e+03
4.867024395233617724e+03
1.875521307416506716e+03
2.463603211205751450e+03
2.610210831119050908e+03
3.994781661903980421e+03
4.169409079710962033e+03
2.665383975434428521e+03
5.186936682823929004e+03
6.417691880264304928e+03
5.357738135986804082e+03
4.243445245964642709e+03
5.482309448984147821e+03
5.354711955840620249e+03
4.587104320640675724e+03
5.930441678254194812e+03
5.091080984706363779e+03
6.463293725306205488e+03
5.018501110800110837e+03
7.080493482096194384e+03
5.174635976178204146e+03
7.998688286825843534e+03
5.715023752848516779e+03
1.033981345153405528e+04
8.448255674203637682e+03
5.503785045310291935e+03
8.483348227099799260e+03
6.040251328140181613e+03
1.025452348153560524e+04
7.184860601494365255e+03
5.574883028969060433e+03
5.689288533078750334e+03
3.943379039324968744e+03
4.709204084141432759e+03
4.166824727315552082e+03
5.436122651875627525e+03
5.937308651416535213e+03
4.725754415171733854e+03
5.684126002175827125e+03
6.009896085459708047e+03
5.015796893316914975e+03
5.315970044175451221e+03
5.897333592420342939e+03
6.137528315179012679e+03
5.273456919264011049e+03
5.475717229295571997e+03
5.337696216708358406e+03
3.559059454521639509e+03
3.931918240617645097e+03
3.479101876718950734e+03
3.495676494445430308e+03
3.445799310371439788e+03
3.024560716094303189e+03
2.996146177603022807e+03
2.866315118990242354e+03
2.467323595306731477e+03
1.908642749919832795e+03
2.362444950724732735e+03
1.743960035845389712e+03
2.420198777886909738e+03
2.290252247802322927e+03
4.254677808474438280e+03
4.588062760806896222e+03
3.952348047083906749e+03
4.463747759966872763e+03
3.460908365492871326e+03
2.615115982237919525e+03
1.426853941441462894e+03
2.305045489977765101e+03
2.445805129542189206e+03
3.413121548550382613e+03
2.449251531541910936e+03
2.468646666560189260e+03
2.467531767746904279e+03
1.516687560972057099e+03
4.544790688690550269e+03
5.024995431427572839e+03
4.053734739144015748e+03
4.761697905829080810e+03
4.775496872050624916e+03
5.434457537900047100e+03
6.317748056660430848e+03
5.561649647473284858e+03
5.173844477099110918e+03
3.778324835166181856e+03
2.910538479896763874e+03
6.186468316957486422e+03
8.356106043033933020e+03
1.084818421129792296e+04
1.078319760771519759e+04
5.850029625861120621e+03
6.508299464744622128e+03
7.667448541517054764e+03
6.104921589098424192e+03
2.862135141408755317e+03
2.000674780067039592e+03
3.336174993217630345e+03
3.581392359503576699e+03
3.547253506058115363e+03
3.629651473710382561e+03
3.230532214214249052e+03
3.018416853185291075e+03
2.860923144781288102e+03
3.436059631433006871e+03
2.604364502011573222e+03
3.409307130146647978e+03
2.804626891659746434e+03
3.032308433616053662e+03
4.272487022137173881e+03
3.641825440807336690e+03
7.253335252016417144e+03
8.051376341689936453e+03
7.917482149120009126e+03
6.375870270469265961e+03
5.795523581314925650e+03
6.060045189326149739e+03
6.218173965336003675e+03
5.014124027116656180e+03
5.594909646048106879e+03
4.265108403928080406e+03
6.358876561344394759e+03
4.790351265579151914e+03
5.053540028487656855e+03
4.993755559576609812e+03
2.806570135132089035e+03
3.506777821954149658e+03
3.574106591865909650e+03
3.272700143610250052e+03
3.675029681977780001e+03
2.501932335923112078e+03
2.915292754267650707e+03
3.636817033575836376e+03
2.399592292246306442e+03
3.175938055137850370e+03
1.860937065358062455e+03
1.704284121100328548e+03
1.573327753602443181e+03
1.185759799670737948e+03
2.013341505299530354e+03
2.056332813699203143e+03
1.712890870384942218e+03
2.116616674444322598e+03
2.115103223894559960e+03
1.662395171366469185e+03
1.655743194321472401e+03
2.615675976569136765e+03
2.636299018606641766e+03
2.544729680784558695e+03
1.831288854709761154e+03
1.780274221372279726e+03
2.567774082387203180e+03
2.680127402465444902e+03
3.122421124684376082e+03
2.548235568149465507e+03
1.953701897098358586e+03
2.424916094129242992e+03
2.807750252207832546e+03
3.096349572120838275e+03
2.538369501099072295e+03
2.236714258200555832e+03
2.755042833443837026e+03
2.561077642592861139e+03
3.115076445961412446e+03
1.981223732504667396e+03
1.947298250646545966e+03
1.590665060813523723e+03
2.483023640556268219e+03
3.192158647613915491e+03
2.394307704577001914e+03
1.109080779619528585e+03
1.244883338960898982e+03
9.885834981352422801e+02
1.050464650176241094e+03
1.099096410364918484e+03
2.337750026937758776e+03
3.699976415199414987e+03
5.962748817296166635e+03
6.211929484390741891e+03
7.061965557833987077e+03
4.957695791440252833e+03
6.394706113713936247e+03
5.037650366058541294e+03
3.175748302631773186e+03
1.789775807060872467e+03
2.321699790427527205e+03
2.291543342103540908e+03
1.964106432602631457e+03
1.874854827361585649e+03
1.698548295361538976e+03
2.327860923345555420e+03
2.372996459468524336e+03
3.157836182326604558e+03
2.711928146500819366e+03
5.243065573410153775e+03
3.632786240184444068e+03
5.068888832020946211e+03
5.818269050095376770e+03
6.052804637937473672e+03
4.173712948573924223e+03
1.992496267338094867e+03
2.769082283099269716e+03
2.450347001969613302e+03
