2.173713472336962241e+03
1.312098403793246007e+03
1.402624828369028137e+03
1.892761216784605040e+03
1.531269254805878290e+03
1.894984746365406636e+03
1.943664942960751432e+03
1.406910820736724872e+03
3.972000936648440074e+03
4.599917892095185380e+03
5.947490798444781831e+03
3.568217030196167798e+03
3.446225781710134470e+03
3.682281453634501759e+03
3.337280711896599769e+03
2.767260734555460203e+03
2.524579798565307101e+03
2.112499079638022067e+03
2.723963164424761999e+03
3.249699290767574894e+03
4.153083980756249730e+03
4.965793624802489830e+03
5.322938228495293515e+03
3.545934189944637637e+03
3.248974251098160039e+03
2.321858799756695134e+03
3.293981399500938551e+03
4.394817917628688519e+03
4.805510912950613601e+03
4.589730105893134350e+03
3.899316524902634228e+03
2.016222275839322947e+03
2.068236796778670850e+03
2.842618404881503920e+03
2.763748184267471061e+03
2.094653369250667765e+03
1.977856308733436663e+03
2.547212947834504575e+03
4.011857080516478618e+03
2.652133782218644228e+03
2.375250803165740763e+03
4.042771883554247324e+03
2.538905801019297542e+03
2.261487932695255950e+03
1.280721628232274497e+03
1.975022730859451485e+03
1.890935911514327472e+03
1.831060863291765372e+03
2.378203459427384587e+03
1.710529244246892631e+03
1.140605474412624289e+03
2.004553971956683426e+03
2.786186323598152740e+03
3.172184891590266034e+03
4.723274083320769932e+03
4.884452773982628969e+03
4.053942466112665443e+03
2.679263790607234114e+03
9.521969003495511288e+02
1.542047473086564196e+03
2.420822737416368000e+03
2.186877519662368286e+03
1.443047844044320072e+03
1.447765439638489170e+03
2.727465972141042130e+03
2.838374619559979237e+03
3.612693795289116224e+03
2.017101744235307251e+03
2.800110851298210036e+03
2.607215444898398800e+03
2.411056230744964068e+03
2.148482151722843355e+03
1.629861442132071716e+03
1.499303923163515492e+03
1.328317499887873282e+03
1.393243635272863003e+03
1.747431141975320543e+03
2.159893664535689368e+03
2.435051242036835447e+03
3.877077081174293653e+03
4.781845747182730520e+03
5.008342259638268843e+03
4.701059554787398156e+03
3.228655488470666569e+03
3.040813344928294100e+03
2.647928779593144100e+03
1.829231492513029480e+03
8.461979327469715599e+02
1.134426869685629072e+03
1.479718016140135205e+03
1.697890140598102562e+03
2.170315955971643689e+03
1.897177332959752903e+03
1.543095609423015730e+03
1.093409531359799530e+03
3.231515213796582429e+03
4.656696149584492559e+03
4.964796042895137361e+03
4.426200030713733213e+03
3.441998620466322336e+03
4.311688851329117824e+03
4.783273877171217464e+03
4.235908295914055998e+03
4.314166968856929088e+03
4.737033639597823822e+03
4.810341536540141533e+03
4.417453907800650995e+03
3.410914807505469525e+03
3.122593405247838291e+03
3.591798467630065261e+03
3.903166637251414613e+03
3.177522232399185214e+03
2.690317166596716106e+03
1.832720640990562288e+03
9.146082568220680287e+02
1.002501054203833064e+03
1.028343488183309319e+03
1.131653000758689359e+03
1.424017191377580502e+03
1.404821675571596188e+03
1.799595834897071200e+03
1.519755373121544153e+03
1.364859499373226981e+03
1.661324826201459473e+03
1.062074868314919058e+03
2.237804412981947280e+03
1.591809789326194277e+03
1.580812712754644735e+03
1.939580930640741599e+03
1.877192489294145162e+03
1.776270476588696056e+03
1.672779811199015967e+03
1.223063196647005270e+03
1.544743759840627263e+03
1.306476667947420310e+03
1.731229883235002490e+03
1.647495850369564778e+03
1.563184281933653892e+03
1.478193625018537887e+03
1.431405498259110118e+03
1.004910881662628640e+03
1.284552360758437089e+03
1.140318622230829533e+03
1.206756255890648163e+03
7.487372101592385434e+02
8.178663946122322841e+02
1.232628780453989975e+03
1.205859768202763007e+03
1.154816043057142451e+03
1.065772520532959788e+03
9.027071275780261885e+02
8.588670294931229137e+02
8.577348118910867925e+02
1.177331390873799364e+03
8.394023170661349695e+02
7.196325750341831053e+02
7.828777754779954421e+02
8.251416673348892346e+02
1.114892007321413985e+03
1.301258622957800753e+03
1.185092798346466907e+03
1.081201725397321297e+03
1.135234234109703266e+03
7.688312724123060207e+02
9.249019608519312214e+02
1.091697444835040415e+03
8.431128878586459905e+02
9.119765486952425135e+02
9.938492004191090246e+02
9.283876078352083141e+02
1.083825623548573049e+03
7.667255637263905328e+02
1.512070395322282593e+03
1.283258031728901642e+03
1.578551381974435344e+03
1.165878014192453293e+03
1.316912870083462622e+03
2.124648793778874733e+03
2.581916419900884648e+03
2.223864297399103179e+03
5.303419653347778876e+03
5.596533180658110723e+03
5.067699252965811866e+03
3.809727048375180857e+03
3.871287007707742305e+03
5.210909372855282527e+03
2.999118952315432125e+03
4.017841330861566348e+03
3.255532671336301519e+03
2.646865942195030584e+03
3.289284054014686262e+03
3.484613785794164414e+03
3.077597254982632421e+03
2.254013223673829543e+03
1.528217826966683106e+03
1.210517327758891497e+03
1.392058675632307768e+03
1.212613484346855785e+03
2.341852057365268593e+03
3.256156510484158389e+03
3.711713669773400397e+03
3.631847935931162283e+03
3.781367977517101281e+03
3.392571146640991174e+03
3.749370430472899443e+03
3.235650486208346592e+03
2.926088599237602011e+03
2.356049836698781291e+03
1.162850189642440000e+03
1.564932107350614388e+03
1.833053637313662875e+03
2.316445734543330673e+03
2.902222070364433421e+03
3.769528067204924355e+03
3.181247964827990927e+03
2.777997247143796358e+03
3.899470738270814309e+03
2.816836339249654884e+03
2.299720243747014138e+03
2.730685278671884589e+03
1.583448238997771568e+03
2.058921397475780850e+03
2.919041787269518863e+03
3.750855571658347799e+03
4.238922632405442528e+03
4.632721951430340596e+03
4.435872849971291544e+03
3.424746902013729596e+03
2.481504655243876186e+03
2.404744495792372163e+03
1.538922095507223048e+03
1.528301682757990648e+03
1.991625768410871842e+03
2.747802495993957564e+03
3.247630234294448201e+03
3.447331281208640576e+03
3.127359441839575084e+03
3.777168695788907826e+03
3.481007465822024187e+03
2.592071671382804652e+03
2.439834623501315946e+03
2.048426298969201525e+03
2.261190806695999072e+03
3.669829806436100625e+03
2.602927051624802971e+03
1.605788566260205016e+03
2.412655206929104224e+03
2.241564849345064431e+03
1.877527722293971692e+03
4.376361739153811868e+03
5.230156351236499177e+03
5.074494349195207178e+03
4.249021246705923659e+03
3.351351501345347970e+03
2.858888454062216624e+03
4.622766692320979018e+03
4.260585771995030882e+03
4.457877935266625173e+03
3.863205415854950388e+03
3.918675235709256413e+03
3.900263392334923537e+03
3.200226414145760828e+03
2.912331306771011441e+03
2.482160983399181987e+03
2.669411880955054130e+03
3.108251709947565814e+03
3.210441563791476710e+03
3.563991380767187820e+03
3.022496169865178672e+03
4.172099710134756606e+03
4.156337805131922323e+03
3.399561151567058459e+03
3.268108429978446566e+03
4.571342446519294754e+03
4.276893660046132936e+03
3.050331773387759313e+03
1.700024034590438532e+03
1.859358760354562264e+03
1.292665884119307066e+03
9.648439508493793255e+02
3.770759467636464706e+03
4.105822030757984976e+03
3.110990067495331914e+03
5.236102861798418417e+03
4.239154377816539636e+03
4.335902049178177549e+03
3.915501197522896746e+03
1.889100150890453051e+03
4.122681860162073463e+03
2.939464153412870019e+03
4.593407091105321342e+03
4.874654460689605912e+03
4.188744349313155908e+03
3.183662937539665108e+03
4.796929721158679968e+03
3.861400526508881285e+03
4.350508623490135506e+03
5.049217179614299312e+03
5.760041405614923860e+03
6.440661820715005888e+03
6.598088461841269236e+03
4.846042120193470510e+03
4.467716252342591361e+03
5.402418310206749993e+03
4.113748577971635314e+03
3.002724342844828243e+03
1.641852361599833785e+03
1.770269012164997093e+03
1.664228553178151742e+03
2.958538717515799362e+03
4.231141186067355193e+03
4.085677393755222965e+03
3.776063533742069012e+03
3.494838211801285524e+03
2.830164624822721635e+03
1.982124312483007088e+03
1.522111823354796343e+03
1.102954011929158241e+03
1.566863867279726037e+03
1.815903729672079862e+03
2.431552361533625117e+03
2.552152213266327180e+03
2.032548544903176435e+03
2.162403335985716240e+03
2.570179417140490386e+03
2.811234262867826601e+03
2.666795496044529045e+03
2.350983867056871986e+03
2.868954819287851024e+03
3.793819681804897755e+03
3.630891944907449670e+03
3.712833920155043870e+03
2.450635577019589164e+03
4.721472771828778605e+03
3.814580152804373029e+03
3.107712405175069762e+03
2.928519274404183761e+03
3.444450259316380198e+03
2.806401620726422152e+03
1.937429433824592024e+03
2.416026640027638223e+03
2.817481652700937502e+03
2.956934932003678568e+03
2.240684793634526159e+03
2.369433914168617321e+03
1.910197796237433977e+03
1.627465077823862202e+03
1.254366500234417799e+03
1.903227815431672525e+03
1.112856751800697111e+03
1.737803720540551240e+03
2.168970838062006806e+03
1.803420373399571872e+03
9.402878507734372988e+02
1.159608075809966294e+03
4.006851588490435006e+03
4.507075856735770685e+03
2.735108397666615474e+03
1.861447305220938006e+03
1.949369961353877670e+03
1.595643738353821163e+03
1.542970724457286906e+03
1.567191157083828557e+03
2.265515836242706428e+03
1.776249166157434274e+03
3.544492090991095665e+03
4.127505413884717200e+03
2.744939502933757922e+03
3.782403907276536756e+03
4.314218609243438550e+03
4.116762528405531157e+03
4.015825013746666627e+03
3.842445872934183171e+03
3.552051663941240349e+03
3.441095424519813605e+03
3.508104549287837926e+03
3.001835151730194866e+03
3.019620856545648621e+03
2.589945334365282179e+03
2.478513133409763668e+03
2.872466759709571761e+03
3.338570281809343669e+03
3.339083996633593870e+03
3.176617423336849242e+03
3.111273066599821959e+03
3.547228227894584961e+03
3.644865250031271898e+03
3.792370247122528326e+03
3.927718630931346524e+03
4.401816656249022344e+03
4.036977654352522222e+03
4.294357328155973846e+03
3.154197766624910400e+03
2.568146715064214732e+03
1.445585316273957005e+03
1.337810374265378869e+03
7.952405341815551765e+02
1.125328692456419503e+03
1.473850698257974727e+03
2.482748656104672591e+03
2.338894792486185452e+03
2.429603717639000024e+03
1.888243986422312673e+03
3.391266976346273623e+03
4.031571798583221607e+03
1.945272490434884048e+03
3.900278431506799279e+03
6.206819845734134105e+03
6.094536918417708875e+03
3.145918245007846508e+03
5.314329082995055614e+03
7.802053461893361600e+03
2.866051167405058095e+03
2.653846471666196976e+03
3.685403613140808829e+03
2.276838222470774326e+03
5.190179638042191982e+03
5.431565306444116686e+03
2.702236372932420181e+03
2.291411090994463393e+03
3.884556088989672389e+03
4.272644758032837672e+03
3.836078671506599676e+03
4.188156999747419832e+03
4.548735285601166652e+03
5.495094894790650869e+03
4.297961115473437530e+03
4.683224956649895830e+03
6.634697177677907348e+03
6.548684179371357459e+03
3.654037026574621905e+03
5.390043225217108557e+03
5.323727756730032525e+03
5.077719884985939643e+03
4.559167201522633150e+03
4.268855765747810437e+03
1.617099450218567426e+03
2.364342536348967769e+03
3.626205807094775082e+03
3.069371470965045773e+03
2.384781664985592670e+03
2.510057907631757644e+03
3.056885125355821856e+03
2.617793134601703059e+03
2.102989629513894670e+03
1.845968510681551152e+03
2.993091084299050181e+03
5.290485517067803812e+03
5.997594540419755504e+03
5.687305629467761719e+03
6.185812852765445314e+03
4.759400592975252948e+03
4.447633743886530283e+03
2.054563479472334166e+03
1.491828383535615103e+03
1.865865861388748726e+03
2.454445971994882257e+03
2.716905198736055354e+03
3.191290416563338113e+03
3.971817039789954833e+03
3.213687408611209321e+03
2.246328953585024465e+03
3.070358110024782491e+03
5.291082068219438042e+03
6.316897537199618455e+03
6.300200724973195975e+03
5.035132847221861994e+03
6.473373159048198431e+03
6.105239613028487838e+03
6.729463434791287000e+03
5.368591007831708339e+03
4.124274582271880718e+03
4.362908109768613031e+03
4.328713369224601593e+03
2.819100808509720082e+03
3.854256214347581590e+03
3.819497487854559040e+03
2.115798326422309401e+03
1.320491274828957330e+03
1.633928680798225059e+03
1.999499668766985906e+03
1.833763401239926225e+03
1.564394600255202022e+03
2.106428534132375717e+03
2.507092898782696011e+03
1.797982287664596925e+03
1.508773282609118496e+03
1.705043488038564647e+03
2.925670993363883099e+03
3.387968814244944951e+03
3.509859448659221016e+03
4.398880286834734761e+03
4.657551323722787856e+03
3.980159417408880927e+03
2.944542170295473170e+03
2.212247169590845260e+03
9.072115701764968207e+02
1.028986773954046839e+03
1.064734331864153091e+03
