1.705106425365664563e+03
2.190549597123669628e+03
2.519249661853922134e+03
1.132527324999555958e+03
1.204992950928194432e+03
3.319808425026407804e+03
3.699753765031650346e+03
3.523528429487271296e+03
4.939935862378187267e+03
5.866423788455225804e+03
6.141633551650418667e+03
3.785960367162746934e+03
4.266278751425066730e+03
2.634272328266009026e+03
2.040453873340886503e+03
1.269125867116910513e+03
1.492070218896683627e+03
9.450431718389547768e+02
1.652716699946768813e+03
1.798007212631871425e+03
1.240722320067564169e+03
1.566129848769762248e+03
2.211692305621228115e+03
3.513079411563192934e+03
3.901008350184863502e+03
3.711554553312860207e+03
4.212147144196675981e+03
5.373378714355573720e+03
4.454516553095623749e+03
4.337544249652798499e+03
4.952216008030145531e+03
2.678244621096328046e+03
3.711936516251124431e+03
2.873978280887926758e+03
2.398654915748018084e+03
2.999373680646543562e+03
3.714124082104613990e+03
2.300354335937160613e+03
2.648666848394851968e+03
1.723304484847270032e+03
1.864011791612926345e+03
2.410132507842796713e+03
1.964883111087275211e+03
1.997184853230534600e+03
1.817265968811487937e+03
2.500705031727915866e+03
1.967643181516151799e+03
2.714485914789275739e+03
1.935190954583875282e+03
2.086065383306955937e+03
1.921947317734677426e+03
1.990158679873857636e+03
1.870245216295913906e+03
1.785797346872713661e+03
1.925112757203249203e+03
1.983384377392811984e+03
1.939478831378078212e+03
1.063902367722241934e+03
1.119275090760869034e+03
1.556209039860276789e+03
1.438793470804481331e+03
1.440393900923230149e+03
1.141869650794373683e+03
1.193353412673022149e+03
1.084178939465376516e+03
2.309319001710227440e+03
2.041591882144173724e+03
2.128221975814833513e+03
1.785088716206302024e+03
1.282448245445067641e+03
1.175375025492176519e+03
1.323149915944861732e+03
1.207566336494581492e+03
1.096448864854745352e+03
9.016301025334531687e+02
1.211472969506914296e+03
1.697075086119181606e+03
1.126421970776172202e+03
1.078921701309349828e+03
9.461455722203735377e+02
9.117321556449949185e+02
1.017901435669354100e+03
1.031859141706601577e+03
1.139368554584582625e+03
1.044329031279201445e+03
1.109247174402636347e+03
1.039781820926203409e+03
9.915341891788172006e+02
1.198599561492173507e+03
1.073305687389902914e+03
6.918273462997468641e+02
3.218955438587725894e+03
4.927160971838559817e+03
5.884145217965567099e+03
4.552120481522748378e+03
3.971960794455577343e+03
4.236565260800502983e+03
3.470742149588227676e+03
3.354381723350567427e+03
2.743110410253565078e+03
3.353484832811580418e+03
4.042454253396720105e+03
4.806680719140665133e+03
5.400956527738708246e+03
3.500546597701602877e+03
4.201020234452231307e+03
4.938777547909307941e+03
4.415687598771850389e+03
4.141943636695587884e+03
2.273898234641065756e+03
2.506258629219738395e+03
3.047974651198805077e+03
2.152050598396275745e+03
3.763277861938677233e+03
3.649194527613491118e+03
3.763602467818552213e+03
3.633221775321073437e+03
3.945246577367677219e+03
1.544388341696260341e+03
2.422486849004355008e+03
5.040510059372047181e+03
3.248050701464149824e+03
4.822297479265954280e+03
4.289107180107166641e+03
4.747558777244355042e+03
5.706538621750487437e+03
4.759590355135402206e+03
4.631956014067657634e+03
3.821299263868617345e+03
4.395815898674792152e+03
4.170628664738476800e+03
4.069356492705229812e+03
2.906642881312593090e+03
2.853326788072164163e+03
2.859210015776066030e+03
3.384971469754643749e+03
2.593888232981311830e+03
3.550254904165083644e+03
4.311780157413753841e+03
3.888581487710376223e+03
3.905566392874533449e+03
3.314204689410998526e+03
3.934841412296469116e+03
3.464415897714919538e+03
3.361052704218223425e+03
3.452334424029678303e+03
3.149129233262713569e+03
2.470084093046264570e+03
4.480043981175328554e+03
2.741674812274998203e+03
2.192605165335594847e+03
2.113818411500077673e+03
1.699521605533843285e+03
1.121239976365145822e+03
8.207948038889104510e+02
8.399682430857950521e+02
1.029465997909246198e+03
1.165956849013217379e+03
1.047342907624751206e+03
1.385009793605623827e+03
1.780499592261164935e+03
1.698347235058948854e+03
2.316320695103704111e+03
2.857276325088036174e+03
2.914731762792310292e+03
3.145767903632555317e+03
3.353350631154600705e+03
4.184489594772097917e+03
4.478758744529669457e+03
4.157436307504693104e+03
2.948895827730380461e+03
3.780974534153864170e+03
3.795711119922425041e+03
2.970461107493068539e+03
1.315466691382293675e+03
1.348783287862453335e+03
1.382594176064112844e+03
1.336967862823952828e+03
1.334949777589156156e+03
1.481579582191535792e+03
1.602673427673144488e+03
2.813970038066874622e+03
2.816004013738191134e+03
2.924942698218417718e+03
2.281634513230525499e+03
3.069895803042861189e+03
4.296437943116633505e+03
2.756467347284082734e+03
2.881148424868448274e+03
3.145615294619449287e+03
3.291541020365850727e+03
3.037793704600330784e+03
2.801407151062428966e+03
2.920780657747798159e+03
2.335906260845458291e+03
3.769995904261670603e+03
2.559611745902423991e+03
2.078063936536271740e+03
2.295294210082051450e+03
3.597576387905148295e+03
2.789918622873245567e+03
1.980191242822562117e+03
3.673787346602059642e+03
4.172826972067379756e+03
3.076294380250238646e+03
2.129580221631977565e+03
2.488150130204581274e+03
2.659727439042098013e+03
2.807188207232864897e+03
3.319424496258522595e+03
3.522837259886293850e+03
2.304636077286342697e+03
2.140463942172028055e+03
2.458425386795924169e+03
2.518525850792164420e+03
2.747642878826447031e+03
2.317417932713028222e+03
3.123488138199927107e+03
2.569094130195041998e+03
2.191897343974962951e+03
2.526440119826490445e+03
2.879371375394065581e+03
3.301893614242186231e+03
4.282704987557040113e+03
2.185874947447820432e+03
2.624672030914217885e+03
4.480787807755682479e+03
4.009294442301171330e+03
2.222244685631864741e+03
1.556266322300340335e+03
1.947701822065656415e+03
1.586819463966486410e+03
1.977645977149114287e+03
3.521415003660262755e+03
1.544944412442841667e+03
2.333375882120768438e+03
2.530627068050196158e+03
1.775040690159810310e+03
2.072794652909625256e+03
1.732034424372331159e+03
1.268582789644871127e+03
1.873676694026800305e+03
2.020039515924568832e+03
1.629433789192865333e+03
1.532901321892482883e+03
1.396825358922268379e+03
1.379324528072028215e+03
1.652499109490508090e+03
1.734015230639117362e+03
1.346129191569983277e+03
1.382368176531591644e+03
1.439786767096779158e+03
1.121249099534431480e+03
1.766852540270453574e+03
1.227040313681509815e+03
1.280862734468990993e+03
1.627803692805031915e+03
1.015448316275901675e+03
1.202984856496454086e+03
1.491296991002729783e+03
1.519472255342335757e+03
1.553462941251522352e+03
1.136395066972295581e+03
1.286896240704044430e+03
2.709763653965803314e+03
3.313145257395987301e+03
2.557610354373014161e+03
3.662656655256660997e+03
2.914911609270372992e+03
3.879548789361408581e+03
4.873106515365686391e+03
4.904481062015698626e+03
4.657742529029350408e+03
5.240367125274946375e+03
4.867038269625112662e+03
4.839720502181988195e+03
5.028498664644509518e+03
5.616532107552347952e+03
4.202106297574580822e+03
3.236561941849589857e+03
3.502561365153244878e+03
4.907355598495386403e+03
3.933940209223227157e+03
4.654667282000583327e+03
3.310686856546083618e+03
3.388715060288809582e+03
3.840917494635189996e+03
3.812480625793326908e+03
2.984335421434460386e+03
2.365554432827262190e+03
1.965835533356326323e+03
1.740217673202628021e+03
2.031705633988781756e+03
2.205608690353099064e+03
2.431939510525798596e+03
3.797267140513403774e+03
3.703075514371912504e+03
3.895050447843964321e+03
4.007721000432075016e+03
3.613916604666264448e+03
2.240872334809583208e+03
1.231875517892997777e+03
1.154624944232051121e+03
1.380731545563109194e+03
1.061801661418905496e+03
1.023908167107985719e+03
1.087814646860438870e+03
9.430384390004179522e+02
1.043434084055828407e+03
1.072377139686355122e+03
1.407310352630162242e+03
1.042065288495687810e+03
9.898009389940381197e+02
1.167950970846024575e+03
1.258425828797365511e+03
2.051814173372331879e+03
1.137905939227719273e+03
1.477180056307289988e+03
1.252580733892864373e+03
9.664710617598429963e+02
1.513297138853413799e+03
1.886301740541340905e+03
8.764658398020380901e+02
9.061246200472614873e+02
1.164162558482610848e+03
1.526823363458265248e+03
1.421823459198129513e+03
2.109735990360459255e+03
1.290207944646095939e+03
1.379047735321944401e+03
1.515915490458458635e+03
1.509287165010032140e+03
2.541386629064310455e+03
8.854042907733899028e+02
1.278558610373863985e+03
1.561165425858366461e+03
9.085963040072342665e+02
1.584899389697530978e+03
9.030673534209056470e+02
9.505323076009896113e+02
9.705641157484701580e+02
1.561530454188796739e+03
1.887511096091174522e+03
1.854706797323511637e+03
1.060197083370456767e+03
1.584512830129069016e+03
1.344266432658120948e+03
1.731366701145155503e+03
1.324593286973390377e+03
1.853837413521695453e+03
3.554064299516487608e+03
6.327261280569568044e+03
6.616090916488291441e+03
3.531495296628435426e+03
2.806232137380012773e+03
1.933747149900823615e+03
2.332703886679988955e+03
2.245602672864873057e+03
2.455892542846239394e+03
2.285849099658349132e+03
2.116229533080349938e+03
2.010217806375681675e+03
2.527379246855462043e+03
4.451026186812418018e+03
7.128503512827943268e+03
6.478516467279750941e+03
5.133376007556513287e+03
3.733719753544685773e+03
3.036319336091243713e+03
1.447848523541159238e+03
9.393160649780329550e+02
1.308070857249557321e+03
1.654164944049500718e+03
4.337891782514445367e+03
3.369557859585354436e+03
3.383511441684164765e+03
3.627773763824428897e+03
2.456314820932429029e+03
3.402660254687829365e+03
2.902132216882190733e+03
3.304306943852300265e+03
2.387504373541935820e+03
5.057844306760688596e+03
3.214023743314023704e+03
2.643979255689062484e+03
2.362393067397161758e+03
2.450964490809848030e+03
1.978142130619376530e+03
1.994343010430793356e+03
2.334895446115483992e+03
2.839171963167996637e+03
2.004731797849075747e+03
1.990056750591461423e+03
2.067964607738592804e+03
3.131964713861813834e+03
2.263784891053923275e+03
2.416623983617632803e+03
2.137899175489774734e+03
1.933526896562873162e+03
2.408485682273932980e+03
1.723333193794833278e+03
1.778374934865796604e+03
1.312837809235783880e+03
1.048922844622115235e+03
1.874267502867228131e+03
1.511996345146609883e+03
2.287765658077986245e+03
1.472157571788620544e+03
1.382398814580549470e+03
1.663514302795717413e+03
1.115213724349200447e+03
1.161557386581230958e+03
1.397014932476954300e+03
2.657070969887182855e+03
1.380844962416459794e+03
1.657042681939702561e+03
1.278117898664318318e+03
1.745607360230877248e+03
1.712739277328179924e+03
1.033912528445459884e+03
8.928572219797093794e+02
1.049590802679625313e+03
1.439799488509113189e+03
9.176718757837955991e+02
1.092000227347455620e+03
1.081029395182863254e+03
1.217640587684665888e+03
1.219700781228557162e+03
1.203524631640175130e+03
1.136279252178925844e+03
1.295845689142104447e+03
1.441370730959742104e+03
1.373849186385332359e+03
2.020459103947492395e+03
4.395686345905778580e+03
6.296204159631354742e+03
7.429233710465474360e+03
5.980994888086677747e+03
3.497636601878741203e+03
2.141325187393413216e+03
2.503883128621983815e+03
2.896786152819678136e+03
2.518524734671882015e+03
2.612655931082716961e+03
2.641347006783909819e+03
2.811668070287140381e+03
3.042218389218853190e+03
3.622890451102626685e+03
3.376365395382674251e+03
2.950839542275714393e+03
2.944229118151632065e+03
2.291386038172384815e+03
2.749959397481283759e+03
2.699619655700755175e+03
3.237881156455484870e+03
3.682255586378635599e+03
6.027358775699955004e+03
5.759781792717808457e+03
4.496559659486950295e+03
4.490269056982740949e+03
3.629995629519789418e+03
1.774412099179009829e+03
1.558707175147146245e+03
1.450605316950002589e+03
1.928049766855454209e+03
1.731501000231348826e+03
1.887001370747773990e+03
1.788334217090894072e+03
3.488365015399476761e+03
4.912726281625506090e+03
5.089653393829118613e+03
4.614270730698262014e+03
4.822219482092253202e+03
5.605630314990513398e+03
3.584023552550580007e+03
4.230697174183422248e+03
4.314841524184766058e+03
3.123243170244502835e+03
1.976138485917362686e+03
1.671880068736783187e+03
1.775429829764784472e+03
1.931913683637457780e+03
1.617994358176964624e+03
1.358859310686221306e+03
2.174354430223304007e+03
6.636604391102176805e+02
2.279911247285753234e+03
4.270422162555531031e+03
3.508176275389655530e+03
3.652369305046265254e+03
3.045373487741639565e+03
1.610809467806640896e+03
1.831681499383839537e+03
1.471055872286743806e+03
1.676237278151308374e+03
3.957052945892954085e+03
4.036178493219466418e+03
