3.135930582048797532e+03
3.121471121953224156e+03
2.873451933884589380e+03
3.617626598663814548e+03
1.576036346979669361e+03
2.004029043536089375e+03
2.601162306950904167e+03
2.590488242846053708e+03
2.761713662910420226e+03
2.384303377347776859e+03
2.143889483050858871e+03
2.389174882488272942e+03
2.154075770451067456e+03
1.642152427720923242e+03
2.386369574119262325e+03
2.847368365172268113e+03
2.823050727635454678e+03
2.739290691983288980e+03
2.664167121262054479e+03
2.457877470343295499e+03
2.896129701712832230e+03
3.413720547080626602e+03
3.083748033550762557e+03
3.217266794409361864e+03
2.577062022926419559e+03
2.425636541694890184e+03
2.923822600447547757e+03
3.175606621252058630e+03
4.002154558312374775e+03
3.497759037062476182e+03
3.926850584314253865e+03
2.050250850842064665e+03
2.592508573713892929e+03
2.694234635253233591e+03
1.905796985668837124e+03
3.605870787083603773e+03
2.794170291277772776e+03
3.256929206513939789e+03
3.181058071640202343e+03
4.213717654107374983e+03
2.949191454519753734e+03
4.127551077184978567e+03
2.786802027117602393e+03
2.709012086213193015e+03
2.382432347258595655e+03
2.848366023639744526e+03
3.424826774729775479e+03
2.440813492624100036e+03
2.264483810929666106e+03
2.147781879513423974e+03
3.440067303307492239e+03
3.963968103043474457e+03
3.653649907689591601e+03
4.446615200988781908e+03
3.840810174796585670e+03
3.990950633222329088e+03
3.949479112198867824e+03
3.730946152910219098e+03
3.230386918260845050e+03
2.949189233411553687e+03
3.032785692199659479e+03
3.331720097835329852e+03
2.840047074311756660e+03
2.861247110330184114e+03
2.999839767474687960e+03
2.964075301478483198e+03
2.597105961307421694e+03
2.153659758203109050e+03
1.998722723906831789e+03
2.065517422435036679e+03
2.267894992106137124e+03
2.112099365584481802e+03
1.913312541611760253e+03
2.249004255886734427e+03
2.370811788547205651e+03
2.753222338832114019e+03
2.933325630061708125e+03
3.047012026949938445e+03
2.731736587875038367e+03
2.610009558839175497e+03
2.592607224129424594e+03
2.808759326189655894e+03
2.317459215756481626e+03
2.467571376143362613e+03
2.327939890051874954e+03
1.965654364286818463e+03
2.221887242255260844e+03
2.570521174915589654e+03
2.770573362543676467e+03
3.172461969136542393e+03
3.458612338787349927e+03
2.793630519890400137e+03
2.500025835643144546e+03
2.310010962694143473e+03
2.339047866174018054e+03
2.589358256839763726e+03
2.231054125887626014e+03
2.134221403542726421e+03
2.098975781814629045e+03
2.489289101470073547e+03
1.986408054207878649e+03
2.620117822882647943e+03
2.749441744181769991e+03
2.749227919739883419e+03
2.250086653778422715e+03
2.681132529336271091e+03
2.352494721359444611e+03
2.894928450192033779e+03
2.918579461460868970e+03
2.165545429886603870e+03
1.620224161312225760e+03
1.802612647429016533e+03
1.916188466668875435e+03
1.557051988519676343e+03
1.869652006033533326e+03
2.245563452948268150e+03
4.455766064625649960e+03
3.063175862900317952e+03
2.236327082368334231e+03
3.828744803559278807e+03
5.783913831077458781e+03
6.569825438363100147e+03
5.590664937013610142e+03
4.437263234473223747e+03
4.095871748373049286e+03
3.197752419921247110e+03
3.085136679305740017e+03
3.415396509380364478e+03
3.904889201621817847e+03
3.166880252463572560e+03
3.839641889386613911e+03
5.315438973917340263e+03
6.139293411916420155e+03
5.802139210131026630e+03
5.498651866935070757e+03
6.239957318178435344e+03
6.026262593094745171e+03
4.273998343415673844e+03
4.629033406594502594e+03
4.926060374026737918e+03
3.821244098389954161e+03
3.447485035166713715e+03
3.774070863204252419e+03
2.574500285269271444e+03
2.779339161952787890e+03
3.325345678889540068e+03
3.806111342905219772e+03
3.528759914066092733e+03
4.283356261139171693e+03
3.706079018389514204e+03
4.293746327143895542e+03
1.709979212679795637e+03
1.335879276804254005e+03
3.668115158294902812e+03
4.224517533185262437e+03
3.488970332831137966e+03
3.944753441276392095e+03
4.446215214431227650e+03
3.168674078297060078e+03
3.410088605768500656e+03
3.653342259050672055e+03
3.148876334171578492e+03
3.014582413397738947e+03
3.380355622800761012e+03
2.678407628954067150e+03
2.701198099106421068e+03
2.087382323974973588e+03
2.319014226450196475e+03
2.280141579222574364e+03
2.512729513817436327e+03
2.843581682041879503e+03
2.029983823277766305e+03
1.962709524866634183e+03
3.123375185174344551e+03
3.276933136875056334e+03
3.658505537741612443e+03
4.731240096978817746e+03
4.333624627382407198e+03
2.863318628642188742e+03
2.997492840599276406e+03
4.426533718211605446e+03
4.288158099053775913e+03
5.917083683246742112e+03
6.353136635283533906e+03
5.779868401589359564e+03
6.390799890447202415e+03
7.490496817466296307e+03
7.560136594969128964e+03
6.983657164528984140e+03
6.701581687771044017e+03
6.433536705543981043e+03
6.405027531412465578e+03
5.502179622055649816e+03
4.702246737866560579e+03
4.460214679237373275e+03
3.940715252961339502e+03
4.244828997293846442e+03
4.221514845622945359e+03
4.569187742675676418e+03
4.434840259962588789e+03
4.544639772975164306e+03
4.276205136286810557e+03
4.261501785859930351e+03
4.644595320211758008e+03
3.814997026128039124e+03
3.232724837102749461e+03
4.363028169324332339e+03
3.823952557731424804e+03
4.561677975853472162e+03
4.419224316530313445e+03
3.446811575528643061e+03
3.282015809012213140e+03
3.317586875809728554e+03
3.426744347624297916e+03
2.705121319999542720e+03
4.031208309668054426e+03
3.627074976657956540e+03
3.479278403122445980e+03
4.511769980318444141e+03
5.143428241751130372e+03
4.971399967714377453e+03
4.936850092815448079e+03
3.949723876181459673e+03
3.320308009465530176e+03
2.494849030533298446e+03
2.040608519257624266e+03
2.731267084796078962e+03
2.446279259097667364e+03
2.570845432558920493e+03
2.386879104318436475e+03
2.047484441281347699e+03
3.312497246233934675e+03
4.361836086710773998e+03
3.436083817735263892e+03
5.885314882175598541e+03
3.892190960887753590e+03
6.815382044254055472e+03
4.611215296295635198e+03
5.594521975240991196e+03
4.260423491223354176e+03
3.303500494224036174e+03
1.763774707611646591e+03
3.175531265312355117e+03
3.150383527224228146e+03
3.452660179400401375e+03
1.664554692784629424e+03
4.037552057555259580e+03
3.150976844125706975e+03
3.552446441323789713e+03
4.529935667085713249e+03
3.695603805115298201e+03
3.112774351789754292e+03
3.469187950154191185e+03
3.905317764856863505e+03
4.499703351991202908e+03
5.902050218333924931e+03
3.215340874047934904e+03
3.366453687323085433e+03
4.354816735879931002e+03
3.467928402964943871e+03
4.836224201255767184e+03
3.509110211422400425e+03
3.498358802276129609e+03
3.364956484454329711e+03
4.009283133958176222e+03
2.756352623745366600e+03
2.641380350410380743e+03
2.737049029311536742e+03
2.847759651352041146e+03
3.338615080384298381e+03
4.235581639529779750e+03
3.514807290500697491e+03
3.457579024969757484e+03
2.537158137920287118e+03
2.553549436751514804e+03
2.580304938882075930e+03
2.896591623469314982e+03
3.522494047361440607e+03
3.494183190249937525e+03
5.218599166730426077e+03
3.976546365738978238e+03
4.654629395700259010e+03
3.314045121709110390e+03
2.740758090520662336e+03
2.443942971567796121e+03
1.829481994980228137e+03
2.500135630105166456e+03
2.206551066350594283e+03
2.209404398298209799e+03
1.383956313703756223e+03
1.447425952167805463e+03
1.816527276908384010e+03
1.958208863284571862e+03
2.055416940321455058e+03
2.096192464882939021e+03
1.851902009035873334e+03
1.786152570417822744e+03
2.257367173038563124e+03
2.803554160150611551e+03
2.831637468927145164e+03
2.467702938942584296e+03
1.199979720419096793e+03
1.279640436896697338e+03
1.941645309991301474e+03
1.542123176019714720e+03
2.358134443491873299e+03
1.854089546466163938e+03
1.913980871797167083e+03
2.626594498694183585e+03
2.523952178892066058e+03
2.567642630491105592e+03
2.433233617568222598e+03
2.373398365398697479e+03
2.042852460695035688e+03
1.866659288049560018e+03
1.916703154391650060e+03
1.675213416226698428e+03
1.641906906602137724e+03
1.844871661606581711e+03
2.203650698571883368e+03
1.914225692096608327e+03
1.743910459795191173e+03
1.179056257921063889e+03
1.483366442647934264e+03
2.313817546108748502e+03
1.936913455572208250e+03
1.404424067334333586e+03
1.892590440274639604e+03
2.533807041983322961e+03
2.327747227692351771e+03
1.609317068434586190e+03
1.567448412457472841e+03
1.334883188162531496e+03
1.240371128077007370e+03
1.599445710936737214e+03
1.215377910971419851e+03
1.280025436427811428e+03
1.562022445287187111e+03
1.956715131128225948e+03
2.100062316500874203e+03
2.705102365581623872e+03
1.537266339746441417e+03
2.024521854203941302e+03
2.325686679850617566e+03
3.201069761274979101e+03
3.000296686402132764e+03
2.853310621971305409e+03
3.699383961840690517e+03
2.177460330854848962e+03
2.899098590785841225e+03
2.737912163488012084e+03
2.546580398697579767e+03
2.749531600189543951e+03
2.210305651452586062e+03
2.954810781654007769e+03
2.406071709956975610e+03
3.739716360695395451e+03
3.373378993936802544e+03
3.233249782057536777e+03
2.414137651409070259e+03
2.670442740873525509e+03
1.961465242359071681e+03
2.385436106130578992e+03
2.207968108287096584e+03
1.886854571313760744e+03
1.854901447191920624e+03
1.244082860461341397e+03
1.776193232245780791e+03
1.949280028977168740e+03
1.694117614702846367e+03
1.977515558487114049e+03
2.175314290128645098e+03
2.015580626078247633e+03
1.418053343809458511e+03
2.372817774714608277e+03
3.286948886683202545e+03
4.918958551733563581e+03
3.463787122570428437e+03
6.330840737206913218e+03
3.882649871522185094e+03
6.019046119317536977e+03
3.466937818833216170e+03
5.096843220871873200e+03
4.935150780763686271e+03
5.584370972531418374e+03
5.789812803858027110e+03
5.857232071854506103e+03
6.063991886562151194e+03
5.749113324990581532e+03
5.800232239127649336e+03
5.416477692230690081e+03
6.163314706010140071e+03
5.137887947607358910e+03
3.134656319263040587e+03
2.750949370510891640e+03
1.983001433064570847e+03
2.268907093292978516e+03
2.385974727287084988e+03
3.020141148030047134e+03
2.944551696391538826e+03
2.777207340294587084e+03
2.644920709169824931e+03
3.177281548807809486e+03
3.587496035421079341e+03
3.219397913124140814e+03
2.957968801198753226e+03
1.803075095980993183e+03
2.154882820788897334e+03
2.354153025477481151e+03
2.878951749757580274e+03
3.229235136166894790e+03
2.927992653836034151e+03
1.854924569497077982e+03
1.681436372725343972e+03
2.104126185860661735e+03
2.262215361545421729e+03
1.771970186294445966e+03
1.504491119026095248e+03
2.078000596839413902e+03
2.032091650483363082e+03
1.727620368202113696e+03
1.363835843813872543e+03
2.159814765320328206e+03
2.064586689086792830e+03
2.251057526651858552e+03
1.844672483931491342e+03
2.051181103561176769e+03
1.699358911598372288e+03
1.778197486726374336e+03
2.560007050382331272e+03
2.152028113627502080e+03
1.593367235077603254e+03
2.782430913806590979e+03
2.074634139821620920e+03
2.419627481489335878e+03
2.749931083241433953e+03
3.405618602880357685e+03
3.278673062001744256e+03
2.892204763776476284e+03
2.758669909178140188e+03
2.808225892230594127e+03
1.653312424008914377e+03
1.184070188223218793e+03
3.160344106037873189e+03
3.369112956821837997e+03
3.221115129059644460e+03
3.599472368940607794e+03
2.611242590530811412e+03
3.693202516789122456e+03
4.110020497587851423e+03
3.792813274886857926e+03
3.462137162194729626e+03
4.757180663676871518e+03
3.526605020711588622e+03
4.558947211650189274e+03
4.351571590778201426e+03
3.569326928838824642e+03
3.887311906994977107e+03
3.903518596215391881e+03
3.129114958541747001e+03
4.846216042737079988e+03
2.856988973127165536e+03
2.630290756781651908e+03
4.192521660558043550e+03
2.182573253858659427e+03
2.980923611915837682e+03
3.297970427554175330e+03
3.640665915294372098e+03
3.636740228065445081e+03
5.071672536849069729e+03
5.847298433643915814e+03
4.102305428165726880e+03
4.758455863717911598e+03
3.899003109451346063e+03
2.659927569675298400e+03
3.247224174503709946e+03
3.760415605125281218e+03
3.125744366200956847e+03
3.046123566975212725e+03
3.238384762923703420e+03
4.682382148724167564e+03
4.101996310796766011e+03
3.786492744547228995e+03
3.009045439160279784e+03
3.209866596339877105e+03
2.538356408806936997e+03
3.208158545653454439e+03
3.067730197363067418e+03
3.441025808984659307e+03
3.321767875829556942e+03
3.338577769977795924e+03
4.302659498827093557e+03
2.717473806223134034e+03
4.125534887382979832e+03
4.314787262522537276e+03
3.004263030951397923e+03
