2.558390576541823521e+03
2.625907607397765787e+03
2.586499168114534314e+03
2.342732379997006774e+03
2.627574733908695180e+03
3.296401061774609843e+03
2.743963600566939931e+03
4.112197067769761816e+03
3.670737151278564397e+03
3.101553940863973367e+03
2.802839956991270356e+03
3.461625113839249025e+03
3.509121410358899539e+03
3.848274258892394300e+03
3.012162918007371900e+03
3.571969642811315680e+03
3.670024169714428808e+03
3.203511662158175113e+03
3.344152933381832554e+03
4.141451884761575457e+03
2.936808597039868346e+03
2.331988331674288929e+03
2.699095083483511644e+03
2.948567042020503777e+03
3.438347626503978518e+03
3.737212932995625579e+03
3.724504284798347726e+03
5.106297693085578430e+03
3.429225140119283878e+03
3.669731602104488502e+03
3.360136389513592803e+03
2.885786606755274079e+03
2.925354567139404026e+03
1.891882445342867413e+03
2.793254897040758806e+03
2.525825820165131518e+03
3.264638607457340186e+03
2.466661424186949262e+03
2.567144734411065656e+03
3.458946885030359681e+03
3.188521232401942598e+03
3.134741876401287755e+03
3.230416323106082473e+03
2.507142262438692342e+03
3.430452446550897548e+03
3.680653384112104050e+03
3.686842708070450499e+03
3.070220912988638702e+03
2.541700914633065167e+03
2.621028952963543361e+03
3.239853249467510977e+03
3.414180475489737091e+03
2.381147285054762051e+03
3.003368224631763496e+03
2.835247691128761289e+03
4.382769720399704966e+03
2.669878806604460806e+03
3.092267659380613168e+03
3.174663455283139228e+03
2.322001811588042983e+03
4.391310620535482485e+03
4.413690407374049755e+03
3.013425638717655602e+03
2.863848143247104872e+03
2.508502378986271196e+03
2.121971339248448658e+03
2.529853036275279919e+03
2.259341634749452169e+03
2.820151349677463259e+03
3.734577524728927528e+03
3.042926728381925386e+03
3.078449180552904636e+03
2.946391667920091550e+03
3.440240474060464749e+03
2.989194229739187904e+03
3.321542676113604102e+03
2.870828807138643242e+03
2.864389761157536213e+03
2.993681191713592852e+03
3.986787391718254185e+03
3.871554894111413432e+03
4.132089144400723853e+03
3.050393195985231614e+03
3.286957968095783599e+03
2.980683875192160940e+03
3.177181410073514144e+03
3.420089550557398070e+03
2.790745023294899056e+03
3.004373628218345402e+03
3.075117420478603435e+03
2.769542479943548187e+03
2.933356614056790477e+03
3.133734275142265687e+03
3.100356256270705671e+03
3.474015899778289622e+03
2.704013036656945587e+03
2.677738883322625952e+03
3.055405536063177806e+03
3.758234337166982641e+03
2.150015186363903013e+03
2.173570387339664194e+03
2.459724863476630162e+03
3.580313243680524920e+03
3.057354591244892163e+03
3.681584131718898334e+03
5.066509801181123294e+03
6.526685230508799577e+03
4.292529134060035176e+03
4.006437845731800735e+03
5.942466983658548088e+03
3.503749673200242796e+03
3.874507338955547766e+03
4.228567505348254599e+03
3.174719833269366063e+03
3.817287143243874652e+03
2.564107675768574609e+03
2.337736247218447261e+03
2.885668887802818972e+03
2.604200511889305290e+03
2.381111489142344453e+03
3.646832598041155507e+03
2.178408455513849731e+03
2.558609910948711331e+03
2.101503401119161936e+03
2.251592346976370209e+03
2.341824861190613774e+03
3.381726692777473090e+03
2.977813200144788880e+03
2.139906690392570454e+03
2.040048111526316916e+03
3.062992995373678241e+03
3.556952004642031170e+03
2.981771643240572303e+03
2.277469668541995816e+03
2.270167378470051972e+03
2.596671350178656667e+03
4.204865927036763424e+03
2.254769241448023877e+03
2.785123112127717377e+03
2.491749484394559659e+03
2.728612175289386869e+03
2.572753139904241380e+03
2.792242682658410104e+03
2.542999747683880742e+03
3.328883087029047147e+03
3.457719245448709444e+03
3.827138579161567577e+03
4.497032247416706923e+03
4.280532813353696838e+03
4.242938326627453534e+03
4.405927710973556714e+03
4.938863758304471958e+03
6.372413081250248979e+03
5.010553134964883611e+03
4.441179043685243414e+03
4.270835245607397155e+03
3.742539507491865606e+03
4.066462806846084277e+03
4.619060105299900897e+03
4.208956076792858767e+03
4.554063121720028903e+03
3.959435970401016675e+03
3.830850675616124136e+03
2.659066194526244544e+03
4.062021551325804012e+03
3.171575718982473518e+03
1.770535122224682937e+03
1.909604021252753455e+03
1.972835172546562262e+03
2.252624811117405443e+03
2.283713524702208815e+03
1.951122909773929905e+03
2.219037793311100813e+03
2.419731649303548238e+03
2.332639558050248070e+03
2.183154013274570843e+03
2.579040735812774528e+03
2.533988191499200639e+03
2.530821788231991832e+03
1.969521090788070296e+03
2.177483487895382495e+03
2.709565044548828610e+03
3.467254802127516541e+03
3.574093689271125641e+03
3.841899791117457880e+03
3.202654417649479456e+03
3.157782790162309993e+03
3.250762566483835599e+03
2.950293043910050528e+03
2.532104102800975397e+03
3.262238964365654738e+03
3.515945815943588514e+03
3.525833927018124086e+03
4.124478361292965019e+03
3.110757449240635196e+03
6.758215612451027482e+03
4.066088177388351596e+03
4.612316792368280403e+03
4.592848733455788533e+03
4.495894639009587991e+03
4.162113538067208538e+03
3.489708262634982930e+03
3.705981958568865139e+03
3.568239040332008244e+03
5.142205329548153713e+03
4.666116223147998426e+03
5.276982725975807625e+03
4.357313669592694168e+03
4.919161666654350483e+03
4.212541681814343974e+03
5.235403732046216646e+03
4.698308658117098275e+03
6.231430937387043741e+03
4.474588118812468565e+03
4.437199710262271765e+03
4.090610249909803770e+03
3.117837462773810785e+03
3.453220154998373346e+03
2.012316002046778976e+03
2.186305550581710122e+03
2.073914672069498010e+03
2.427047862144755982e+03
2.626547248175059849e+03
2.851132764832107114e+03
3.124963034020487157e+03
2.077083308631647924e+03
2.277505573951621955e+03
3.006850136897522134e+03
2.581633313171678765e+03
2.410380511181065685e+03
3.354117229173677515e+03
3.385845955239521118e+03
3.452357292954055993e+03
5.437980035421137472e+03
2.732940015140769901e+03
2.363717277447589822e+03
3.147590043217219318e+03
2.500521209978594925e+03
3.295432761620466863e+03
2.827268337833915666e+03
3.144452962666158783e+03
3.377899921814756453e+03
3.251174469202402179e+03
2.931960735644728629e+03
4.732069494334784395e+03
2.644955459984960726e+03
4.790935693238724525e+03
3.456069640748959500e+03
5.024912160331582527e+03
2.784797032151674557e+03
2.893348911822787159e+03
3.863542312410755585e+03
3.797979646457080435e+03
5.798945762054170700e+03
2.663958408320454510e+03
4.897916433018167481e+03
4.060336508366479848e+03
3.777581481180128776e+03
4.349227222574910229e+03
4.025572676366155520e+03
4.604171848282997416e+03
3.717413493139009915e+03
3.372619974653522604e+03
7.547243737494321067e+03
5.396256750291725439e+03
6.225170776183002090e+03
5.389155240585893807e+03
4.655913617841462838e+03
3.876687155779505702e+03
3.285710061188402051e+03
3.840087021055293917e+03
4.519560160068957885e+03
3.275590362926205671e+03
2.514474884110558833e+03
1.905487476194534111e+03
1.917658505873245531e+03
2.688651792323948484e+03
4.040360022137059786e+03
1.648443246794170591e+03
2.153162821459066436e+03
3.973425147975258369e+03
2.329444995685741105e+03
2.646035664306548369e+03
2.271401240326193602e+03
3.445926876832807466e+03
2.318695074843316888e+03
3.107409819458584934e+03
2.156719937231856875e+03
2.712893128316838556e+03
2.548061546931721296e+03
2.673295528465399912e+03
2.366582603033438318e+03
2.084250342435117545e+03
2.066641508371636519e+03
2.659681950349541239e+03
2.238394960497958436e+03
2.637688897747987539e+03
2.511460963614565117e+03
2.318557017005638045e+03
3.313065071286984221e+03
2.112631668161212019e+03
3.616119538512476083e+03
2.440293133405201843e+03
2.176513186618306918e+03
1.525097776054881706e+03
1.962539116869180361e+03
3.215882174136359026e+03
1.873444090678944121e+03
3.468870328341739423e+03
3.687197088118320153e+03
2.525002095595926221e+03
2.311797904433215535e+03
2.998379899000456589e+03
3.048931720691269220e+03
3.253113723426646629e+03
2.672745648350069132e+03
2.504254689976180998e+03
3.462133599724435044e+03
2.396750928678383389e+03
3.163924108405733932e+03
2.541989241880552981e+03
3.135462036399296721e+03
2.496742087547617302e+03
3.119119865003847735e+03
2.279483398272121576e+03
3.123243043064963331e+03
3.288019545908904547e+03
3.103892949821027742e+03
2.553361204655544043e+03
2.093710575497260834e+03
2.251909344427338510e+03
3.650004362119752841e+03
2.674547091252492464e+03
2.898567609835719395e+03
2.161213685463902038e+03
2.800591448457264505e+03
2.673787755610834665e+03
2.902155251948851856e+03
2.857309904110782099e+03
2.169396818197115863e+03
2.705785880068850929e+03
3.134766736839700570e+03
3.936039118193854847e+03
2.555047517541499474e+03
3.238968846437784123e+03
1.931548628628632059e+03
2.576061044192914324e+03
2.526182849289185924e+03
2.269336902502991961e+03
2.278525244579911941e+03
2.627619884346129311e+03
2.707782798434998767e+03
3.391601978017689362e+03
3.339315845159243054e+03
4.455343816022111241e+03
2.821148019378625577e+03
2.828170803309340954e+03
2.833944349926479390e+03
3.183627514737377169e+03
3.966678849625901421e+03
2.774439683282402257e+03
3.436383564422376821e+03
3.314099637706375233e+03
4.156383264643111943e+03
3.309184790396284825e+03
2.914091674957467148e+03
2.485967163593642908e+03
3.684291084986331953e+03
3.260345541517137008e+03
2.202766665015715716e+03
2.777612676049183847e+03
2.283016953533153355e+03
2.317360288894256428e+03
1.951657048561110969e+03
1.520945141562744993e+03
1.792723938470693383e+03
2.318271861853054361e+03
3.424469354282367931e+03
3.194328999718344221e+03
3.131495334905799609e+03
3.749846392305562858e+03
4.742364012758018362e+03
4.325035675886086210e+03
2.886636021228502159e+03
2.198817739050247383e+03
1.620848947828291557e+03
1.985772821554285656e+03
2.048947993959515316e+03
2.037269900783971252e+03
2.084849547493307000e+03
1.857355849706104436e+03
2.002187834252905986e+03
1.613413477495053485e+03
2.301875402318460601e+03
2.433835401170609657e+03
1.867336402440865868e+03
2.601366009780690092e+03
3.362256311665838439e+03
3.238513348518119528e+03
3.348971102616013013e+03
2.902812980064444673e+03
3.760202646620288306e+03
3.900753810496788446e+03
4.025531110812657062e+03
4.074811936907480685e+03
3.671797555589146214e+03
3.307286525505556710e+03
3.725576230904853219e+03
3.652798794717753026e+03
2.831690553532760987e+03
3.667231333840586103e+03
5.224418263872775242e+03
4.028380818599554004e+03
4.542140334774862822e+03
4.129953947842634079e+03
3.567570642161903379e+03
4.543291984127913565e+03
2.612076876574456492e+03
1.873022746150928015e+03
2.031841259412682803e+03
2.353861891498223031e+03
2.483652916315515995e+03
2.490655372160902971e+03
2.410708165419210673e+03
3.518077117000696035e+03
3.608170518917613208e+03
5.065447717379031019e+03
3.656637191327231903e+03
4.110358525558485780e+03
2.977679261611482616e+03
3.245191451082195726e+03
4.291839665522282303e+03
4.525679894919823710e+03
5.262670067250871398e+03
3.040480881533564570e+03
3.316219505430090976e+03
4.616901741411580588e+03
4.466350725466780204e+03
5.201556542372622971e+03
4.750329044854917811e+03
4.574076782419371739e+03
4.563442254029851028e+03
4.721098921195559342e+03
5.140573239328109594e+03
3.550673533830626184e+03
4.808857812010614907e+03
4.464993759684586621e+03
5.282797639043353229e+03
4.697631967264455852e+03
4.274844413834382976e+03
3.893151264694763995e+03
3.583447013836112092e+03
4.497805233392595255e+03
4.012340244274023462e+03
5.526128744427857782e+03
6.452721821752797950e+03
5.474736377744570746e+03
4.837867038277901884e+03
5.198518055320280837e+03
4.315316071824373466e+03
3.920418687343049896e+03
3.744695803411084398e+03
2.766327892294754292e+03
2.634366579226827525e+03
2.685897664773492579e+03
2.566788813948988263e+03
2.431004662094439027e+03
1.983739266338765901e+03
2.220796666668559737e+03
2.056307438647390882e+03
2.148055672777890322e+03
2.058440976570356725e+03
2.038160144549105780e+03
1.944605890541413146e+03
2.183206997928408327e+03
2.845338601577470399e+03
2.981064167544905558e+03
2.249209388158405545e+03
2.611219477138552065e+03
2.455871592745721955e+03
2.672172253640907911e+03
2.807845059987297645e+03
2.566667307837469252e+03
3.098098593798276397e+03
1.801491407484064666e+03
1.628249637186603877e+03
1.787952111400647254e+03
1.564343519236583688e+03
3.621900209255697064e+03
2.250724740395814933e+03
