2.931113960685547681e+03
1.671815953097123156e+03
1.665156978891877543e+03
3.044510459973435445e+03
2.246428330885422838e+03
5.509757642310396477e+03
4.421403424483979506e+03
3.530179667381818035e+03
4.499689480375529456e+03
4.091570329779789063e+03
3.104978488817396283e+03
3.823096184412022922e+03
2.879474334807158357e+03
4.100406887938654108e+03
4.581478131111486618e+03
5.038491055978603981e+03
4.789251060384431185e+03
3.908289358521479244e+03
2.782029391275079433e+03
2.933012831952656143e+03
2.859961540875347055e+03
2.907047124142618486e+03
2.687049092158318217e+03
3.250488112988618468e+03
5.247377286999630996e+03
3.676496066491025431e+03
4.707189057603871333e+03
5.432933251950266822e+03
4.380603448160461085e+03
5.668206353400877560e+03
5.148728813651501696e+03
4.528475818687353240e+03
4.287565733026485759e+03
4.884076508471530360e+03
3.163997962824534625e+03
4.255840299904818494e+03
4.320798096105681907e+03
2.889909673571496114e+03
3.788034667380409701e+03
2.653768685833581458e+03
3.303838234654185726e+03
4.751101584115017431e+03
4.030842983998235013e+03
3.950105188115795045e+03
2.579876422819608706e+03
4.377493599098771483e+03
3.789170963615840265e+03
2.234417757221922784e+03
3.210557663103249524e+03
2.721980740440858426e+03
2.146142428513317100e+03
3.265479807223746320e+03
2.177080670316983742e+03
2.572396333921191854e+03
2.815505589941879407e+03
2.416277872407466930e+03
2.255167762119732743e+03
2.356242721317968517e+03
2.500866280682333581e+03
2.444138217535336025e+03
1.422027851452446157e+03
1.705330079249013124e+03
3.245828764445881006e+03
4.229636178880164152e+03
3.915650718659228460e+03
3.713778396257052464e+03
2.950318192376879779e+03
3.468869279784697028e+03
5.038464001330607061e+03
4.244971248563245354e+03
4.288868484529147281e+03
4.028953061838084977e+03
3.670411448413861308e+03
3.583191255340227144e+03
3.158572831319090255e+03
3.270958792072900451e+03
3.269257747304247914e+03
4.490729554288664986e+03
3.876075505855999381e+03
3.378121669708706122e+03
2.664239983986863990e+03
2.931213407631965310e+03
3.741849539137763259e+03
2.398474388049401568e+03
3.076207485150636785e+03
3.000814133382063574e+03
3.767894102787186057e+03
2.699914067939457254e+03
3.907414383161704336e+03
2.357097462218375313e+03
3.101493200679507481e+03
3.507290629999124121e+03
6.076962718565177966e+03
3.104786617029514673e+03
1.821210208576235573e+03
4.762543121525161951e+03
5.150775839729975814e+03
6.030464095399326652e+03
5.301919727791786499e+03
5.533730619089668835e+03
5.863369518892624001e+03
3.273756869849257782e+03
2.416517866276427412e+03
3.460782053078462013e+03
3.641073262753957806e+03
5.568244303652995768e+03
3.661354183741911584e+03
3.814641928700619246e+03
3.105261003972729213e+03
1.798061156399816355e+03
3.168294444216349802e+03
2.422930248173905966e+03
2.181637190648577871e+03
3.095241320747440113e+03
5.189474861884928941e+03
2.473396065048082164e+03
3.585860021380181024e+03
4.050325347214527483e+03
3.936771602149699902e+03
2.704437219684509273e+03
2.466958053572883728e+03
3.057313891977966705e+03
3.139773471556387904e+03
2.004800166941281759e+03
2.942113698232785282e+03
3.316514090991774538e+03
3.234338830862432133e+03
2.068511609476614012e+03
2.725105815580347098e+03
2.967886985682797331e+03
3.504717127451339820e+03
5.318795953897774780e+03
4.244580136547847360e+03
3.993986695767808214e+03
4.013432763761483329e+03
5.529987722791837768e+03
6.191138401956767666e+03
7.732113695555364757e+03
4.756775584483176317e+03
2.514357483218840571e+03
2.761660822261295834e+03
1.850266710485175054e+03
2.509412873928636145e+03
1.873270459032461531e+03
2.756050235119640092e+03
3.282578274978717218e+03
4.349712666919848743e+03
5.452483232372997008e+03
4.519492476552421067e+03
4.681575637872083462e+03
3.360606043919433432e+03
2.511157533816937757e+03
2.717540735030012002e+03
2.510329073796742705e+03
2.732714975174931624e+03
2.315248437162205391e+03
1.016719845731869668e+03
1.261401552196113016e+03
1.850521370027295006e+03
2.084574949491103780e+03
2.131739059906638431e+03
1.588128645747181963e+03
8.456648911321833566e+02
2.150698051610911989e+03
2.518272558723876500e+03
3.289206742275278430e+03
5.018090134735989523e+03
5.906527633874694402e+03
4.684997580904778260e+03
4.902552829691419902e+03
3.899589962284132980e+03
5.113525538420874909e+03
5.751358815514933667e+03
4.416521453805168676e+03
3.796994668785358044e+03
4.941496304677009903e+03
6.332137119050541514e+03
3.327806720190574197e+03
4.955396561974443102e+03
2.608887171413126453e+03
2.888053996985204321e+03
4.988162614221968397e+03
4.352782063991399809e+03
5.888859007942920471e+03
6.456022482992013465e+03
4.163327717232681607e+03
4.516537748412969449e+03
3.207879868146866556e+03
4.234636147821837767e+03
3.397079499363369450e+03
5.963421072815327534e+03
4.960158083585416534e+03
4.215331777257189060e+03
6.778671437958511888e+03
6.276134940766506588e+03
6.691109462566266302e+03
7.033074082701030420e+03
5.754083100650153938e+03
6.305928433531279552e+03
5.120360916757826089e+03
6.911110352279704784e+03
6.744017892317244332e+03
8.405224153930281318e+03
6.464862730596758411e+03
6.097657523568003853e+03
6.114608288715163326e+03
5.835877384042682024e+03
6.241196582442228646e+03
5.429064233972750117e+03
5.700814790738444572e+03
5.555352792978495017e+03
5.687233368249260820e+03
6.028218242554009521e+03
6.522880476624163748e+03
8.394888686502283235e+03
7.019484775070963224e+03
7.499323254335543425e+03
3.567288020251374746e+03
3.272072684486948674e+03
3.968841565654643091e+03
2.939137607781651695e+03
2.133988296557610738e+03
1.974016161473468628e+03
1.534067032179760417e+03
1.124208151602113503e+03
1.855484876631051293e+03
1.869151616746011996e+03
3.551923031940292731e+03
5.293237148758776129e+03
4.178198417280829744e+03
4.214702967924613404e+03
5.670404277365087182e+03
5.023389146032897770e+03
3.809604679390658475e+03
2.193678429657166816e+03
1.155503524871158561e+03
1.773269276719497384e+03
2.903582754921115793e+03
2.502522554691771347e+03
2.349186791564387022e+03
2.301003261990684678e+03
2.431219298712087038e+03
2.358069911895860059e+03
3.289632371582610631e+03
2.961185097385884092e+03
1.468719923182804223e+03
2.609637871467376499e+03
1.977920263883620464e+03
2.275359075301601933e+03
3.765968465765555266e+03
3.291084977948629785e+03
4.286698464050480652e+03
4.512541943279981751e+03
4.530211990772523677e+03
3.139881104643240178e+03
5.494401354997226008e+03
5.436778235495284207e+03
5.906501283498105295e+03
7.229635363784092078e+03
4.770308176853335681e+03
5.587650139606059383e+03
6.575517026908486514e+03
7.179594594686876917e+03
6.719739656017713060e+03
4.385768742203708825e+03
4.686754392850449221e+03
3.198693708849806626e+03
3.762329704788906383e+03
2.692551733689046614e+03
4.886186688976870755e+03
5.475181342402599512e+03
6.013159519254766565e+03
6.026407255683827316e+03
2.420474963929282694e+03
1.469541945669724555e+03
2.501666968400795668e+03
2.501598937969399230e+03
2.770545856578403800e+03
2.559084408299427650e+03
2.410515323721386267e+03
1.778618038483964938e+03
2.218135804260937221e+03
1.568181350927264930e+03
1.373670565753658593e+03
2.624296056137335654e+03
5.582968952283214094e+03
6.514841873123745245e+03
5.528974930529102494e+03
4.253502758839347734e+03
4.890841790125416082e+03
4.145840112781377684e+03
4.649076570758058551e+03
3.691462967136581028e+03
4.865434405901703030e+03
3.614567958716428620e+03
2.605548305610070202e+03
3.678489370466659693e+03
3.328730054864787689e+03
2.321001921371218032e+03
2.227476977500648900e+03
1.381075114414483778e+03
1.853140500435809827e+03
1.991185122206180267e+03
2.574113505887206884e+03
2.631650170288906338e+03
1.654996464582129192e+03
1.257856994293560774e+03
1.447079069765586837e+03
1.884526416011957053e+03
2.427609815501479261e+03
1.905463428283272378e+03
1.874624898171232871e+03
2.326832353420238178e+03
2.369390967266588632e+03
1.541643046880038355e+03
2.500700466829197467e+03
1.863125412898064724e+03
1.633182928549423877e+03
1.917947005232093716e+03
2.281701619610312719e+03
1.835738371009456841e+03
1.875138625521817175e+03
1.578917363453604594e+03
9.725440692938184384e+02
2.032787186215919746e+03
2.475101223093697172e+03
2.197223933935709283e+03
3.138615084369577744e+03
1.679603215812976032e+03
1.658542757100921563e+03
2.687872882200856566e+03
1.609117914005345256e+03
1.501604164460587981e+03
2.917676660324564182e+03
2.123329412790765673e+03
2.096243994507139178e+03
2.807716516558790318e+03
2.339636405607668166e+03
2.249196486537213787e+03
1.170421615602416750e+03
1.900393047741712053e+03
1.995034102870260995e+03
2.645116270472259657e+03
1.838311808835815555e+03
1.771770139930002870e+03
2.222808692535301816e+03
2.365184695549382468e+03
1.909918751140551876e+03
1.681712249231065698e+03
2.151164222155361585e+03
1.891832451077269070e+03
1.329236171096618591e+03
1.157439911218383031e+03
1.204605749420012671e+03
1.074117262946841947e+03
1.302316062067681742e+03
1.691605739362646545e+03
1.555238506268367701e+03
1.414339745730225786e+03
1.189135590895526093e+03
1.536852291697035753e+03
1.004305414786143047e+03
2.709860208622093978e+03
1.439831485434085380e+03
1.362444070241155714e+03
1.847278023063014416e+03
1.959108216113726257e+03
1.394902525746410674e+03
1.355193102022804396e+03
1.422266557745652108e+03
1.824483510382190843e+03
1.938533691541417966e+03
1.717950499928578438e+03
1.489698537762213164e+03
1.016004693667994502e+03
7.927334555718554157e+02
1.199530855999073083e+03
1.378831467976847080e+03
1.286323840154923346e+03
1.378885824054742216e+03
1.140897798128042496e+03
1.420932833277556256e+03
1.350364637498796583e+03
1.776434247084139770e+03
1.830765184530940815e+03
1.656250700234835222e+03
1.815577555501926099e+03
1.525624814059896380e+03
1.250074121006062342e+03
1.565532110247148012e+03
1.014631356740207593e+03
1.516172963624006798e+03
1.328309458287462803e+03
1.935218728687786552e+03
1.289809259184902885e+03
1.641899126736910375e+03
1.594043064461322047e+03
1.031422662032174912e+03
1.334969392908155442e+03
1.523108583231025705e+03
1.446059563313337094e+03
1.155762561762982614e+03
1.486805446594617479e+03
1.113971956632202364e+03
2.527390058930765008e+03
3.191742523183358117e+03
2.342235539275729479e+03
1.524812242099864761e+03
1.610009386806740849e+03
2.115478394073565141e+03
2.548267958663100671e+03
4.127412903713361629e+03
3.025589750655724401e+03
3.861859663537348752e+03
1.886572379920995900e+03
1.111466350445364696e+03
1.063233261716114384e+03
1.270804916411170097e+03
2.538996441006712303e+03
2.151460395110927038e+03
2.534303231925870477e+03
1.762905661993848753e+03
2.090958417222383105e+03
2.472208487657839669e+03
2.195569632990456739e+03
2.378836088655402818e+03
2.533751621741554118e+03
2.140912066321976909e+03
3.053037944085226172e+03
3.567096769188420694e+03
5.445628368165159372e+03
4.684418083471832688e+03
4.970701151756276886e+03
4.530912342200992498e+03
4.028815675775244017e+03
4.069040517296698908e+03
4.850506284153272645e+03
4.709668943087911430e+03
4.969490490601227975e+03
4.240983860617976461e+03
1.975741006930671119e+03
1.263645761786356161e+03
1.554659752768639919e+03
1.638101774538246445e+03
1.979566161980169227e+03
2.182246332413874825e+03
5.288947881576851614e+03
5.812169327496098958e+03
6.314187203848595345e+03
5.148521485797141395e+03
7.793823238555660282e+03
5.137242041839534068e+03
4.302053766936652210e+03
3.980191337505799765e+03
4.753438889273125824e+03
4.258059938518912531e+03
4.084182256503537701e+03
4.224230357804127379e+03
2.237270689499945547e+03
1.675159179906960617e+03
1.590877479804729774e+03
3.185561548441578452e+03
3.524037048095238788e+03
3.334520471774506859e+03
2.427918065045103049e+03
2.379196250865815728e+03
3.322542521690520971e+03
6.142995251610778723e+03
7.677884465543495025e+03
5.831739486685533848e+03
7.257256946599816729e+03
9.367476631976142016e+03
6.797167131647698625e+03
5.923566806009248467e+03
8.038316003675840875e+03
6.320141562664023695e+03
4.096806336788080444e+03
4.360234416961087845e+03
3.058079457878329322e+03
1.810352132641969092e+03
1.439754448154907095e+03
1.725548431129372375e+03
1.423093943987714283e+03
3.551405683519766626e+03
4.009485256085537912e+03
3.598623081138259749e+03
5.344704244970401305e+03
5.900086067792639369e+03
5.849481787955199252e+03
6.395191097904610615e+03
5.171744297086615916e+03
7.243080026090434330e+03
6.427456641609628605e+03
5.612537676461215597e+03
2.066073990407620840e+03
2.485996397614632315e+03
2.184918526437308174e+03
3.612717219714537805e+03
2.403912424749287311e+03
