1.397023872644283756e+03
1.611017375945710000e+03
2.288538413294463680e+03
2.129706679278410775e+03
2.926977469958485926e+03
2.917483029927638654e+03
2.264206687052179404e+03
4.231410233842732850e+03
5.307837039401143556e+03
5.911621651607016247e+03
3.841516844458141804e+03
4.902001542373228403e+03
3.151325074642423260e+03
2.264774144976677235e+03
2.913243761580401042e+03
2.847640303706813938e+03
3.152273266239062195e+03
2.891161274655585203e+03
3.230409098951731266e+03
2.770273041451742756e+03
2.308980980940463269e+03
2.540520796533706289e+03
2.297003479668159343e+03
2.096022768978259592e+03
1.558054793000227164e+03
1.802223102320810085e+03
3.517051461693093188e+03
5.017699634714334934e+03
3.619903581709615992e+03
5.404952699334016870e+03
5.437789287704322305e+03
7.119955729702671306e+03
7.847126099590894228e+03
5.106838445406394385e+03
5.501118620860950614e+03
5.003590266931785663e+03
5.122856575077197704e+03
4.228098399997771594e+03
3.474708972614726918e+03
2.541639024959687958e+03
2.546283705880472553e+03
2.561357642449286686e+03
2.786510704651430387e+03
2.540973855369086778e+03
3.981378648012437225e+03
2.750574556816269251e+03
2.416181229848358726e+03
3.920209693689383130e+03
5.161888483692239788e+03
6.804615666637663708e+03
7.308089457007940837e+03
7.093008612110313152e+03
4.435755940361137618e+03
4.984117637409265626e+03
7.759901857851884415e+03
7.622038665898588079e+03
7.120151545780584456e+03
5.200095800894217064e+03
8.276885203351721429e+03
6.014474355162614302e+03
5.845473587733491513e+03
5.500000700708380464e+03
4.518439660285966966e+03
4.416625920508446143e+03
3.306942230614195523e+03
3.050428865013936502e+03
3.508297239960957086e+03
3.301944064393855570e+03
3.466291774860182613e+03
2.997940791727387932e+03
2.701697701373455402e+03
3.156085646330046075e+03
2.413128402135857414e+03
3.073116143277559331e+03
4.709086408325188131e+03
4.235696683755586491e+03
3.975191535728462895e+03
4.017996858403212173e+03
2.850319982494024771e+03
1.602508274845601818e+03
3.147938665179985946e+03
5.123019615183860878e+03
4.810697547976306851e+03
4.565496232340674396e+03
6.189315816401137454e+03
6.547224993913056096e+03
6.251323021424902436e+03
5.114841937805525049e+03
5.779970143210399328e+03
6.779811845226717196e+03
4.935682221603775361e+03
5.061968669361305729e+03
5.007172014257638693e+03
5.389292322424898884e+03
2.346169958302803025e+03
2.093085329617537809e+03
2.674172997732020121e+03
3.417201439589125584e+03
4.639632783014256347e+03
4.478068335277040205e+03
6.366883515956211340e+03
7.013696443522641857e+03
5.711407186401655963e+03
5.818104329060540294e+03
8.167224231841851179e+03
6.855367759973642023e+03
5.980576211518120544e+03
7.175356220755837057e+03
7.614030274209412710e+03
4.905707231106015570e+03
6.097310796075855251e+03
6.820270906229431603e+03
6.442806497663116716e+03
5.165007102405694241e+03
4.956193973416962763e+03
4.498918074829862235e+03
6.692349706700578281e+03
5.827228536931280360e+03
5.593734274473348705e+03
6.149486761931695582e+03
6.479525519009901473e+03
5.692218745222176040e+03
5.494499521308279327e+03
6.847821525238292452e+03
7.946051778023444967e+03
1.025744018104263341e+04
6.568786842291430730e+03
8.746775134380775853e+03
7.562951485397015858e+03
7.094241468123127561e+03
6.596548732933801148e+03
6.204954538956532815e+03
4.673916533704860740e+03
3.537347864450305678e+03
2.426839177790339818e+03
2.240852861474607835e+03
3.198085434274013096e+03
2.495217717807665849e+03
2.425656841794203046e+03
3.104857649472663525e+03
3.045796633323832793e+03
2.149804657608964590e+03
3.105563271181520577e+03
2.102297179011165554e+03
3.150385946822155347e+03
3.850838432191921129e+03
4.431295448968163328e+03
2.527562737420860230e+03
3.273148950067642545e+03
3.901229064977913367e+03
3.898749894902554843e+03
4.107816897068035360e+03
3.224510616725581713e+03
3.248045428875483594e+03
3.455446800561417149e+03
3.384068487479346913e+03
2.688947599366622399e+03
2.843435126293605208e+03
2.224548971612270179e+03
3.016857604171493222e+03
2.481596015577650633e+03
2.272908818148390765e+03
1.414439423943842939e+03
1.838932640521162512e+03
2.200146905530568802e+03
2.146141987119848636e+03
1.302301605957392667e+03
3.389882709406748290e+03
4.002485417396103003e+03
4.813520143569793618e+03
2.421776747716393857e+03
2.092217929173042648e+03
3.412468692618646855e+03
3.360129737566379390e+03
3.549985031813580463e+03
4.534935405811074816e+03
4.591149604368050859e+03
2.284564345829857302e+03
1.231983224493770649e+03
1.403730596462535686e+03
1.581231301912453318e+03
2.004500849256749461e+03
1.968937319349635345e+03
2.083130611690492060e+03
4.625289236193931174e+03
5.501911841604376605e+03
3.834396137041122529e+03
7.829862272015066992e+03
7.565269472098201732e+03
8.093860510393501499e+03
6.933220622379061751e+03
5.876641707318905901e+03
6.816625513212064106e+03
6.873906336781299615e+03
6.723051363405606025e+03
5.951389651420332484e+03
3.474864857154464062e+03
6.642926031296887231e+03
4.997946657627398963e+03
4.822142047724481927e+03
5.924888986570580528e+03
4.608291977639682045e+03
3.805838034024465742e+03
5.532279933304577753e+03
3.994230105809236193e+03
3.287335548276175359e+03
4.235682494760776535e+03
1.763879369752763068e+03
1.585517036794296928e+03
1.949364461277717055e+03
3.644362245762777547e+03
6.041464265866194182e+03
6.918447262638325810e+03
7.387004626511945389e+03
7.144139395222862731e+03
9.032871695211659244e+03
5.677473557515553694e+03
5.329837936165868086e+03
6.387563053746428523e+03
5.085662005220398896e+03
6.108825892940936683e+03
8.347786128611423919e+03
7.888590983803942436e+03
5.953165454936413880e+03
5.134424396227292164e+03
6.111556704475699917e+03
5.564446297362654150e+03
5.177297901226977046e+03
4.154352778529460920e+03
4.087779215440671578e+03
3.732073157174504558e+03
3.047737449592517805e+03
2.779008229829890297e+03
2.623161425122005312e+03
2.286754179436598861e+03
1.872253271770306128e+03
2.268083822878730189e+03
3.935015522440929089e+03
5.026160903344530198e+03
5.326527723422360395e+03
5.163917302798884521e+03
4.908678541442346614e+03
6.312859399640545234e+03
6.089887389170887218e+03
5.552786982422286201e+03
6.578085173554256471e+03
7.007955789452644240e+03
8.049516329737799424e+03
1.004461071268265732e+04
9.370069429278011739e+03
1.053800546299897906e+04
4.473434347086773414e+03
4.255235766355486703e+03
2.283405625826902451e+03
1.605138518511213078e+03
2.235945387677457802e+03
3.162420578004107483e+03
4.000846470712152950e+03
3.456509026531969539e+03
2.672487215830322384e+03
3.241530317343823299e+03
2.872429449353062864e+03
1.542593215261229489e+03
4.400105372568643361e+03
4.507331841219743183e+03
5.984317529214762544e+03
7.931981393301679418e+03
6.580407362063587243e+03
5.100562960693004243e+03
6.224112924208568984e+03
7.382166043506217648e+03
7.458751506924970272e+03
7.768126627603016459e+03
4.823378575993656341e+03
3.961034888649455297e+03
6.866481377140424229e+03
6.970682129884363349e+03
7.387182178512343853e+03
6.686723763199188397e+03
3.864203669909261862e+03
5.408445497599221198e+03
5.812387749456914207e+03
6.377108680670896319e+03
6.620175274918155083e+03
5.895251319506011896e+03
5.706768176753142143e+03
4.226662345284593357e+03
3.584834251575970484e+03
2.698835182973537485e+03
2.317116382397360667e+03
2.767280972701909832e+03
3.228702857334830696e+03
2.940371401894355131e+03
2.156165235078530714e+03
4.527480239701671962e+03
5.332598872633951942e+03
7.067433925673521117e+03
7.739101716105540618e+03
3.760755056394440544e+03
6.113870262541149714e+03
9.614676455511234963e+03
1.037699988556308926e+04
8.397823675798283148e+03
6.883758776555452641e+03
8.562829933426273783e+03
7.926434965636693960e+03
7.448932651235431877e+03
7.752196183120020578e+03
4.600929623819687549e+03
6.070985070732755958e+03
7.631320448130773002e+03
3.985439550613210486e+03
3.750547395279705142e+03
2.666233208315016327e+03
2.965350230149630534e+03
3.217534626915382887e+03
2.681297678887708116e+03
2.786725837530865647e+03
2.809914377158444040e+03
3.270251211959686316e+03
3.234503937936995044e+03
3.589779640014731285e+03
3.641183371473786792e+03
3.689667788864393970e+03
2.070812787517230390e+03
1.859538229309916460e+03
3.399320939185868610e+03
3.972108598281057311e+03
4.141252427889712635e+03
5.350353589986161751e+03
3.343589350986878799e+03
5.465508768907697231e+03
3.917763543940037380e+03
3.855942284813690094e+03
5.068655929301566175e+03
4.142901332090276810e+03
6.449705347106564659e+03
5.827891106702143588e+03
6.403477392120639706e+03
5.624332541749373377e+03
4.692240750531340382e+03
4.823454134232764773e+03
4.396302243648422518e+03
2.843302173802432662e+03
1.713305696523566667e+03
1.548048112762567598e+03
1.391538344712042772e+03
1.646000652515871025e+03
1.735917501780574867e+03
1.961561484551510375e+03
2.531875130957760575e+03
2.321366526549673381e+03
2.157328573158159088e+03
2.328913694057418070e+03
1.749373731400565475e+03
2.172058489282042046e+03
1.893942588711986900e+03
1.484597353875381032e+03
1.921058254060509626e+03
2.015535269976779091e+03
2.318185373620630344e+03
2.084553449616743819e+03
2.666315367272467938e+03
2.258530171217792940e+03
2.038757179317913142e+03
2.420179260203154172e+03
2.734350133216878930e+03
2.398770660909126946e+03
1.830814334838204104e+03
2.343671647147869862e+03
2.519965095255698998e+03
1.982366145040961328e+03
2.791136514241220084e+03
2.386484915086507954e+03
1.802180159115440802e+03
2.187798251499531943e+03
2.627970616463828719e+03
2.209124421419163809e+03
2.784250169216020822e+03
2.478961943408148272e+03
2.320996549439978480e+03
1.381366933833541225e+03
1.309964606640399325e+03
5.648673531252095017e+03
4.317864717957764697e+03
5.969120705565439494e+03
5.582220142842809764e+03
4.548785209162049796e+03
6.725839240523557237e+03
6.433442217781575891e+03
5.493542018773960081e+03
5.394789331861866231e+03
4.521477178130324319e+03
5.728234623648314482e+03
4.522351002541491653e+03
7.344100388483663664e+03
4.294279004187303144e+03
7.176633721947903723e+03
4.986978281630199490e+03
6.718563783491323193e+03
3.262538706499105956e+03
5.377710957453886294e+03
3.933008390089139084e+03
5.460080004749685941e+03
3.733675257382624750e+03
5.239753013401542376e+03
3.579726081274960052e+03
5.087905867158742694e+03
3.666874759413590255e+03
3.935253482945813630e+03
3.684235868945550465e+03
4.689105180288366682e+03
4.853914975447241886e+03
4.864881131349035059e+03
5.274674127317066450e+03
3.577753287652826202e+03
3.598297953245896679e+03
3.593746833494181828e+03
3.388737171741030124e+03
2.528310544099394519e+03
3.397744220764428974e+03
2.998163332202165293e+03
3.105222004550893871e+03
3.161715647795240784e+03
4.215353260198495263e+03
3.976289191937505620e+03
3.042408524392068557e+03
3.502565850830811087e+03
3.063453097857627199e+03
3.295826652163167637e+03
2.513373165268993034e+03
2.696752240061551674e+03
2.489114083612810191e+03
2.815281921592273193e+03
4.194942480535028153e+03
3.745943449223656899e+03
4.359844966541720169e+03
3.701499978221010679e+03
4.736712511036433170e+03
3.399726451112753239e+03
7.441610147057234826e+03
7.091902475364413476e+03
6.852352772586327774e+03
7.766608400224632533e+03
5.403104896550396006e+03
5.649620934951269192e+03
7.080776222655710626e+03
7.106951448745547168e+03
4.511490552309875966e+03
3.390053367355945738e+03
2.711498852729572263e+03
2.494897805496239926e+03
4.051551658023467098e+03
5.204121721650697509e+03
6.371354691341084617e+03
6.134241262338578963e+03
4.984085989038446314e+03
7.223224854174204665e+03
6.241806819600795279e+03
4.024804025125819408e+03
2.853780341796438279e+03
2.717074158904400520e+03
2.324915065410542411e+03
2.088776614454055107e+03
2.511568252866334205e+03
2.184027117877825731e+03
2.908843829867208115e+03
3.830571754610512471e+03
3.209242750528925626e+03
3.292618339153871148e+03
2.317338914947761623e+03
3.900945831718952377e+03
2.104804141379182965e+03
2.564912770146188450e+03
2.716541258421861130e+03
3.017369829155822572e+03
2.653102724669754025e+03
3.224465153379502226e+03
3.479361207190927871e+03
2.624245575918758732e+03
1.730981286612886151e+03
2.503529189625926847e+03
2.637130543120499624e+03
3.983009817058959925e+03
2.699028682155863407e+03
5.689036605086177588e+03
3.273168885352405141e+03
3.215485587936075717e+03
1.941001845177316682e+03
2.247458516825123752e+03
2.573430678380860627e+03
2.468838699229284884e+03
2.119418398781442647e+03
2.661217349343746264e+03
2.459995971542430198e+03
1.245274623204246154e+03
4.862903198911647451e+03
3.325768821375420430e+03
5.938456074199753857e+03
