2.364282338654887553e+03
1.857712095233814807e+03
1.675002442191842874e+03
2.694488064187579312e+03
3.016122900252174531e+03
2.508458587939481731e+03
2.171376288974457566e+03
2.319936288195186080e+03
2.275307903296803943e+03
1.811253449201868989e+03
2.184518265884599259e+03
1.911179206045817864e+03
2.328334344904611044e+03
1.911012698845709792e+03
2.941513888098996631e+03
2.231899889366559819e+03
2.645349588936307100e+03
2.665975121740270424e+03
1.996616418234251569e+03
2.645375526835051005e+03
2.165569379477229631e+03
2.467227625284272108e+03
2.349035718564598028e+03
2.674801253349737635e+03
2.134359058257732613e+03
1.894180758236078191e+03
2.509368616712710718e+03
3.500677692901565479e+03
2.010880907998205430e+03
2.430903160484148430e+03
2.245643388375159248e+03
2.532431881307854383e+03
2.702554177307963528e+03
2.652893621990686370e+03
2.947951616685231784e+03
1.223542420403162623e+03
1.983562834475234695e+03
3.556736727706872898e+03
1.566888153838964172e+03
1.740478563332863132e+03
2.388150836246882591e+03
1.612782103723781574e+03
2.954382467443684618e+03
1.602087231554629398e+03
1.759306057670032260e+03
2.148454927554490041e+03
3.261338119972425375e+03
2.488272036657435365e+03
2.904251919798607105e+03
2.732995612309504850e+03
2.194110725689264655e+03
1.943317181246450900e+03
2.044006751960851034e+03
2.413812653301811224e+03
3.185547124903877830e+03
2.351943618682246779e+03
1.679836058469557884e+03
2.010865598015600654e+03
2.688578259766725296e+03
1.868312642868567764e+03
2.324039316115703514e+03
2.024149898825032551e+03
2.610737765293912616e+03
2.337072517293065175e+03
2.471885948526586162e+03
1.579352480691813298e+03
3.214165016410178396e+03
2.822694394065737924e+03
1.737475911115356666e+03
3.136688497275478312e+03
3.289519578186012041e+03
1.772212299349153909e+03
1.504606691446987725e+03
2.217408929680018900e+03
2.529258124570236760e+03
1.839032953538238871e+03
2.566526796547942013e+03
2.454054703665809484e+03
1.932643668383850127e+03
2.363952019363564887e+03
1.896609518594618066e+03
3.746137171023392511e+03
2.434347417988632969e+03
2.713955338416531049e+03
2.625700355291858614e+03
1.211804198845086148e+03
1.489223242535361351e+03
1.946690474054380275e+03
2.873180850654494861e+03
1.296163646829780646e+03
3.781231440355119048e+03
3.549811511293723925e+03
2.283982544602346479e+03
1.547624635514512875e+03
2.544614435526681518e+03
1.512384036312386797e+03
2.839430855287845588e+03
2.602777850903736180e+03
2.885013112677623212e+03
2.407316191792151585e+03
1.889240968693835157e+03
1.898306522918308929e+03
1.963203039399209501e+03
5.168788253214656834e+03
3.595267454740968333e+03
3.023493703597290278e+03
2.980976490379174265e+03
2.409360495729573358e+03
2.399529342267608172e+03
2.121137107445550100e+03
3.126350644284405462e+03
3.345470509422048508e+03
2.151444555251136535e+03
1.449702597632430525e+03
2.684553789765716374e+03
2.320787865177258482e+03
2.754794113308974374e+03
1.996441379320195210e+03
1.481215126497895426e+03
2.621979662031651515e+03
2.125055453222604683e+03
2.555627024322055149e+03
3.402997381546506404e+03
1.885968507289340550e+03
1.926845376504668820e+03
2.449802572700862584e+03
2.402974831707715111e+03
1.634417012646380272e+03
1.501948816800752638e+03
3.210558936831855590e+03
2.296344633471396264e+03
1.372726417698664363e+03
1.984917521995049356e+03
2.410048219229174720e+03
2.378681041143279344e+03
2.103040207349911270e+03
2.556510961571232201e+03
1.655286078041493738e+03
1.368605122121655768e+03
2.307585656945471783e+03
2.579893821564718564e+03
1.781498974990521447e+03
2.554911534840518470e+03
1.962628287790548711e+03
2.516204264933354807e+03
3.121972270015415688e+03
2.438048871086092731e+03
2.682632490562798012e+03
2.382054682180066266e+03
2.243508961282991550e+03
1.935762317348972601e+03
2.566143574470740532e+03
1.816777631964183911e+03
2.018988495353271446e+03
2.002620979586230533e+03
2.077026996104438695e+03
2.143834987449452001e+03
1.498131475064433744e+03
2.044067573343629647e+03
2.824669825528143974e+03
2.609552127501567156e+03
2.399348297990084120e+03
1.911828070468731994e+03
2.183075202117692243e+03
1.754152312061925159e+03
2.775806892476488429e+03
2.509721552508300192e+03
1.705588485467710598e+03
2.121413536489329545e+03
2.186146779003878237e+03
2.687067862806676658e+03
2.268087474788047075e+03
1.949407055675003448e+03
2.131049912591065095e+03
2.557387742432367759e+03
2.905413503238029080e+03
2.357809192896212608e+03
2.408958097602659564e+03
2.723080632827074169e+03
1.853663896012916666e+03
2.296796706508100669e+03
2.182698372658068820e+03
2.576990043321046414e+03
3.398717005672423511e+03
1.650890732169869807e+03
2.902046162564432507e+03
2.897581794456169064e+03
1.953870687009074800e+03
2.604861726782063215e+03
2.727146442467615543e+03
2.413387061393842487e+03
1.816677222724533749e+03
1.592882783542959487e+03
2.866193071256819167e+03
2.889894249309835686e+03
1.838436113866996266e+03
2.573545495634228246e+03
2.272558116033222177e+03
1.858498731757399355e+03
1.743733111421303420e+03
3.371701653400247324e+03
1.784556019065791588e+03
2.163797319922008228e+03
2.161801250314044410e+03
2.733807142477574871e+03
2.064159430232813975e+03
2.630178988132114227e+03
2.474949634406164932e+03
1.787495455438166800e+03
1.234812048822389215e+03
3.143112148848405468e+03
4.000622774468841726e+03
2.391326238625936639e+03
2.377971083884180189e+03
2.088472427473385324e+03
2.225216731178870759e+03
2.750306597241526561e+03
1.987190689087986357e+03
2.080856003025490736e+03
3.463416553135689355e+03
2.332773885680579497e+03
1.474464089757525016e+03
2.292119214929940881e+03
1.587424348711023413e+03
2.879983583677795650e+03
3.367665724388127273e+03
2.601615564740493483e+03
2.000691855797400194e+03
2.328660092100527436e+03
1.639019802502716630e+03
2.991815387581712457e+03
2.468568821374257368e+03
2.315184392880471933e+03
2.950844259095552388e+03
2.191224819093483802e+03
2.702664982082666484e+03
1.668210108269931879e+03
3.025303678601580032e+03
1.978870290028506133e+03
2.248227051204729378e+03
2.538325581746446460e+03
2.496103686824428223e+03
1.960089269839864301e+03
1.647543047251390590e+03
2.068382398856259897e+03
2.817282959342666345e+03
3.938109038837262233e+03
3.684311766230393914e+03
2.043857046619008997e+03
1.632856068883394528e+03
2.290907181623795623e+03
3.843486426645788924e+03
2.347409228780176818e+03
1.590994802665062934e+03
1.901483131331668574e+03
2.147310364312580077e+03
1.776485996175621040e+03
1.770568783990849852e+03
2.225252240368595267e+03
2.693977999598227598e+03
2.165252501533464965e+03
1.924913560418029647e+03
1.691619885404394154e+03
2.235275164215674522e+03
1.480937584685896127e+03
2.582433287875017868e+03
2.582462258484352787e+03
2.018834451703780132e+03
1.702420029337316009e+03
2.420615869505445517e+03
2.566498698002923902e+03
2.031935927086076845e+03
2.205361276482224184e+03
2.175558143034202203e+03
1.835831421652892686e+03
1.377206241761594356e+03
2.221312878379790163e+03
2.802727948318366089e+03
4.476018438279492329e+03
4.602695314849711394e+03
3.365998332898763692e+03
3.562913603898389738e+03
3.725150834749389560e+03
3.880728520062109510e+03
4.164411399110203092e+03
4.499998962092074180e+03
3.684194446342321044e+03
4.346090104818461441e+03
4.190208872048486228e+03
4.517874466206246325e+03
3.953112501952882212e+03
3.098224483454694109e+03
1.857245779816021241e+03
2.243128978449401075e+03
3.157782981568317609e+03
4.079695986213539527e+03
2.745437069185392829e+03
3.222644076402337305e+03
2.222273369277801976e+03
2.568970460313001695e+03
2.099849963518139703e+03
1.776418703615515597e+03
1.621592091923512953e+03
1.810808095671817455e+03
1.857121801177685711e+03
2.509361451228510759e+03
2.528666225176034004e+03
2.302235197370207970e+03
1.448088331883865976e+03
1.437619568942894148e+03
1.195730455415008919e+03
9.026241117419576767e+02
2.032392168669985722e+03
2.895125059862034504e+03
2.617805767647279481e+03
2.732300500733537774e+03
2.459528833509343258e+03
2.113254296687358874e+03
2.217101685512127005e+03
2.475998002685909341e+03
2.220249748263649963e+03
2.317772324228441903e+03
5.538080167192639237e+03
7.258365730991326018e+03
5.866729453877530432e+03
7.063545915566170152e+03
5.680070753159712694e+03
5.719953910278641160e+03
4.789385538702234953e+03
4.946525559659286046e+03
4.339742360622301931e+03
5.910645122073875427e+03
4.717490922485786541e+03
3.537805742450920206e+03
5.463904022130252088e+03
4.727822035790237351e+03
4.797455254031833647e+03
3.451403839249788689e+03
2.141403672318685949e+03
2.872736612618978597e+03
2.856906162360633061e+03
2.231641092435232622e+03
2.046756876055209659e+03
2.773734226883246720e+03
2.876769258092005657e+03
2.113625754955349748e+03
1.836105176149918179e+03
2.088474790268625384e+03
2.336572565497761389e+03
1.865126454760705428e+03
2.082358475610165442e+03
2.031791940189855950e+03
1.544434382971374134e+03
1.389757884187713671e+03
1.849747763071539111e+03
1.341670764512480901e+03
1.305497016173757856e+03
1.350356107097211634e+03
2.061648641988266263e+03
2.178429202976488341e+03
2.454422977821130189e+03
2.357680920028641140e+03
2.390372030490098950e+03
2.047089743041419979e+03
1.842918116082463030e+03
1.838070539112187362e+03
1.581449008652718931e+03
2.037937701066088721e+03
1.550931827849610954e+03
2.102814127630745134e+03
2.095890389563111967e+03
1.646938683332440178e+03
1.233788488993203600e+03
1.751468295092309063e+03
2.047712706637571500e+03
1.972602296880958420e+03
2.387870128875026239e+03
2.160000422928724674e+03
1.472155850039232519e+03
1.190245859185904237e+03
1.547973788108436111e+03
1.181051283600571878e+03
1.480114762995879346e+03
1.284925670118591142e+03
9.105534198582000727e+02
1.430597733190748386e+03
9.578312505662813692e+02
8.953075425063939292e+02
1.262867415626843467e+03
9.505491018587896406e+02
9.350949740362140119e+02
1.049339304237708575e+03
1.026581970911968483e+03
1.190431858651723360e+03
9.558972912317830151e+02
1.262618402967209249e+03
1.671813742361069217e+03
1.712047450016236098e+03
1.900986064210649374e+03
1.334810929767007337e+03
9.627328766436054366e+02
2.888358535139090236e+03
1.874935696238777155e+03
2.731643521937416153e+03
3.302238221757793781e+03
2.843924456045372153e+03
1.399341290278874567e+03
2.405816864326940504e+03
2.593036397937534730e+03
1.385767247949002240e+03
2.191009800857878872e+03
1.839448350676158952e+03
3.452600362175423925e+03
2.502829290109505564e+03
3.569638213645695942e+03
2.677899025480031014e+03
2.849097520164795696e+03
1.874658266883213628e+03
2.386308068771994840e+03
1.728643721428366462e+03
2.277390097002456059e+03
2.535338318297236583e+03
2.958982908315671466e+03
2.620898292219117138e+03
3.086655325501150855e+03
1.804924921561127121e+03
2.987667397957482081e+03
4.792168859842213351e+03
3.940987472147588960e+03
4.954151694092494836e+03
4.728948262902005808e+03
4.293600040535960943e+03
3.397527528853043805e+03
3.338857319271849974e+03
3.133268861373015170e+03
3.513983794784179281e+03
3.520928259127769252e+03
4.413091564951413602e+03
4.128094033558518277e+03
4.680702448058185837e+03
4.556324896391734910e+03
4.525523594842896273e+03
3.876702139045998592e+03
2.276776066862482821e+03
2.061658190048066899e+03
2.059838917834527820e+03
3.082304234660148722e+03
3.032222297486522621e+03
2.944751669876827691e+03
3.428475923179792062e+03
3.016897161956862419e+03
3.326958555768204405e+03
2.189165558703837632e+03
2.839635953085017718e+03
2.916060641274577392e+03
2.034236799712344464e+03
2.277749971052762703e+03
2.575947146732494730e+03
2.153765268763820586e+03
1.755591329316018573e+03
2.293999159659331326e+03
1.954075916320430679e+03
1.727901820972100722e+03
2.816672135721858922e+03
3.555646333890805636e+03
2.016145754897657753e+03
2.803925631138119570e+03
3.291427715960324804e+03
2.921550817086358620e+03
4.462324067296458452e+03
5.801633247498554738e+03
5.605862892984881000e+03
5.160373892061591505e+03
5.872273471934962799e+03
4.717135651303255145e+03
4.469129077798413164e+03
3.625868543290330308e+03
1.944872016205669070e+03
2.203222549911017722e+03
1.486807183748165471e+03
1.786034145796270877e+03
1.443646858358084046e+03
