3.418296763822484081e+03
2.707231083270149156e+03
2.792460721770005875e+03
2.579814346479321557e+03
4.129793787572784822e+03
4.581451754369383707e+03
3.305906055488358561e+03
3.376973178039525465e+03
3.891328071890473439e+03
5.192905025355225007e+03
6.482936314468423916e+03
5.114177458546614616e+03
4.448243604707087798e+03
4.675486094240302918e+03
4.702712736797860998e+03
5.138805976906696742e+03
4.773426285851232933e+03
6.628763067407688141e+03
4.873629907171001832e+03
4.589367545226763468e+03
4.263333827758997359e+03
4.658869381382900428e+03
3.206637064206789546e+03
2.932016372028979276e+03
4.420001191037830722e+03
5.084547991564530093e+03
5.539453891103247770e+03
3.351384265901043818e+03
2.830155648305366412e+03
2.588593380975971286e+03
2.417850328300002275e+03
3.135557244588546837e+03
2.369736632754238599e+03
2.811495067134451801e+03
1.608998308708425157e+03
2.135266022312917812e+03
2.072945021494242155e+03
3.588862484451020009e+03
1.797686050727285419e+03
2.513876195540143272e+03
2.856971185283254272e+03
2.333163148975904733e+03
2.994306251730403801e+03
3.466655196388868717e+03
2.854398379150295568e+03
3.294707718370257226e+03
2.585546424000545812e+03
2.983321731349026777e+03
2.079295516314037741e+03
1.985902982997471327e+03
2.056871301006095109e+03
2.022538013249146388e+03
2.106965386380079053e+03
2.899988999017336027e+03
2.514639162120718993e+03
2.318451676473497173e+03
2.778534447197838290e+03
1.835397427338015405e+03
3.177327967045355308e+03
1.915235141146985143e+03
1.814350147896441285e+03
2.208535781396573839e+03
3.252550405259684794e+03
2.013850443205187048e+03
2.235129874822103375e+03
2.273189133786919228e+03
2.105916152150898142e+03
1.951248238178168094e+03
2.679332995184437095e+03
2.670100053231132279e+03
2.445114905688788895e+03
2.182587637140598872e+03
3.112817985070052146e+03
3.505556180512712672e+03
4.278568249982900852e+03
2.918483276418233345e+03
2.783966727970341253e+03
1.849736629830204492e+03
2.436421949999587923e+03
2.501192894171417720e+03
2.527587050647326578e+03
4.649014639460127000e+03
3.751407352425333556e+03
3.302122755720322402e+03
4.783433721287164190e+03
3.017908538968727044e+03
3.386714438092099044e+03
2.679811990261708615e+03
2.074901562264484710e+03
2.447020157385888979e+03
2.907739108610484891e+03
2.714706280213938953e+03
1.771684673019763750e+03
2.506361470872637710e+03
2.315034918983184980e+03
1.987305865489250891e+03
1.746443492589742391e+03
4.593842480947664626e+03
3.078603651596989039e+03
3.157576699237993580e+03
2.808716938732217841e+03
2.480911192836344071e+03
2.399196540601025390e+03
2.464686980770923128e+03
1.506122767390635545e+03
3.387175423109349140e+03
2.454882957903945226e+03
1.961656467872194753e+03
1.641593705071177283e+03
2.413539809625031921e+03
3.210376418355739588e+03
3.124660300119858675e+03
4.716910494770811965e+03
2.446999748156008081e+03
1.631286395341223169e+03
3.526197949597709339e+03
4.186864803038743958e+03
4.780350793297039672e+03
5.085486326586789801e+03
4.861129269734296031e+03
1.926405458442164445e+03
3.995124227413825338e+03
4.534959285369552163e+03
5.230327741642212459e+03
3.590899284604663080e+03
3.194821757851527309e+03
3.821756818662062869e+03
1.571551318705224958e+03
1.657703457264418603e+03
3.289747264198901576e+03
1.958639440243138324e+03
3.605110875642411884e+03
2.947276364683363681e+03
2.751893062538316372e+03
2.838180537977465065e+03
2.308931803949323239e+03
2.511687887617006254e+03
3.136614485704637445e+03
2.689383116594827698e+03
4.133354850011791314e+03
3.280919434504369292e+03
4.013077757791301337e+03
3.833058827352296703e+03
4.008852603156180976e+03
2.977831911575130107e+03
3.484386979730304120e+03
4.029448933464964284e+03
3.722062712862006720e+03
3.993641296810161748e+03
3.095092428204743555e+03
3.088831441991159863e+03
3.118028230312794221e+03
3.683761001096374002e+03
3.328325306576743969e+03
3.466147831571110601e+03
5.078218270500799917e+03
4.117528855918689260e+03
5.711248785057468922e+03
4.233891017662932427e+03
5.328360445498918125e+03
4.908785148593788108e+03
3.742514024984146999e+03
3.500304584307792993e+03
2.935464236030946722e+03
3.768648203270908198e+03
5.211505487667368470e+03
4.303029691708366045e+03
3.854221068572971490e+03
3.217090846221009087e+03
3.619043547283572025e+03
4.220137558934630761e+03
3.620062424908650883e+03
4.059589809425650856e+03
4.432382046348336189e+03
4.231339292181551173e+03
4.488926737391941970e+03
2.553620506387872865e+03
3.123270967058336737e+03
5.391284456494748156e+03
4.397442211472597592e+03
2.805955698787041911e+03
1.345005270577736383e+03
1.319673782301656274e+03
1.571987098942057173e+03
1.323503960802706843e+03
1.888322972948510142e+03
2.241416632197993295e+03
2.096875810425105101e+03
1.893513486733455011e+03
1.601830805148095351e+03
1.557147746747246401e+03
2.332432949746567829e+03
1.674911882637984945e+03
2.347937121488235334e+03
2.593953033116893494e+03
1.731605780008433840e+03
1.996924448366351953e+03
2.565738904403976449e+03
1.968988860868570100e+03
2.587583821281410110e+03
2.261462476715991670e+03
3.179305483256262050e+03
1.721879648762756688e+03
2.495280742431590170e+03
3.041110784924574091e+03
2.070140760853815209e+03
2.265861112872732065e+03
2.729247737265206524e+03
1.627675185993076639e+03
1.792862015934188548e+03
2.923124002794246735e+03
4.271733498580671039e+03
4.683559670834792996e+03
4.517776931695450912e+03
3.450742166559238285e+03
4.902786091875133934e+03
4.363137774957754118e+03
3.057629575074324748e+03
2.370370216738801901e+03
1.980385948629955010e+03
2.805968322767053451e+03
4.800190523673789357e+03
4.237343756856153959e+03
3.788503472407714526e+03
4.037109778627338528e+03
4.219221202394489410e+03
3.844692330851742554e+03
5.007021890989773055e+03
6.138754888673428468e+03
5.378839678699492652e+03
4.772568905712568267e+03
5.762863019176020316e+03
4.964572234964761265e+03
4.301845941005357417e+03
4.076346420106670848e+03
4.358076046748445151e+03
3.929724339001783392e+03
3.523190841049820392e+03
2.350291384197475963e+03
2.252107309498883751e+03
3.074674297781336008e+03
2.726081349756308100e+03
2.693416327544959131e+03
1.901416115712397868e+03
2.046431372911097242e+03
3.151075389435610759e+03
3.441218526685266170e+03
3.126659036815984564e+03
2.537971698384848878e+03
2.052351569420138730e+03
2.168622297222892030e+03
2.024418589061581770e+03
1.795766753687482606e+03
2.148074222851118975e+03
1.718287865500347380e+03
3.021144583828935083e+03
1.760799448223736817e+03
2.114285315654445640e+03
2.808760601451826460e+03
3.239158896769438797e+03
5.098365978634775274e+03
5.195782886375324779e+03
4.767135334638182030e+03
5.074843002425905979e+03
5.016006651734041952e+03
4.535200196685345873e+03
5.776607001180314910e+03
6.272087698124549206e+03
5.590716696341036368e+03
2.258229817183566865e+03
2.015747554486337776e+03
1.853830966919714228e+03
2.196721306727065894e+03
1.527810407438574202e+03
1.842239138428866681e+03
2.112345858225603479e+03
1.992346975167395840e+03
2.623656102147454021e+03
2.160911708625877054e+03
1.742672335631907117e+03
1.625034310174392886e+03
3.862174416476494571e+03
1.422866225290245666e+03
4.362491580223764686e+03
6.686753055284411857e+03
4.743566248627587811e+03
3.827480537507961344e+03
1.682807466010512599e+03
4.184380736269923545e+03
5.452878942332997212e+03
2.351538045446527576e+03
3.332254100975226265e+03
5.101989483887834467e+03
4.988154368052194513e+03
5.846860342889125604e+03
6.955714395858092757e+03
3.505920979516168700e+03
3.723458875590103617e+03
3.339975860309645668e+03
2.670775154065614970e+03
2.372110416380419792e+03
2.541204207830338419e+03
3.840512101367392006e+03
4.084015769218615333e+03
4.721209381696889977e+03
4.321975431170556476e+03
4.506973167250454026e+03
4.664874671627477255e+03
3.415727042341769447e+03
4.306987894009432239e+03
3.916384556988769418e+03
3.511018775331145207e+03
2.808653160035968540e+03
4.200556422648856824e+03
4.314493605218484845e+03
3.512289677683234459e+03
4.419711614795911373e+03
6.411810195260099135e+03
5.194390147102561968e+03
5.625974671773933551e+03
6.210546370263716199e+03
3.561768615550444338e+03
3.324578953349002404e+03
2.596132323929903578e+03
2.783842202894417824e+03
3.647490731195937769e+03
5.526589393010202912e+03
5.185560976968821706e+03
3.639854196893304106e+03
3.516688014457834015e+03
5.392423555839389337e+03
5.445569965177968697e+03
5.735881059971478862e+03
3.250839642240947342e+03
4.143934551876677688e+03
2.557228756728214648e+03
1.938759318668499191e+03
2.386873184904370191e+03
2.302374955664157369e+03
2.434000661283957925e+03
3.197113485437118470e+03
2.202110494269000355e+03
2.714806156169820042e+03
2.094343247100168810e+03
1.944852923032995250e+03
2.203461744392586297e+03
2.692288445007495739e+03
4.530395822268884331e+03
2.681750350083413196e+03
2.549948912195581215e+03
3.399567148804003409e+03
1.568047630472494575e+03
2.748607533649140805e+03
3.017833025981668015e+03
2.226020764726520611e+03
4.315294934099777493e+03
2.031612989997544673e+03
2.254688112203751189e+03
3.445675927383510498e+03
2.140821404469529170e+03
2.405307259254940163e+03
1.772116348870330285e+03
2.372480812894369592e+03
3.498339779974144676e+03
1.349916391106449964e+03
1.791844263945665034e+03
1.821413616515948206e+03
2.540058699505969344e+03
1.919303666229936880e+03
2.889751705781534383e+03
1.641438695866121861e+03
3.518953946951925900e+03
1.855877836925334577e+03
3.371607855966297848e+03
3.216881733385001553e+03
3.959748172448041259e+03
3.788793758749092831e+03
3.986597957434506498e+03
2.506915191956208673e+03
2.782302724971575572e+03
1.937050176749797401e+03
1.696447274218422763e+03
2.378143454160831425e+03
2.297785787512385468e+03
2.419109285454931978e+03
1.634414161720209449e+03
4.726978072877104751e+03
2.973930698915178255e+03
2.688124042459079192e+03
2.960402273040082491e+03
2.567304943605139670e+03
2.780451675784893723e+03
3.397066394689750268e+03
3.998642143605422461e+03
3.882566639954449784e+03
3.788436133029647863e+03
2.966134683775439498e+03
3.566527380689320125e+03
3.057931033103439859e+03
2.586162457393380009e+03
3.641610562941430999e+03
2.711637953087164533e+03
1.332667411223960926e+03
1.820095606717769442e+03
2.118197687432031671e+03
1.867294235175448875e+03
2.378172646833294039e+03
2.403024275652497181e+03
2.153837143708435633e+03
2.154374801751434006e+03
2.502856685506312715e+03
3.370107440642534129e+03
3.446649748721588821e+03
3.107769716361196970e+03
3.541035293604022627e+03
2.521822735217727768e+03
3.053773056283700953e+03
2.650258129904961606e+03
2.730034279677669474e+03
3.125257486894546673e+03
3.821174729598434624e+03
3.528370824049501152e+03
3.086162411584339679e+03
4.023670674246619910e+03
3.022058118939171891e+03
2.684336720513188084e+03
2.836964700554325191e+03
2.594304050423441367e+03
2.577680711748753765e+03
3.837855777052492158e+03
3.158057509615884101e+03
2.374742451739164153e+03
2.403350949549951110e+03
2.758291941392091758e+03
2.409953030246742856e+03
1.948685808355902964e+03
2.285235132444333885e+03
2.561880515013597233e+03
1.756169185843418745e+03
3.410464709926269279e+03
3.436034062731970153e+03
2.847208980485480424e+03
2.176903043428093952e+03
3.201625626649193237e+03
2.907624427675863899e+03
2.439588742086994898e+03
2.772888765183688065e+03
2.223070985127672429e+03
3.520183485109065714e+03
2.714761095675516572e+03
2.551648235363850290e+03
2.515373246955552531e+03
4.232358189092880821e+03
2.760290137196373053e+03
2.652397304343997803e+03
4.555409151894154093e+03
4.695757096456426552e+03
1.522622688547435246e+03
1.623976621329320551e+03
5.118432013302244741e+03
3.627404852719997052e+03
3.890768364319686043e+03
3.088976304414458355e+03
3.334605551857332557e+03
2.394281195768960060e+03
1.670716310998228892e+03
2.287025034202636107e+03
2.616721947467618520e+03
4.042908248000780532e+03
4.984285658308325765e+03
6.048534230449300594e+03
6.434506135962356893e+03
3.856104653210509241e+03
1.945010936381582269e+03
2.226925667585626798e+03
1.663783634960714380e+03
3.273085970866029584e+03
3.372596318199500729e+03
4.338340153180123707e+03
5.545922183699273774e+03
3.899030343753054694e+03
2.447911329413574094e+03
4.244371107594568457e+03
4.056036819105781433e+03
4.363957569030080776e+03
5.516914456689441977e+03
4.332425889775502583e+03
3.926853036981449350e+03
4.264021851541710021e+03
3.785685110558802080e+03
2.353232425268504812e+03
2.301476490663451841e+03
2.168348133373769087e+03
2.714933639366201533e+03
2.592450507172878588e+03
2.712088305211123043e+03
2.156959097485180337e+03
