2.620011152096822116e+03
2.578816635146911722e+03
2.379527828116649289e+03
3.000939471372565094e+03
3.144277576826941640e+03
2.102593834301729657e+03
1.567226835785869753e+03
1.244998014029122487e+03
3.758191305850450590e+03
3.378138978666840103e+03
3.940252360723134643e+03
4.316856355538165190e+03
3.607644337266367984e+03
3.120235331398779181e+03
2.792402372661083064e+03
3.239281452954598080e+03
2.966941244268569790e+03
2.653278960189968075e+03
3.066270833558435243e+03
3.232745524909245432e+03
3.323070319241169727e+03
2.219566114008011027e+03
3.821367834596732337e+03
4.381008448956346001e+03
3.236061477445705805e+03
2.153106738304084047e+03
2.851528100943792197e+03
1.597052149094945889e+03
3.426992004046669990e+03
3.615399870911366634e+03
4.633744190922704547e+03
3.514653147672097020e+03
3.192540488450554221e+03
1.502878925954769329e+03
2.862806378038273579e+03
1.210866081472629048e+03
2.448652253483156073e+03
1.539971901994597602e+03
2.336910520812126379e+03
2.172522917031955785e+03
3.381554464273261146e+03
3.348922661447654718e+03
3.427966897734252143e+03
3.076266755416201249e+03
2.929358645799348324e+03
2.797983074974144984e+03
2.464324885642995014e+03
2.357013773763047993e+03
3.082281021769310428e+03
2.035200396292334517e+03
2.333168140916710399e+03
2.303192063323554976e+03
2.248316074195201963e+03
2.222452554768372011e+03
3.154160379922486754e+03
2.771049328073166180e+03
2.821198045695600285e+03
3.482467672754318755e+03
4.667886252650791903e+03
5.128107753192009113e+03
3.727304979343631658e+03
4.192631948086295779e+03
4.208003797864583248e+03
5.291896403034239484e+03
5.255376485619580308e+03
4.137309374250395194e+03
3.423354593435400602e+03
2.280227002102567894e+03
2.555056952586032367e+03
3.659005168529027287e+03
3.193317252072447900e+03
3.775897409646757296e+03
3.957101460965522620e+03
3.174611659930316364e+03
2.397020242846140718e+03
2.402952795814159344e+03
2.622467019553787395e+03
2.578037456852410742e+03
2.908983262767635097e+03
2.346326799250687600e+03
1.790777805941076622e+03
1.672302175939851168e+03
3.497049237171738696e+03
2.866010835286555448e+03
2.783439200097022422e+03
2.107812575667782767e+03
2.824950314016730772e+03
4.265136363699913090e+03
3.120568095652517968e+03
4.342793408528710643e+03
3.500011498254942580e+03
2.231386368319779194e+03
3.683168142988371983e+03
4.982110450509168913e+03
4.193845493181523125e+03
5.079646292219857060e+03
3.330266768045664776e+03
2.953326836624743919e+03
2.649241356179462400e+03
3.788271634049671775e+03
4.457397905460178663e+03
4.498907374776247707e+03
2.946567376871346369e+03
4.265273754185146572e+03
2.088905222365094232e+03
4.140941009842493258e+03
3.478111058069086539e+03
2.941466624441467047e+03
3.416412280992642536e+03
2.911792298855335503e+03
2.425531482498576224e+03
2.322327963577369701e+03
2.115451240219424108e+03
2.848006465884957379e+03
2.106408161587019549e+03
5.026246358483333097e+03
4.429112351801449222e+03
3.620385447014705278e+03
2.554282434850357731e+03
2.779571617575689288e+03
4.783787105036453795e+03
4.401786779841571843e+03
4.318474111056260881e+03
2.870891823737407776e+03
2.787973880338403433e+03
1.336719697958395500e+03
1.328051575423528220e+03
1.617216892605433941e+03
1.601275802747868283e+03
3.517024941405930804e+03
2.011465726905900055e+03
1.985701596972395237e+03
2.233401157166705161e+03
2.831397821305200978e+03
3.868928047955910642e+03
2.643556059167424792e+03
2.689734443247379204e+03
2.492922816799386055e+03
1.441785124586893971e+03
4.338532542990917136e+03
4.559175785174582415e+03
4.344690965233675342e+03
4.676443144163315083e+03
5.691694385933755257e+03
3.457269844950762490e+03
2.332857896371716834e+03
3.774960043041186509e+03
3.013215826641466265e+03
3.213290307165256309e+03
1.974330622537212548e+03
2.545598913530922346e+03
1.878721233225861170e+03
2.198930650826343935e+03
2.358428422877788762e+03
2.770036683082926174e+03
2.270910038010442349e+03
3.406165560518926668e+03
2.334281141490146183e+03
2.767327730687113217e+03
3.138842369381240132e+03
4.056598156946336530e+03
4.923618241236029462e+03
4.430275927977771062e+03
4.523431583544137538e+03
3.826644349300193426e+03
2.936877769590537810e+03
1.929121111584209302e+03
2.097355866508033159e+03
1.101113650368573644e+03
1.831542274573821032e+03
1.979565103179304288e+03
2.065143150302448248e+03
1.302155770418106840e+03
2.615449573349653747e+03
3.285559248781578390e+03
3.682865289639600178e+03
3.955180832303449733e+03
3.337352285118783584e+03
4.220022059309692850e+03
3.971670917703315354e+03
3.429148493931870689e+03
3.379689857280220167e+03
4.425918806748753923e+03
4.932507541978571680e+03
3.338998190967109622e+03
3.115845789303990387e+03
2.660242293710164631e+03
2.744556637828618022e+03
3.621162898402220435e+03
3.690492656638369226e+03
4.256191499539929282e+03
3.456570133944483587e+03
3.326296059173794674e+03
4.216008330262497111e+03
4.171580578227715705e+03
3.937772521825619606e+03
3.854966185665956800e+03
4.000485492959609473e+03
4.272916067815899623e+03
4.573669112365792898e+03
4.332925437626693565e+03
3.780278592070161267e+03
4.119055080918067688e+03
3.961580797282389995e+03
2.973559591562409878e+03
3.527187201671272305e+03
3.692890287882954453e+03
4.080476325068075312e+03
1.708652235420461921e+03
1.504178958390837352e+03
1.608340563361555724e+03
1.660478421683288843e+03
1.893113879325829885e+03
2.662473817894165677e+03
1.893201899343736841e+03
1.897260182841794176e+03
1.720508337701921619e+03
3.119098226879749291e+03
1.889219706875908741e+03
1.385399814941372370e+03
1.611798545213045600e+03
2.435987150272082999e+03
1.431088360294996846e+03
2.018447321404379181e+03
1.626413425853912258e+03
2.217145837032244799e+03
2.379813958597666897e+03
2.378169490832132851e+03
1.779380443469620786e+03
2.391282761023759576e+03
2.032324268057330301e+03
3.469057273484371308e+03
2.635078967292044581e+03
2.847046237284496328e+03
1.768225642993364318e+03
2.400973002585572431e+03
2.168526147655317800e+03
2.048267130737604475e+03
2.211175486441421072e+03
2.597622496242557645e+03
1.614404458054601264e+03
1.498749657342301589e+03
2.854400100120611114e+03
2.257828805057948102e+03
2.364608930996204435e+03
2.704181302729367417e+03
2.607177532505740601e+03
4.744408311650198812e+03
2.913315737670368890e+03
2.824493754817522131e+03
2.010064952741937304e+03
1.927243702805276143e+03
1.977912705367519493e+03
3.810901175174321452e+03
3.222800994728685964e+03
1.843063017366734812e+03
1.752656223908245693e+03
3.977183023434793085e+03
2.177275202381016697e+03
1.796401486026292559e+03
2.220666818048531695e+03
3.570891338030143288e+03
1.390373907890842929e+03
2.314757081262784141e+03
1.800944646868319523e+03
2.058534229784087074e+03
2.171960742605049290e+03
3.241562812568497975e+03
1.791414335709069974e+03
2.750659753075087792e+03
1.808908778381263801e+03
2.759472912657611687e+03
1.907277716328795805e+03
2.906874627577044066e+03
2.125195083622357288e+03
1.589248551402928115e+03
1.536150829902559735e+03
2.100842198322110562e+03
2.107329798923892668e+03
2.081842168914707145e+03
2.214834161155051788e+03
1.617237091157649274e+03
2.645416985814786131e+03
1.651674243130749346e+03
1.256541111074909622e+03
2.253390339042311552e+03
1.695014419482603216e+03
2.107784581240334774e+03
2.032172263981310607e+03
1.259470312670505564e+03
2.175936818241428682e+03
1.496846883358626201e+03
1.825469149054125410e+03
1.467456558601677443e+03
1.088294395185675057e+03
2.564942456417761150e+03
1.141924611786014566e+03
1.621236569338538402e+03
1.025282666156625510e+03
1.414664051645465179e+03
1.777328765096493271e+03
1.745330471887790509e+03
1.135068153732817564e+03
2.090429614709744783e+03
2.807071283416416918e+03
1.274401933679195508e+03
1.754983259542549604e+03
2.469373290634556270e+03
1.059598347295975145e+03
1.692069402327053240e+03
2.719990892462750253e+03
1.920282926893970398e+03
1.293803981965537560e+03
1.872576303198382220e+03
2.564969789744955960e+03
2.406673150475170132e+03
2.088397269104679253e+03
1.167466292802842418e+03
1.198674632150572734e+03
1.824624548272347965e+03
1.347258357084687759e+03
1.626018814458801444e+03
1.384410362757572557e+03
1.456567098713093628e+03
1.996833905856658703e+03
1.347778566835755328e+03
2.783813291016223957e+03
1.657389877988726539e+03
1.642316511140512375e+03
1.689034854330043572e+03
2.339490421587150649e+03
2.074283580431489554e+03
1.749683966257941393e+03
1.101700122989334886e+03
1.961076843734963177e+03
1.795780272128769184e+03
1.597233794304653429e+03
1.568661549452265717e+03
2.154307299439536109e+03
2.591212138232282086e+03
2.713983161504906093e+03
3.492522194871206466e+03
2.107385602209888020e+03
2.321320771032440916e+03
5.017152141736858539e+03
4.370422644180295720e+03
2.707089176932293867e+03
3.234930319358641100e+03
3.223307932240355967e+03
3.505123088019195620e+03
3.173206882212425626e+03
2.683202661605492722e+03
2.575413818536495000e+03
2.328426695663378268e+03
2.391940561550809889e+03
2.298606498694819493e+03
2.816716338897009337e+03
2.423558353365066068e+03
2.745910288157534524e+03
3.150739552104485938e+03
2.504286446263092330e+03
3.963625359924086297e+03
3.009190045254088545e+03
2.955199659364599029e+03
2.950132775054636113e+03
4.077926835786015090e+03
4.318459879033179277e+03
4.091562255987817025e+03
3.803696178540604706e+03
4.407415790508754981e+03
4.590453738631981651e+03
3.071946273275117164e+03
3.453895340557786767e+03
2.982548891546739924e+03
4.673903220964632965e+03
3.243544527784068578e+03
2.564106209889976981e+03
4.367169122114096353e+03
2.322145190022900351e+03
2.421690798163934232e+03
2.782625619869947059e+03
1.898307867750583682e+03
2.642814788754874371e+03
2.142927674656450563e+03
3.014803600947934683e+03
3.057292131452560625e+03
3.239519192545571514e+03
3.504699748271339558e+03
2.916945846646136033e+03
3.213961659073600913e+03
3.026198654835770412e+03
3.192728039781261941e+03
2.870827800264751204e+03
2.436009229218872861e+03
3.089819500083070579e+03
1.587670568581781026e+03
3.136664030059678225e+03
1.575057209679454900e+03
2.352413279363211586e+03
2.934609481915520519e+03
1.610806815668129275e+03
1.403037617553568680e+03
2.518121997145827663e+03
4.420156990467158721e+03
4.898473429684686380e+03
4.822005124184487613e+03
4.245240625692915273e+03
4.462207138825851871e+03
2.841879492721126098e+03
1.871754148180933498e+03
3.708141959760744612e+03
4.131757792247394718e+03
4.183255688852638741e+03
3.975260364320498411e+03
3.543320028111592364e+03
3.099992929906418340e+03
2.617427377104559127e+03
2.075786271680686696e+03
2.005913168910966988e+03
2.456993530557990198e+03
2.376806341688984958e+03
1.887306350415481802e+03
1.530597896773469074e+03
1.793923987019198876e+03
1.925849201740895069e+03
2.493353381018376695e+03
3.002834424787389707e+03
2.360950810333861227e+03
1.660794434270333795e+03
2.184103874187196197e+03
2.174270098552390664e+03
1.711806219005957473e+03
2.141196645281227575e+03
2.449671973250916835e+03
1.569937033140951826e+03
1.925795585954765102e+03
2.452761657079635825e+03
3.203615413824988991e+03
3.508438387854481334e+03
2.131512722998413665e+03
3.310114404356089835e+03
3.862897491020189136e+03
3.754725869367947325e+03
2.772175594642649230e+03
2.635453938547484086e+03
3.507557729697440209e+03
3.256250008644560694e+03
3.779098173582465733e+03
3.378918874494623651e+03
2.138826982521081845e+03
3.941573875662897990e+03
3.128417260119610546e+03
2.819499301739781004e+03
3.258821345194921832e+03
2.768743238886098879e+03
2.807323076913946352e+03
3.458394316949022141e+03
3.179197852951311233e+03
3.992297104433580444e+03
4.197299020204227418e+03
4.328302136288546535e+03
3.340562782994075405e+03
2.108444749498819874e+03
1.807125455235309119e+03
1.748850174489322626e+03
1.765943812947298511e+03
1.486450463026390025e+03
1.989432579493727872e+03
2.425573873424707017e+03
4.720579341769173880e+03
3.379953271225785556e+03
4.317406473210930926e+03
4.286224176466423160e+03
4.854982704291412119e+03
4.200463460042236875e+03
2.830102469096922050e+03
1.776588265593149799e+03
3.045337294550644856e+03
2.004923249263135403e+03
1.302301580689054845e+03
1.584183459765564294e+03
1.497895091397174838e+03
1.485347274307867337e+03
2.325804684408535195e+03
2.240311888770940641e+03
2.150948584981298609e+03
1.958464815515667397e+03
2.288733279121313444e+03
2.128192483295438706e+03
2.920178628323694284e+03
1.614923398201616010e+03
4.258961425400458211e+03
3.031076787818568391e+03
3.553526470639053059e+03
