2.154195527551022224e+03
2.386421562598774926e+03
2.583337101890935628e+03
3.724802777324773160e+03
2.310832521766813443e+03
2.707780454266758625e+03
2.700475663083525433e+03
2.919506431190525291e+03
2.732518575499729650e+03
3.068973964639959377e+03
3.247518278529239069e+03
2.718129373098516680e+03
2.617163258976975158e+03
3.032910002471838197e+03
3.444433188780862110e+03
2.937317460870033301e+03
3.754409044902547976e+03
3.359663858259541939e+03
3.690295230373205413e+03
2.209624337168351303e+03
1.230286422272929258e+03
1.281503786287511502e+03
1.978766944395917335e+03
2.214292681506818099e+03
2.814342308464792950e+03
3.249431247533979331e+03
6.185384243625052477e+03
4.032642100553561249e+03
7.620111348113436179e+03
5.606786322559681139e+03
5.106407636097956129e+03
4.672547694165017674e+03
3.562441749530219113e+03
3.233353579940899181e+03
2.807716777366349106e+03
2.566520667240175499e+03
3.369682119010880342e+03
3.464062010328859742e+03
3.122960919202488185e+03
2.585373904999788010e+03
3.147333358242352460e+03
1.233241310990183592e+03
2.661736740238771745e+03
2.393335133506576312e+03
2.865237947575473754e+03
4.372689255659115588e+03
5.918470917545011616e+03
4.595545425052777318e+03
4.977835185540761813e+03
4.406074754265569936e+03
5.410584239390971561e+03
6.487215763296304431e+03
3.952006076169508560e+03
3.318997606400614586e+03
4.132344857227691136e+03
6.042058660636678724e+03
6.332762067532216861e+03
7.320350985093093186e+03
7.256414880037234980e+03
7.836074392426669874e+03
9.555342432619490864e+03
8.351202962882229258e+03
7.347893526081969867e+03
5.935241322025442969e+03
3.543007174244005000e+03
2.974716220082257678e+03
1.902233723787656572e+03
1.551508071126939285e+03
1.761716014803501821e+03
1.937491461496379998e+03
2.149667158853953424e+03
1.626064219051849022e+03
1.366788823941530381e+03
1.298655482142496794e+03
1.854729554816461587e+03
3.756885054573517209e+03
7.578496964292225130e+03
7.377412015385427367e+03
4.797986028511566474e+03
3.270147444525584888e+03
5.838013882957108763e+03
4.642723473400102193e+03
7.843191771481222531e+03
8.428920467653428204e+03
7.630272388141492229e+03
7.337057688137066179e+03
7.759294046281412193e+03
7.505210769874257494e+03
2.167703580189824152e+03
1.996519504083280253e+03
2.784842873975907423e+03
2.867662617461150148e+03
3.005199841162796019e+03
1.656726061216483004e+03
2.069690655949454595e+03
1.761306497288750961e+03
1.682338754190660893e+03
1.456581862998669521e+03
1.051745334330769083e+03
1.524047261718852951e+03
5.788331266534675706e+03
3.699107450841833725e+03
6.504333380063758341e+03
5.651792183431543890e+03
5.071921291776095131e+03
5.802484814651712441e+03
5.035371056575114380e+03
8.294791721496980244e+03
5.078533313628839096e+03
5.893015118562530006e+03
3.038143195558612661e+03
3.135509533571441807e+03
2.671996835777632896e+03
3.126039106868348426e+03
3.096952844016134804e+03
3.550656750592178469e+03
3.593990598155846328e+03
3.755671049778632096e+03
3.957304863724715688e+03
2.379530236520440667e+03
2.440877101460507674e+03
2.436033567047584711e+03
1.897710719545422307e+03
2.387121598042964706e+03
4.425987771169558073e+03
3.059572604703158959e+03
4.028239818698053114e+03
3.187791316179803744e+03
3.967713536174173896e+03
6.314144963742541222e+03
6.072305637562493757e+03
6.869050572144507896e+03
8.280109014823819962e+03
7.327200564981210846e+03
7.413951507441303875e+03
5.617297399060900716e+03
6.132704145984860588e+03
7.944305777022057555e+03
6.090790584418647086e+03
5.861989624257191281e+03
6.146690816846680718e+03
5.765248355462679683e+03
4.700871707805692495e+03
3.673817329045651604e+03
3.660249480845752259e+03
3.122223524241907398e+03
3.047727927336067296e+03
3.315205924902983952e+03
4.372495035687623385e+03
3.628937984411113575e+03
3.393060950459151627e+03
2.369571782446245379e+03
1.898518613425116428e+03
1.264220567712133743e+03
1.598730693842369419e+03
1.972579543404250444e+03
1.234714945527948430e+03
2.287715017087372871e+03
3.458716546582862520e+03
5.344175371858826111e+03
4.145476041908679690e+03
3.564443927335620174e+03
4.362828905289440627e+03
5.271363287418554137e+03
5.101670211385621769e+03
4.821338841231266997e+03
4.343303045009813104e+03
6.212257464930154129e+03
4.177567389984444162e+03
2.505221414857226591e+03
4.661633017340880542e+03
3.899065694636436092e+03
5.693323961883656011e+03
6.014255441102861369e+03
8.629836334465040636e+03
5.642681277435146512e+03
7.862745637811315646e+03
6.755695386536992373e+03
6.679171001402184629e+03
6.673427318709980682e+03
5.061148839832617341e+03
4.288359778792929319e+03
5.063666420703427320e+03
4.538866749631720268e+03
6.346367872212756083e+03
5.278623520535792522e+03
6.091156957116144440e+03
7.292923958392959321e+03
7.309468299017669779e+03
4.493274827538660247e+03
5.522206528560664992e+03
5.258693064520668486e+03
5.991144190782405531e+03
6.682841088604848665e+03
6.070600169913211175e+03
4.768692900861164162e+03
3.234035650648723731e+03
5.636423283654907209e+03
5.205611099579389702e+03
6.973908909035057150e+03
7.667911961709866773e+03
7.151757397352243970e+03
5.179240311293066952e+03
5.476600782636959593e+03
2.370927440918406319e+03
2.606303508293318373e+03
1.652356120902614748e+03
1.857262156035591033e+03
3.365403392420744694e+03
3.467396117380125816e+03
4.398853640470127175e+03
4.753971042212385328e+03
4.932356739242073672e+03
6.578228337608476977e+03
5.757036727383291691e+03
4.151902161781298673e+03
2.541237576007179086e+03
2.190693065849195591e+03
2.486085890126950289e+03
2.697052597576693643e+03
2.834665198276307819e+03
2.627675996672908241e+03
1.659105125940013977e+03
2.721019200344652290e+03
2.072938076157708110e+03
1.461383701802151791e+03
2.003681586252270336e+03
4.065907337664434635e+03
2.792249890914827574e+03
3.619161345418545807e+03
3.285306589405593513e+03
2.331973438734488354e+03
2.210271769422156012e+03
1.658248446475982973e+03
2.509956018719471103e+03
2.317387999627777390e+03
5.198858667295594387e+03
5.348223146237756737e+03
4.882632414315371534e+03
4.023736549534822643e+03
4.451014376965464180e+03
4.131803742049170069e+03
3.498664574946779794e+03
5.275632927576616567e+03
4.944322038216289002e+03
3.976419014525598868e+03
4.141017544686786096e+03
2.776245997559997249e+03
2.912012786212738320e+03
2.495020041015760398e+03
2.837679656768311361e+03
2.839617801646371845e+03
2.727794040232788575e+03
2.137527106918167192e+03
4.473790246091113659e+03
5.012463736365136356e+03
3.708755989631412376e+03
3.999686580818860875e+03
4.812071024861281330e+03
6.245531314101258431e+03
5.376887534891468931e+03
5.318218876444840134e+03
4.290454898980862708e+03
3.457733419051592136e+03
1.112876197321915924e+03
1.489333658651591804e+03
1.681984735131887192e+03
1.476269843501548849e+03
1.149871620674257429e+03
1.672616968980874617e+03
2.979604674017391972e+03
3.613014788787626912e+03
5.044001615806973859e+03
5.011133202192912904e+03
4.162335355890330902e+03
5.425438650956060883e+03
5.041672605529544853e+03
3.559335184410183501e+03
2.084325692558720220e+03
2.173794640324231750e+03
2.049174830927539460e+03
1.995532580001683755e+03
2.950331901108711463e+03
2.699797662795203905e+03
4.444160894933726013e+03
3.379684546610721100e+03
2.588995881075865327e+03
4.911302812064586760e+03
2.921189162783654410e+03
3.755878041676774501e+03
4.273408058782839362e+03
3.781015635248548733e+03
3.205330948413788519e+03
2.392365106828526223e+03
4.589025086656384701e+03
5.460170798034594554e+03
5.316824011227237861e+03
7.545597385025065705e+03
6.318324127175545982e+03
4.991371739991600407e+03
6.314725365729396799e+03
6.229712349339829416e+03
5.895111807414615214e+03
7.875120115939872449e+03
7.615395331347709543e+03
5.690177046108610739e+03
4.858902761549436036e+03
6.234267380520020197e+03
6.386540750471833235e+03
7.623471665552319791e+03
3.834723430413371261e+03
6.172348212734085791e+03
6.397807965190796494e+03
7.349238140658793782e+03
7.198240128878815995e+03
6.567551599294063635e+03
9.297086782098020194e+03
6.378898920916899442e+03
2.885016429304317626e+03
1.944433850096204651e+03
1.752941219472001421e+03
2.691350518415922124e+03
2.050106558754320304e+03
2.223988187092576482e+03
2.384246101967541563e+03
3.323448270414718081e+03
3.453895399812291544e+03
2.286369842636681369e+03
2.347768425966171890e+03
2.930960501757240309e+03
2.878279132528345599e+03
2.714632729055994787e+03
2.938981980256433417e+03
3.687907123844835041e+03
4.326287146717781980e+03
3.363677795761663674e+03
3.917916300726866211e+03
5.349455301101143959e+03
5.735593788345952817e+03
2.681774988157791995e+03
3.687377507365479232e+03
4.458190281043648611e+03
4.817528747379736160e+03
2.985639300353545423e+03
3.214158514451838528e+03
5.143922966219351110e+03
5.302824953610394914e+03
4.477346362893596051e+03
5.496737967767939153e+03
6.235574180372052069e+03
3.540693653313203868e+03
4.642995711868155013e+03
4.349021316775288142e+03
3.298636735467780454e+03
2.242738723160114205e+03
2.561501330144850726e+03
2.541290512414905152e+03
3.448588238870122950e+03
3.526471206344150232e+03
2.813616945858439067e+03
2.623184073463952700e+03
1.997255625709026162e+03
1.318729300735561765e+03
2.266625796564810571e+03
1.962816098315159934e+03
3.103123397860020759e+03
4.833782960335215648e+03
6.823672437332927984e+03
4.993907871031062314e+03
6.672607416563657353e+03
5.747328181358655456e+03
3.051216140130272834e+03
1.307833413228179097e+03
2.809468194999854859e+03
3.024446981346759458e+03
3.275770617510055217e+03
3.102612320254344013e+03
1.444747592467922459e+03
1.130108177586925422e+03
1.943648106218141947e+03
2.557942068691331770e+03
3.608641461734601762e+03
4.937183488762610068e+03
4.930556145597713112e+03
3.021930545539870309e+03
4.195758416697330176e+03
6.090675376806706481e+03
6.629040086340806738e+03
9.520681209204078186e+03
6.187806882361113821e+03
5.364552087881788793e+03
7.892398424986559803e+03
8.298374330521177399e+03
4.382407917814891334e+03
8.264942563646251074e+03
9.132976165740441502e+03
6.935106706348889020e+03
6.759270728144966597e+03
9.765571001154108671e+03
1.052547955642403394e+04
5.769148202662508083e+03
5.803324860439399345e+03
8.191371850421198360e+03
6.776045439458363944e+03
4.367400210892895302e+03
2.096514514176326884e+03
2.113441877728043437e+03
2.440610577775637012e+03
2.989855380015937044e+03
3.979486603954199381e+03
2.673578478639531568e+03
2.680785111907668579e+03
3.264933874009004285e+03
2.138152088612861462e+03
3.292446231107707263e+03
3.180133652050939418e+03
2.537582971043881571e+03
2.646761369757941793e+03
3.137452971866564440e+03
3.072663840522069222e+03
2.375030425106984694e+03
2.514502902779695432e+03
3.017378887473425038e+03
4.391944667912259320e+03
5.182786303080784819e+03
3.703107122682284626e+03
4.453949661517624008e+03
4.773958425889227328e+03
4.737120234495545446e+03
3.859428885990133494e+03
3.421129578504470828e+03
3.330665910029174029e+03
2.144226120511120371e+03
2.119269484581776851e+03
2.327119887461833059e+03
2.745897306917754577e+03
2.580815415103445503e+03
4.274429283921536808e+03
3.465376135668668667e+03
5.187726208552863682e+03
5.223842386722501942e+03
4.655289684435384515e+03
3.101835405521864232e+03
4.653109985200115261e+03
3.808389921017112556e+03
3.898064093931553998e+03
4.556132549037677563e+03
3.970866629217672653e+03
2.671146365179990880e+03
2.838221828269694470e+03
2.143239778209333963e+03
1.664619405039861931e+03
1.744412439024954438e+03
2.506229872196933684e+03
2.555936814015452455e+03
2.721462282877924736e+03
2.181227597318490098e+03
2.906726885869883063e+03
2.720603144275676641e+03
3.676898203459660181e+03
2.241927585611088944e+03
3.202530747214442727e+03
3.761816952535390101e+03
6.260741743430085080e+03
4.477473652880407826e+03
6.283802417285935007e+03
5.699534446981083420e+03
5.248710946890546438e+03
4.897407215776514931e+03
6.490436889482502920e+03
5.944693225931655434e+03
4.572122401184526097e+03
4.546569519632042102e+03
5.594436020185723464e+03
4.658103458785379189e+03
5.770017043148529410e+03
6.397441938715619472e+03
6.979604227202535185e+03
3.504629908745100693e+03
1.547926313575072982e+03
1.276410116303959057e+03
1.480988374430290605e+03
2.009999741980730960e+03
2.206266637426960642e+03
2.027437293878084120e+03
2.145249845224725050e+03
1.434116355969443475e+03
2.672861989649242787e+03
2.206753743730144379e+03
3.018732583626200267e+03
3.362062315110531472e+03
2.278273573651472816e+03
2.603914298226426581e+03
3.207583300463354590e+03
3.344978829682222113e+03
3.770136115688085283e+03
