2.587580827553132622e+03
4.085315986451777462e+03
3.462185729725403689e+03
3.841116087683947626e+03
2.613588770004212165e+03
2.812578991691085321e+03
2.725947723808664250e+03
2.603347676751300241e+03
2.858663649293746403e+03
2.920043352366689305e+03
3.156348586296579924e+03
2.597213268213779429e+03
2.034920255752685080e+03
1.183262978560156171e+03
1.671903931918458511e+03
1.942700724677064954e+03
2.372946601305960030e+03
1.992656394065174254e+03
1.769918903058368187e+03
2.121953197087713306e+03
1.481121242309186982e+03
1.554491105246588404e+03
2.639403211767743414e+03
3.480579365337440322e+03
2.447899504409651399e+03
3.320483139788268545e+03
4.003393677170226056e+03
4.459834383285917284e+03
3.657249281513397364e+03
3.770404277850612743e+03
4.594771358404685998e+03
5.068505828978594764e+03
4.706298644087245520e+03
5.089728491595689775e+03
4.423425855609185419e+03
3.458962354472097559e+03
3.816441870144833047e+03
3.462765734082910967e+03
2.896539382161290632e+03
2.596657742012620929e+03
3.397243650964982862e+03
2.859286766581716165e+03
2.706116483321644864e+03
3.397717859013490397e+03
2.197718154034038434e+03
2.520855451130839356e+03
3.364158864547290250e+03
2.482773181587555882e+03
2.012051080967880353e+03
2.911739006902341316e+03
4.500269348322800397e+03
4.552426897964654927e+03
4.420919712602523759e+03
4.398926923646254181e+03
4.217700250783984302e+03
5.661863957365915667e+03
5.871885093338008119e+03
3.703713100118660805e+03
3.469053110723954433e+03
3.842010618357786825e+03
4.294569283923580770e+03
2.150653312644872130e+03
2.108637856836980973e+03
2.217102144327883707e+03
1.572938538920051997e+03
2.400145904932383473e+03
2.335030479325906526e+03
2.088272931026557671e+03
2.959934377578444582e+03
1.638997865141776629e+03
2.162623053389293545e+03
2.054472187503080931e+03
2.503832615469685607e+03
2.010501690520905868e+03
1.861943282311773601e+03
2.607306426069930694e+03
2.549365668109599028e+03
3.243726706843045122e+03
2.124680106762977630e+03
2.363062863710706097e+03
2.989961166111297644e+03
3.695574113955769008e+03
2.816274727455861921e+03
1.769374292263339612e+03
1.891985037728883981e+03
1.941867512423061044e+03
1.643124507654050831e+03
1.503161800148194743e+03
1.965416786210260398e+03
1.703559739313033560e+03
1.985192751474048009e+03
2.682029942794384624e+03
2.130478626122860987e+03
2.041585813868752439e+03
2.163828877409988763e+03
5.104819548772547023e+03
6.602799248790511228e+03
3.937265119606342978e+03
4.529798875305325055e+03
4.361406024571320813e+03
2.926981484142622776e+03
2.675956503612855158e+03
1.822618519453920271e+03
3.663170627679035988e+03
2.968854151850161543e+03
3.102494771578233212e+03
2.748703241006458484e+03
4.577979257396867979e+03
3.312179318456837336e+03
2.624868725936381452e+03
1.854608094355632829e+03
1.375393037918493746e+03
1.375380220991633450e+03
1.945145530385393840e+03
2.018624809780779060e+03
1.915777008080968017e+03
2.281166500062794967e+03
2.487417028035549265e+03
2.545342802326987112e+03
3.741563075712679165e+03
2.224971981543605580e+03
5.214476095618050749e+03
6.002436469703219700e+03
7.196289609475881662e+03
7.353379674252215409e+03
5.845460491338548309e+03
5.527838555209234983e+03
3.159144177839084932e+03
3.443950356094512244e+03
3.058764107241227975e+03
2.512261870898260440e+03
2.640334589752446391e+03
3.398483148342651930e+03
3.751067512434588025e+03
4.280417234309183186e+03
3.263389192212738635e+03
3.608322970983771029e+03
2.731449518949732465e+03
3.156447069562271281e+03
3.496450719199814102e+03
4.821153674327027147e+03
3.641825708384731570e+03
4.235322462711058506e+03
3.503159011357184681e+03
3.951780177201458628e+03
3.534673260502747326e+03
3.867317582852913802e+03
3.334178646059171115e+03
2.908224607185935838e+03
3.296635399581005458e+03
5.232443596549748690e+03
6.547087070512341597e+03
7.271855534646942942e+03
7.442278042384219589e+03
5.291312293177167703e+03
7.100674320477318361e+03
7.178930659762431787e+03
7.303406107011219319e+03
6.129141969423769297e+03
4.366579583481931877e+03
3.582382705041408371e+03
4.701370705906849253e+03
5.187388189274050092e+03
4.263335745052519997e+03
4.819899947738760602e+03
4.710085447217727960e+03
4.410165585892577838e+03
4.091729810992966577e+03
3.455208512722294927e+03
2.684366475861492290e+03
1.950221980693728028e+03
2.314526413655299166e+03
2.387967810786656628e+03
2.488802181360478244e+03
2.260149061428581263e+03
2.540847654830378360e+03
2.341903525460886158e+03
2.307147015776280568e+03
3.011767657203699400e+03
3.536592135142117058e+03
8.994723312369081896e+02
2.423707040710484307e+03
3.581207871844139845e+03
4.492635965133501486e+03
4.828326434480266471e+03
4.869207784881956286e+03
4.311637586428676514e+03
3.849152870774536950e+03
4.733848332461371683e+03
4.430911458036305703e+03
3.888672754160456407e+03
3.200051224562212155e+03
2.996851144964246487e+03
3.465357917992000239e+03
2.549939610399792400e+03
3.363983251355658922e+03
3.878460633503856570e+03
3.824081546002474170e+03
2.849463029908615226e+03
2.411665071389586046e+03
1.835230376719236347e+03
2.084057087019018127e+03
1.789208635964288078e+03
1.924824326471564973e+03
2.442537754300969027e+03
2.284753335513004004e+03
3.462657931119262230e+03
4.045574167731779198e+03
5.905253304321223368e+03
6.469725225223605776e+03
6.433548091345473949e+03
6.753509017027394293e+03
4.128431644426510502e+03
3.841417843244892993e+03
3.844247941131774496e+03
2.955759971511972708e+03
2.980394528443077888e+03
2.160693033875364108e+03
2.099865780044100575e+03
3.733188267443688346e+03
2.195111994874048833e+03
2.134104629929513976e+03
2.077408609977416290e+03
2.035608784781330996e+03
2.213954130663141314e+03
2.539322557252424303e+03
2.272747773138956290e+03
2.464229472134366461e+03
4.120026525275159656e+03
4.548432169475573573e+03
5.323451296161460050e+03
5.600610218131969305e+03
4.349123348390690808e+03
5.018825328432559218e+03
5.270450920042165308e+03
4.707194148625235357e+03
5.341014607886465456e+03
3.654354524174818380e+03
3.331890005817564997e+03
3.281549631151976882e+03
1.815936975666588296e+03
1.675000082702980535e+03
2.345337219724863189e+03
3.185700413576741084e+03
2.720600406848366219e+03
2.344243631175711471e+03
2.180480264180432187e+03
2.155851739680741048e+03
1.262417490410753089e+03
1.377011676838801350e+03
1.119805106007142285e+03
1.135634328783139154e+03
1.515703834141735797e+03
1.010714055055700328e+03
1.174058248051375358e+03
1.307696103062754446e+03
1.723536857906027535e+03
1.426342936972626831e+03
1.699436328223464898e+03
2.157702608103088551e+03
2.426863841236171538e+03
2.345780247825505285e+03
2.081894519538485838e+03
1.465357623771357567e+03
1.757747288937574695e+03
1.968406530924316030e+03
1.555200765022904989e+03
1.767037133850492182e+03
1.658742854848490651e+03
2.166377649358174494e+03
1.203905253644619506e+03
1.055112434709854824e+03
9.124731684222531385e+02
8.832019361431400739e+02
1.001998924760503428e+03
6.106823019681560254e+03
6.824791992448615929e+03
4.575971622409579140e+03
6.312515375357505945e+03
7.170253797330113230e+03
6.597059984090037688e+03
3.517663705697348632e+03
2.471262712295444999e+03
5.538182854040644088e+03
4.640766385940339205e+03
5.050221619148769605e+03
4.547662467281097634e+03
4.651470633459372038e+03
5.403840277080652413e+03
2.729308664382480856e+03
3.267154741275255219e+03
4.764368253906550308e+03
4.332072794099952262e+03
5.044270690842564363e+03
4.873676187050833505e+03
5.573855254592401252e+03
4.286390726849090242e+03
3.765545637987930604e+03
2.909032677415588296e+03
2.658134765960684490e+03
2.617279871193270537e+03
2.488198401910401117e+03
1.596988329285082955e+03
2.623872908713221477e+03
2.605649129318258474e+03
4.019070208031571838e+03
3.256350594184458714e+03
3.569520100624527913e+03
4.154336535347247263e+03
5.466288143960460729e+03
3.393851331335362829e+03
3.660506110561039350e+03
3.497314297691925276e+03
3.522444487529536218e+03
3.089538814426546196e+03
1.961017717476584721e+03
1.791010851354083570e+03
2.771162100247540820e+03
1.977464006629508958e+03
2.523336754203066448e+03
1.583136343565943662e+03
3.419752196273518621e+03
4.496059054548404674e+03
4.713458668513932025e+03
3.098352626138885171e+03
3.847599494375118411e+03
4.681271627781110510e+03
4.368539598246332389e+03
2.705317397050014279e+03
2.847045252615263507e+03
3.096990057617072580e+03
3.722335187110854804e+03
6.131483674795237675e+03
7.377639800088301854e+03
4.925871794021898495e+03
8.336721094395874388e+03
8.942139594573549402e+03
5.156892978707975999e+03
7.079369846866808075e+03
8.085451483874514452e+03
6.638297113543243540e+03
4.010987177078548939e+03
3.348743342947366273e+03
4.159481279407136753e+03
4.387434782452751278e+03
4.438112616708651331e+03
3.933730980563957928e+03
2.928588807817540328e+03
2.747808312494000347e+03
3.817544997150340805e+03
4.041102497476880671e+03
4.832554499298674273e+03
5.270700314552031159e+03
5.903296731692063076e+03
5.343139980418184678e+03
4.389130877463102479e+03
4.821300406823227604e+03
5.999731079942714132e+03
6.227453459358564032e+03
3.351333373921573184e+03
3.070788282537805117e+03
3.270907557154217557e+03
3.029138183644876335e+03
3.227357352175628876e+03
4.183326724654980353e+03
4.317550563096362566e+03
4.606766969098260233e+03
4.350151803631812982e+03
3.055757110009461940e+03
2.451988552094432634e+03
2.840261008155371201e+03
2.475888111165250848e+03
2.501984233533565202e+03
2.443173427599342176e+03
2.763540821306207363e+03
3.133561446894694200e+03
2.623637959765159394e+03
1.790341399337948587e+03
1.755442840291599168e+03
1.637151821985325114e+03
2.055277979858919025e+03
2.517357767416640854e+03
1.715817556912725649e+03
2.529395846938118666e+03
1.925270604302732181e+03
1.871615359617564309e+03
2.232570649037269959e+03
3.972953373344420015e+03
1.618745857329943192e+03
3.319081298472901835e+03
4.555856497517319440e+03
4.590699599850731829e+03
4.430173062645780192e+03
4.113194741906432682e+03
4.409216180324767265e+03
3.396203793518068778e+03
3.822977499125247959e+03
4.000779381716888111e+03
4.196035403525606853e+03
4.157473366850803359e+03
3.826126641278911848e+03
2.624392547483283124e+03
3.048511970116355315e+03
4.158956424560455162e+03
3.507795131443775517e+03
3.455224913228044898e+03
3.212202022835444495e+03
2.339342411470494881e+03
1.692295963840815830e+03
1.917268344733378854e+03
2.829904700737165513e+03
3.403086241723126022e+03
3.518842106673570015e+03
2.731513359727819534e+03
2.528568904857192138e+03
2.720425845187627147e+03
2.829072220031449888e+03
2.128896748754014880e+03
1.753731536835995939e+03
2.433703816906284374e+03
1.461236072979777646e+03
1.308388995730893839e+03
1.455903362859810613e+03
1.822475188733420509e+03
1.634561590589260277e+03
1.704978829175551255e+03
2.035948652650106396e+03
1.687106015985856402e+03
1.506016618773854134e+03
1.552316020611411659e+03
1.911557108046885332e+03
1.431529607299049758e+03
1.548946210029225313e+03
1.770798827343298626e+03
1.930606354695812570e+03
2.946280045290495309e+03
3.653839644600297106e+03
2.820329548308199264e+03
3.720249412847997974e+03
3.791652624042607840e+03
1.915722705202591214e+03
1.664278251122080292e+03
1.458749008200101798e+03
2.119252210315248249e+03
2.407247483709695643e+03
1.701708824536431166e+03
1.434491124462472044e+03
1.633620626682655711e+03
1.469141782846925935e+03
1.325219630082460753e+03
1.644526610698113927e+03
1.791856601809561653e+03
4.485157009183256378e+03
4.437405806050162937e+03
3.245332593013894893e+03
2.964419107469089340e+03
2.093844785473742377e+03
2.357664883533293960e+03
1.934613900315683850e+03
3.535724579672099480e+03
4.370798265881770021e+03
4.420498329366675534e+03
3.618182189194474176e+03
3.313482419200618097e+03
3.432870580513256300e+03
3.160873789346906506e+03
3.269657525108737900e+03
4.065892647688678608e+03
4.001882433908754592e+03
4.613055691580791972e+03
4.221947579358800795e+03
3.937310629776129645e+03
3.976157387838976319e+03
2.801634523615117814e+03
1.548105475308743507e+03
1.604580869664797547e+03
2.226537443970188633e+03
8.067816584064655217e+03
8.494446997146193098e+03
6.817124711436810685e+03
7.322246838253498026e+03
7.528020214219137415e+03
3.730044449604267356e+03
3.661254913764234061e+03
2.660142117102171142e+03
2.372063091259808516e+03
3.133859036572268906e+03
3.373569343616110018e+03
3.313244020890079355e+03
3.474281966963681953e+03
2.935207153371168715e+03
3.770252968670251448e+03
3.509781035544207043e+03
2.843349146367828325e+03
9.862090629058830018e+02
4.614057587944879742e+03
5.981716869184575444e+03
