2.319182123892047457e+03
2.182974793903328191e+03
2.762013417573921288e+03
2.732992612851403464e+03
6.343991384690220002e+03
5.791471736037236951e+03
5.993705867393508015e+03
3.229364861635644502e+03
2.988167809864145511e+03
3.422735609555025349e+03
3.213244272608077154e+03
2.819774079456754862e+03
1.955093576725511639e+03
2.298059781240184748e+03
4.690553699616355516e+03
5.668263816132994179e+03
4.979426934307819465e+03
5.562560844741848996e+03
5.184239646677674500e+03
5.589333220138682009e+03
5.916853539145869036e+03
5.854567700725250688e+03
4.749748557047814757e+03
4.005483099532094911e+03
4.188123521422507110e+03
3.835892302836202362e+03
2.855833340556547228e+03
3.575565130537305322e+03
5.178684463622810654e+03
4.890360821638050766e+03
4.878097305514165782e+03
5.141775686885996038e+03
5.904352431259757395e+03
2.948789903220571887e+03
5.038827413113040166e+03
3.224252606077726341e+03
3.575625652772581816e+03
2.660115962731515992e+03
2.181461356998681822e+03
1.624349111996094507e+03
3.806641741246003221e+03
3.033549160133411078e+03
1.860974059281530344e+03
1.504444781555004965e+03
1.711783967695981346e+03
1.733924021983177454e+03
1.259198310836691462e+03
2.301575663836276362e+03
3.963650379725429048e+03
3.882835335733499505e+03
3.714742861594516853e+03
3.193946064791274694e+03
3.876544214822284630e+03
3.542689793561969509e+03
2.499011308507125250e+03
5.079484605460686907e+03
6.205665498066740838e+03
6.054439391180692837e+03
6.187056738848746136e+03
5.453264438740118749e+03
6.810892499018335002e+03
5.761568752076755118e+03
6.441860566850397845e+03
6.064409730658902845e+03
6.186891999098266751e+03
5.835887991807305298e+03
6.064546001432904632e+03
4.727786789961895920e+03
3.592560575788589176e+03
2.433228226500011715e+03
2.894444324633733686e+03
4.126524681720431545e+03
3.958672842108666828e+03
3.610029111105236552e+03
3.328206063862699011e+03
3.202123191918273733e+03
2.866225542559740916e+03
2.418375332070920194e+03
2.848353047060944846e+03
2.593640166628607403e+03
2.732419768025602025e+03
2.967942303689193977e+03
2.520612145547440377e+03
1.984883621995615840e+03
1.707636869253416762e+03
1.066918017755280744e+03
1.730550005971567089e+03
2.610173678799279969e+03
3.126541005876156305e+03
2.844065603061650563e+03
3.006120751815786662e+03
1.791772317051790424e+03
2.229464752608898380e+03
3.161595297854510136e+03
2.785218958076114632e+03
3.759244405618897417e+03
3.274283194493952578e+03
2.206052197052388692e+03
3.826599722927787752e+03
2.608344794449885740e+03
4.397928916330983157e+03
4.052670038831088277e+03
4.668831749175073128e+03
5.550349568188244120e+03
4.705777275199994619e+03
3.731621197186090285e+03
2.122551273275054882e+03
1.700332647491194166e+03
1.336732305413977429e+03
1.461039617405563376e+03
1.549587828733862125e+03
1.281779651644025080e+03
2.460369674206702257e+03
2.611791716559166616e+03
1.654434348146330876e+03
1.948794662371057257e+03
1.858855066691259253e+03
2.558319666469659751e+03
2.351542254646245510e+03
3.361783841816839868e+03
4.662510071315669848e+03
5.601756654176947450e+03
5.018937049247155301e+03
6.211752577697290690e+03
4.610054696037761460e+03
5.236514149616713439e+03
3.604084774043235939e+03
1.941096713983612290e+03
2.124705456643625439e+03
1.957610457914582412e+03
2.260956913247459397e+03
1.824479116658608291e+03
2.141541715445183854e+03
2.511319854397450399e+03
4.594745038571633813e+03
5.256611045486480180e+03
4.353188181468694893e+03
3.412570020379324887e+03
2.929512992710508115e+03
3.316210639655138039e+03
3.322309891356362641e+03
2.022868827969153244e+03
1.287624145062499110e+03
1.589756046397392311e+03
2.114094130007727017e+03
1.796735633068374455e+03
2.824973530259743711e+03
2.551326374840297376e+03
2.408892918322118931e+03
3.060142295663084496e+03
4.026753502925353132e+03
5.566427087264990405e+03
4.587532575852693299e+03
5.695621444262756995e+03
3.335596728085306950e+03
4.966446133087539238e+03
3.287798815796975305e+03
4.012878671848571685e+03
3.536857145446728282e+03
3.223621669796964852e+03
2.855463529865146938e+03
1.932860180870353815e+03
1.979979224501902536e+03
2.959783162695937790e+03
5.057873296148472946e+03
6.588109073148872994e+03
5.767871821812664166e+03
6.292069136796704697e+03
6.829508816533316349e+03
6.371017206019023433e+03
6.830437630255316435e+03
5.390048856176861591e+03
6.091556767317652884e+03
5.852746927705590679e+03
4.206488752219025628e+03
4.203301687930634216e+03
5.858052122213913208e+03
5.223034926934032228e+03
4.667896256125711261e+03
5.768061911868866446e+03
3.867035693589905350e+03
2.350059413206158297e+03
3.525311337991512573e+03
3.893967019429044285e+03
4.262759665823622527e+03
3.461939484228365018e+03
2.424094976544547535e+03
1.441565869654426251e+03
2.214160186843770134e+03
2.117348443844577560e+03
1.318459172316707736e+03
1.344671523006674533e+03
1.970848733241523405e+03
3.101112515406933653e+03
2.981198207544774505e+03
2.982154356453391756e+03
3.369898766218074798e+03
2.815436686849264788e+03
2.682667212413265588e+03
3.727052664092901978e+03
3.746025025974354321e+03
5.604298471698533831e+03
4.528263923048010838e+03
6.755752859428374904e+03
5.872920346986240475e+03
6.518351331358512653e+03
6.283542958690326486e+03
5.812761255821018494e+03
5.327087017981031750e+03
4.195446932763014047e+03
2.922175830668450999e+03
2.458689914606647562e+03
1.929605800592242304e+03
2.708597742586342065e+03
1.862148480684134938e+03
3.344466614877587290e+03
1.914152504285502118e+03
2.816650218071798918e+03
2.117266480907909227e+03
2.671885670286469576e+03
2.024013674447186986e+03
3.504991001243074606e+03
3.051238676785852476e+03
2.674593280603689891e+03
5.073937517873197976e+03
4.190707638234524893e+03
4.137716197122419544e+03
3.670822927045394408e+03
4.507190672890556016e+03
4.717368436703171028e+03
4.462273298446279114e+03
3.404662534551333010e+03
5.635569486253983996e+03
5.421417497380779423e+03
3.743532223206884282e+03
5.481049351651891811e+03
5.403996014888298305e+03
5.361202379434735121e+03
1.965634062679488579e+03
1.418132972912417927e+03
2.316614935775383856e+03
2.363078575852599442e+03
1.945491266562175269e+03
2.390033077098042668e+03
2.266820552695239712e+03
1.803113405610823065e+03
2.098642063006592252e+03
1.683600324377640618e+03
4.628071657643631625e+03
4.501322988240992345e+03
6.509502460357953169e+03
4.999410436900444438e+03
3.531481198194416265e+03
2.215996598004962379e+03
2.954473193016387086e+03
4.162475740545366534e+03
4.935044882585436426e+03
2.530841254423622559e+03
3.525314091171296241e+03
5.194567728780511970e+03
5.122214979273125209e+03
3.925160837676637129e+03
3.212393717321774602e+03
2.137099572047825404e+03
2.488023898327425741e+03
2.174497489742155267e+03
2.169960820811597387e+03
1.976206319979771251e+03
1.005872782114187430e+03
1.412830893263311282e+03
1.147680033163458120e+03
1.350993921642696478e+03
1.684729754468214196e+03
1.362730636480249359e+03
8.809277705342231002e+02
1.531559808515538634e+03
1.153733666841638978e+03
1.220097385957642700e+03
1.147643512327615554e+03
8.830564464693907212e+02
1.591001482029470253e+03
1.395373892286164846e+03
9.780453027760593159e+02
1.484987340722442923e+03
1.625286088419225052e+03
1.901541453970467046e+03
1.850417863823066227e+03
1.632950063997322559e+03
1.972770865058759682e+03
1.613101214058690175e+03
1.857707682895615335e+03
1.762729583914616114e+03
1.471212770019114714e+03
1.697337328303840650e+03
1.624564774449947890e+03
1.395741839190743121e+03
1.215173894024745550e+03
1.977371899781865295e+03
1.976401913401953152e+03
1.930288268599562571e+03
1.928737636699238237e+03
1.739089595154679273e+03
1.930539750517480570e+03
2.439601268951160819e+03
2.649786244514478312e+03
1.770972692480888554e+03
1.648587976049809185e+03
1.728599218950272189e+03
1.588453966198094349e+03
9.004158368951729017e+02
9.130088703436859987e+02
8.404620635491734220e+02
1.978789198945531325e+03
3.899101172663629768e+03
5.153445224096427410e+03
4.638679018445131078e+03
3.106829011992298092e+03
6.152010471400982169e+03
5.766191405518778083e+03
6.042286273201119911e+03
5.651441127601718108e+03
4.431398863010379500e+03
3.866532748532861206e+03
3.604739788907334514e+03
3.435830425989950527e+03
4.057528894502285311e+03
4.735670332724515902e+03
4.063375521479241343e+03
4.625199282928046159e+03
2.593126859320460426e+03
2.319488269036027305e+03
1.827952163206417936e+03
2.342752698253864764e+03
2.649519435972220890e+03
2.516650894303876157e+03
2.383586064228181385e+03
2.409672707385624562e+03
2.621035861229720922e+03
3.099107701072241980e+03
3.205202384239485582e+03
2.389505773016586318e+03
3.234162631940089341e+03
2.377417738718727378e+03
2.099200756579807148e+03
1.978369370139557532e+03
1.906005740122397356e+03
3.009994090662445160e+03
2.646936325767037488e+03
2.724068167428404649e+03
2.634828729120641583e+03
3.376088564321321428e+03
3.115877318362699498e+03
2.289287287848986125e+03
2.268672994264835779e+03
3.444085249076431410e+03
4.209224534784120806e+03
3.564191120648074957e+03
4.190063346885601277e+03
3.527794014503389462e+03
3.889850023859890825e+03
2.595471138646950294e+03
2.744083683870375808e+03
2.906360942369488839e+03
2.717765913312596695e+03
5.095450541120928392e+03
2.552130954667373771e+03
3.976542369383688310e+03
3.298061526972880984e+03
3.755309136319469417e+03
4.757432796451089416e+03
4.233733957334095066e+03
2.733520414550524038e+03
2.930629623980038559e+03
3.115296457928502150e+03
2.833282404179628884e+03
3.474527526637632945e+03
3.294368533614969238e+03
3.377949159313875498e+03
3.588907245931615762e+03
5.031918856582551598e+03
3.679979382108686423e+03
2.919040971529286253e+03
3.773223663173768728e+03
4.645253464489329417e+03
4.785837091332021373e+03
4.389819898374049444e+03
4.319110054211121678e+03
4.142554194100199311e+03
3.669944585588820701e+03
4.300978219064986661e+03
4.480663520210793649e+03
5.207052675057243505e+03
5.307928103804216335e+03
5.426527725932632165e+03
4.533190461926469652e+03
2.238896373547250278e+03
1.555941931120643403e+03
1.577513671387449222e+03
1.469836077990114973e+03
1.571817846771363293e+03
2.773333665338317132e+03
1.631553460764313513e+03
2.617332411899633826e+03
2.509254109779169539e+03
2.809072326593241542e+03
2.940601082384483107e+03
4.211441141271018751e+03
3.765659307589017772e+03
5.294058369922550810e+03
4.927540711020697017e+03
3.835846581927790339e+03
5.227546677314963745e+03
3.866302961773720199e+03
3.586526919222437755e+03
3.921782542570364967e+03
4.658623065183613107e+03
3.394965699437746025e+03
3.143889744492104001e+03
3.534827724094389851e+03
3.253965267135904014e+03
3.990187356262602407e+03
4.902504811047059775e+03
4.408384390354292918e+03
4.431056537477400525e+03
3.399603048846873207e+03
4.669694680306643022e+03
3.968210544947249218e+03
3.835707120467040568e+03
4.066139816807213265e+03
2.452185447363290677e+03
2.626226411534408726e+03
1.748539641066746981e+03
2.142143368607548382e+03
3.667965049470561553e+03
3.534222486302158359e+03
1.679287890820445227e+03
3.073475186414027121e+03
2.364355075174185004e+03
2.482537229016223137e+03
2.187018942892978885e+03
2.396258021949495287e+03
2.810091763288114635e+03
2.252628010430897120e+03
1.870117036923245905e+03
1.975163506684649292e+03
1.582279876446887101e+03
1.161720804417914906e+03
1.767677208279490515e+03
3.085850608110547910e+03
2.683145472105135468e+03
3.464890387232423109e+03
3.686255619527966246e+03
3.451606136958600473e+03
4.208692947515610285e+03
3.699032508967746253e+03
4.234705186148590656e+03
3.536843937942308003e+03
3.467065099965802801e+03
3.554715984622995165e+03
2.638603765151200605e+03
2.930036087343919462e+03
1.674050833535683068e+03
1.911682531149446731e+03
1.369260357569418147e+03
2.141177593228217120e+03
1.660678761413118309e+03
1.771864620855247949e+03
1.261641461046085624e+03
1.490520078196767372e+03
2.606947945924758642e+03
2.342472649351698692e+03
2.269603863275198364e+03
1.631474979134404066e+03
4.408043211733263888e+03
3.294381051156380636e+03
3.248725596128220332e+03
3.755838368494782571e+03
3.206527866666694990e+03
5.004785935398548645e+03
3.514627060242025436e+03
4.406253013196808752e+03
2.165755791030164801e+03
2.687194758000406182e+03
1.949284740497681923e+03
2.341314379527037090e+03
2.926024331677224382e+03
3.663761228316374400e+03
2.542261255374859957e+03
2.193887961395075763e+03
2.234038526885599822e+03
2.196462378731275294e+03
2.024178150819625216e+03
3.178270620952464924e+03
2.277086395712839931e+03
