2.624008704318580385e+03
2.471799138048404529e+03
2.915980809777648574e+03
2.853877959999640098e+03
2.577651421360093082e+03
2.479117676419560667e+03
2.723220615099355655e+03
2.498543466280616030e+03
2.450378659726395654e+03
2.382567418422945593e+03
1.621050185300299063e+03
2.994030894882103894e+03
4.575403424520626686e+03
3.910491528233770623e+03
4.463720552378456887e+03
3.993770378619688927e+03
3.155052993986150341e+03
4.371623261333905248e+03
5.322890219439105749e+03
4.266801105184569678e+03
3.766262725219894037e+03
1.802716988991357539e+03
1.230076306094483016e+03
1.412641243299523012e+03
2.632525200346042311e+03
4.026424439480415913e+03
4.036450744678263163e+03
4.915691283152948927e+03
4.775119569067821431e+03
2.401373753946468696e+03
3.869112221144744581e+03
4.862386867721130329e+03
3.216242026537490801e+03
5.072723072552755184e+03
8.264479976600412556e+03
6.084141102529702039e+03
7.980307674582782056e+03
8.250869097134835101e+03
6.103351851537951006e+03
8.185103138246453454e+03
2.966361055329095052e+03
2.989733555153805355e+03
2.839477302844232327e+03
4.352510812819449711e+03
2.652372980682372599e+03
1.596239923632517957e+03
1.436073930944980702e+03
1.553900654495250592e+03
1.802088474542752465e+03
1.398312718838951014e+03
2.524672348155800591e+03
4.711450554273609669e+03
4.448173685203684727e+03
4.062091438419009137e+03
6.015755557976277487e+03
4.309608604542572721e+03
4.226254330982381362e+03
4.031695804728637540e+03
7.606658461172020907e+03
6.668929459822382341e+03
7.926620899887398991e+03
7.330098264083114373e+03
6.666312117860289618e+03
3.424399410174836703e+03
3.370524479064258230e+03
1.290187699585264681e+03
1.549715008272750310e+03
1.787602135553836433e+03
1.690728760554459313e+03
1.628823468006043640e+03
1.706996866201377543e+03
2.668178577261123792e+03
3.036391304845880313e+03
2.250963486616878981e+03
3.342688655681710316e+03
2.140324763033555428e+03
2.122024733083976116e+03
1.666345148919988333e+03
1.550842789519688722e+03
2.835884721611102123e+03
4.288101897697942150e+03
3.776012640961285342e+03
4.002985101734270756e+03
4.468804453569365251e+03
4.367607981263919100e+03
4.444107569632397826e+03
3.233598999579893643e+03
4.207580962579881998e+03
3.282347312757970030e+03
3.254128201778997209e+03
2.702142289672662628e+03
4.704995127547965240e+03
3.990303359083163286e+03
2.955704898434046754e+03
2.906850286943609717e+03
2.851455697362488081e+03
4.015309922479906618e+03
4.142949622070580517e+03
3.946804023615674396e+03
3.561833417264227137e+03
3.832953442611167702e+03
1.845696342091544921e+03
1.439453374711227525e+03
2.294189929431910969e+03
3.184160564638026699e+03
5.224541344493759425e+03
3.173531297682177410e+03
4.287899232487623522e+03
3.289368314173510043e+03
4.919922174547571558e+03
4.241082304317378657e+03
4.003086346253792726e+03
3.350691122308802278e+03
3.509981480275720514e+03
2.626432104799503577e+03
1.912349742982586349e+03
2.175519549215493498e+03
3.003973122735030302e+03
2.361816227394614998e+03
1.765817243709938111e+03
3.973841201757531053e+03
5.063357054547715052e+03
2.490389392021440926e+03
2.571388095345251259e+03
2.930784955453363636e+03
2.431473381886600691e+03
2.282039185006955904e+03
3.553099346792317192e+03
1.179851956795704382e+03
1.184229097716583283e+03
1.421470900824151613e+03
3.573365301883157827e+03
5.357023978151620213e+03
3.382339180365167067e+03
6.274815224963211222e+03
4.308547757033893504e+03
2.623991984462604250e+03
4.845556520273844399e+03
4.441260550832928857e+03
5.000128944001962736e+03
3.383193746735101286e+03
2.693467676743784978e+03
1.567272000805915241e+03
2.107431322635882680e+03
1.540598860430811783e+03
2.233018272172304478e+03
2.175060985987551248e+03
2.303982846625530328e+03
2.088926311417262241e+03
1.914000365546210560e+03
2.736611555751437663e+03
3.241111176441648695e+03
1.959927423378920594e+03
1.272624216758246803e+03
3.205240360930882616e+03
3.742379642708269330e+03
6.311892285027606704e+03
4.447556182317635830e+03
3.561529029789649940e+03
5.039360458960994947e+03
3.667180872952067148e+03
3.332838050199778081e+03
4.467554757800971856e+03
4.059085017979160511e+03
4.398411242225599381e+03
5.220586429364272590e+03
3.988341001186670383e+03
4.111285002750656531e+03
4.787704885502157595e+03
4.493922598437138731e+03
4.835726409014905585e+03
5.134752361437936997e+03
3.883495426581373067e+03
4.629944437632865629e+03
3.048627557260785579e+03
1.128745861931533909e+03
1.358884277517581040e+03
2.845503262374770202e+03
2.734062261311855309e+03
1.580492502170532816e+03
1.752216190631296513e+03
1.886675431731507842e+03
1.594797226007088284e+03
1.309923463449830933e+03
1.565066423408912669e+03
1.798833231901995987e+03
1.559132689385460026e+03
4.033689896667150151e+03
5.202149584327476987e+03
4.378664742022385326e+03
3.829091405162637329e+03
4.981043432315507744e+03
5.057183205617076055e+03
6.052892610234280255e+03
5.621434523244968659e+03
4.512993391768555739e+03
6.447078723755812462e+03
4.889898587609251081e+03
6.544487704855891025e+03
7.019776578351242279e+03
7.300733765120505268e+03
6.096666050492059185e+03
6.227264347246702528e+03
4.891074424029844522e+03
3.254987568506590833e+03
4.353139792162768572e+03
2.854869386165992637e+03
2.872488852127258269e+03
1.654684196015479074e+03
2.134698032207475990e+03
2.906807916826208384e+03
2.203939714740050931e+03
3.919246482244932395e+03
2.046912535882593374e+03
2.023457231444322815e+03
3.008350315171392594e+03
2.605263429651328352e+03
3.302417088732594948e+03
1.981613220540285056e+03
3.341231925900170154e+03
3.024361879352769392e+03
2.367708871102052399e+03
2.816580214578110372e+03
2.586986842958111993e+03
1.713067587173205538e+03
2.382263454992418247e+03
2.131757326754021506e+03
2.412000445511613634e+03
2.040866271072640529e+03
2.089550497178823207e+03
2.438661393011574091e+03
1.410549592126049220e+03
2.301021138088915450e+03
2.778586794609384469e+03
1.868725911827979417e+03
2.832272421419952479e+03
1.195685290853529750e+03
1.662051151244174889e+03
1.864440981021808966e+03
1.305512332072542904e+03
2.072613898761725522e+03
2.243815459907835702e+03
2.056115627301799577e+03
2.081991063663444038e+03
2.189676250101855658e+03
2.163044880325073791e+03
1.841463040268847408e+03
1.815283876024139772e+03
2.684889158310202674e+03
2.913245081873991239e+03
1.681000775806860702e+03
1.870354925287314018e+03
1.959722665630404890e+03
2.245997000835246126e+03
3.688645079125758912e+03
3.343783205401697160e+03
2.398085977798488784e+03
2.069039655966376358e+03
2.781698651201057146e+03
1.648693795950649019e+03
1.632030101725692248e+03
1.431774041941715723e+03
1.866261391452751923e+03
2.481110127925560846e+03
3.437044274840132402e+03
2.245349827183238631e+03
2.988188660313403943e+03
3.217406131671235016e+03
2.719714495624072697e+03
2.722874295424536285e+03
2.310774126135456299e+03
2.313107729838448904e+03
2.483592769203414264e+03
3.944543289856131196e+03
4.092264240254978176e+03
3.123591015321176201e+03
3.105276180872618625e+03
2.747868441537190392e+03
3.039716147307941355e+03
3.516874785120600791e+03
3.064117974266472174e+03
2.359081646915247802e+03
1.992172259108281423e+03
1.531303494343002058e+03
2.475059969888279738e+03
2.359655963314692599e+03
3.306804974323239549e+03
3.460239481503849220e+03
3.173427340740788168e+03
2.877840593579887354e+03
2.206441281318387610e+03
2.663157889418706418e+03
2.607497965698813459e+03
2.583034538809386049e+03
3.351492487877823805e+03
2.077435390008537524e+03
2.647946452886458246e+03
3.163548302912652616e+03
3.094524501372966370e+03
3.786025140213753730e+03
3.876108573958725628e+03
4.563730749707477116e+03
2.885839106761923631e+03
3.306595545860295260e+03
3.667962706652137967e+03
3.808439412548810651e+03
4.327580603860324118e+03
3.754677124167217698e+03
2.534359826811945368e+03
2.158372430079572496e+03
3.599459048942807385e+03
5.010924081409913924e+03
3.169383944849401360e+03
3.293919690670921227e+03
2.627809071080665035e+03
2.697560197902639629e+03
2.186198489335716658e+03
1.729171777558659642e+03
3.620815823118579829e+03
2.135201268455522950e+03
2.804963743935555613e+03
2.558710895296938816e+03
3.795533480379132470e+03
2.542139363134962878e+03
2.661263024209210016e+03
2.201535332412889602e+03
2.446445890478252750e+03
2.597778634198285545e+03
3.116335096671305564e+03
3.812617442611963725e+03
2.550283892969745011e+03
2.320846941799004071e+03
3.180254120090221932e+03
3.034211040551870155e+03
3.350904160501435399e+03
3.835298754643679786e+03
4.591826572361111175e+03
4.757956011314345233e+03
2.212189863199902902e+03
1.891375588318934888e+03
1.751413847427274959e+03
2.900061409439476392e+03
2.419549408366861371e+03
2.364147014231366484e+03
2.229445538074079650e+03
2.429425064942116478e+03
2.567619421993844753e+03
2.110033338029419156e+03
1.988485931520762051e+03
2.625490773548641755e+03
2.959655362398427769e+03
4.504269102928310531e+03
2.529471544716629978e+03
2.380437911936355704e+03
2.182487724396399699e+03
2.974255773291199603e+03
2.845516167226415746e+03
5.372030699064274813e+03
6.422885785637614390e+03
6.996412619236489263e+03
5.216771043685035693e+03
3.016916907909233487e+03
2.058300219414927597e+03
2.110587303306783724e+03
3.190549183266634373e+03
3.607873681290516743e+03
3.819202882701558792e+03
2.270868646849781726e+03
3.746252314528516308e+03
2.125044036257057996e+03
2.401647510217728268e+03
3.373186736994013700e+03
2.219227169729875186e+03
3.099877372385032686e+03
3.177336324651594168e+03
4.167531863889302258e+03
4.089629354508477263e+03
3.765393155486590786e+03
3.545239811345090402e+03
3.093127912324241152e+03
1.836702760593385847e+03
1.695391059543596384e+03
1.772636327094371609e+03
1.674294211515749339e+03
1.938054579632442938e+03
3.484006792915591177e+03
3.764621187875483884e+03
2.226378540576122759e+03
1.916973489062387671e+03
2.324975223238971921e+03
1.833462295315621077e+03
3.729556360522647992e+03
1.720124482823923017e+03
1.566470098509765421e+03
2.061345938187953834e+03
1.782137919180522431e+03
1.573817120351750646e+03
1.494798912350721821e+03
2.241809769822630187e+03
1.846044048168658037e+03
1.810741726916904781e+03
3.247304889330001970e+03
3.856201416683103162e+03
3.002085319544755293e+03
2.942868727445326385e+03
3.691264342060739637e+03
3.190990140316690486e+03
3.375410442454345684e+03
5.473372087116747934e+03
3.264149965906813577e+03
3.835322950073900302e+03
4.637290560314153481e+03
5.000688192158128913e+03
3.881667109792992051e+03
3.828196210281140338e+03
4.788923164061924581e+03
3.630901112195204405e+03
5.394951947145323174e+03
4.086084521642455911e+03
3.788917611516017132e+03
3.841536400314002549e+03
3.701789756871881764e+03
2.911405951908140651e+03
2.063513281988190556e+03
3.167982231467989095e+03
2.476825464529961209e+03
4.736464726641966081e+03
5.588936101077985768e+03
4.848777163317974555e+03
3.222122358311366497e+03
3.843715311024431230e+03
3.948664958549763924e+03
3.254931082545536356e+03
2.433620366379750976e+03
4.440609226873506486e+03
2.955484842932894935e+03
1.997696607552251407e+03
3.775957295005550804e+03
3.913978522283282928e+03
3.664774791075599296e+03
2.605600409500871592e+03
2.841335550970301483e+03
2.890557239886883963e+03
2.774489534797300621e+03
3.210377382302596743e+03
2.731283397704321942e+03
2.623358116871523634e+03
2.929974061251388775e+03
3.951153982070662096e+03
3.474836968040799093e+03
2.431006270676792155e+03
3.370350746943741342e+03
2.970480059159086068e+03
4.853743248055409822e+03
4.295804419090500232e+03
3.857432861763828896e+03
3.806889302373409009e+03
2.317697525122108345e+03
1.642138051963083399e+03
1.379184282485474341e+03
1.461519327252431822e+03
3.574368458329120131e+03
2.741375092738303465e+03
3.093538176827270490e+03
2.633157299384557973e+03
3.887024156475824384e+03
2.702726894198170157e+03
2.483170584693318233e+03
2.705913807191505384e+03
3.080572627219775313e+03
2.884720953416141128e+03
3.911798962829032916e+03
2.945091379278522254e+03
3.505105925993655092e+03
2.912908872888980113e+03
3.148525116367951341e+03
1.934542403414134469e+03
1.987407827515327199e+03
2.100343014213791776e+03
2.760248298326845543e+03
3.177984658876780031e+03
2.165088656149950111e+03
3.546704799338062003e+03
4.277411196414589540e+03
5.047980028622454483e+03
4.559089626424765811e+03
5.660337491626292831e+03
4.231687510525806829e+03
4.459382267999278156e+03
2.474552459202742739e+03
3.394734630815059063e+03
2.711856024614080525e+03
2.164352429803547238e+03
2.321300999384480292e+03
1.742274092561595580e+03
