4.224259856946151558e+03
4.979589447367938192e+03
4.879958119638475182e+03
5.018790619026723107e+03
4.549971777873513020e+03
4.907837176282226210e+03
2.350476971657380091e+03
1.475353143073738011e+03
1.673829396678793046e+03
1.367792073778960685e+03
4.131543773677634817e+03
4.846673026655131252e+03
3.869866251826855660e+03
5.091831859174447345e+03
4.662124171195571762e+03
5.142395674274267549e+03
5.374555698149053569e+03
5.242383187241965970e+03
5.090325613983587573e+03
6.705601372054868079e+03
4.862166550284794539e+03
4.329390806389620593e+03
6.565110099531902961e+03
6.220806976193634910e+03
5.384311401690488310e+03
4.947404847897527361e+03
6.355649355037473470e+03
5.634766682203480741e+03
4.803814928603019325e+03
4.805034609718216416e+03
5.231029930846090792e+03
3.927437340116973246e+03
3.552899629717569042e+03
3.756535233067427271e+03
3.422346472834358337e+03
3.570311098192510144e+03
3.224989198074450542e+03
2.705591284655776690e+03
3.783828071702180296e+03
4.480307881207449100e+03
2.886921088786420114e+03
2.079729079322070447e+03
2.366953993743175488e+03
2.292241303272539881e+03
2.365337479151188290e+03
2.011580513208091361e+03
3.175229540912394896e+03
2.405019788573312780e+03
3.676793633581335143e+03
4.070440141004305133e+03
5.049308540209750390e+03
5.755794419693816963e+03
6.898272130614728667e+03
5.233499081354086229e+03
7.485728184391610739e+03
6.994481804264779385e+03
7.805194665615756094e+03
7.364391017041883970e+03
9.383836244130754494e+03
9.625673177101911278e+03
9.177336381714530944e+03
8.564417860670495429e+03
8.627234249005367019e+03
5.990686978755704331e+03
5.481959490216396262e+03
4.661330039684137773e+03
4.435089495902934686e+03
5.238802875326273352e+03
4.329400822194236753e+03
4.549692251430548822e+03
4.770203657380108780e+03
4.672360266084979230e+03
3.743240548289659728e+03
5.093033219088713849e+03
5.252723790648049544e+03
7.996532822374515490e+03
5.326171127891362630e+03
3.161360410484040585e+03
6.287572384893996968e+03
2.841912851159701859e+03
2.912194471538780363e+03
2.550498506851387447e+03
2.574731200877351057e+03
2.853333858446019349e+03
1.869848609668384597e+03
2.155188354760042330e+03
3.312490105818657867e+03
3.975805779316364806e+03
4.456496470586650503e+03
4.241755198550284149e+03
5.357149512035204680e+03
4.997989761843453380e+03
4.250376296808793995e+03
3.527976855310396331e+03
3.808414621528063435e+03
3.821633536741916942e+03
3.648645202887880259e+03
3.979299495190336074e+03
2.426364223205130656e+03
2.614995783001585551e+03
3.811032256237092042e+03
3.630169770135429644e+03
2.619186901978747755e+03
2.504858763619633464e+03
3.453695199536949076e+03
1.537794841950558521e+03
2.277259996018798574e+03
2.144967732261400670e+03
3.225743330131888797e+03
3.200831135237648596e+03
4.032376784313804819e+03
3.473468280592577685e+03
2.536923160934452881e+03
2.881830083287642992e+03
4.321446164875550494e+03
3.652571304791553757e+03
3.063420212732430173e+03
4.903173086207040797e+03
1.468472958958221398e+03
3.132193151037179632e+03
5.282443611991690886e+03
4.598396252157415802e+03
2.165168909856191021e+03
1.715378911015797712e+03
4.787748943749912542e+03
1.778293694331241113e+03
3.038899401941072938e+03
2.600048331781874822e+03
2.005575065257143251e+03
3.666892046899304205e+03
2.468533333881864110e+03
2.758253600484214985e+03
2.663714623405817292e+03
3.585787890762979259e+03
3.487826132568708545e+03
2.870568607430843258e+03
2.074261856675876061e+03
2.368895778454619176e+03
2.650286142794000170e+03
2.116000678527192122e+03
4.523522126547096377e+03
3.178159339015138812e+03
5.018627047943091384e+03
1.757814308570148114e+03
1.989168369867192723e+03
2.533059541770828218e+03
2.247454273319397544e+03
2.609784877966217209e+03
2.061258029471980535e+03
2.143292566070651446e+03
2.193927210525810551e+03
2.425836943607894227e+03
3.839491765322741685e+03
2.775925019855757000e+03
1.946394273454558970e+03
2.749555320112917798e+03
2.613542733425316328e+03
3.064371109277496544e+03
2.886449974041303449e+03
1.995324787165191537e+03
3.618806467365689059e+03
3.544479477053972460e+03
2.749629571852507524e+03
3.535470245706754213e+03
2.264547507976751604e+03
1.145220753927897022e+03
2.279608875799916405e+03
3.496187619842798085e+03
3.140929426895182587e+03
3.593904453832181844e+03
2.378833029932353384e+03
3.084138115750512497e+03
3.014331243928348158e+03
1.994522167854995132e+03
2.266610652748213397e+03
2.898656498154427481e+03
2.840457918738291028e+03
2.172835231991397450e+03
5.331343694606674944e+03
4.415149069791496913e+03
5.005684124122117282e+03
3.218555814161577473e+03
5.260934720675628341e+03
3.451849141624654749e+03
3.212998606146448765e+03
3.164520786487649275e+03
1.570794615943513008e+03
2.902769803243550996e+03
4.004074586452523818e+03
3.092927885877406879e+03
2.022667450155388451e+03
2.194047258853095173e+03
2.641619153896106582e+03
1.847865703370950769e+03
1.639634377006097111e+03
2.450926550336338551e+03
2.997047492202850208e+03
1.955748324564631957e+03
2.685277147707309723e+03
3.155903272293250666e+03
2.228210289931185343e+03
1.749386481943872923e+03
2.917207273727777647e+03
1.436203947238371484e+03
1.422137383213307430e+03
1.618524987952685706e+03
2.540528188846228659e+03
3.102449944099547793e+03
2.903116545762894020e+03
2.014143905869333594e+03
3.251663940929172441e+03
2.624432828891485315e+03
2.669326225569182498e+03
3.038331739185229708e+03
2.005702108448930630e+03
2.783555611441783640e+03
2.256301728498772263e+03
2.346511739432306513e+03
2.092892429795976568e+03
1.636917617916254130e+03
2.963039166174497041e+03
2.083266518321303920e+03
2.448280616650965385e+03
3.233705824020705222e+03
2.318576815212832116e+03
3.836705914985120216e+03
3.840320766384912076e+03
4.950030376887895727e+03
3.504793094938935155e+03
3.815660497173130352e+03
3.731865602389492778e+03
3.379103628312423552e+03
2.224210226636419065e+03
2.499248024233666456e+03
2.371852244589169914e+03
2.817557301205723888e+03
3.018970888744693639e+03
3.144539292460631259e+03
2.758134589938024874e+03
2.180991951545578104e+03
4.274897270889060565e+03
2.468923324157338357e+03
3.576908484737553408e+03
3.612908443488493958e+03
2.672973184788124399e+03
2.661408730888301761e+03
2.774697559594023005e+03
2.982588282285470996e+03
2.506471237471539098e+03
3.043157359748755880e+03
2.995712742082252134e+03
2.131588767807185377e+03
2.925414923546902173e+03
2.568724815705329092e+03
2.486987143250156805e+03
2.205042868306441960e+03
2.035500224056757588e+03
2.512974666805645029e+03
3.110871622712040789e+03
4.431982612914776837e+03
2.625044214582674158e+03
3.860021802010967804e+03
2.749716196890746687e+03
3.816953900051420078e+03
3.552192856482921798e+03
2.207785434952194009e+03
3.476282531816088976e+03
2.078656010165940643e+03
1.946132643658816960e+03
2.120119012111323627e+03
2.172171627036618247e+03
3.362713195259767417e+03
2.113651476683112378e+03
1.604753627171695143e+03
3.156438401495799553e+03
3.721668575708318713e+03
1.830232490250260980e+03
2.872258943450429342e+03
3.531038843821954742e+03
3.518044704448600442e+03
2.990798938805697617e+03
1.571019987627035334e+03
1.788655637393652341e+03
2.350860152112552896e+03
2.236740909274143178e+03
1.144270057992002194e+03
1.647036712081491260e+03
1.146390878281842561e+03
1.304216889722595397e+03
1.574734284469728209e+03
1.678315848233016368e+03
1.641600960189844500e+03
1.617933402729297313e+03
1.118423846200965272e+03
1.337238234584157908e+03
1.063899553816406069e+03
1.458942990968313779e+03
1.558458670098573975e+03
1.873865419336965942e+03
1.810345006996576103e+03
1.688274421623618764e+03
2.757327786284725335e+03
1.213223146488914836e+03
1.836715453554113310e+03
2.465254690658598065e+03
2.016187823225790908e+03
1.315836814321977727e+03
2.503490270135049741e+03
2.417336024633766556e+03
1.817453709574308732e+03
1.398596684760851076e+03
1.474748864803085098e+03
1.373741350408568451e+03
2.437891163447832696e+03
1.291483409891725614e+03
2.076175673342371738e+03
2.244388850663242465e+03
1.657476403592709858e+03
1.809515023636333126e+03
1.012016670967991558e+03
2.004638794390832118e+03
1.612683370152931502e+03
1.317533204862521188e+03
2.155018623228456363e+03
2.301894223704120577e+03
1.657040768099333263e+03
1.404900992550409910e+03
1.197462229420225185e+03
1.547928821813541617e+03
2.254595574481025324e+03
1.929358584094165280e+03
2.223904132097270576e+03
2.835018853465341181e+03
1.898254579671326610e+03
1.215938545176967864e+03
1.263032009673967877e+03
1.645127339290085501e+03
1.232914221147235139e+03
1.823814153086263332e+03
1.623515181546469421e+03
2.416185645772629869e+03
1.115383286053914389e+03
1.055424528723928461e+03
1.427367761366495643e+03
1.364341874843891674e+03
1.564576113311582276e+03
2.120961454528998729e+03
1.847779659215843822e+03
1.427659235150438235e+03
2.739962660543649690e+03
3.836438153785382383e+03
2.890142568385957929e+03
4.399321629592919635e+03
5.167589332230916625e+03
4.113486912707304327e+03
6.738295763143762088e+03
6.256959844157185216e+03
6.629456626011378830e+03
3.929675747867575410e+03
2.141181876100767568e+03
2.709878488188024676e+03
3.031914392877187311e+03
3.202574815718140599e+03
5.922886580729335037e+03
6.434177400437007236e+03
7.259568560693655854e+03
7.988361521376809833e+03
9.397519461380064968e+03
7.105470658967264171e+03
5.815449663203446107e+03
4.907071407277416256e+03
6.261597149486310627e+03
5.626932577996210966e+03
6.383897023790281310e+03
4.270624596840780214e+03
3.555663896745778402e+03
3.747987657055328782e+03
2.917896946963272057e+03
3.508302743776129319e+03
4.180656720169179607e+03
3.809532035460879342e+03
4.665511027537312657e+03
3.759282561674911904e+03
4.198193264390204604e+03
3.547316022358545069e+03
1.908010562325110868e+03
2.344415903761333539e+03
2.088793667812879903e+03
3.146715752260824047e+03
3.250464547927779222e+03
5.525530699245357027e+03
5.073876450194109566e+03
5.255221332344117400e+03
4.372654200132459664e+03
2.696106108170238713e+03
3.803544080901326197e+03
5.327131298028601122e+03
6.129549866558042595e+03
6.117014780294252887e+03
4.856627301089233697e+03
3.941492230335851673e+03
4.179237949474695597e+03
4.802433438749685592e+03
4.070691145758716175e+03
5.221449887305914672e+03
5.633748806241604143e+03
6.938088888558760118e+03
4.011406890978505544e+03
4.545632354113778092e+03
3.139543154478757515e+03
3.189496328309515320e+03
2.452596429724439986e+03
2.529842478231786572e+03
7.340279675179757760e+03
7.232602040310262964e+03
8.270739063486564191e+03
9.221442252243727125e+03
8.607191521790502520e+03
5.562288719033291272e+03
4.390479388633492817e+03
3.783995363911541517e+03
2.411626075578023574e+03
3.842937076959633487e+03
5.684929991338089167e+03
7.939998832333770224e+03
5.950642615057171497e+03
6.412562354167593185e+03
3.632825948010090542e+03
3.106100961837963951e+03
6.684739048729708884e+03
4.679833239172758113e+03
3.036042752789893257e+03
4.649917452702851733e+03
5.719731599240321884e+03
5.381912505451235120e+03
6.176186978752582945e+03
3.357438059390809030e+03
5.599097840534381248e+03
4.538134642152796005e+03
5.722121189300133665e+03
6.545151258727452841e+03
5.967400615288287554e+03
6.318261717902987584e+03
5.189761373930181435e+03
6.648536336467156616e+03
6.937589680726294318e+03
5.537651728997000646e+03
5.580986927998537794e+03
3.976385913954176431e+03
4.840804214240825786e+03
3.965701548518366963e+03
3.675927158565900299e+03
2.076956198854362356e+03
1.776318661897760421e+03
2.270746963656303251e+03
2.282615667532581483e+03
3.053666184592496393e+03
2.156785176537438929e+03
2.573574616670568503e+03
2.731180432213908716e+03
2.744101110616455117e+03
3.644479696267398595e+03
2.139975579671787727e+03
2.202725257536434128e+03
2.265211431709230965e+03
3.997411644440740474e+03
3.914363517139442592e+03
3.662976629404197411e+03
4.763675537776439342e+03
6.150889431495618737e+03
7.849272963036672081e+03
7.841325125602043954e+03
5.059059449452613990e+03
5.934910804132590783e+03
3.209288826423738556e+03
4.248306182942581472e+03
6.439774922583372245e+03
7.319798100831576448e+03
6.445070041061082520e+03
6.078694165502930446e+03
7.648878236643419768e+03
5.228619866011767044e+03
5.384937947165785772e+03
5.445824965395423533e+03
5.895000711282682460e+03
5.105887802815555006e+03
5.791567852197108550e+03
4.897276484789410461e+03
3.497226631322494995e+03
3.548190804973837658e+03
2.392799977884954842e+03
2.950638480322289070e+03
2.881941037298677657e+03
2.236089073793373245e+03
2.920350587807515240e+03
2.834109471644784662e+03
2.238103068758350673e+03
2.007199571773944399e+03
