4.666638547866256886e+03
5.607926636136911839e+03
5.538898453447232896e+03
5.451782667680563463e+03
5.278026109766342415e+03
6.100512959837026756e+03
4.372325027825008874e+03
6.243722925950446552e+03
5.689148511504876296e+03
4.066327100025230266e+03
2.455025259870726131e+03
2.136571788732719597e+03
2.454936801900479168e+03
2.454847089128518746e+03
2.600176034472756328e+03
1.918268751218341094e+03
1.457044073433741687e+03
1.268026825701399048e+03
1.648307317017565310e+03
2.166471605319432001e+03
3.422666317489994071e+03
3.608163345262845723e+03
3.260095769974168888e+03
4.401588838051605308e+03
3.491970667271859838e+03
4.014825148417261516e+03
3.539872121603517371e+03
3.286483222199558440e+03
2.903522882410565671e+03
3.152749739250907624e+03
3.536376267097722575e+03
3.722544407397464511e+03
2.945043664245205946e+03
2.809800850732305207e+03
3.260626823227476962e+03
2.946239398695470754e+03
3.282104798353854676e+03
3.386345602451381637e+03
4.130865860623770459e+03
3.014519982360566246e+03
2.812071357517372689e+03
3.566207987398966907e+03
2.715741029950599113e+03
2.535758155649474247e+03
1.871850553731503169e+03
2.850548877459909363e+03
3.876926580503208243e+03
3.383952902685137815e+03
3.226734027501645414e+03
2.665027583031308041e+03
4.055075456464597664e+03
4.110557071774650467e+03
4.063757550361036010e+03
4.461609378426686817e+03
3.680729360225227083e+03
3.813389497803023914e+03
3.420567820214858784e+03
4.499494749061448601e+03
4.401939164897985393e+03
4.587793132276341566e+03
4.745888801773358864e+03
4.454436198139540465e+03
3.555713786694672308e+03
4.854138557806595600e+03
5.265775447179573348e+03
4.915394194850671738e+03
5.140679781410560281e+03
4.510518618626128955e+03
4.610305978278198381e+03
4.255361255768238152e+03
3.148425015847249142e+03
3.319352096833199084e+03
3.526842403535541507e+03
3.992349322617036705e+03
2.991308970500058422e+03
2.297921995639077977e+03
1.793030866997748035e+03
2.299736628067699257e+03
2.565340479521683847e+03
3.260069034300372550e+03
3.006678546287600511e+03
2.216001616125297005e+03
1.959132714723529944e+03
2.423412991453160885e+03
3.431190236962661402e+03
3.299851099974407589e+03
2.710892214171849901e+03
2.977456334035842701e+03
2.415874220957370653e+03
2.805823668409100264e+03
2.068959649600632474e+03
2.155015648542789677e+03
2.340041494208792301e+03
2.176138770374418982e+03
2.557739241103437962e+03
2.772473863538954902e+03
2.425476518547344767e+03
2.371131032998546289e+03
2.219744838326499121e+03
2.557363514794443290e+03
2.631237333345857678e+03
3.384616710755492932e+03
3.545320687253824872e+03
2.619203356130669818e+03
2.080357268786511213e+03
3.966523288072530704e+03
2.482451895886276361e+03
2.966470158390125107e+03
1.315219971480543109e+03
3.359805966182332668e+03
2.587385059609499876e+03
3.328697037163314690e+03
2.454831450957267407e+03
1.715681905442181005e+03
2.550254244327264132e+03
2.043704612235849027e+03
2.099021203982052157e+03
1.660676972460121533e+03
2.173903508315081581e+03
2.287064107329996659e+03
2.265968130854191713e+03
2.130972901440798069e+03
2.256206658186848927e+03
1.696300240307791228e+03
1.704150037070205144e+03
1.729674975330231746e+03
1.637843386921728325e+03
1.756251562356533441e+03
2.083301775438913864e+03
1.782223311634366382e+03
2.007197163550143841e+03
3.666553471897984309e+03
3.857944699043425317e+03
3.403899711275605114e+03
3.564405715930328824e+03
3.870997609315758382e+03
3.017413780073430189e+03
3.745159942800212320e+03
4.284097673780171135e+03
5.237598382141801267e+03
4.462124392399936369e+03
2.896947884599374902e+03
3.643425524401654002e+03
4.593237286613012657e+03
2.989012277393725526e+03
2.868714968643964767e+03
4.342402297559156068e+03
4.689781940953915182e+03
5.916534865166447162e+03
6.133457748259429536e+03
6.275047452233848162e+03
6.640172751665579199e+03
6.072937143619531525e+03
5.199473204101093870e+03
5.162364324195064000e+03
6.324694511127483565e+03
4.969321454765255112e+03
3.772928915137544664e+03
5.234792061659013598e+03
3.773999731214886651e+03
3.838980748088354176e+03
3.948357669021950187e+03
3.301757737779828858e+03
3.661387734189618641e+03
3.216846678155272912e+03
2.965972811592936068e+03
3.462597783566036924e+03
2.164886011091925411e+03
2.311777630289067929e+03
2.258665619548870382e+03
2.381734786521484693e+03
3.187228192201765523e+03
2.446250463434269022e+03
2.610370831050230663e+03
2.610533301403605947e+03
2.089166632536527686e+03
1.703996722762220770e+03
2.086712269189842573e+03
2.978748012398911669e+03
1.527439656632352353e+03
1.886359579771483141e+03
1.704591709609126383e+03
1.817791085334923991e+03
2.727662429353325933e+03
2.838630054332573764e+03
2.076669250178480979e+03
1.964614794170902542e+03
1.958036281837073375e+03
2.080089772017563519e+03
2.748487224822790267e+03
3.123094572623092972e+03
1.994159595327007082e+03
2.038339671700902727e+03
2.213154417522922813e+03
2.689223934575643852e+03
2.393018240620299366e+03
3.104186882286031505e+03
3.048650248544632177e+03
2.087082091509997554e+03
1.889353246842780663e+03
1.858123707898190105e+03
1.550842600534573648e+03
2.141044033087902790e+03
1.459295959949225562e+03
1.784686921369302127e+03
2.173728670008525114e+03
1.405338295962553048e+03
2.588076700789244114e+03
1.738748363594829470e+03
2.043258766956695126e+03
1.760659945712157423e+03
2.821637846176089170e+03
2.376645318995165326e+03
1.335450908351989028e+03
2.015749606708652891e+03
2.212965833272145574e+03
1.473556698435615317e+03
1.823791105196698481e+03
2.419436202957997011e+03
2.055411326134047158e+03
2.234735732125102913e+03
2.458642994827139319e+03
1.853632299559417334e+03
1.777133651274740942e+03
2.761361269447592804e+03
2.761127967955612348e+03
2.910732841305359671e+03
2.375743232744249781e+03
2.363060325534002459e+03
2.586976795253414821e+03
1.730384491777567064e+03
1.800567943700543310e+03
2.360949967368151647e+03
2.594790027886907865e+03
5.392582066915111682e+03
5.438548694946511205e+03
4.560923494202168513e+03
4.863512651036459829e+03
4.170249189004021900e+03
4.944199154976950922e+03
5.139780492495463477e+03
4.702774702755120416e+03
3.829581231096741703e+03
4.040410289843791816e+03
5.686110090366240001e+03
4.021930385049886354e+03
5.050322580695885335e+03
5.350601713941119669e+03
6.676065778106104517e+03
6.839166526551533025e+03
5.770693119088430649e+03
3.808911709284232984e+03
4.584428437193009813e+03
4.062368999832844111e+03
4.083836101691886142e+03
3.034862175222241603e+03
2.299180940328954421e+03
1.812510196046247984e+03
2.597054978943571314e+03
1.344925400681781866e+03
1.783857978288105642e+03
1.899728691362153768e+03
2.969600996225953622e+03
3.730865683607908522e+03
5.383960765289277333e+03
6.528777961540471551e+03
5.692693222766056351e+03
4.910947599883385919e+03
3.441004517809532899e+03
3.089399927912781095e+03
5.654541107881427706e+03
5.503723335230874909e+03
4.471771670090499356e+03
5.864874527294752625e+03
6.120105409175528621e+03
6.850383625398822915e+03
5.880397280302488980e+03
6.285528294013352024e+03
4.427425806062628908e+03
2.551448912352527259e+03
1.688449924053577206e+03
2.433144945956277752e+03
1.784942953491492062e+03
1.295414709113723575e+03
2.166377142600355910e+03
2.645880630218719034e+03
3.302162871048931720e+03
3.392888520868811156e+03
2.303646734315663707e+03
2.055380585089978467e+03
1.485220164692834487e+03
2.439356120850391108e+03
2.287375101525322407e+03
3.815358168789924093e+03
4.194042809276001208e+03
4.487941198735360558e+03
4.066502021810727001e+03
4.683214409374221759e+03
6.654985480684514187e+03
5.724611827067413287e+03
5.524714757903276222e+03
3.381668551552033023e+03
3.058752709888159643e+03
2.083444210997706705e+03
1.653920694271995899e+03
1.241070874707295161e+03
2.243328239537983791e+03
1.958930146858341459e+03
2.078085672504116246e+03
2.564636053560364871e+03
2.526743368658736017e+03
2.768922121200159836e+03
3.234987832067884028e+03
2.805676096739404329e+03
2.606097720671471052e+03
2.212193096606498784e+03
1.794680022170968186e+03
3.522303885343780166e+03
1.613791823270619489e+03
3.314820568248552718e+03
3.949725417159213066e+03
4.532744965503471576e+03
5.170283514294603265e+03
5.617202816614119911e+03
4.903313258406476052e+03
6.120704817640134934e+03
5.694955051898095917e+03
5.570572513960325523e+03
6.331200884795663114e+03
5.462954925854433895e+03
7.328317910929667960e+03
6.340824155088832413e+03
7.275420726792172900e+03
7.091461453904403243e+03
5.780908507782174638e+03
7.158784815168298337e+03
4.321039022582337566e+03
3.364176738789411502e+03
2.445109524099147620e+03
2.203426667679565981e+03
2.295402531898183042e+03
2.213992249551562963e+03
2.395349052047182340e+03
3.024016597926449322e+03
2.759208027226648028e+03
2.737918640404715461e+03
2.286352462825901512e+03
2.255243744225872888e+03
2.273681108470071194e+03
2.973297693182384137e+03
1.743083151276961871e+03
2.602609106119733042e+03
1.785153725552311926e+03
2.205507745199952751e+03
2.330529681974958748e+03
2.360739787843956037e+03
2.705074367550133047e+03
3.343670613565515850e+03
5.232492979316299170e+03
6.605472021006316936e+03
5.819154117178502929e+03
8.266411710555537866e+03
8.430347897928921157e+03
1.062759431325531477e+04
8.824825521823478994e+03
8.851617756362096770e+03
7.547093399376183697e+03
5.767916271134707131e+03
5.893763699575858482e+03
5.444271879434803850e+03
5.336842562079279560e+03
7.009914534627209832e+03
5.404782672970335625e+03
5.997612044657973456e+03
5.779234996883396889e+03
4.636934326217035959e+03
5.081477030837723760e+03
5.892671460905316962e+03
6.515110730606242214e+03
3.505890914854349830e+03
4.227125086002160060e+03
3.714526862416445965e+03
3.230522429731035118e+03
2.539139667653736979e+03
3.083248079679096918e+03
2.092914387912746861e+03
2.194659369145237633e+03
4.219938505950261060e+03
4.677853718947841116e+03
6.058618547959504212e+03
3.709948322771038420e+03
4.424668935489636169e+03
4.173882618852860105e+03
3.211081189783802984e+03
1.570255269235702826e+03
1.462065835224593684e+03
1.950113296185471427e+03
2.298082222226819340e+03
2.780644781759608577e+03
2.551185402841128052e+03
1.792300412878614452e+03
2.109667064016740369e+03
2.237514986579020388e+03
2.822891998885273097e+03
1.838197707115619096e+03
2.026466526923967194e+03
1.127799001412084181e+03
3.215756172060886456e+03
4.322703936635374703e+03
4.597449524591504087e+03
4.103811212242678266e+03
3.532267479121976521e+03
2.625392787380787013e+03
3.539437549683906582e+03
3.416351817823036981e+03
3.404765700035005011e+03
3.523137131683880398e+03
3.733810098408539943e+03
2.552160008517867936e+03
1.874121425129116005e+03
1.909848868807451254e+03
2.492201877071219315e+03
1.938696879751130837e+03
1.948778594528105941e+03
2.107445748863133758e+03
1.521040943389628410e+03
1.880851383242279326e+03
2.962455848160070218e+03
2.370158861562613765e+03
1.895318484204004790e+03
2.240721986273082166e+03
3.646581978056282423e+03
3.681885970333617024e+03
4.753544858196981295e+03
4.824821226121483960e+03
5.092248827173379141e+03
4.063582283575116890e+03
5.925405440027352597e+03
3.973340038354919216e+03
4.975401765403047648e+03
4.910542071429331372e+03
5.167944244318402525e+03
4.479409706565771558e+03
4.054085901215339618e+03
4.030972689233307847e+03
4.138650506430706628e+03
4.119759240711577149e+03
4.138497060295209849e+03
4.496975530202983464e+03
4.728204469485014670e+03
2.958347691516692066e+03
4.845441713191954477e+03
2.863076018263717742e+03
2.477422328045096947e+03
2.640112178420259625e+03
2.266572944062988881e+03
3.266603462555330225e+03
2.420723252058358867e+03
3.234218075198941733e+03
3.013143365252155036e+03
2.970259730135404425e+03
3.239492000284762526e+03
2.516983555193919074e+03
3.016470018894320219e+03
2.955287902872717041e+03
3.567518226358189168e+03
2.230649682806612873e+03
3.499538539774473520e+03
1.761531742900959898e+03
1.678469851787424659e+03
1.962599885930651453e+03
3.013337449597057457e+03
1.944677566333955383e+03
2.062950584347828226e+03
3.178170817135189282e+03
4.962939019406052466e+03
3.287938772456914194e+03
4.032827295617476921e+03
5.549037374179568360e+03
3.012645961831238765e+03
3.823928662136549974e+03
5.499821151990422550e+03
4.542592349947814910e+03
4.260716017244562863e+03
5.405629025208944768e+03
5.188077248215567124e+03
5.988392582853942258e+03
3.131155262616325217e+03
3.679403033316730216e+03
3.770883000896288195e+03
2.338941378108577283e+03
3.264129469702179904e+03
3.095569241103142303e+03
2.564665055585948721e+03
3.551057249906860761e+03
