4.944784444532330781e+03
3.095540665034742233e+03
2.267647275391489075e+03
2.649752652592996128e+03
2.161334615679482340e+03
2.184616986565547904e+03
1.953934141816923329e+03
1.721056051296145142e+03
1.545314117405664774e+03
1.390013422624012037e+03
1.203217357633784559e+03
1.189407294330179184e+03
8.942806716677946497e+02
8.296380119663755295e+02
7.306978220151393089e+02
6.689722824698175145e+02
6.117498991327747717e+02
1.052403747456237170e+03
7.766079053426041128e+02
1.137497517860806056e+03
7.189450005783303368e+02
9.585953405581674360e+02
1.479499612023980262e+03
1.747381144291680357e+03
1.719320359978698889e+03
1.676789870371549796e+03
3.845876139379978213e+03
4.218605964595463774e+03
2.862373933534149728e+03
2.198849610280747129e+03
2.348441242639560187e+03
1.927961144481638030e+03
3.620109224343978440e+03
2.894839206131192441e+03
3.299350063469366432e+03
3.031046210201008762e+03
2.870646094504501889e+03
4.125227162520915954e+03
2.317072290079257527e+03
2.265414870234435057e+03
2.707564934781363263e+03
2.919436834678747346e+03
2.428663691110769832e+03
3.143722894577340412e+03
3.371579386840049210e+03
2.417297613682262181e+03
2.147509566853088018e+03
1.837675404425699071e+03
2.597894339624528129e+03
3.126122028190472520e+03
4.077703015269393291e+03
4.329205949429521752e+03
4.002792723272409603e+03
4.849234599920575420e+03
5.134822565723061416e+03
4.443164490211355769e+03
3.510574579554083812e+03
3.860300127623992921e+03
3.869205616069368261e+03
4.233666793010503170e+03
4.148094658326809622e+03
2.777975649069601786e+03
2.096245219216584701e+03
1.498826852414336827e+03
2.814294432100370614e+03
4.514413165700552781e+03
3.112828880915745685e+03
3.470586847016642423e+03
3.152383023142498132e+03
3.472429995222823436e+03
2.605279956776995277e+03
2.161856598348559601e+03
3.046428730092338810e+03
1.708231041826398723e+03
2.663826357391671991e+03
3.959278394117352036e+03
3.115557033709160805e+03
2.075927778219082938e+03
1.925932160473204476e+03
1.989918349995398785e+03
1.749976660257948197e+03
1.397365710603713978e+03
1.309796103919027928e+03
7.359347969569266752e+02
5.105781049803748829e+03
6.245468418990693863e+03
6.199362461204252213e+03
5.897058211529172695e+03
6.711540622848280691e+03
8.174989567749915295e+03
6.561062259741368507e+03
6.726193431842574682e+03
4.526249090873590831e+03
5.059073735487731028e+03
4.618740646324056797e+03
5.247474767595113917e+03
4.329333170029562098e+03
4.364939766094203151e+03
3.347162456192636455e+03
5.377574074033041143e+03
4.925540994577437232e+03
5.028253595003921873e+03
2.271110307827894303e+03
2.350177303141080756e+03
1.710545508419323369e+03
1.961703841339400014e+03
2.312367331070650380e+03
2.301986824667576002e+03
4.752985385018182569e+03
5.685172090146042137e+03
7.860114610264592557e+03
8.077441927879620380e+03
6.949460551400390614e+03
4.468212491426582346e+03
5.462465867529651405e+03
6.136371921933578051e+03
5.343698050870472798e+03
4.461021622676280458e+03
3.513914936925843904e+03
3.468831315098492269e+03
4.279828290618493156e+03
2.460806911307570772e+03
3.427551577194157744e+03
3.810842409024485733e+03
3.555521013775447500e+03
3.498799633104716577e+03
3.448452769046212779e+03
2.040439927418402249e+03
3.318501755342739216e+03
3.166526605990453845e+03
2.239521268502935982e+03
5.098471468782006923e+03
7.196189069595887304e+03
7.404976489300159301e+03
5.188525127182251708e+03
7.641377343485684833e+03
5.678142457004772041e+03
7.074698505938747076e+03
5.575357069967654752e+03
5.373800093312463105e+03
4.611591160590804066e+03
5.212914845269025136e+03
3.408043303886821377e+03
3.626261668321071284e+03
2.154743171273220469e+03
2.647388454558436479e+03
3.132818397102418203e+03
2.450903933846298969e+03
1.939587576218485538e+03
2.140763035973708156e+03
2.329788037819541387e+03
2.657328826459575794e+03
1.670353461255751881e+03
1.974033948573254520e+03
2.068099343716613475e+03
1.006159026658817083e+03
1.252689875733599820e+03
1.269122633422236959e+03
1.742071965394203744e+03
2.082200667537413210e+03
1.900827947633855047e+03
1.660431722870623844e+03
1.497917284530174129e+03
1.866342818748217951e+03
1.716401875758759616e+03
1.497655933277770600e+03
1.440050660604920495e+03
9.416156893711887506e+02
1.284982349015457885e+03
1.040597275070848127e+03
1.166220528670305612e+03
3.909648613440443569e+03
5.473830240392382620e+03
4.750397320575716549e+03
1.976952230681236642e+03
2.797384092115114527e+03
3.462287852172582006e+03
4.236299576368624912e+03
4.165136833140244562e+03
4.407819316086423896e+03
4.212655667018787426e+03
4.129295522379514296e+03
3.655212685310196775e+03
3.507461148983742987e+03
3.783197757282073326e+03
3.918501546267529648e+03
4.115592776583030172e+03
4.177279631433590112e+03
2.270727729136500784e+03
3.582236185885560644e+03
3.251994076266586944e+03
4.512938393117268788e+03
3.060415225590850241e+03
5.416645662396143962e+03
3.611500653763850096e+03
3.888450189747366494e+03
3.744615075702805370e+03
3.289064681164292779e+03
3.900844643204176919e+03
3.983238810570139321e+03
3.759571801966782459e+03
3.978841878916276983e+03
3.723542131394180160e+03
4.450626832097328588e+03
3.510439517034649725e+03
4.172077267185536584e+03
6.082252795876783239e+03
5.468458085079685588e+03
4.464930776354645786e+03
1.583028826420641735e+03
1.802336917268616389e+03
2.483818165779566698e+03
3.314567394057637102e+03
2.203783496589683182e+03
1.986057119665768596e+03
1.711166929400349318e+03
2.526759620850640658e+03
2.994474567163616484e+03
2.478333587000918669e+03
1.671974696555624860e+03
1.730393977206734007e+03
1.806843938861733477e+03
4.155217610405808955e+03
5.299735637987962946e+03
3.778435319867027374e+03
4.122100891026495447e+03
2.319950625668016983e+03
3.127770339990116554e+03
3.775258767040003477e+03
3.510779273922223183e+03
3.643534798696837242e+03
3.192173392218003755e+03
3.159103206303178013e+03
2.785374727866477770e+03
2.888211987058916293e+03
3.626116555103250448e+03
2.492542139355546624e+03
3.008694022838692035e+03
2.157517225147857516e+03
2.055241098671742748e+03
3.130759282064722356e+03
3.938646168826798657e+03
2.030938574821729844e+03
1.375555547130282775e+03
8.649864440915605428e+02
1.588053056998716102e+03
2.636216205794291000e+03
4.445989055116598138e+03
4.290596771536652341e+03
4.476329597943695262e+03
1.562690711177439198e+03
1.285491662973929579e+03
1.434049241319879684e+03
1.915433834726808982e+03
1.697970633032720343e+03
2.003571795097957647e+03
3.788708390720413718e+03
3.574081719333759338e+03
3.266962252567180713e+03
2.259599642694995509e+03
1.456730345868036238e+03
1.934933313500825761e+03
1.781166353037491945e+03
1.926586337539754140e+03
2.586789705189694814e+03
2.301412048182526178e+03
2.045821455083120554e+03
1.585178888459708787e+03
2.770210119304554610e+03
3.052734777523128287e+03
4.330563823354238593e+03
3.925745308381991890e+03
4.694989408146769165e+03
4.830399940632949438e+03
4.002550980291195629e+03
4.166293142206483026e+03
4.150484292742012258e+03
3.306728938198008109e+03
3.147541778847626574e+03
3.138548505699075122e+03
5.422924514099251610e+03
3.050835424146838250e+03
4.385929335711483873e+03
4.155175026202121444e+03
3.264236929795738888e+03
2.461534765639901707e+03
1.531584223606441356e+03
1.569662220107652956e+03
2.311311970363511136e+03
1.744280132536533074e+03
2.012096615963925615e+03
1.599648123772717327e+03
1.866817764257757062e+03
1.942131205834858065e+03
3.120903192179358484e+03
1.776918323530390580e+03
1.314236455254212387e+03
3.225529587548925065e+03
4.602200811498147232e+03
3.457569301582993376e+03
3.723932845749630815e+03
3.641578204687055404e+03
4.159695303092663380e+03
4.063195738472627909e+03
2.433189187386390131e+03
3.236419870252810142e+03
2.056076954500134889e+03
2.466166957708741847e+03
2.575709825666821871e+03
2.019470800924787682e+03
1.246790800873279750e+03
1.636419058343675715e+03
1.742451844253268746e+03
1.460076790317024688e+03
1.302510679785732464e+03
1.220754737436679761e+03
1.326644633473546037e+03
1.271147421598906249e+03
1.730976942682451408e+03
1.034259626807961922e+03
2.328925626703472062e+03
1.598090530252258986e+03
1.917263934520257635e+03
1.863587160099081530e+03
2.375636387481660677e+03
2.170933343434097878e+03
1.925818589918395674e+03
1.711670801637576005e+03
1.727023450289729226e+03
2.123407875557592888e+03
1.744451452534861346e+03
1.851770852333356061e+03
1.506808998208570301e+03
9.726693688449348656e+02
1.197903091840038542e+03
9.451641538888339937e+02
1.200415829118833926e+03
1.157720896681324575e+03
1.141394473005669397e+03
1.340757511473309933e+03
1.012028634237033998e+03
8.556262137631574660e+02
6.394935928734463459e+02
6.969110994755105821e+02
7.146134193448191354e+02
1.126151964720931119e+03
9.044350394614046991e+02
9.631754091450983424e+02
1.106318272947504511e+03
8.304391427340823384e+02
8.089424520870937840e+02
7.605240490481877487e+02
6.437075446295148140e+02
8.562628680546256419e+02
8.637276394431548852e+02
7.795546159016757883e+02
7.514881043165081564e+02
1.039692264928456098e+03
1.151449135073101388e+03
9.378791796618122589e+02
1.177465581384107509e+03
8.440736897480513790e+02
1.074989206695763642e+03
8.381218267791404060e+02
8.233084013247258781e+02
1.019776068002065813e+03
1.290338201821974053e+03
1.437533915598131443e+03
2.097631540090001636e+03
2.227494732417261275e+03
1.750544723775460398e+03
2.111284637604639556e+03
1.612867235310785190e+03
1.753115914316526869e+03
1.687404147578564789e+03
1.763419013057745588e+03
1.875007021295710956e+03
1.927059057345033352e+03
1.898178557501351406e+03
1.830419223701217106e+03
1.810811973426366876e+03
1.625708202568361685e+03
1.685776795414565640e+03
2.019618842580298406e+03
2.038264066490888354e+03
1.805983073888334275e+03
2.080652098477128675e+03
2.248519806481370779e+03
2.812598297969784653e+03
3.069718255775710531e+03
3.971904445522316109e+03
2.491861208323988649e+03
3.510480229742778647e+03
3.323495167559193760e+03
3.124980577420669306e+03
2.808581798065425573e+03
2.582616982769874085e+03
2.635564987498272330e+03
2.879309281077277319e+03
2.097587954221628934e+03
2.247907933249017333e+03
1.941516296366434744e+03
1.780383792952985914e+03
1.398502065375802658e+03
1.393461489738700493e+03
1.079866593640380643e+03
6.999294778592095554e+02
7.334377086114833446e+02
6.054042495315495671e+02
7.782606926238811411e+02
1.231287986213092154e+03
9.766579780442742731e+02
6.341570968500786876e+02
7.488028094498871496e+02
1.004911339862799878e+03
9.217207723797567951e+02
6.814319251193484206e+02
7.764395273312298968e+02
8.024570262855759211e+02
5.456870792828232197e+02
4.976011231810037316e+03
6.126217728503197577e+03
3.302975823519525420e+03
3.402377439302690618e+03
3.302511083608900208e+03
3.674641879005872397e+03
3.077691327323514997e+03
2.875625076076551068e+03
4.357612024515162375e+03
3.816306333444712436e+03
2.231535460936586333e+03
9.982203851403983208e+02
1.223692008134643402e+03
1.841076349293356770e+03
2.878775999585781847e+03
1.627981029491176059e+03
2.392413581009345307e+03
6.905730565363267033e+02
2.911833920735356969e+03
4.111521590495589408e+03
6.240582454513380071e+03
5.233681014433756900e+03
1.848304378558865665e+03
1.697792847484196500e+03
1.367385732829041444e+03
3.074696820862229742e+03
4.421724402674189150e+03
5.235938888022644278e+03
4.437096534821609566e+03
2.326377605024372770e+03
2.210354565597834153e+03
1.937279645037202954e+03
2.103223886023818068e+03
1.907762414825567703e+03
1.026678830804428571e+03
1.840857387413931065e+03
2.925176542602640893e+03
4.079922110837189848e+03
4.473417765434938701e+03
1.813469539897938375e+03
1.143941033717019536e+03
1.806800052222942213e+03
2.908066644475755766e+03
4.074543959658665699e+03
4.728531152840104369e+03
2.319124109353556378e+03
2.523163968441433099e+03
3.380294757521056454e+03
2.629543542020714995e+03
1.564476686482834566e+03
3.242167385031099002e+03
2.508951314462483879e+03
3.700215871784922456e+03
3.155074001134392802e+03
3.339505710325474865e+03
3.328207965200776016e+03
5.807743194848618259e+03
4.731213047647328494e+03
3.487818213454527722e+03
3.360256475142507952e+03
4.039078405307254798e+03
2.366361041134941843e+03
2.474445840122499249e+03
2.444919973655471040e+03
2.501888651291430961e+03
2.021154319086487021e+03
1.908046782138681237e+03
2.855486236310183358e+03
2.646380214941377290e+03
2.840172383896470365e+03
2.268124057708232158e+03
2.376150867392485907e+03
3.000474783868855866e+03
2.128819873366313914e+03
3.745640089215179160e+03
2.969443378283895981e+03
2.524526121736694222e+03
2.256042773994951403e+03
1.646716825586061532e+03
