3.342300240099776602e+03
2.264857124971992562e+03
2.688769674300331189e+03
3.133814194430022326e+03
5.433342865496108971e+03
5.361178478176735553e+03
4.612015211139794701e+03
2.484849145172248882e+03
3.788314174675257618e+03
4.793380236418402092e+03
2.386597436358897085e+03
3.196382162377483837e+03
3.391334616262166037e+03
3.698718241312413284e+03
5.003410369483044633e+03
5.203438724738331075e+03
3.272439205093315650e+03
2.963175284529303553e+03
2.693547521872117159e+03
2.896949862298590233e+03
3.302311463568378258e+03
2.181775371602903761e+03
2.335330143930679696e+03
2.308047602814193851e+03
2.319157459240218031e+03
4.315473530567373928e+03
5.384817234086448480e+03
4.447479501704819086e+03
3.299652841003688081e+03
3.233934880243981752e+03
2.324043049409700870e+03
2.723144676643552884e+03
5.375088913506441713e+03
2.907224599184538420e+03
3.376285176705172489e+03
3.127355695815506351e+03
2.640696582584007501e+03
3.141652719356427951e+03
3.894785569787222812e+03
5.010860112457118703e+03
4.235732765402341101e+03
4.770063561188057975e+03
4.127412823872347872e+03
5.680401387310168502e+03
4.106983736767909249e+03
5.096242071331114857e+03
5.542984744761969523e+03
6.488356897987335287e+03
4.117897960184538533e+03
3.502563101473175266e+03
2.812664192677606025e+03
4.621034721182631074e+03
5.028091937072989822e+03
5.232351525543152093e+03
4.819913810564035884e+03
4.863148624748354450e+03
3.799377490709748145e+03
3.597360095823856682e+03
4.408436914407038785e+03
3.171589661364015228e+03
5.057355273424042934e+03
3.624723194612336556e+03
3.147457238383976801e+03
2.137694154310067461e+03
1.670822423861743346e+03
2.918658987458081356e+03
3.507660034461834130e+03
3.053243539998036340e+03
3.550318898097128567e+03
2.679233459697802573e+03
2.321150534685025377e+03
2.575325683071864660e+03
2.152986478628421082e+03
2.379709429045859451e+03
2.126141156810441771e+03
2.528933833815479829e+03
3.229637211755908993e+03
2.449267511626424493e+03
2.751649704030075554e+03
2.500940003732772311e+03
1.939636017268753449e+03
2.733133097509225081e+03
2.839522514520457207e+03
1.936992951846126289e+03
3.509938916721138412e+03
2.630553741292208542e+03
2.027136771884451719e+03
2.055869473548584665e+03
2.985536875810041693e+03
5.100315567889246267e+03
4.194713831677141570e+03
2.720561738000590594e+03
3.136996971660133568e+03
4.858769291608854473e+03
5.362899049617909441e+03
4.393000674561108099e+03
4.237879754672558192e+03
3.166881640823958605e+03
3.466123548151222622e+03
4.604412343553996834e+03
3.164305562224268215e+03
2.603933513008616501e+03
3.983399053969326815e+03
3.576147648327640127e+03
3.492740860373811302e+03
4.853005598918958640e+03
3.881086406713980978e+03
3.495056456391123447e+03
4.446072513856391197e+03
4.676182136186062053e+03
3.794648562121954456e+03
2.990348275274373009e+03
2.520608860491094219e+03
2.174462148752179019e+03
4.226464683939545466e+03
3.947119131537381236e+03
3.191463128932704876e+03
3.699391025862193146e+03
5.386780640592944110e+03
2.889860192366121737e+03
2.432397517816242726e+03
2.663777184499791929e+03
2.095514625569624059e+03
2.711003711133852448e+03
2.574261843285089526e+03
1.891482178624621611e+03
2.144003023201100859e+03
2.084512654507702791e+03
2.150066818819715081e+03
1.828602772236851024e+03
2.226634489462933288e+03
2.667354314975881152e+03
2.383825707085620252e+03
2.162627839562224381e+03
2.578738684318181186e+03
2.919865162594649064e+03
2.375262316274388922e+03
2.921056751230252758e+03
2.112279369795624916e+03
1.962196631566486531e+03
2.106614971287852313e+03
2.780998206449713507e+03
3.808930297837797752e+03
3.941040189434600052e+03
2.486729143779682545e+03
1.545321881935796682e+03
2.946634759622328147e+03
2.129403414253005394e+03
1.669120383057999106e+03
2.360875670039133183e+03
2.005260923205179552e+03
4.368573312896021889e+03
3.089256451158877553e+03
1.886320230423693147e+03
2.272780175180914284e+03
2.439986596396282494e+03
2.410622448575509679e+03
2.785427931621684365e+03
1.786650162318274852e+03
2.749092553879491334e+03
1.939941151094257293e+03
2.118532235863300230e+03
2.779548228064074010e+03
2.184758676764919528e+03
3.200216296345907267e+03
2.226622270331940399e+03
2.876220319478923102e+03
3.991051812171018355e+03
1.584485513600120385e+03
2.316743452910305223e+03
3.624948755072943186e+03
2.531436929780649734e+03
2.719868088512260783e+03
2.709108662786168679e+03
1.841701165969042222e+03
2.294962080827605405e+03
2.879319326341413216e+03
3.702943373939487174e+03
3.037983083325512780e+03
2.901768758059533866e+03
2.415918378636423768e+03
2.104868976998184280e+03
3.696307379789784136e+03
2.162902464919365229e+03
2.027951882323566906e+03
1.791521309306179774e+03
1.943148009539468148e+03
1.628102372137561360e+03
1.673183473956635225e+03
2.059146155136696507e+03
2.744402410022937602e+03
2.819787742718403933e+03
4.683469659969107852e+03
2.357069339815936473e+03
4.155486648267023156e+03
3.736630371744066906e+03
4.869321108851085228e+03
2.489678261647781255e+03
2.863103943616762990e+03
3.178098037973440114e+03
4.843155595717466895e+03
3.932256121721841282e+03
6.081393171815236201e+03
6.054196531905724441e+03
4.023903576777987382e+03
4.411480108999840013e+03
4.298198818488555844e+03
7.733128848669544823e+03
6.119174694256752446e+03
5.298576522139685039e+03
3.607005373116579904e+03
4.927870201357951373e+03
3.694288236012492689e+03
3.850221641877566071e+03
3.956151225032512684e+03
3.232947344518099271e+03
2.550962753937054913e+03
4.980738417801422656e+03
3.737690599651523371e+03
2.631062829201034219e+03
4.359644958270259849e+03
3.679372351914549654e+03
5.095314851478307901e+03
4.961561896801368675e+03
3.753274541934273657e+03
2.563143741546646652e+03
1.776242535860531916e+03
3.765011144133447942e+03
2.561274752816108503e+03
2.483039018568810661e+03
3.741965121235043625e+03
2.805396935144344752e+03
4.431591039747535433e+03
2.061329700675236381e+03
1.962025771930304927e+03
2.270627268879387884e+03
2.676238738270089925e+03
1.708477987554184665e+03
2.696703429522219722e+03
2.477246043657859900e+03
2.319739795350364147e+03
3.979195853370538771e+03
2.196413089970919373e+03
2.236638858129775599e+03
4.128575849792032386e+03
2.143663020372612664e+03
3.058947034956197967e+03
4.524365175440855637e+03
2.677862294182046298e+03
2.012079130540907954e+03
1.622531727417609545e+03
2.215943521271366990e+03
2.390280774045803810e+03
1.756805159480271186e+03
3.411107673711312145e+03
2.600221760922511294e+03
2.868808877935809960e+03
4.158429351903942006e+03
3.182537044755493753e+03
2.715449129521939085e+03
1.644738959026993825e+03
2.204292523057227299e+03
2.329791865321664773e+03
2.508478585060750902e+03
3.315035036052682699e+03
2.180367036975261271e+03
2.087863089109702287e+03
1.628546213441145710e+03
1.457291112541236316e+03
2.820829125145606668e+03
2.797439696728706622e+03
3.391602150037009778e+03
2.245003841669126359e+03
2.404797681117187949e+03
4.244377908319976996e+03
2.994529270278076183e+03
3.835689210285570880e+03
3.504743118800982302e+03
1.829649051765364675e+03
2.974391858784468695e+03
3.076880839368345278e+03
3.950487509946133741e+03
2.829130735318566167e+03
2.420905182692786184e+03
2.688789410180547748e+03
3.105214271360111979e+03
2.714125780602888881e+03
3.057850410675673629e+03
2.225582176546486153e+03
4.637650422928131775e+03
4.228123088271840970e+03
4.961201767727510742e+03
4.427235865833918069e+03
4.639892595581493879e+03
3.879060756273482639e+03
3.858852763899109505e+03
3.138496239259240156e+03
3.716215989208871633e+03
4.798420745030094622e+03
4.865032985880625347e+03
4.375818839649568872e+03
4.267673473732388629e+03
3.019570890521303227e+03
2.067214746897107034e+03
2.041691449312168061e+03
2.303068232306082336e+03
2.981202902495653234e+03
1.559334473681805548e+03
2.066232504691939084e+03
2.413647798368726399e+03
2.671163265005832727e+03
4.012300779085484464e+03
4.127131277994516495e+03
2.790647275340815668e+03
2.900475744589855822e+03
2.414433147205299065e+03
2.524710734402627168e+03
2.903267768592077118e+03
2.955830237116659191e+03
2.388503205454810086e+03
3.019141028599636684e+03
3.434515640583781988e+03
3.185491766695780825e+03
2.640081840981860751e+03
5.261756516681893117e+03
3.769133671880415022e+03
3.193831472175057115e+03
2.138576878000583292e+03
3.578072568819733078e+03
3.324120995761504219e+03
1.651328510119143175e+03
1.845092970077746486e+03
1.388884229599694208e+03
1.696650277612928676e+03
2.424390658817133044e+03
3.905799695095447078e+03
2.847976913859444267e+03
2.952143379215436198e+03
4.148635958378175928e+03
3.055482910256006562e+03
2.839153053887604528e+03
4.085766688179379344e+03
2.956288129925256271e+03
3.056916962471688748e+03
1.944073394298603716e+03
4.003897161035549743e+03
3.268468608869539366e+03
3.404987291950265444e+03
2.724904610356142712e+03
2.608868922922246384e+03
3.649127114918501320e+03
4.389032238569191577e+03
4.378461653473688784e+03
3.501019845532499858e+03
2.580639560788472863e+03
2.603942896489747909e+03
2.568370469462849087e+03
2.679125792349087533e+03
2.634795611993117745e+03
3.558262427707130882e+03
2.279257014920995971e+03
1.784803018096290316e+03
2.497862906975356964e+03
2.053194986792413602e+03
3.445520454572200833e+03
5.704067683121566915e+03
3.155101170838440794e+03
1.983278291557481452e+03
1.646945687011811970e+03
2.107349035897796057e+03
3.462181193401338533e+03
3.618280251468005190e+03
3.635646788661116716e+03
4.057998737617230290e+03
4.008736132948690283e+03
3.951690389594358294e+03
3.916603781649594566e+03
2.734556975796451752e+03
2.502628255935209381e+03
1.293686249018686794e+03
3.180109937546480069e+03
3.271954618921934980e+03
2.595565889561424228e+03
3.502839217606247530e+03
2.606548488629835447e+03
2.777804657708813011e+03
2.176627603337652545e+03
1.892634557936460624e+03
2.506626117455287840e+03
1.976925529473372080e+03
2.484982993332261685e+03
2.434796506905951901e+03
2.564444174380228105e+03
2.399592399765471782e+03
3.212885487730043678e+03
2.392410038782423271e+03
2.966624677768451420e+03
4.246897288210570878e+03
4.353180855719667306e+03
5.077006102040563746e+03
5.467265565820825941e+03
4.492410293104940138e+03
4.870363124227867047e+03
3.071750671179031087e+03
1.760098801345517813e+03
1.802967678426116890e+03
1.751257756871983702e+03
2.441893133299522560e+03
2.384392850565249319e+03
4.752971997653549806e+03
4.735653351841127005e+03
3.985834228581710249e+03
1.568640445156601345e+03
2.310142855405189493e+03
2.265972991972574164e+03
2.170889361541116614e+03
2.759190746972395118e+03
3.690374470482638117e+03
2.504839591088508314e+03
2.644496781243105488e+03
1.929375993886352035e+03
2.404901429794453634e+03
1.494051145608536899e+03
1.786317450991087526e+03
1.681999972373848550e+03
3.192224024195247239e+03
4.495198678186514371e+03
4.309940330276564964e+03
5.903238568436735477e+03
4.291864264107734925e+03
3.424759924522341862e+03
3.399972304080817594e+03
3.595601102345278832e+03
4.309828572014930614e+03
3.519867489458723867e+03
4.613951447748693681e+03
5.172264487400882899e+03
5.014722566366054707e+03
4.595068959462091698e+03
4.212407326747074876e+03
3.837313142137576961e+03
3.834047623151075641e+03
4.104512281334773434e+03
4.162845929244640502e+03
4.263145587558181433e+03
3.613355907791356003e+03
3.502292388269749154e+03
2.429723689471984017e+03
2.250923214496966921e+03
3.271330352122648947e+03
3.817272787118192355e+03
2.575105101717768775e+03
3.990690732629218928e+03
2.497140716993380920e+03
1.937610471727984304e+03
1.266444131596697844e+03
1.673881606350177663e+03
1.726964055334649629e+03
3.836452839303972269e+03
1.642481976563310127e+03
2.323618757050205204e+03
2.447112723643057961e+03
2.230543854545764589e+03
2.975465784754040669e+03
3.166051931870555109e+03
2.598800553990050503e+03
1.920924469880128299e+03
2.299307547246244667e+03
2.077500159813266691e+03
2.320881434857912609e+03
2.338383515057078966e+03
1.991832506521870300e+03
1.709448917843049003e+03
1.832023147571570917e+03
1.741543059032120937e+03
1.991849153849064578e+03
1.253348486733851132e+03
1.285467792873855842e+03
2.263397455819248080e+03
2.368935282501879101e+03
2.105345456177407868e+03
1.367035754365089588e+03
1.908205969314866252e+03
2.849413180229647878e+03
1.958081828062721797e+03
1.782554288185495125e+03
1.858499917164305771e+03
3.333141585007620051e+03
2.867910836942983678e+03
