2.536898619188114935e+03
2.497355683330053125e+03
2.470159346994270436e+03
4.275092505905163307e+03
4.881369405279582679e+03
5.567088347541749499e+03
3.260614235090596594e+03
4.630580181789037852e+03
1.897282856293658369e+03
1.528334208880193728e+03
1.822616533911353599e+03
1.861544988021980771e+03
1.906780453415737611e+03
1.853144532102421408e+03
1.917459149691155517e+03
1.361475411505286274e+03
1.984618483838020211e+03
1.741460409672174819e+03
2.000514617405497802e+03
1.439834407737315132e+03
1.205278041020481851e+03
1.887725394193047350e+03
3.156221739466327563e+03
4.262630508676289537e+03
4.018277767424615377e+03
3.522634265563628105e+03
5.800534232521230479e+03
3.547748542136864671e+03
3.724852418919560478e+03
3.537636837867893064e+03
3.645628153318634304e+03
3.492020338082676517e+03
2.620686862467720402e+03
3.591536801866906444e+03
4.364655146634650919e+03
4.582417129205999117e+03
4.715231669928331939e+03
4.441507052815532916e+03
2.829325859968325858e+03
2.288203183449934386e+03
3.034416357878632880e+03
3.367005914722511989e+03
3.791171323384338393e+03
3.495051217209999777e+03
3.329418801586564769e+03
4.422509268522011553e+03
3.265356162795868840e+03
4.054029708249669511e+03
4.419671553476438021e+03
3.329262445882668544e+03
5.595874169963698478e+03
5.504355189038420576e+03
4.156309234679308247e+03
6.024100888186746488e+03
5.117492904187493878e+03
3.974539416753499154e+03
4.799080754628801515e+03
3.541819284896053432e+03
3.036394236867187828e+03
8.607665541858249298e+02
2.169170241861263548e+03
2.440679099643332847e+03
1.447458468081267029e+03
2.667255974617451102e+03
2.452714819722387801e+03
2.191368871675679657e+03
2.543101500560027489e+03
2.796473725933765763e+03
2.736711098967978614e+03
1.612236708046378226e+03
2.246779272234762630e+03
3.247548985119700774e+03
2.359291155917690048e+03
1.646881596165108476e+03
2.042691140066893240e+03
2.194431333690891734e+03
1.784077948890276730e+03
3.081411902195100538e+03
2.481005966895524125e+03
3.290629695013368746e+03
2.463035617985777208e+03
4.582503080363885601e+03
3.142742354464382061e+03
3.885726158281503103e+03
3.584045730132788776e+03
4.271318555537191060e+03
3.410460340079876460e+03
4.259984832346854091e+03
4.104644829795769510e+03
3.840365520298586944e+03
4.696277108164118545e+03
4.504873625799032197e+03
3.113453761976418264e+03
3.179273780329559941e+03
2.903710949902058019e+03
3.706818136663907808e+03
4.154509374875409776e+03
3.223714052518342214e+03
3.064106878028917436e+03
3.419662324521192659e+03
2.545823404204865255e+03
2.374887819296745874e+03
3.317059799913267852e+03
2.727913235259491103e+03
2.595021340354468975e+03
2.322069233676912063e+03
3.913795231460297600e+03
3.134238312879074783e+03
3.321588807264429761e+03
2.066445087389851324e+03
2.927402551693041005e+03
2.139146670835377336e+03
3.132309311607110885e+03
3.189862035241754256e+03
3.900713642489243739e+03
3.211575355427657996e+03
4.502352927667226140e+03
3.256357250537903383e+03
4.465163058030878346e+03
5.028623052403624570e+03
3.222117215237702112e+03
3.888638129009330441e+03
4.525415740998824731e+03
2.540356674576843034e+03
3.246060493437003970e+03
4.416593888250654345e+03
3.624279250148858864e+03
2.760276529140653565e+03
3.101072021201366624e+03
3.329793557620305364e+03
3.546077177129329357e+03
2.985329314216690818e+03
3.044247142883381002e+03
3.520982754471910994e+03
3.275329311624368529e+03
3.056360540588825188e+03
4.244650297594477706e+03
3.467504418225040354e+03
4.207436107347181860e+03
4.483697172021385086e+03
4.598320374857146817e+03
3.707521834318491528e+03
3.988149647631398693e+03
3.873137357565389266e+03
4.084148810163741928e+03
3.142780123219381039e+03
3.493125497560452914e+03
4.962850091203231386e+03
3.314694741755883115e+03
2.769980385667744940e+03
4.334165133116258403e+03
2.970591272696527085e+03
3.527032554541582158e+03
4.179303799723850716e+03
3.611853635279207083e+03
4.100825800577833434e+03
3.041522748193836833e+03
2.845966311209684136e+03
3.567305553315552515e+03
3.467810735932148873e+03
2.725697374764557480e+03
1.995117972948883562e+03
2.296483991165831867e+03
2.096332958492881517e+03
1.459338252817774219e+03
1.584670332791498140e+03
1.678667929557170055e+03
2.522384992104368848e+03
2.107721953103910892e+03
1.868073519959967143e+03
2.106076584812323290e+03
1.449266583127517833e+03
1.113007730490086715e+03
1.238339037572141024e+03
1.389308158125121281e+03
1.038928857211787317e+03
1.608111717438180676e+03
2.275945862715373551e+03
1.923409308631687963e+03
2.414943251437924573e+03
2.276288836381374495e+03
1.861094397406846610e+03
2.321034583568774451e+03
2.809106233261408761e+03
2.082736140063161201e+03
1.571617938262960251e+03
1.670603567856473319e+03
1.939712825888542966e+03
2.061770026679888360e+03
1.940902933054314417e+03
2.021771598021466389e+03
1.616085529576966792e+03
2.383804988239863178e+03
1.767205612237297601e+03
2.754065984010938791e+03
3.196995052127350846e+03
2.688300348965457488e+03
3.078629013773469524e+03
2.279275597247179576e+03
1.982680914801760082e+03
1.921327497586462187e+03
1.746081613849771202e+03
2.049526902288498604e+03
1.939561956321448633e+03
2.208203526640305427e+03
2.268574064959306270e+03
2.349700474979743831e+03
2.537040633814337525e+03
2.168187747406684593e+03
1.888720940408358047e+03
1.389588409294925896e+03
1.447408800101149382e+03
2.095504289616214464e+03
2.329686380506015666e+03
2.444087028775592898e+03
2.056031518974134087e+03
1.778055657373617123e+03
1.304452124332393169e+03
1.645846488769539292e+03
2.047565129038408713e+03
2.338307207596485114e+03
2.106372188472122616e+03
1.977836435086157508e+03
1.529139049058802811e+03
1.418664767254706476e+03
1.382871407696591632e+03
1.571206245457252635e+03
2.107754591939133206e+03
1.516488835301362542e+03
2.240541290160523658e+03
2.646324361799679536e+03
2.393284394635539684e+03
3.066108570310726918e+03
1.471967204076177723e+03
1.268338002260794156e+03
1.996876232185584058e+03
2.408201174119086318e+03
1.871801865957854488e+03
2.043587922437532370e+03
1.601355598149888465e+03
1.198769431574087093e+03
1.402573465274409500e+03
1.631622163489801778e+03
1.772449342286742876e+03
1.568950400074822483e+03
1.628342361004328495e+03
1.070407770180127955e+03
1.427463841745419131e+03
1.883429422016927219e+03
9.726829622376102407e+02
9.207262069985669086e+02
1.369675891548249183e+03
1.789875355873309218e+03
1.485245282075158229e+03
1.838491025523686403e+03
1.052169743786258095e+03
7.145703382596034317e+02
7.371450145675589738e+02
8.180524738092137795e+02
1.323482602987429118e+03
1.117004275727445474e+03
1.388611269439855505e+03
1.304263769892483879e+03
9.542156720466289244e+02
1.380904372708474966e+03
1.448152684486122325e+03
1.502369170860646591e+03
1.616672429282257781e+03
2.066146085236634462e+03
1.698398228324012962e+03
1.665490018766056664e+03
1.616192025169518729e+03
1.875662070463152759e+03
1.562171416363958315e+03
1.732967523724708144e+03
1.486375938182746268e+03
1.537165887237586048e+03
1.398026673868112084e+03
1.131355263401476577e+03
1.637793561143344050e+03
1.925222045998965768e+03
1.426265089773425871e+03
1.652434592212767484e+03
1.425251986590046272e+03
1.296087968403822515e+03
1.198110195170614816e+03
1.446616114254456306e+03
1.886081619480354675e+03
1.518878615754384100e+03
1.557421402151132042e+03
9.611174287201564539e+02
1.035588211234140772e+03
1.332648217942489055e+03
2.008600909043920637e+03
1.765964196273311700e+03
1.894519072921525094e+03
2.101111012682551973e+03
1.447329285305020903e+03
1.027922266380420751e+03
9.204604781922295160e+02
9.051833040326298487e+02
1.392342486818026146e+03
1.602427128065867464e+03
1.165088549664852962e+03
1.218027800594632708e+03
1.130374543748204360e+03
8.726810740851506125e+02
9.477954472515737052e+02
8.916205693234237515e+02
7.798725393733758438e+02
1.196036119997674632e+03
1.126388233434872063e+03
1.358734979373846727e+03
1.114090125558270756e+03
1.121029370756834851e+03
1.140610501746349655e+03
1.402076303366444336e+03
9.140805089408180493e+02
7.275052595857150664e+02
1.066949041908935669e+03
8.270867387534111685e+02
7.596241494846142359e+02
1.337408541401831826e+03
9.140095760670374148e+02
1.667242877051123742e+03
1.661145840054991822e+03
1.299963443177705130e+03
1.566926540719561444e+03
1.734379085778403351e+03
2.074480922701583040e+03
2.521899351329430374e+03
2.523056557745916052e+03
2.286337798936298896e+03
1.857003036268954702e+03
1.717926198750233425e+03
2.689657003419598823e+03
1.801859917080645118e+03
2.188567190147935435e+03
1.676913123223691400e+03
2.278022198226741693e+03
1.729971997456749932e+03
1.647250727293150476e+03
1.753358565169247413e+03
1.712737402882773949e+03
1.833094344197386363e+03
1.683543495466262812e+03
1.726334051168288397e+03
1.930013373561171193e+03
1.920110066386112749e+03
2.070970525138598987e+03
2.545632936232249449e+03
2.309555571438819698e+03
2.088048123554372978e+03
2.067726175198648889e+03
2.312524794061413104e+03
2.083731544049783224e+03
2.593987098075064296e+03
2.484517587526525858e+03
2.503246530999600509e+03
2.029043271739915554e+03
1.827968277123551161e+03
2.171798810931215030e+03
2.437785944183751781e+03
2.056831515779868369e+03
1.933299844026390929e+03
2.038492352475785538e+03
2.402924056458321047e+03
2.035368747941818128e+03
2.050024118709430695e+03
1.712242890812203996e+03
2.179658957746385568e+03
2.737512821878546220e+03
2.996875716048053619e+03
2.434785357066404231e+03
2.574598511449161379e+03
2.030173637888786288e+03
1.419675783782793587e+03
1.646357692511047162e+03
2.111276285970644494e+03
1.794201044073663297e+03
1.731266992534943256e+03
2.662123036497338944e+03
1.592037709895299031e+03
1.869704901524326033e+03
2.282515585119020670e+03
1.560033869398061142e+03
2.050638076668870781e+03
1.591188021750359212e+03
1.341954580785082726e+03
1.984004976791609579e+03
2.500398720619417418e+03
1.373550126120899222e+03
1.420725651970337367e+03
2.543388121554307418e+03
1.726140491853497906e+03
1.481843118659466199e+03
1.785991158716996551e+03
1.431338606482034720e+03
1.424618591323379860e+03
1.796265316015738563e+03
1.526103309403703634e+03
1.362442098558299222e+03
1.469229314760010311e+03
1.409580980096493249e+03
1.319409136325017698e+03
1.416833309614991549e+03
1.476449337927306942e+03
1.059661741117129395e+03
1.479327887580032439e+03
1.172588005385922315e+03
1.135121248761565312e+03
1.660565710901716329e+03
1.776655409941025027e+03
1.500371968197324350e+03
9.061705969905762004e+02
8.481436814251110263e+02
1.516631845799368421e+03
1.464536583764004263e+03
1.230357149714865500e+03
1.102037566567112890e+03
8.467719446482584544e+02
1.354848728927029924e+03
1.868197059316987634e+03
1.525423757229568082e+03
2.088239700928299953e+03
1.306986415229926251e+03
1.327202969573473410e+03
1.124458179826266132e+03
1.518541313567478483e+03
9.569693519419580525e+02
1.228091668408671467e+03
1.293069994195332583e+03
1.033411959050186624e+03
7.837500036093800873e+02
1.096999487850772084e+03
7.425576491488703823e+02
8.674846975355343375e+02
1.240769526027992470e+03
1.088785224313396384e+03
2.196555804532071306e+03
1.710770801716793585e+03
1.731703765012345229e+03
1.302423747406040093e+03
1.168475490599188561e+03
1.356650920669549123e+03
1.158458578201627233e+03
1.277259956452729739e+03
1.384716697209356198e+03
1.937847784294296844e+03
1.808603539166201699e+03
2.013223457244127758e+03
1.585447646635573847e+03
1.718984271112673241e+03
2.151535063534676738e+03
2.057884398584552400e+03
1.276745375582770293e+03
1.810250891534975153e+03
1.308944998210368112e+03
2.564460377366290231e+03
2.895941060935115729e+03
3.266138921718432812e+03
2.268751449977847187e+03
2.479159330801657688e+03
2.205437659066029028e+03
1.680921963103572580e+03
1.157414341691580375e+03
1.142918993361896810e+03
1.223537693498091812e+03
1.736840844811463057e+03
1.629839736747230972e+03
1.810673426579429588e+03
2.667790009998707774e+03
2.228647913923624856e+03
2.183049032851485208e+03
1.816485513700713909e+03
1.879209776121562527e+03
2.098279078481167744e+03
1.701105126248626902e+03
1.186673869547636059e+03
1.311829775712139281e+03
1.090676226532920282e+03
1.512256056208498194e+03
2.041418074845850470e+03
1.586208917080473157e+03
1.421259775303780543e+03
1.151753512006961273e+03
9.726143541870543459e+02
9.919336228324448257e+02
1.030951974064742217e+03
1.610674496809066341e+03
1.523384484606465548e+03
1.526668560824531141e+03
1.537356705074469346e+03
1.658887593396333386e+03
1.168462093915059313e+03
1.739265669508326255e+03
1.258571722389517618e+03
1.825831927215121596e+03
