4.444961004109449277e+03
2.231707839786763088e+03
2.940251231121475485e+03
3.021924323865127008e+03
4.875040506195755370e+03
5.163179479747983351e+03
3.595253676128440475e+03
4.366066759174451363e+03
5.267141084946673800e+03
4.140701483130950692e+03
5.394556554123022579e+03
5.131334387585571676e+03
6.757054872975290891e+03
4.910941609712001082e+03
4.256166896678850208e+03
4.727585834413901466e+03
5.357472729069385423e+03
5.093117400082075619e+03
4.803362847339369182e+03
2.201657121280183674e+03
3.021677012762705090e+03
3.489169079379369578e+03
3.585959661452500313e+03
4.218613951911883305e+03
3.449221040897094554e+03
4.790151101544812263e+03
2.131864609239305537e+03
1.667082374619835718e+03
3.404674846001977130e+03
4.389276497699140236e+03
2.732060666951867915e+03
2.058506781129327010e+03
3.184397638958616881e+03
3.346171860468357409e+03
2.876304068293302862e+03
4.280720841884615766e+03
3.700854185380835133e+03
4.464899224204807979e+03
4.385302065870750994e+03
3.249885279788577918e+03
3.535905049176677039e+03
2.950281043879158005e+03
1.792245361144000526e+03
2.534242566556440579e+03
3.270306838218493340e+03
2.387040079121792587e+03
4.176274642535116072e+03
2.015590185516473184e+03
3.291993351677261217e+03
2.733133586289052346e+03
3.584694923182378716e+03
3.042022092751647961e+03
2.818384755314529230e+03
2.502192397576140593e+03
3.482909384296834105e+03
2.307787036869014173e+03
2.305350747441833846e+03
3.565508778107002854e+03
3.496834306974762058e+03
3.020655676950685120e+03
2.763414332190674486e+03
1.832852330421130546e+03
2.041756986820788370e+03
2.100266991440486436e+03
2.645708776573118485e+03
2.535541162564345086e+03
3.213286247266336886e+03
3.262925115310536512e+03
3.381169169745582167e+03
3.767903650833525262e+03
3.749490529243615583e+03
3.772970518258451193e+03
3.734657603691108307e+03
3.510700750408473596e+03
3.559935860386833610e+03
3.374938213453694971e+03
2.175312932456498402e+03
1.584924327280416719e+03
2.523780530133602042e+03
2.190055967984859763e+03
1.265245882716559208e+03
1.226543884195676810e+03
1.650295361662997038e+03
2.261364777067660725e+03
3.205669813773724854e+03
4.418422102385494327e+03
5.031506102329309215e+03
3.715803553851471406e+03
5.086061887449631286e+03
4.749333539421159912e+03
5.040238202658943010e+03
3.862492767434738653e+03
3.940697952736796196e+03
3.507713343674513908e+03
3.575044982117393374e+03
4.150790837609432856e+03
4.086695648424896717e+03
3.356096484239013989e+03
4.971232810794756006e+03
4.184549060967002333e+03
5.070804919465237617e+03
4.950026284581058462e+03
3.852327051518670942e+03
5.011125146606904309e+03
5.488449406978152183e+03
4.603303457026271644e+03
4.467192316026037588e+03
4.479562955581240203e+03
5.615378602780498113e+03
4.291562074919617771e+03
5.273212104943018858e+03
4.803215507915879243e+03
5.082872786601255029e+03
3.491123065920568024e+03
2.506261146909766467e+03
1.973538139709868346e+03
2.172024879285339466e+03
2.336950227124415960e+03
3.490817827573818704e+03
2.543163634492000256e+03
1.632613137353135926e+03
4.470054845267434757e+03
5.409805549412857545e+03
4.113028767071553375e+03
3.920599407268368395e+03
3.693297685229696981e+03
1.539222813369757205e+03
2.372225620524671285e+03
3.198954134596509448e+03
3.302910264496596483e+03
2.896440903963481560e+03
2.354973319985973831e+03
2.436950858732303004e+03
3.045695075558831377e+03
1.994861450228606373e+03
2.505002507597848307e+03
2.955186888417197679e+03
2.119767440826754409e+03
2.547613568196723463e+03
1.372697070374438681e+03
5.987060159994117384e+03
3.859497284519935420e+03
4.463745566861387488e+03
3.829025462034858720e+03
4.502769065476823926e+03
5.163766897340591640e+03
4.711926526335564631e+03
3.143166204023807040e+03
3.399822602110893968e+03
2.882451815371010980e+03
3.139356554217105895e+03
5.179720546422720872e+03
4.682858464149370775e+03
3.961936237616062044e+03
4.652638715311184569e+03
4.305930797432971303e+03
3.692543714882850963e+03
4.172851534539049680e+03
4.865391965737688224e+03
4.055865572061531566e+03
2.505097008082896991e+03
3.793203395175322385e+03
2.964837149251391565e+03
4.543646934923592198e+03
3.936835185051824737e+03
5.401595571379440116e+03
4.628009606871682081e+03
4.834780354780092239e+03
2.188891035189119066e+03
2.216759723229444262e+03
1.698813890786365164e+03
2.116102648151596441e+03
2.204100149571669135e+03
2.933388302649940670e+03
2.822107282406215290e+03
3.251575806450736309e+03
1.955792747736223419e+03
2.237485391688996060e+03
1.826462409530020977e+03
1.851010181446323713e+03
2.035869471146512524e+03
2.347431817992192464e+03
2.593333063698707974e+03
2.707152458276585094e+03
3.040090137106921702e+03
3.192839468575841238e+03
4.113566402553700755e+03
3.645569802694649297e+03
3.504165606583052977e+03
3.173912578817050871e+03
4.229124187834348049e+03
5.342132697650949922e+03
2.742186090342182524e+03
4.783047604067613065e+03
4.446686346114712251e+03
4.600218243770036679e+03
2.176437704955123991e+03
3.836445878466989598e+03
4.257890472776757633e+03
5.136037024895296781e+03
3.520739093584276816e+03
3.931241743362400939e+03
4.554673249676582600e+03
4.685733258644726448e+03
3.471099326344392011e+03
1.975345696054510881e+03
1.354757879651330086e+03
1.349084384356678584e+03
1.171765829068719540e+03
1.532615191105260465e+03
1.324492292042195686e+03
1.456266916449860219e+03
1.966832661053642141e+03
1.951916997654318720e+03
1.557476892248382001e+03
1.838847331928823678e+03
2.586107072172304015e+03
2.273629388743953768e+03
2.245794465690978541e+03
2.866713803101789836e+03
2.346751738501620821e+03
3.582778654851924784e+03
4.205992519791177074e+03
2.988605378715372808e+03
1.878121316493771019e+03
2.993987768628194772e+03
2.230785128902636188e+03
2.650640670130902890e+03
1.539753773642632723e+03
2.477748773195357444e+03
2.913504641722220185e+03
1.988323760873217452e+03
3.296957550610245107e+03
1.524539845166981422e+03
2.193686842392126437e+03
3.046488504368105168e+03
3.587610027368167266e+03
1.789319836568889286e+03
3.959849491090082665e+03
2.826614300294942041e+03
1.548419706914012295e+03
1.656897025958756103e+03
1.812601881710602356e+03
3.402053184276823231e+03
1.665591242509863378e+03
2.367595347015514562e+03
1.907418752505904422e+03
2.230741071890105559e+03
2.700570101828835050e+03
2.125228203996432967e+03
2.422633918075845941e+03
2.175781622181013972e+03
2.381552499276267554e+03
2.094428712797380285e+03
1.956220523147954054e+03
1.974049886428603713e+03
2.466516197363523588e+03
3.409051247475538275e+03
2.629557233483494201e+03
1.725431295357134559e+03
3.140348530143472090e+03
3.219313552699936736e+03
3.110903704513439152e+03
3.007922703688586353e+03
2.160024261196260341e+03
1.865076282587732521e+03
2.191713135550205152e+03
2.140644568761550545e+03
1.638428505209480818e+03
2.431168651944582507e+03
2.530330403214602484e+03
1.806051546790968359e+03
2.066405047009872760e+03
2.117768629887700627e+03
3.741218608365805267e+03
3.026392278338092638e+03
2.394866064111417927e+03
2.077201132505994792e+03
3.094189604627274093e+03
2.046645816610825932e+03
2.047036791801285517e+03
1.792962299436756439e+03
1.514138906132804095e+03
2.221006794645956688e+03
3.760196023550482096e+03
3.780285923759849084e+03
2.817163163768065260e+03
2.492775204584452240e+03
2.911325205580451893e+03
2.218390415156815379e+03
2.903249460800151155e+03
4.262579770762446060e+03
2.514360404144345466e+03
1.568104963129043881e+03
2.572591974867662884e+03
2.198437284437364269e+03
2.093870680164165151e+03
1.942151965788085136e+03
2.518841638828495434e+03
2.306922034854556841e+03
2.283606203984267722e+03
2.098904527058482472e+03
3.456099373705405924e+03
3.936778024215496771e+03
1.706192144534042427e+03
2.158464349168139051e+03
2.165584651140820824e+03
2.601856207945319966e+03
3.160418045915717812e+03
3.141993273330515422e+03
3.598217348385513105e+03
2.373144204444476145e+03
2.610808242771624919e+03
2.547861220685757417e+03
2.966673932548062567e+03
2.328363866120700095e+03
2.136941692599724774e+03
2.991334929157954775e+03
2.460072847295396059e+03
2.351363165709149598e+03
3.070498192506095165e+03
3.286651670543522414e+03
3.356126333661263743e+03
2.709086114311468918e+03
1.996165388051607351e+03
2.312167337932289684e+03
2.758085383558363901e+03
2.014431527755677280e+03
2.519514620011725128e+03
3.240596322761126885e+03
2.547021341001046949e+03
4.142269767799039982e+03
2.514742061664696394e+03
2.090258013629294965e+03
1.921062991538837423e+03
2.642307241349422839e+03
2.558404147028440093e+03
2.548762620521666122e+03
2.304566630904032081e+03
2.730890638085038518e+03
2.275365366309844376e+03
2.709948512128272796e+03
2.569977172709002843e+03
2.260777863887838521e+03
2.717804943385038769e+03
3.134220125396936510e+03
2.239166867925704992e+03
1.969441314023768882e+03
2.304571944498301491e+03
2.050414035003121171e+03
4.478774018308703489e+03
1.993110817909172738e+03
1.516810537555633573e+03
2.550912370826382357e+03
2.357001817572381697e+03
2.643729160100019726e+03
2.156217259620393179e+03
1.300902765109961820e+03
1.720819058794224247e+03
3.114434717732300214e+03
1.855478283908167896e+03
3.726597658252735528e+03
2.203043440947932140e+03
1.474904381071193257e+03
3.780880166989142253e+03
3.421247160029667612e+03
4.174603194086035728e+03
5.094167066555319252e+03
5.009952877475028799e+03
4.704949115848694419e+03
6.107002816880559294e+03
3.486626333232731213e+03
2.287724535699693661e+03
2.206951576576390835e+03
3.498221550077715165e+03
3.197780859604364196e+03
2.896978548889286230e+03
2.961869509331344034e+03
2.764793481547460033e+03
2.025465693650768799e+03
1.143435348382143275e+03
1.846429980384585406e+03
1.135389033822491456e+03
2.109083146318396302e+03
1.800408884814155726e+03
4.271036698441690532e+03
3.792606985602853911e+03
3.631708668618871343e+03
3.333215081749803630e+03
4.326208784569404997e+03
3.899096318369593519e+03
4.181524783328131889e+03
6.329875936927603107e+03
4.655592598276952231e+03
4.221100482059623573e+03
5.089418970124848784e+03
4.274257612462797624e+03
3.412591327891253513e+03
2.741922454294677664e+03
2.289496383409833470e+03
2.367332945231526992e+03
3.501586173823817717e+03
2.303547489043434325e+03
2.123509400616241692e+03
2.714966715357630619e+03
2.705087970519954979e+03
2.243908416515599129e+03
2.059951027837613310e+03
2.106865532354613606e+03
3.237800262679773368e+03
4.621498226025300937e+03
2.158490823416818785e+03
4.485307858806863806e+03
3.993874839338041966e+03
2.793919097994493768e+03
2.870841938426794968e+03
2.399209541623310997e+03
2.592738346800849740e+03
3.475283475401801752e+03
4.254108113462824804e+03
4.168848984626090896e+03
5.738409265318058715e+03
4.389579768032413085e+03
3.778617712574725374e+03
5.111272286993320449e+03
4.450959382053504669e+03
4.004741002548590131e+03
4.781695934689379101e+03
2.057953704903028211e+03
1.515577018827606025e+03
1.711766581421990168e+03
2.351826333003618856e+03
2.743521469291606536e+03
3.370755200788722505e+03
2.498464768888976778e+03
3.336603083511119166e+03
2.157909808900057669e+03
2.808376864505784397e+03
2.559680308146487732e+03
2.697755821240710247e+03
1.994178435246058825e+03
2.269518380267859357e+03
2.836086956316850774e+03
3.729452243458234079e+03
4.331225758153628703e+03
5.222478782951858193e+03
5.594123839225441770e+03
5.795791819086697615e+03
5.813974547614273433e+03
6.897123490497341663e+03
5.262476905821160472e+03
4.723069062450758793e+03
4.122858260104790133e+03
3.461698645168487019e+03
5.462697990221661712e+03
3.590595005961255538e+03
4.259032079983297990e+03
3.606281260669200037e+03
2.658147153928393891e+03
3.725480902858050285e+03
4.239686866988747170e+03
3.628989778943927377e+03
3.220806267647688401e+03
4.109370011434146363e+03
4.723555784063961255e+03
3.289677552422359895e+03
4.483985395302548568e+03
3.281511009556176759e+03
4.222642532875378492e+03
5.318576605648802797e+03
4.531388505431147678e+03
2.863071558850054771e+03
2.193331557277771481e+03
2.951896969854812596e+03
2.346268196262159108e+03
1.483593500074510530e+03
1.708182059882268732e+03
1.179801944300158539e+03
1.294825425380397746e+03
1.554709637056071415e+03
1.795763646920304154e+03
2.209110422306333476e+03
1.801861648539939324e+03
1.839048030178452109e+03
2.631904736285529452e+03
2.113081619351050904e+03
2.561623255495442663e+03
1.893778441832482031e+03
2.381998388496944699e+03
2.456039840812912644e+03
1.638103795405036408e+03
1.644433456637011204e+03
2.617203271477955695e+03
