2.694796903920440400e+03
3.167461904936532846e+03
3.598421688819090377e+03
2.312379844016463721e+03
1.348102661627184489e+03
1.159367586921067414e+03
2.192987191964596150e+03
2.358982872562095963e+03
3.021347695593080971e+03
3.011938702868018026e+03
3.869689936292148104e+03
4.008906968687771041e+03
4.021681753786332592e+03
4.280097518699827560e+03
3.499090101257209881e+03
5.087907981384099003e+03
6.327613358679347584e+03
6.147507738022256490e+03
4.772014797120621552e+03
3.686383623834868104e+03
3.972167217729296681e+03
6.393031764817003022e+03
5.708183282319418140e+03
3.373761894288804797e+03
3.809418576153547292e+03
2.847231619432776824e+03
3.471966981108282653e+03
3.086686603691186974e+03
2.587364215094759402e+03
3.246891423131778993e+03
1.991541392171384814e+03
2.522715929814370611e+03
1.806588022660078650e+03
1.606328262388367875e+03
1.303441632811780664e+03
4.389380621244204121e+03
5.825819024087529215e+03
4.658478752755736423e+03
4.152276011779341388e+03
3.726213080356410501e+03
2.967731512635461968e+03
3.218613882961742092e+03
2.340336263180715832e+03
1.217498147275969586e+03
2.816015384999402613e+03
2.645790674557078546e+03
1.941103529763342067e+03
1.352352135409980292e+03
2.706592640709916850e+03
3.371368818448102957e+03
2.460336008541931278e+03
3.285351617519947013e+03
3.432481951864319853e+03
3.635597700479770083e+03
4.043725509181228972e+03
3.777408698942185310e+03
3.348810288634511835e+03
3.977137359704603568e+03
3.430809145868940504e+03
3.467643129665176730e+03
4.133085219458917891e+03
3.567061799265824448e+03
3.740031968253982996e+03
4.104595217645794037e+03
4.249939424618948578e+03
4.155971036057540914e+03
4.053594296334438695e+03
3.316989523416923021e+03
2.914429821269134663e+03
2.540921981166400656e+03
2.559328024899539741e+03
2.019383359068877098e+03
2.432192410589872452e+03
2.592076109460663247e+03
2.375428186995205579e+03
3.153836866059558815e+03
2.616669495385163373e+03
2.442819700077006019e+03
2.758415427534279388e+03
2.863438135276510366e+03
1.963840726620547002e+03
2.534183057571397967e+03
3.024961954691440042e+03
2.956192164352625696e+03
3.062739659567542276e+03
3.021272464702752131e+03
2.392291326421465783e+03
2.339948710086948267e+03
2.357819450704226256e+03
2.305945481921903138e+03
2.888009505438340966e+03
2.303111933406350090e+03
2.082885776844029806e+03
2.178542241278432812e+03
2.142888703453240396e+03
2.093131319052707568e+03
2.362969305815300686e+03
1.945257824464972600e+03
2.256200594285570787e+03
1.712555442470265234e+03
1.952204884518662766e+03
1.852401930507333873e+03
1.660693438033597204e+03
1.067582726529781439e+03
9.420322959895752319e+02
9.562970359588629208e+02
1.559578572088895726e+03
1.387072211851936345e+03
1.263237067030537219e+03
1.207763403408501517e+03
1.113976235503459293e+03
9.135431332343216582e+02
9.892754102709229755e+02
9.727834081370843933e+02
8.905223359587768073e+02
1.082089631587721897e+03
1.004528125540347787e+03
5.966494361218817630e+02
5.406826218627782055e+02
5.570053541935938028e+02
8.851261463649420875e+02
7.981783814833714814e+02
7.922981832529377471e+02
9.687791801750869354e+02
8.803768550635031716e+02
9.900530242693442915e+02
9.581112088809899205e+02
9.849122703604180060e+02
9.516199128293957301e+02
7.596430709526833880e+02
8.246131540795682895e+02
8.237621103791749420e+02
9.576996830564033871e+02
5.991910724376966755e+02
6.506035137535351396e+02
7.141909282871673668e+02
6.673899515394709852e+02
7.850296813377043463e+02
7.137382110209009625e+02
1.254647669620645729e+03
9.061147097328542941e+02
9.131245989643631447e+02
1.077841358399254432e+03
6.728164854302646063e+02
1.033440237990452260e+03
1.024948392184817294e+03
9.758487145418515638e+02
1.100143373351079163e+03
1.012392485843484224e+03
8.306586449641504259e+02
8.054340109825733407e+02
1.259489876819598067e+03
1.227652463578846209e+03
8.350417520781420535e+02
8.682650238107349878e+02
1.150529829757345169e+03
8.779976730531226394e+02
1.551211500647352295e+03
1.840505657031470946e+03
2.270389439273169501e+03
1.374208869765624286e+03
1.054903783058910903e+03
5.968048444984691514e+02
8.267487797472878128e+02
1.103892332925676783e+03
9.117655040317632711e+02
1.267841332792730555e+03
1.700512925560529084e+03
9.940233570081452399e+02
9.078042402925339047e+02
9.449275255888026095e+02
9.140666344418866629e+02
1.116633542367263544e+03
7.961335307418494267e+02
6.226655671485382300e+02
7.091061008383608169e+02
9.479216388179853539e+02
6.530923789079664630e+02
7.690452260534722200e+02
7.364324975293542366e+02
7.870977515436657086e+02
5.940399027550269011e+02
5.303125775098271788e+02
4.508912917545322898e+02
6.079969477764984731e+02
1.067090367080459373e+03
8.093885260618934581e+02
6.798826220774686817e+02
1.054602814943392787e+03
1.478075739596735502e+03
2.352458907121480479e+03
3.328597484676851309e+03
3.778689325186443966e+03
3.573230853913514238e+03
3.550258250370317910e+03
3.264065421717534718e+03
2.430390203255255528e+03
2.422762677142135544e+03
3.399971900452000682e+03
3.535874913116166226e+03
5.256704769432676585e+03
4.721774170927986233e+03
4.793404447792619976e+03
4.582817356905216911e+03
3.788339879149171338e+03
5.134178835680851989e+03
5.052807904974747544e+03
4.854938435984247008e+03
5.058881344510669805e+03
3.561650257975274144e+03
3.756115697741103759e+03
2.784970632955797100e+03
2.560591472896030155e+03
2.209209811656914098e+03
3.381928427766404639e+03
3.616424687279761201e+03
3.564162676528058000e+03
3.386667110445157959e+03
3.165875968680691130e+03
3.253695969794714983e+03
2.989707563301886694e+03
3.528768380693704785e+03
3.653994162866322313e+03
4.499267248470961931e+03
2.655670315339293666e+03
3.520780319019875606e+03
3.460055864614274924e+03
3.276595880774954367e+03
2.456573484717885094e+03
2.477881967042093493e+03
1.938090570759160073e+03
1.762558247721822454e+03
1.412150843177598290e+03
1.248737399487955372e+03
1.338771407136088555e+03
1.108036802385296824e+03
7.475988975133002441e+02
9.571855525232865602e+02
8.781143839911068198e+02
1.274041020962695029e+03
1.134368758099630213e+03
1.132367186123384499e+03
1.320512861058470207e+03
1.520724451158907641e+03
2.172028495487771124e+03
1.313407891161355110e+03
9.825768243717504902e+02
1.331863444451652867e+03
1.140468491396466789e+03
1.188956774236762612e+03
1.124498438194389564e+03
1.383826538416754374e+03
1.104784908222662580e+03
9.615047029287180749e+02
1.204643252435086879e+03
1.078300764233670179e+03
6.960776348001974156e+02
9.692783549439527633e+02
6.429688239534129934e+02
7.803394421439836606e+02
1.088328084326027238e+03
7.250716520431589061e+02
7.766873893003709100e+02
7.153005862360464562e+02
9.109030061429914440e+02
9.431666118905691292e+02
1.026019335524768167e+03
1.301866111750709706e+03
9.027819621734109887e+02
7.875612178386736559e+02
6.250652201847760807e+02
1.041165869037322636e+03
6.291463551780735770e+02
6.394039880331946506e+02
7.086390909612015321e+02
4.931572166455770230e+02
5.794789232476141478e+02
5.331918481094359095e+02
7.782373868528242156e+02
8.453289568944173880e+02
8.147281389586070190e+02
7.191479508231309410e+02
7.156730461504881760e+02
6.182471421976654256e+02
5.876668260217372790e+02
6.054361284705646540e+02
8.219931086640146987e+02
8.890654832325296866e+02
1.070952927987655357e+03
9.585065129716304000e+02
9.923815908879805647e+02
9.363082334315812432e+02
5.123140576475950638e+02
5.895648014424681378e+02
7.314389928963792045e+02
8.825818804480323934e+02
8.447858477824137253e+02
7.966538524670044126e+02
7.253331963713109189e+02
8.742798071391057420e+02
6.227012997768994182e+02
7.357296803617020942e+02
9.161524194700668886e+02
7.299689095978826572e+02
9.334417518773989286e+02
8.473841114922431643e+02
1.004032814163456578e+03
1.587996146872463896e+03
1.673710426560199039e+03
1.359909321856016049e+03
1.282016801269432790e+03
9.588040001884924095e+02
7.087726174896529301e+02
5.494074913853189628e+02
6.339707030848755949e+02
1.037041000755981713e+03
8.619301069084388018e+02
6.421927413194747487e+02
4.993943079208524978e+02
1.037301197807011704e+03
7.266240315343136444e+02
1.188158159053378768e+03
1.241875363439762396e+03
1.372047996026825103e+03
9.851925650327727908e+02
1.015946303342278156e+03
1.019719751930430789e+03
3.961658939994464959e+02
4.317730057382894984e+02
4.654884035214602136e+02
6.132104088830188857e+02
7.434997141810748644e+02
6.732310270761845459e+02
4.015362563895407106e+02
5.714377725569955828e+02
6.724805979184433227e+02
9.908970126397616696e+02
1.145975101919788585e+03
1.232846292042876030e+03
8.595973779350650830e+02
7.288961729154384557e+02
8.346184420160059290e+02
6.909388672477292630e+02
8.288583735005074686e+02
7.928238752122557571e+02
7.832535832887111837e+02
5.778818101823527513e+02
7.622947790489697582e+02
7.677827392486271947e+02
6.050753297356760640e+02
7.005071586354583815e+02
7.445359265109412945e+02
7.313401795513905199e+02
7.083872205447041779e+02
6.395988789766839773e+02
8.470761738954583961e+02
1.816315644766978494e+03
9.204336087977459329e+02
1.159584031393816304e+03
8.006657019848396430e+02
9.094218126910254796e+02
5.719702928467746688e+02
5.963692545713897744e+02
5.866646959487072763e+02
8.152965230069654581e+02
8.665303734289788054e+02
9.442042041323427384e+02
8.213793327527282599e+02
1.355448349877840883e+03
1.077925920431051964e+03
1.380702728409142537e+03
1.104634053613398237e+03
1.139768069810085763e+03
8.654801953293668930e+02
9.736085276102626267e+02
1.005257109407738653e+03
8.004844922231302462e+02
8.566568440900696260e+02
9.063840453283683019e+02
8.564918011058521188e+02
1.042795434792056767e+03
8.614022953209361049e+02
1.231123527128922206e+03
1.362967862854536179e+03
7.090844525382711936e+02
6.209436893605728756e+02
7.557546820607561813e+02
1.192826098588855075e+03
1.676136267754565097e+03
1.097249327521177747e+03
1.179061430755332367e+03
1.960214796556834472e+03
1.576846927548240501e+03
1.547728682105235293e+03
1.733424768530804158e+03
1.200188677641946242e+03
1.311671806342931404e+03
1.651146337044903930e+03
1.763996384397483325e+03
2.238721829271461957e+03
1.856465351920652893e+03
1.398086028906792990e+03
1.150338072710986353e+03
7.522071461258766476e+02
6.795431350404496698e+02
7.971492027436192984e+02
7.228252022211099757e+02
9.126147337072368373e+02
8.421093110273301363e+02
8.901429280882617832e+02
1.216654802283738491e+03
1.541158497099665738e+03
1.949126755507696316e+03
1.644161912734072985e+03
1.025871033447333730e+03
6.517307328777803832e+02
5.528593628164725260e+02
6.771174087260116039e+02
4.991059781958724102e+02
5.230028995989822533e+02
5.563029754437279735e+02
5.415169202290584280e+02
6.613596226400131854e+02
5.717696327328740153e+02
4.418806271972710533e+02
4.165229510292193140e+02
5.580986849479398870e+02
9.354069683766037997e+02
6.969957644092182818e+02
8.603072751917043206e+02
5.112783171046486359e+02
5.923749202648897381e+02
6.934544516765921571e+02
5.736861610550391788e+02
4.477203244334086776e+02
4.881436142620505052e+02
1.132687118265284425e+03
8.396306453137975723e+02
7.660730582588539619e+02
7.810952094586199337e+02
1.345947391054853142e+03
1.279681887995448733e+03
7.866253103014510089e+02
6.452845720170483901e+02
6.092097678254829134e+02
6.854870513431878862e+02
7.409006970808258075e+02
5.639838306526886527e+02
4.108317424740697561e+02
4.583373166405244774e+02
4.044532187011541282e+02
4.213411637142423842e+02
1.059167345098624310e+03
8.058321809442621770e+02
6.634937587193095396e+02
7.120317693944588200e+02
1.071164973272173711e+03
9.436906793057790992e+02
9.114342108471639676e+02
7.765744629733077318e+02
1.161087549944865941e+03
9.076432959901130744e+02
7.067020782046387239e+02
1.060371071577693783e+03
1.070157292695459546e+03
6.629633308455114502e+02
5.626098982846413037e+02
6.508634771550050573e+02
7.702266056730513810e+02
1.009167258828455033e+03
1.134513670234929123e+03
8.898356971488427689e+02
7.768666034550441282e+02
6.204330987962619020e+02
5.252363049509580151e+02
4.945471002349082710e+02
4.983299998898187368e+02
6.459987524837616775e+02
6.809629773882332984e+02
1.086652300595983661e+03
1.392257264758738302e+03
7.344302702980331787e+02
6.689104288325694370e+02
8.054336470896328137e+02
6.349105097050613722e+02
4.462606879025746025e+02
4.739536750755804633e+02
1.131158969168779095e+03
3.640871913463806777e+03
4.217312263991948385e+03
2.284071299571656709e+03
5.345913243953572419e+03
4.272546222878184381e+03
6.149932332820739248e+03
6.013824164424265291e+03
6.677243156851010099e+03
6.730819341942025858e+03
4.272157072917344522e+03
