4.028186441881658993e+03
4.496576521460131517e+03
5.061069295257742851e+03
5.082597429125822600e+03
4.817754013566935100e+03
3.802417580996666857e+03
5.055780628175923084e+03
6.422093006330745084e+03
4.692276079070240485e+03
4.356558403342242855e+03
5.368900906879830472e+03
5.434357549411261971e+03
7.369234965474941419e+03
5.388276566651393296e+03
4.471477817933368897e+03
4.334769493259428600e+03
3.702694188295119147e+03
3.462606986278745353e+03
3.979026205744187337e+03
3.546577394309064402e+03
3.261985231640930124e+03
3.492138501544202427e+03
2.235294764600454528e+03
2.766054907962225570e+03
3.822357317296336078e+03
3.889999199792153831e+03
3.415164183478433188e+03
2.538746015857018392e+03
2.039768478293990938e+03
1.580486459025585418e+03
2.999652990963571028e+03
2.056506994718885835e+03
2.169905518664711508e+03
2.401108212337099303e+03
3.103640481628218822e+03
4.051186731650995171e+03
2.618707431445168822e+03
2.551260623227205997e+03
3.575964768056617231e+03
3.924053023982871309e+03
2.775390869401058808e+03
2.811064766783632876e+03
4.330467593660512648e+03
2.962543410285486971e+03
2.905013087815318613e+03
2.174094326302285026e+03
2.995118870931518813e+03
3.137434617345170864e+03
3.478919617873723837e+03
3.438840400857901386e+03
3.179594485174941383e+03
3.220534986355226920e+03
3.118033121956871128e+03
2.485710810579496865e+03
2.099155629697521817e+03
2.626547121002644872e+03
2.200486514768557754e+03
4.013342378986888889e+03
4.215091062927705934e+03
3.817555443421118980e+03
4.017614450941066934e+03
4.904439735923071567e+03
5.919022451579849985e+03
6.035182289606838822e+03
6.800483776803445835e+03
4.261616035786816610e+03
4.488262184176856863e+03
4.091203759569143585e+03
2.944434752902569016e+03
3.460085621968537453e+03
3.736975403503205598e+03
3.864262091456724647e+03
5.226710149519573861e+03
5.256978756283647272e+03
5.218243500987146035e+03
4.320494292729326844e+03
4.329609892856287843e+03
5.366032473684541401e+03
2.914397800877148711e+03
3.980008562432109102e+03
3.435775956577842408e+03
3.519581843081683928e+03
1.858297954936021370e+03
2.385330811672648906e+03
1.846827439854648219e+03
2.245930825265782460e+03
2.599287044377919756e+03
2.387007446186425568e+03
3.349714855460491890e+03
2.301694384340364195e+03
2.198254786608710219e+03
2.150830651987097554e+03
1.787970379822309951e+03
2.880884116510365402e+03
2.708220917059014482e+03
3.865869434713859846e+03
4.382225113998450070e+03
4.302160370403428715e+03
4.066192816805484199e+03
3.050182106432651835e+03
3.128944134627349740e+03
2.492439757992632167e+03
2.883395320778963651e+03
1.626414057241443288e+03
2.048608420845947421e+03
2.209228338500686732e+03
2.408426108303894125e+03
2.857115318962950823e+03
2.046893749035911696e+03
1.840685454165733063e+03
2.479732313459924626e+03
3.396048639717650985e+03
4.521654083138586429e+03
5.281187413732603090e+03
4.621497748538727137e+03
4.050849483160529417e+03
3.200831097485740429e+03
3.613401634305600510e+03
3.960735655983248762e+03
4.110720878754707883e+03
4.194896319570515516e+03
4.801443551274272977e+03
4.396704688471828376e+03
4.436377089279154461e+03
4.330320878812084629e+03
4.711800400346674905e+03
4.285561011846893962e+03
2.869444431795612218e+03
3.923746943942661346e+03
2.081809130065119007e+03
2.223405603906943270e+03
2.623348853820885324e+03
2.589230683871862766e+03
2.612080315578835325e+03
4.050316064550418105e+03
2.948628658722340333e+03
2.302747836733072745e+03
4.015504045452256833e+03
3.484635432226574267e+03
3.597576487684224048e+03
1.689416700859987714e+03
1.913339962383003240e+03
4.067923977689208641e+03
5.476469042745056868e+03
3.731205313718030538e+03
3.524730458557309703e+03
3.306067805631038937e+03
1.917841119113348441e+03
1.518331533834686297e+03
1.998510301417327582e+03
2.796990596743405149e+03
3.114795757717977722e+03
3.057120967902976190e+03
4.377461634743078321e+03
4.223821371286769136e+03
2.708872577555394400e+03
2.471725654689194471e+03
3.488703066372379453e+03
2.560932351294501586e+03
1.880045190125740646e+03
3.600190786878317340e+03
3.243356600158303081e+03
3.400163103380243683e+03
3.658112902247808051e+03
2.958604280811562148e+03
2.850329940646804971e+03
2.487475798288680380e+03
2.014101427399554495e+03
1.642950061721955535e+03
1.684524067405076948e+03
2.082071703646657625e+03
1.765475657993189770e+03
2.175581022220486375e+03
2.459696495280107229e+03
1.687688187143006189e+03
2.048681400805276098e+03
2.979874050215507850e+03
4.791370491363916699e+03
5.118191624343822696e+03
5.574851469036051640e+03
5.487103040525705183e+03
5.034335025922287969e+03
4.747430830747492109e+03
3.640620165182297569e+03
2.612969857587195747e+03
2.026616260239519079e+03
2.436010769061189876e+03
3.005258721353834517e+03
3.192839204804634392e+03
3.554817768514182262e+03
3.539621273823725915e+03
3.621600660438495197e+03
2.951321494752095532e+03
3.265733344430955185e+03
3.817164746083922182e+03
4.336154187048197855e+03
3.698974880913073775e+03
2.229841192625810436e+03
2.779306958322473292e+03
2.427388914139102781e+03
4.001105543527944064e+03
5.252202008103856315e+03
3.359915576978320587e+03
2.452367533469042428e+03
3.074996393741174870e+03
3.076993575444922044e+03
2.544581044841393577e+03
3.147698841584995080e+03
2.383592441671175493e+03
1.769885535215059917e+03
2.487180041033776433e+03
2.968350315292471805e+03
4.013292937393933698e+03
4.013235724084214326e+03
4.504205841604155466e+03
3.880751406966419836e+03
2.718343769931192583e+03
2.893169939820512354e+03
2.232574298315878877e+03
2.665163690687824328e+03
2.037724475264607236e+03
3.347844121205140254e+03
3.783709682097185578e+03
4.029257199371548268e+03
3.584577846022695212e+03
5.060791111982473922e+03
6.381662629464603924e+03
4.702065733540012843e+03
7.147587495050926009e+03
5.181207387131844371e+03
5.966771850074829672e+03
4.654028710610880808e+03
4.841267051729778359e+03
3.450248728291817315e+03
1.466677719273386174e+03
1.861215146349006091e+03
2.331120364237940066e+03
3.501687564223973368e+03
3.723323787057191112e+03
2.943284800895631179e+03
2.536337623399873337e+03
2.644984400365261990e+03
5.013586746581674561e+03
1.669583024047207346e+03
3.632608755246742021e+03
2.431908546876704349e+03
2.878264684179345295e+03
3.646651706922908033e+03
2.244769513818170253e+03
1.883509617631849551e+03
2.059739025306918393e+03
1.903215719237345866e+03
4.081573493601411883e+03
3.392649770793781954e+03
4.305610656588251004e+03
4.166459869859242644e+03
3.459947106551481284e+03
5.777239295322598082e+03
4.563685065256693633e+03
4.913743462968624954e+03
4.717137335036337390e+03
3.643540610729121454e+03
2.211751190919862893e+03
2.819955863160220815e+03
1.444721082036932785e+03
3.525949306945831268e+03
3.449163985300929653e+03
4.914072916344945952e+03
4.560249308801757252e+03
4.034495853867721053e+03
5.593365442124674701e+03
3.586205691138563907e+03
1.829455009802878067e+03
2.176603617209122604e+03
3.167581705755912026e+03
3.463398832076381495e+03
3.600244393349877100e+03
5.456589249050533908e+03
4.515146300757021891e+03
5.596578477234980710e+03
4.845267028758118613e+03
4.674870263932426496e+03
6.852497239245648416e+03
5.214713115175118219e+03
5.361467485492434207e+03
4.036937671584672444e+03
2.925956503209244147e+03
2.710781829637337523e+03
4.116984743306667951e+03
2.426033841971223410e+03
5.127684549722653173e+03
4.637511905768285033e+03
4.381642624517653530e+03
4.902981498688528518e+03
4.876158593587951145e+03
5.671406018024043078e+03
4.683168114743992192e+03
5.114230026539255960e+03
6.158499935417370580e+03
5.115726853090306577e+03
5.298964355338268433e+03
3.997128659236588192e+03
5.172778642726993894e+03
4.798759178832950965e+03
3.980626297470373174e+03
4.112501330526000856e+03
3.769402679041093506e+03
4.667332732498249243e+03
4.676644184611265700e+03
4.003002548858944920e+03
3.644864480781563088e+03
2.423741211779336027e+03
2.932132339058080561e+03
3.104650389982900379e+03
2.609725178521879570e+03
3.070440033871093419e+03
4.665923568794877610e+03
4.444563227698869014e+03
3.625338714970607725e+03
2.986843147621039407e+03
3.050563225037165466e+03
3.499647984471595009e+03
1.982334435023782135e+03
2.338692385845128683e+03
2.651243134150123296e+03
2.871101561580828729e+03
3.660286384841368090e+03
3.937345279662498342e+03
4.755430199258708853e+03
4.848115236364849807e+03
4.102770167750282781e+03
3.994677868361635319e+03
4.644225729912212955e+03
4.081966294732638744e+03
3.256663106896519366e+03
3.196629901958119717e+03
3.241204001734794474e+03
3.483271190662263507e+03
4.000377381066079124e+03
3.202116306285940937e+03
3.126062772558121196e+03
4.009314388014776341e+03
3.157495079685987093e+03
2.421621297850864266e+03
2.658312338128793726e+03
3.138948378611331464e+03
1.690294229822456145e+03
3.846217150639421561e+03
3.789447518160854997e+03
3.991844761108533021e+03
3.060013895883559144e+03
2.873415663836531166e+03
2.286439550868447895e+03
1.852749570055718323e+03
2.447365521804205400e+03
2.369866675041309918e+03
2.972184623126982387e+03
2.771720457913262635e+03
3.086136018948278434e+03
5.287269318606753586e+03
5.192742634073409135e+03
3.635715636941609773e+03
3.632949023497802045e+03
3.617867058478575927e+03
2.591245168607024880e+03
2.886469607632479892e+03
2.588766300688848787e+03
3.027582847834831227e+03
3.015515986028101906e+03
4.520046204069087253e+03
5.134075420357428811e+03
5.345859607331195548e+03
5.092178704925901002e+03
5.451553949008013660e+03
5.682822737545869131e+03
3.608943879705613199e+03
2.305655256404125794e+03
1.784048368017482062e+03
1.664841290958241871e+03
2.049541354689662512e+03
3.224015437654662037e+03
3.657791780837746501e+03
1.534196851719837923e+03
2.570818474302268896e+03
2.783688155665530758e+03
2.769390007014499588e+03
2.362978895967917197e+03
2.227400545770743520e+03
1.750919902635191875e+03
2.464027467986974443e+03
1.549782567832091445e+03
2.025896888457187060e+03
1.875098518957551505e+03
2.287402985118938432e+03
2.443422527837577036e+03
1.476446308160213675e+03
2.932113398663023872e+03
3.087933792413792617e+03
3.189632890130801570e+03
2.700554455371448512e+03
3.980016616438278106e+03
4.499260176521853282e+03
2.919228049686469603e+03
2.185590409584782265e+03
3.017232472923505611e+03
3.775762445330070477e+03
4.488630160220646758e+03
3.530247776188112312e+03
2.424149590083670319e+03
3.168986717425809729e+03
3.114901190979143394e+03
2.084046330725920143e+03
2.275155651145960746e+03
2.646718796009994549e+03
2.464796871481597009e+03
3.001551081529257772e+03
2.424443697636448178e+03
2.749701064129680162e+03
3.281830921701841362e+03
2.809632182784731413e+03
2.551543414053721335e+03
2.558432477623367959e+03
1.750583832743831408e+03
2.767146970868387598e+03
2.640655258574137861e+03
2.804195239164835584e+03
3.001974461908167086e+03
2.664857234189460087e+03
3.625115777870965303e+03
2.129461568084610462e+03
2.044997076334020221e+03
2.701750044913484544e+03
3.986578862026040497e+03
3.158847789656420900e+03
4.233924985521004601e+03
3.794518958562767693e+03
4.683822373396276816e+03
3.752634214094513482e+03
3.135594698008910200e+03
3.665241611912585540e+03
3.375796908974791677e+03
2.329081629089757371e+03
3.384997685224205725e+03
3.607030312211824366e+03
3.006621638105414149e+03
3.142981922442878385e+03
2.556188631495635946e+03
3.527212694547276442e+03
2.353946105360837009e+03
2.447097493567947367e+03
3.952002960245051327e+03
4.059968936465447314e+03
2.578072855767925375e+03
2.213988580578453366e+03
2.424774417264705789e+03
1.909317001159899064e+03
2.223312881293536520e+03
2.760344164653295593e+03
3.039760602053534058e+03
3.248275058431520392e+03
1.953463821756053449e+03
2.949805451756872571e+03
2.301065786810710051e+03
1.643120488632334400e+03
1.833170791599201266e+03
1.411061989360602638e+03
2.312936152345505889e+03
1.897238949026498631e+03
1.978235727886986297e+03
3.606292650675468849e+03
4.333913087335336058e+03
3.903307768200118062e+03
4.654787533937971602e+03
3.878741298331752660e+03
6.306734372983444700e+03
5.495902559946095607e+03
5.685763427607610538e+03
6.137271064109006147e+03
3.268471627776996229e+03
2.465078875102493384e+03
2.766913924076077365e+03
3.471468617513009121e+03
2.657791231372933908e+03
3.385843595330634344e+03
3.881780438238115948e+03
2.494468710785533858e+03
2.754934439627328629e+03
2.358070284819389599e+03
1.736571691053808536e+03
3.668414481157390128e+03
4.088017432475461192e+03
4.498484023091991730e+03
4.538815503505788911e+03
4.061887811594210689e+03
4.830140472984370717e+03
4.655482542267780445e+03
5.259873837787682533e+03
