2.527150656094661372e+03
2.102029671332509679e+03
1.714394331530682621e+03
2.016647230428623971e+03
1.910937506188898624e+03
2.699532870146466394e+03
3.082935701167816660e+03
2.355283022976634129e+03
3.000869516673968064e+03
2.563382403797454572e+03
2.115013526654935504e+03
2.385365034943014507e+03
1.804382254061106096e+03
2.211430388491634403e+03
2.684806952839487622e+03
2.316061673115080339e+03
2.141891548798956137e+03
3.303572078036985204e+03
3.265958159475199864e+03
3.554846895913704884e+03
2.059151307042322060e+03
2.004370443569299368e+03
9.724413660906313908e+02
1.151595780772102216e+03
1.374079336312844589e+03
1.338976871030394477e+03
2.132469035440783045e+03
1.490924676754079655e+03
9.970721948264418870e+02
1.297404138352817881e+03
1.069070437919591996e+03
2.056116155270001400e+03
2.546445710999054882e+03
2.436957038393652965e+03
1.561452917495118982e+03
1.447333625366384013e+03
2.517811886163257441e+03
2.987533319360691621e+03
2.264700456383618985e+03
2.391433617875673008e+03
2.059681038719115804e+03
2.275996150868985751e+03
1.888112376596097192e+03
1.873845653956652086e+03
1.486277075822843699e+03
1.816445080004757301e+03
2.311377859066061319e+03
2.179197818616906716e+03
1.339458500478223868e+03
2.015246776931839577e+03
2.243593819348548095e+03
3.179136159063241394e+03
3.502569909757744881e+03
2.975277161132509264e+03
2.047602402002702547e+03
1.762531260723705827e+03
9.539161677563487274e+02
9.606794072860964206e+02
1.134492073653397483e+03
1.450424843347972455e+03
2.183234717536718563e+03
2.476046969850556252e+03
3.438730680226215554e+03
3.633449104883534346e+03
3.145973694552579673e+03
3.089714820028301801e+03
2.465402767695136845e+03
2.096186930331909025e+03
2.470199814630060246e+03
2.624940709976281141e+03
2.701365448548129280e+03
1.902408031851854730e+03
1.867135251797256615e+03
2.186157253733071684e+03
2.192756448727313909e+03
2.172393472294269941e+03
1.854362887433233027e+03
2.068144962634294643e+03
2.694256991943501362e+03
2.668240802810442347e+03
2.857587468791203719e+03
2.407575566979749965e+03
2.241422154773454622e+03
1.862284563407554060e+03
2.615817168191665587e+03
2.420509669612005382e+03
1.940785605178509968e+03
1.927064027498957330e+03
1.690041625147497143e+03
2.146832918492478711e+03
1.943964400796113068e+03
1.808585066226638219e+03
1.665028147417768650e+03
1.502526205810439706e+03
1.689963408296761145e+03
1.917356785875509104e+03
1.769680116484963492e+03
1.409214647512742204e+03
1.658983930048562797e+03
1.625984247945380275e+03
1.959733582085031003e+03
1.976380456451145847e+03
1.517686008025935735e+03
8.966485510640202392e+02
1.036444591000754372e+03
1.596999454390489518e+03
1.434461819983871692e+03
1.448719572918320409e+03
1.325765359088787591e+03
1.679215567382926110e+03
1.448181638880043238e+03
1.425446915902684850e+03
1.907219825324713383e+03
1.343209849003863383e+03
1.044372845386432118e+03
1.173346496954236272e+03
1.192297327192060948e+03
2.075605306544142422e+03
2.110366552993147707e+03
2.118185080135634962e+03
1.885530617833368069e+03
2.010432465258634920e+03
2.319583773631172789e+03
1.867603989734126117e+03
1.989492202286330439e+03
2.336296778423833075e+03
2.739545405924066017e+03
3.122809332976220503e+03
2.511869986232227348e+03
2.364829911089684629e+03
3.143953242217478419e+03
2.769704945112128371e+03
2.488919069164318898e+03
2.754806501796847897e+03
2.845485016554201138e+03
2.859349600373813246e+03
2.377357878613969660e+03
2.271200045023996609e+03
2.876035029309687161e+03
2.528965429669777677e+03
2.494298316654759674e+03
1.915500774024668317e+03
2.152848942913440624e+03
2.407420012383615813e+03
1.900582418012898415e+03
1.730401316417291810e+03
1.596261435506442922e+03
2.000508229710383148e+03
1.991604351207016407e+03
2.047674454541350315e+03
1.563095108162019642e+03
1.269000828638275834e+03
1.236333742276827934e+03
1.150889284185291672e+03
1.211738139772896830e+03
1.950155296208160962e+03
2.074433344281422251e+03
2.230032129947449448e+03
2.399054319441253938e+03
4.586475360331664888e+03
5.359822824848637538e+03
7.109143054303523058e+03
5.463011591416354349e+03
5.796957192734931596e+03
5.073442460919578480e+03
4.424347076382739033e+03
3.451612612194170651e+03
3.004592014087516418e+03
1.573351483805993894e+03
2.877962286845935523e+03
4.129782740514879151e+03
4.631017641706908762e+03
4.325844704923797508e+03
3.090067918392801403e+03
4.199072745381037748e+03
3.628194394736645791e+03
3.356506081651422392e+03
3.364517505551511022e+03
4.443874301166562873e+03
4.818099772814844073e+03
2.209741216310721484e+03
1.690931201087223599e+03
5.270967498647451066e+03
6.129814162622334152e+03
6.032570620902181872e+03
5.145374964957635711e+03
6.176786878148094729e+03
6.191753760309824429e+03
5.559980941628266010e+03
5.647961175349240875e+03
4.170275310605854429e+03
2.559316282311320265e+03
4.261149990522084408e+03
5.073299547240699212e+03
4.813174059124779887e+03
5.642891392423414800e+03
5.236527730657508073e+03
6.586299473951810796e+03
6.129602853126007176e+03
5.530853032891845942e+03
5.474957606248432967e+03
5.113008790703104751e+03
4.641268310641653443e+03
4.835325098788438481e+03
5.591097871475341890e+03
4.704175358582044282e+03
4.991704702110556354e+03
5.738355663121142243e+03
5.229510624477987221e+03
5.270093314590185400e+03
6.413658279503278209e+03
4.700333714058027908e+03
4.451818260868324614e+03
4.874473476776398456e+03
5.089279177347068071e+03
4.656525523788192913e+03
4.251704237628158808e+03
4.754415228723268228e+03
3.916874715959860623e+03
4.367926298054288054e+03
5.089878263115208028e+03
4.222213525953236058e+03
5.246834064788103206e+03
4.230874259584319589e+03
3.705564068453546952e+03
5.140369846476876774e+03
4.186759559080855070e+03
4.078304190148947782e+03
3.278142011889439800e+03
4.287152758169660956e+03
3.929280049581022467e+03
3.306403102749072332e+03
3.769236957248493582e+03
4.751788569710804950e+03
4.232252694456613426e+03
2.895447701576910731e+03
3.692182934115391163e+03
3.921982909069193283e+03
3.516351580727688088e+03
3.614618431888335181e+03
3.343087724014686955e+03
2.846066685420462818e+03
3.361107452530909541e+03
3.314333244234276208e+03
3.486587784276462116e+03
3.461644887221869794e+03
3.162776864803144690e+03
4.006934296615503627e+03
3.915892444422393964e+03
4.432091560448725431e+03
4.086005215852718720e+03
2.712335448034118599e+03
2.395707439974614317e+03
2.064167157047169439e+03
2.444121735460510081e+03
2.154629948640182647e+03
2.305345387072768517e+03
3.212551394468873241e+03
2.654447223258167469e+03
3.342956484598472798e+03
3.196032769435304544e+03
4.238529752718218333e+03
2.834557053173875829e+03
3.773567357954563704e+03
3.612411014435163452e+03
3.723473492997171888e+03
2.797331815102719247e+03
2.064069945466972513e+03
2.163596453722465412e+03
3.128721928136314091e+03
3.234338263401734821e+03
3.704072634428869605e+03
2.858245401436077827e+03
2.570541999572079476e+03
1.634147038458122097e+03
1.773420705599569828e+03
2.165648354116568953e+03
2.120721092596642848e+03
1.872888257939894629e+03
2.260778115006296503e+03
2.083959362339977815e+03
1.661988728384882506e+03
1.492045059531679044e+03
2.068149535615953482e+03
2.648261016286526228e+03
1.790771392875733909e+03
1.713984049982798979e+03
2.145746328351954162e+03
1.716661550471836108e+03
2.400558874231383015e+03
2.161729110090212998e+03
4.689632983358267666e+03
2.602159036880347685e+03
3.375873850409220722e+03
2.447852393403484257e+03
1.647843844716324611e+03
1.631980330192746123e+03
1.635800776395458115e+03
2.063523314884842421e+03
1.515239621081444511e+03
1.460882859575111524e+03
1.654023868371650678e+03
1.463127183111727618e+03
2.045975038467553986e+03
2.833340992584856849e+03
2.825460677272122666e+03
3.264187934605762621e+03
2.942195328235090983e+03
3.209268018277434749e+03
3.604258213373504532e+03
4.137058644595527767e+03
4.325255435791217678e+03
5.947704277126914349e+03
3.116891914538166930e+03
3.899370296149391379e+03
3.211633435259328053e+03
3.185423581295132863e+03
3.146243807584573460e+03
4.053129823085555472e+03
3.620969063576511871e+03
3.511318325645074765e+03
1.545227338509542733e+03
1.859417971145864385e+03
1.758428794525812236e+03
2.600925874406981166e+03
2.572131164607480059e+03
1.857658897370923341e+03
3.599177874887644521e+03
4.542352513878690843e+03
4.409510696436525905e+03
7.506497553857289859e+03
5.327724744439049573e+03
6.494768193850147327e+03
5.573879260757650627e+03
5.572753956973395361e+03
3.482698547543671793e+03
4.547817521645373745e+03
3.557265692885404405e+03
3.875846129375491728e+03
4.535051667412998540e+03
3.226995283199873029e+03
2.930080507899709573e+03
2.761513995376488310e+03
2.508027490034975472e+03
3.041150970269372010e+03
3.634208718205358764e+03
2.645530388281891192e+03
3.652929761855195011e+03
4.196869021436751609e+03
3.463802108471580141e+03
3.862702899077062284e+03
4.085397082827415488e+03
4.847667125903705710e+03
2.855260081905373681e+03
1.591388642994528482e+03
9.767237007447024553e+02
1.163184208557292322e+03
1.021276556835155361e+03
1.865275541070314603e+03
2.517193780607802182e+03
3.940105279450485341e+03
3.397646179815197684e+03
4.122835958114192181e+03
4.662750564131578358e+03
5.234429157992539331e+03
3.709493326261825132e+03
3.080311251489733877e+03
2.817685203471062778e+03
1.989780605088513539e+03
3.138749598393811993e+03
3.575138001171077576e+03
2.760286623554709877e+03
4.900115224749915797e+03
4.410994843282174770e+03
5.694443729628865185e+03
5.920457280224442002e+03
4.811481452600541161e+03
3.658889739859510883e+03
3.731608870420317544e+03
3.815312241565989098e+03
5.607694348986398836e+03
3.191190419168768130e+03
2.494752461139665229e+03
2.404665544217550178e+03
2.317499034111561741e+03
3.303713250516306744e+03
4.141500215030317122e+03
3.434244320969685759e+03
4.277433262633979211e+03
3.528930259769557324e+03
2.936809818162471856e+03
3.177705607895007233e+03
3.247450234076241031e+03
3.417759935567632056e+03
3.205978120059377488e+03
2.311854562714690019e+03
2.799823499069334957e+03
4.159108193395464696e+03
3.049055385302494869e+03
3.722610196804159841e+03
3.511510351155261105e+03
3.142068878532062627e+03
3.608337032062913295e+03
2.978626243505762886e+03
3.502743762227445131e+03
2.308883255368793016e+03
2.080656736774390538e+03
3.028831141551162546e+03
3.399388066677982351e+03
3.973414107853030146e+03
4.864865636460466703e+03
5.908193817200244666e+03
5.378514594892414607e+03
4.987836885252360844e+03
4.347981203524832381e+03
3.181938350878453548e+03
2.029332309728267319e+03
1.915848117143232912e+03
1.772743059621963766e+03
2.141305197493582455e+03
2.569000030160114875e+03
2.553594075862762566e+03
2.198508960119787389e+03
2.490822501564376580e+03
2.385445096239992836e+03
1.985720988714603436e+03
1.577165140610453363e+03
2.220146221967173005e+03
3.118786319187111076e+03
2.739020713709071515e+03
1.937650991420991659e+03
1.538090992038537024e+03
2.145574827444789662e+03
2.520478540089424769e+03
2.326476963984685426e+03
2.314242096115936420e+03
1.886348605311729671e+03
4.053395879560006506e+03
7.359246974645690898e+03
5.911055471518302511e+03
4.167519929318096729e+03
5.554159381567485070e+03
6.027581292384842527e+03
4.863866983804461597e+03
4.336355279675324709e+03
3.660490673767212229e+03
3.632301460413909808e+03
2.645513614944978144e+03
2.877971114088667491e+03
4.661711099092612130e+03
5.095696860630579977e+03
3.669462318240002332e+03
3.287600841716879131e+03
3.827755816706154292e+03
3.021158816354752162e+03
3.096233332899788820e+03
4.723558436838755370e+03
4.364323657725782141e+03
4.271402918802141357e+03
4.216326339368470144e+03
3.668568795609135123e+03
2.251493797037697732e+03
3.425281509430660208e+03
2.943231439765757841e+03
2.733205117762756799e+03
4.187304674734934451e+03
4.035336569303964097e+03
3.129536034838958130e+03
3.711395265917143661e+03
2.642698876825410480e+03
3.364225636172012400e+03
2.445747387936810810e+03
3.384128448331339314e+03
2.876377523777101487e+03
3.161939833145511329e+03
4.099141133453844304e+03
3.510174341132571953e+03
2.322012204911899062e+03
2.304690479958243486e+03
2.161668097454424242e+03
1.671170251699933260e+03
2.250639936945451154e+03
3.169833273156516498e+03
3.419867638451406492e+03
2.268446139765341286e+03
2.979056291406225228e+03
2.197116798628469496e+03
1.250003489225299063e+03
1.572379890444190551e+03
2.037330179816691725e+03
1.911806961044058880e+03
2.137433178442047847e+03
1.941573826590003819e+03
2.892580879790053586e+03
3.447191247546998511e+03
4.135101325185392852e+03
