1.000600032208901439e+03
6.296750147785240870e+02
8.487168361826460341e+02
8.892679751036542939e+02
7.639659624725380809e+02
6.028618258189590051e+02
5.020608231293358017e+02
5.273424058106905932e+02
9.129872558739233455e+02
1.243761470663864429e+03
1.078636112679850839e+03
2.739046440426188383e+03
4.203566255502761123e+03
4.463684876333219108e+03
4.202550772459430846e+03
4.649661026729749210e+03
2.785773456892968625e+03
2.318445633256897963e+03
2.246352938668813749e+03
1.674710117395084580e+03
1.595679464256240180e+03
2.338389576447763375e+03
2.736993695212772309e+03
2.877155551366032796e+03
2.308943064365139890e+03
2.405801274734977596e+03
1.836617325056419304e+03
2.067914313262405358e+03
2.259826957875525295e+03
3.572171295531122723e+03
4.705578651499652551e+03
5.231517351987354232e+03
4.741612574408843102e+03
6.091661897269752444e+03
5.372805907900129569e+03
5.674722049920751488e+03
5.303404343078866077e+03
5.213601937370257474e+03
5.524289816717900976e+03
6.205170722721896709e+03
5.797267472625417213e+03
5.659171270950573671e+03
5.688544740123603333e+03
6.538282096641794851e+03
7.472967726652393139e+03
6.132393998915837074e+03
6.104702795391801374e+03
5.950438473933893874e+03
5.558495973105905250e+03
6.781464022885834311e+03
4.550130887697212529e+03
5.876182392905418055e+03
6.673193207658954634e+03
6.425585701268930279e+03
5.888960363254232107e+03
6.428171233752469561e+03
6.343993975574849173e+03
7.579979208516531799e+03
5.951001088291694032e+03
4.012607800535544811e+03
8.129272772868193897e+03
1.025770247469781316e+04
6.918216272185570233e+03
9.844010127258707143e+03
7.815032938864796961e+03
7.174982066187942110e+03
7.469211390593762189e+03
4.821294528421474752e+03
7.872986553441302931e+03
4.828721871656006442e+03
6.192929306817272845e+03
5.608557228889600992e+03
5.047568781802383455e+03
5.983976787376772336e+03
4.073751397677951445e+03
3.595286656993559518e+03
3.948236158013446129e+03
3.525607293512936849e+03
3.430131177462238156e+03
3.770818006654091278e+03
5.241462500126009218e+03
3.268794171669524985e+03
2.457353573693235830e+03
2.909341727279924726e+03
2.773175909673168917e+03
2.468902997607625821e+03
2.075445337852370358e+03
2.990584259910729998e+03
3.188218696557428302e+03
3.446567597104552533e+03
2.305674497852895911e+03
3.771782658556466686e+03
2.694332602057570966e+03
2.104340277306871940e+03
2.916630613880194232e+03
2.524443304545154660e+03
3.749578176498238918e+03
1.953939883306438787e+03
5.227902020190482290e+03
4.838018341253102335e+03
2.897434409702430457e+03
3.241621967819956353e+03
4.365168172300677725e+03
1.935762117568984650e+03
1.317426882294676489e+03
2.171198119572643009e+03
1.166557023668641023e+03
1.728297484896962942e+03
1.507590010581594470e+03
1.347732024394290875e+03
1.738585248630581873e+03
6.507658435617859141e+02
2.029728306141494613e+03
2.751628971487667059e+03
3.238826534050141163e+03
3.311031056901583270e+03
2.114165463792923219e+03
2.129632848405246477e+03
3.522597594639642921e+03
5.158731210160885894e+03
5.640356447931220828e+03
6.447246275396986675e+03
7.750984737041549124e+03
7.686989943198851506e+03
4.834389216832913007e+03
6.811120740781645509e+03
5.834491643884128280e+03
4.292471411578146217e+03
5.867766383840026720e+03
5.421128091058444625e+03
6.111143434332082506e+03
4.776700881989346271e+03
5.394106853125986163e+03
3.967357544820440125e+03
4.861511947091526054e+03
4.394197474162097933e+03
4.256200103614734871e+03
4.045416880723483700e+03
4.312929479841182001e+03
4.152073697217995687e+03
4.043789102316134176e+03
2.895079891670872712e+03
2.119783884192845562e+03
2.864814242781465055e+03
2.741982253933656921e+03
2.690282250547099466e+03
2.885232141993870300e+03
4.008317560224738827e+03
1.903344197832678447e+03
2.856306844452809401e+03
3.529001611558418517e+03
3.396044149406276119e+03
3.083129725958161089e+03
3.019658937016197342e+03
2.559726751212961972e+03
2.160621903218760963e+03
2.515131733441749020e+03
2.333427597231532218e+03
1.364026388437938067e+03
2.431565204113585423e+03
3.023410538219266982e+03
5.878513819927806253e+03
7.750305200830988724e+03
6.873441880027767183e+03
7.062747783504646577e+03
5.425434163534763684e+03
3.686760718515949065e+03
3.469492527991655152e+03
3.140958892944987838e+03
4.867393142068460293e+03
3.248668828002505506e+03
5.797813754881628483e+03
7.225177549920064848e+03
7.072105386491281024e+03
7.763053402377884595e+03
8.542838254979060366e+03
5.808983631049251017e+03
6.863384575599721757e+03
5.137336408390394354e+03
4.354685179056673405e+03
4.702937083844944937e+03
4.442921120170292852e+03
4.577723546717152203e+03
5.932221336533030808e+03
6.180820345259468922e+03
4.257180781324230338e+03
4.067555757834938959e+03
3.654655407040070259e+03
3.770726003775972913e+03
4.812209946095342275e+03
4.843289280432316446e+03
5.140572701057199993e+03
4.952702822606180234e+03
4.706123846453830993e+03
3.434613065529485084e+03
4.233511735840964320e+03
3.932653294136062414e+03
3.704490458746985496e+03
3.475599689199736076e+03
4.565663205744079278e+03
3.397852035573518151e+03
3.767914730003554723e+03
5.014828471188296135e+03
4.083511337063330302e+03
4.450742224035376239e+03
4.520908553360865881e+03
2.328451219855960517e+03
4.957305510067870273e+03
4.788826243853813139e+03
4.925477643588744286e+03
4.789700240371361360e+03
5.583362794799739277e+03
4.018177296936659332e+03
4.604286952638943148e+03
6.015115554367751429e+03
6.477565050351019636e+03
7.017102547401103948e+03
4.222208329049308304e+03
6.184784800648090823e+03
6.630321119801185887e+03
6.617607551703048557e+03
6.933869692549377760e+03
3.469814250040757997e+03
3.986879409507610944e+03
4.281645986790436837e+03
3.973865483115929692e+03
3.162524157605304026e+03
2.442708881305395153e+03
2.188931643338855793e+03
2.103274946250612629e+03
1.890635452360910222e+03
1.453641836739644759e+03
1.212552436532478396e+03
1.338083047438669382e+03
1.342104019280640159e+03
2.351966083879212420e+03
2.093586718637501690e+03
1.685839417313669173e+03
2.198272571687512482e+03
1.188989633067055820e+03
2.298084371563951663e+03
1.720022954587260301e+03
1.280515945947551927e+03
1.422927781280592626e+03
1.948446464839513737e+03
2.210135738508650320e+03
1.467044525383009614e+03
1.046175363053920364e+03
1.657468750240367626e+03
1.076939912146203369e+03
1.421703452136863007e+03
1.267036715667574299e+03
1.312613299916108645e+03
1.227581445371359223e+03
9.129614857652688897e+02
6.416997777410608705e+02
8.761638376538214743e+02
8.256544581645810013e+02
1.123643603791225132e+03
7.985460452246744580e+02
8.045964953710082455e+02
6.066843999665352385e+02
5.990859295293574860e+02
7.751690387937510422e+02
9.619721847657143599e+02
1.470182938612208545e+03
2.040944167977440657e+03
1.103451462046036568e+03
4.370989027460408579e+03
3.873629368433250875e+03
5.286801801094652546e+03
5.079245709713341057e+03
3.581480526589224155e+03
3.119349055856868290e+03
2.152474031789833134e+03
2.353347895062763200e+03
3.088925122253102472e+03
2.801567815726094977e+03
2.583234127323940356e+03
3.939351410256863801e+03
4.627940193632613955e+03
3.619327008179220684e+03
4.706119273745674036e+03
3.856947745871922507e+03
3.943576398254024753e+03
4.213648907783135655e+03
4.047677817454938122e+03
3.762096097509754145e+03
3.722637013401331842e+03
3.956200141808812532e+03
2.569534488302359932e+03
1.574784714936058890e+03
1.671753181193755154e+03
1.677929886043825718e+03
2.573217269495090022e+03
2.392645228924333878e+03
1.880020321808437529e+03
1.465840999950398782e+03
2.330898747161200390e+03
2.219795890578116996e+03
2.676400706347211326e+03
3.384336104061864717e+03
2.303682396397627144e+03
2.347866238490305022e+03
2.241133313440449911e+03
2.121658051897913083e+03
2.271621008329367669e+03
1.601668845534346019e+03
5.104077269057897865e+03
7.467818537147570169e+03
3.830459079422605100e+03
5.075623271099533667e+03
5.963787932677812933e+03
5.345882570373089038e+03
5.676414916896891555e+03
2.573095935020976867e+03
3.127768040069289327e+03
2.982184101095190726e+03
3.081992287231159935e+03
4.155710301925314525e+03
4.442992115555508462e+03
4.522433287041800213e+03
3.627203262797801017e+03
5.476361745884427364e+03
3.936356905338594061e+03
5.007132693234229919e+03
5.325179973328400592e+03
2.954061706771107765e+03
2.747511312389214709e+03
3.778810534079923400e+03
2.608520864882057140e+03
2.180504622763209227e+03
4.407064201635639620e+03
4.079732588078956724e+03
4.159950687123303396e+03
4.187035116750285852e+03
4.410219462130970896e+03
2.585085757425495558e+03
4.044812524967243462e+03
2.481239113506887406e+03
4.343750183610461136e+03
3.204849291808990984e+03
4.188764640629542555e+03
3.764236943889016402e+03
3.229514962687794650e+03
1.987707118306547045e+03
2.352807909524350180e+03
2.676630202694100717e+03
2.277953585123841094e+03
2.082813010285283781e+03
2.718940988269026093e+03
3.586968941542044831e+03
4.295685996487176453e+03
5.064815401917998315e+03
5.212584836600155541e+03
4.454658717663446623e+03
4.698847886190924328e+03
4.866564957491392306e+03
4.306021048945376606e+03
3.253916524700525770e+03
3.158326765425840222e+03
2.371010059692011509e+03
1.837648117899436784e+03
2.179166270321698448e+03
2.351108670993679880e+03
3.344409504033995745e+03
2.128888837683748989e+03
2.503818804159150204e+03
2.740294583995641460e+03
2.581801318894042197e+03
2.123388860807071069e+03
2.257611170921339180e+03
2.175249339290203807e+03
1.851322932219812628e+03
3.235514739709446530e+03
2.716848158446589878e+03
1.427073739226035514e+03
1.984846523762025072e+03
1.352218137954979966e+03
1.709719395377156843e+03
1.557523593196191996e+03
1.550503894277291238e+03
1.619212957008357307e+03
2.168999959000382205e+03
2.079784368608115528e+03
2.020771944344172425e+03
1.817503042256065100e+03
8.893094916934448975e+02
1.225410439228486894e+03
7.961576057309047201e+02
8.812837007769350066e+02
1.156140111319437892e+03
2.186592882388369617e+03
2.026087407729999086e+03
2.643007317692641664e+03
1.583572589554251863e+03
3.337393863905248509e+03
2.521949624135621434e+03
2.406676070649739813e+03
1.242202114043258916e+03
2.124064443217626831e+03
2.259435395577102554e+03
2.082888892554553422e+03
1.966040933244908729e+03
3.690392251036369089e+03
4.117194123344110267e+03
7.572946148553351122e+03
6.447582883187859807e+03
7.120619924779174653e+03
8.201584251374140877e+03
7.333165631804912664e+03
6.281532044433287410e+03
8.495817329746050746e+03
6.872180978783355386e+03
8.336449415362176296e+03
8.632049171985469002e+03
5.003305739036802152e+03
2.712196134482830075e+03
3.770943079208082054e+03
3.824577379206239129e+03
4.462965244913829338e+03
4.001976757144486328e+03
3.299239316424916524e+03
3.245740212335217620e+03
2.987510398285263818e+03
3.657806667727635158e+03
4.207353716734517548e+03
3.541920703490894539e+03
3.413339666225292149e+03
3.471826540532812942e+03
7.055715537172031873e+03
6.055596601077993910e+03
5.801279028240577645e+03
5.169590718076845405e+03
3.885694056106831340e+03
4.689551015722962802e+03
3.359230247309312290e+03
3.299869071760631414e+03
4.255180472315052612e+03
4.287378550655546860e+03
3.822896522007409658e+03
4.949980718016763603e+03
4.900354183291338813e+03
5.421897260188494329e+03
6.557421724716565222e+03
6.624654245031367282e+03
5.657848669926678667e+03
5.332127527111953896e+03
4.567449052982158719e+03
4.579042765754184074e+03
4.921748545005253618e+03
3.753159685624125814e+03
4.929500627806623925e+03
4.862130639723316563e+03
4.953747145181206179e+03
4.972263870463007152e+03
6.278570694882553653e+03
5.863282192798320466e+03
5.804514263983114688e+03
4.548735559864669085e+03
4.405775435589242079e+03
3.292659781980556545e+03
3.313299216193992379e+03
2.868505483539186116e+03
2.669564733172702745e+03
3.160622297377958148e+03
2.864057273340372376e+03
3.354528132115641711e+03
3.272657773518753856e+03
3.261758798482437669e+03
2.733509080340303626e+03
3.991806858476950310e+03
3.661420278110249001e+03
3.481026339652827573e+03
3.000301087666418425e+03
2.793421312745741488e+03
3.274228443040676211e+03
3.432773299397494611e+03
3.285030908525481209e+03
4.047573821718192903e+03
3.921865338371303551e+03
4.027958419278143083e+03
2.907892948237089513e+03
3.747994204850281676e+03
3.344219667180526812e+03
4.379684269313892401e+03
4.438355497017358175e+03
3.911446829435267773e+03
5.150842964281651803e+03
5.662441056102008588e+03
4.941115017502945193e+03
4.043979915481851094e+03
3.083752216249908088e+03
2.809646942176374068e+03
3.417496754825333483e+03
2.560325446463676144e+03
3.410531828640166623e+03
2.253166338494779211e+03
2.026597440887201628e+03
