2.885042088048181085e+03
2.625592131846270149e+03
3.712199749891790361e+03
4.725113290249599231e+03
4.730451602151075349e+03
4.167700384689456769e+03
5.666796066466987213e+03
3.110729746607321886e+03
2.530254425131697189e+03
2.202751098301023831e+03
2.004315323117915568e+03
1.715486734650077551e+03
1.584349287267882573e+03
3.114023452116949102e+03
2.638128092153436683e+03
2.988711505366754409e+03
3.213348316743804389e+03
2.385909169474756254e+03
4.859298189292137977e+03
6.662163703021553374e+03
5.400637248221783921e+03
3.629103817343152514e+03
2.813975644666498283e+03
2.335044114259899288e+03
3.914647384565488665e+03
4.041413750007221552e+03
3.367840592709017983e+03
4.379885480213589290e+03
4.935323005142746297e+03
2.288606622837236046e+03
1.650298258334913498e+03
2.506414760561714957e+03
3.146694317917171247e+03
3.312937142972046331e+03
2.523147494035930322e+03
2.783860254952923242e+03
2.071387637434160297e+03
3.919716501453010551e+03
2.031205623797011413e+03
5.476427647723256996e+03
4.710425088279642296e+03
4.179840397627960556e+03
4.848127711762786930e+03
4.514209806103092887e+03
5.120667560193784084e+03
3.301488499655974920e+03
3.068951643354280350e+03
4.399574075913501474e+03
2.736989235134955379e+03
4.361358609990355035e+03
4.069137607266808573e+03
5.829976299500537607e+03
5.536992336386856550e+03
4.304640048488344291e+03
4.793633232326505095e+03
4.585359686594949380e+03
4.643096687985113931e+03
3.211901807500350060e+03
2.805656938568840815e+03
2.897325317131082556e+03
2.978787110132368525e+03
3.205945008682646403e+03
2.723051819149600306e+03
2.494394238486072936e+03
2.262064294422487819e+03
2.678444784040602826e+03
3.058169553703840847e+03
2.726260352628956753e+03
2.895286969565610434e+03
2.508468744350220732e+03
3.129253626104003160e+03
2.664014073886537517e+03
4.435022009476388121e+03
4.860884071219939869e+03
4.208158952082995711e+03
4.469555145371445178e+03
4.013569270137037165e+03
3.194812557526584442e+03
2.284595698724383055e+03
1.505017835313936530e+03
2.296230790531562434e+03
2.496843568259841959e+03
2.259494329812021078e+03
3.530945353434458866e+03
3.872871717732875368e+03
3.138710999405037910e+03
2.726461797409082010e+03
3.135849322135858074e+03
3.645227333039099904e+03
4.074236695902469364e+03
3.814842368609387449e+03
2.919154730667371950e+03
3.084033391312018011e+03
2.313664187061970551e+03
1.372933119587356487e+03
1.225524273289299344e+03
9.988609187724025560e+02
1.328024939640871253e+03
1.843174384011643724e+03
2.043284754758997224e+03
1.960335167710766200e+03
1.743028121698127279e+03
1.713945560255613145e+03
1.462859405962150277e+03
1.608619787644252938e+03
1.780420731915678289e+03
3.649501684342760655e+03
3.927318894816799457e+03
4.212399615881173304e+03
3.342835425445767669e+03
3.078554440354835606e+03
3.184913560954913464e+03
4.074718470897996667e+03
4.607997626847931315e+03
2.528374658808892036e+03
4.838175446740723601e+03
3.637631008778957039e+03
5.046777190007635909e+03
3.984707339842231704e+03
2.879181465586910690e+03
4.424554625256408144e+03
2.675164776716912911e+03
3.152135178966096646e+03
3.112587296540533316e+03
3.820503270969675668e+03
3.819433104347186600e+03
4.197584583441449468e+03
4.655609096021154983e+03
3.222736008509100429e+03
4.664259749006098900e+03
4.584403510878310954e+03
4.006995716674308369e+03
2.997711480953978480e+03
2.961543722179257202e+03
4.047954501160563723e+03
4.039285278670176012e+03
3.798979437189997498e+03
5.540824637552284912e+03
5.224844571124426693e+03
5.378632064443765557e+03
4.356659312545576540e+03
4.333172625275283281e+03
4.596841994571025680e+03
2.727255525542825126e+03
2.026113256749550146e+03
3.260004846408042340e+03
4.039825580207032090e+03
3.830583722454890903e+03
5.096077199212370033e+03
5.327582402916445062e+03
4.658581092225405882e+03
4.691711641057264387e+03
4.631579909567034520e+03
4.345595742266608795e+03
5.159601104324380685e+03
3.863187081904862225e+03
4.762444105029027014e+03
5.257986327806442205e+03
5.088210915033903802e+03
4.955762755933454173e+03
5.874880257852265458e+03
4.227168286627196721e+03
4.732407207101579843e+03
4.189798070705075588e+03
5.116541074906193899e+03
5.021954489706664390e+03
5.054498125736753536e+03
4.243769497307149322e+03
5.646043016095555686e+03
5.160179821672942126e+03
4.686096479439132963e+03
4.381072273684963875e+03
4.029045193733963970e+03
3.289116749479250302e+03
3.503476419624652863e+03
3.839199165836164866e+03
3.729788529544266567e+03
2.628964147153200429e+03
2.504928266984075435e+03
2.769890160911836119e+03
2.999917061174977789e+03
2.460137871282885499e+03
3.604964151280968053e+03
3.975657980014175791e+03
4.306959719544900508e+03
4.433288320334452692e+03
3.601538413993109316e+03
3.474060441879104019e+03
4.357164244634335773e+03
2.762936501627244525e+03
3.796124094110488841e+03
3.795790666660337592e+03
3.289312303246765623e+03
3.220835892240901103e+03
3.293071443704161993e+03
2.981815428834836894e+03
3.868729448480629344e+03
3.746835171999110116e+03
4.677032550089132201e+03
3.560892277230333548e+03
3.609345001635079370e+03
3.817547269875976781e+03
3.888427555564116119e+03
3.906873172259900002e+03
2.417788511573533015e+03
3.366521879736153551e+03
3.724973412013359848e+03
3.530368005728491880e+03
2.837925990874782656e+03
2.452391412476011737e+03
1.826215907711879026e+03
1.849666705403841888e+03
1.475151987562367822e+03
1.891988480719536255e+03
3.270837515405539307e+03
3.394091304184170895e+03
2.186797612750509870e+03
4.084683793866166525e+03
5.008440340275002200e+03
5.765087168818350619e+03
4.995527891259903299e+03
5.045710703699788610e+03
4.652505426664995866e+03
3.869092089619388844e+03
3.043346677739027655e+03
4.484945250896464131e+03
4.825664418421915798e+03
5.174404873001184569e+03
5.688676552547832216e+03
3.509448014757968394e+03
5.695876875774968539e+03
4.701363234207086862e+03
5.675181548228636530e+03
6.238937743175289143e+03
5.970175970795186004e+03
6.245992447543480012e+03
5.352050990009820453e+03
5.366442053184882752e+03
5.230286153497858322e+03
5.361411304641480456e+03
4.054358790927453356e+03
3.273276208114875772e+03
4.649000181724494723e+03
3.805300760929885655e+03
4.819152662384813084e+03
4.786641357494209842e+03
3.386150782675507799e+03
4.984540939301506114e+03
5.614183429084069758e+03
3.222673839884968402e+03
4.493135776712387269e+03
3.432825069870608786e+03
2.675167940643786096e+03
3.158723039665667329e+03
2.878778786070344722e+03
4.342618848290261667e+03
4.003046578717501689e+03
5.450391376381071495e+03
4.071783014250383530e+03
3.813206311169317814e+03
3.213555309036696144e+03
3.986168912981168432e+03
4.774645939907669344e+03
2.583296343686934961e+03
3.762710936124385171e+03
4.270744021382795836e+03
3.981589783362397156e+03
4.200882609675294589e+03
2.879930395982762548e+03
3.585088566965878726e+03
3.806486585199191722e+03
3.608498578736071067e+03
3.645321968827709952e+03
3.710925213903987242e+03
3.525474657400543038e+03
3.336065353450622297e+03
3.207473187199561380e+03
3.394962901449186575e+03
3.529565794954491594e+03
3.415244441086114875e+03
2.926897883826852194e+03
2.881441658907148849e+03
2.673880656196069594e+03
3.735782065863081698e+03
4.612704419065865295e+03
4.011860115511258755e+03
3.604931665662531032e+03
4.415147508785219543e+03
3.026221065062615708e+03
2.729864032194918764e+03
3.460784125251722344e+03
2.950022004831701906e+03
4.485076849165419844e+03
3.029887364479126973e+03
2.823735686195482685e+03
3.621256561949802290e+03
3.282366835105397513e+03
2.564434299360167643e+03
3.739832224299443169e+03
2.736887343731700639e+03
3.455468621664248985e+03
3.134019393192620100e+03
3.109257636761743015e+03
3.025683818090574732e+03
3.713512854413144396e+03
3.450162994390476342e+03
3.764504845950997606e+03
4.556014954066922655e+03
3.065554130396218625e+03
3.699193790832282957e+03
3.037512316548166837e+03
2.178475534511040678e+03
2.298342887135115689e+03
2.389418082495111776e+03
2.169027406459817485e+03
2.545018607783420521e+03
2.574349714726992261e+03
2.695657999050369654e+03
2.022015598776202751e+03
1.803727130978141986e+03
1.045987673232329371e+03
1.660061693658868535e+03
1.607387297747987986e+03
2.130396236768457584e+03
2.080904704861048685e+03
1.555562033025045594e+03
1.794646501735198171e+03
1.429861883490175614e+03
2.979807186816473859e+03
2.830070549379770000e+03
2.236243638623168863e+03
1.761785116788795676e+03
2.131617876472906573e+03
1.783164257203708530e+03
2.202467919026556956e+03
2.080767234457025097e+03
2.630243220760876284e+03
1.781917227170833485e+03
2.300386703600936926e+03
2.247704058910273034e+03
3.275834340615389010e+03
2.706063091386342876e+03
3.276257302653745228e+03
3.099563682294258342e+03
1.901341399288309731e+03
1.966168999981728803e+03
2.773666414627488393e+03
2.326777332987362115e+03
1.519618625912136622e+03
1.737473407531911562e+03
1.900353606793587232e+03
1.966560950133474535e+03
2.518674948271026551e+03
1.810463714796290787e+03
1.526732169120336721e+03
2.159726265082629197e+03
1.852179721407112538e+03
2.743280472769501557e+03
2.926195164974339605e+03
2.378449059205525373e+03
1.594922768581536729e+03
1.924362926604101176e+03
1.643016716705880526e+03
1.781134735143503349e+03
1.223557393920557161e+03
1.704512960461446028e+03
1.494494708984599356e+03
1.120369256419009389e+03
1.269742775838135231e+03
1.777688273467143290e+03
2.687138053762187610e+03
4.237715180498003974e+03
4.175584761274451012e+03
3.668597231300452677e+03
3.607041644421320598e+03
3.732713700995077943e+03
3.673315661627479585e+03
4.336620103403996836e+03
4.468260314208146156e+03
4.497602872001498326e+03
4.118708604901365106e+03
4.125921820690273307e+03
2.698911821408354626e+03
2.660198305196478032e+03
3.257777273280142253e+03
4.477939046699310893e+03
5.144328779422368825e+03
3.678743603516703843e+03
4.678467643776356454e+03
4.778219352009537943e+03
5.095787335662985242e+03
3.049484366803454122e+03
2.780064467447022707e+03
3.364590611746609284e+03
3.868915926545239017e+03
2.844357701014941540e+03
2.428788495628627970e+03
2.791934618199269153e+03
5.253424433201938882e+03
6.195697929307545564e+03
7.548138961880199531e+03
4.886622550293660424e+03
5.327417521376101831e+03
5.225981239415476921e+03
4.900032281172079820e+03
3.594044302980994416e+03
5.001858580890511803e+03
5.141720249811442955e+03
5.896344767276811581e+03
3.028644260057719748e+03
5.286434576082262538e+03
6.993444668151188125e+03
4.638458826702029910e+03
4.950037623171825544e+03
4.000278804713133013e+03
4.688511949982143051e+03
4.342444819834790906e+03
3.843865382342948124e+03
4.024358679406715964e+03
4.429909015055587588e+03
4.328945979500111207e+03
4.129569797505411771e+03
3.911376692482483577e+03
4.180253866349592499e+03
5.658062393837479249e+03
4.642204383343910195e+03
2.354015507383140175e+03
4.770795938852442305e+03
3.407292680832168571e+03
4.270549932181417716e+03
4.748177154149493617e+03
5.595189131367542359e+03
5.277952632206738599e+03
4.175979908217715092e+03
2.233918149794167221e+03
2.523872767011338055e+03
2.446885145140508484e+03
2.132312532270810152e+03
2.163671961632300736e+03
2.579275844575002793e+03
1.394384026769880620e+03
3.159178239440483139e+03
2.598956837300265761e+03
3.873031072115937604e+03
4.363732081129085600e+03
4.673048797577394907e+03
4.144892948284772501e+03
4.487068055862780966e+03
2.521055704909227188e+03
1.420047510795780681e+03
1.790963587588081509e+03
1.844712079530202345e+03
1.740380937285446407e+03
1.963940487966564888e+03
2.349698135008197369e+03
2.082956130930002018e+03
2.251717118690658026e+03
2.471074913537172961e+03
3.534465416350893065e+03
2.812768227841324460e+03
3.907430958797822768e+03
2.413871458813802292e+03
3.392763610022167086e+03
6.917870769267328797e+03
6.219537503417484913e+03
4.068875715722677796e+03
4.030711821835871888e+03
4.109309279287542267e+03
3.831420300207667879e+03
3.183631915959121670e+03
3.463605862125004023e+03
2.923058328936116141e+03
3.258122881736594991e+03
5.572757413687408189e+03
4.492618502123335929e+03
5.701400457772150730e+03
4.554231998996917355e+03
6.251409373689753011e+03
5.592006825585338447e+03
4.821887090630209968e+03
6.669855437769667333e+03
3.065724828345766127e+03
3.534275240150485388e+03
2.716583839782940686e+03
2.178318751938406422e+03
1.778918171241698019e+03
2.039325447763982993e+03
2.187720162061627889e+03
3.212793170391406420e+03
5.356842491285554388e+03
6.314327401525073583e+03
7.546275203281249560e+03
6.234729162098082270e+03
