5.318588073761149644e+03
4.554642169458642456e+03
5.279266162993590115e+03
6.025588701399491583e+03
5.085014515254529215e+03
2.927013256261369406e+03
2.010786916014176768e+03
2.727697042729412715e+03
3.598230835650473182e+03
3.252470010613670638e+03
4.643721152898867331e+03
4.561618061675303579e+03
4.504580217888934385e+03
4.356257370470906608e+03
5.681685796798178671e+03
6.465652853110501383e+03
6.882693889613018655e+03
6.926658824094404736e+03
5.019013310831039234e+03
4.605965389311390936e+03
6.370755964138425043e+03
6.477064798020481248e+03
2.349571367098179053e+03
4.087731225142594212e+03
4.268277367083914214e+03
7.193110002552500191e+03
5.278255238039258984e+03
6.547115871709171188e+03
6.481978904824589335e+03
8.369575373251402198e+03
8.757557864519232680e+03
6.384809752289676908e+03
3.857199340709997159e+03
6.007004238857212840e+03
4.984094274016682903e+03
5.829183732477472404e+03
6.202474169804208941e+03
5.807349216151199471e+03
3.975845363630407974e+03
4.426465098507175753e+03
4.568086487213824512e+03
4.520927088383208684e+03
1.800034654692457025e+03
2.862057148343207245e+03
3.378173136114409772e+03
1.994909785835347975e+03
2.111607161783906577e+03
2.595084851490184064e+03
3.182546447998798158e+03
3.377407971412231745e+03
1.759631731983326745e+03
2.671012832260001232e+03
2.984424932793328935e+03
2.605935523239098984e+03
2.380558076022774003e+03
2.930943339496536737e+03
4.046025020797750130e+03
3.327112240599020879e+03
3.591225197674820265e+03
3.386871517183556534e+03
1.163042711448089449e+03
5.153881382358953488e+03
3.717781469827543788e+03
4.625073256406689325e+03
5.241516523197677088e+03
2.622708497836751121e+03
4.168782738889564826e+03
5.066618913051387608e+03
1.816932268394618632e+03
6.092802660569298496e+03
4.229463119469877711e+03
3.876630758759638866e+03
4.162870586753189855e+03
2.520299934870078232e+03
3.373998766385137060e+03
3.842520159921881714e+03
3.372556128350158815e+03
3.617615250278688109e+03
3.332943676600133585e+03
3.946130229080069967e+03
2.996656739247682253e+03
3.589237876993781811e+03
2.886311399988131143e+03
4.051464451661017847e+03
3.291017500780522823e+03
3.255380530821558295e+03
2.932038409449520714e+03
3.333078123436081569e+03
3.693024190285053464e+03
2.872937674230529410e+03
3.341678829077965474e+03
3.160569543116671412e+03
2.524064907980439330e+03
2.544889008288019340e+03
1.440098304521882483e+03
1.571422459456769730e+03
1.306580467019547768e+03
1.361072022768170427e+03
2.039578794237947022e+03
2.115489144263347953e+03
2.968717205485340855e+03
2.261798215739941952e+03
2.339338475285458117e+03
3.303821016731350937e+03
2.091053143221516166e+03
1.984966145163393776e+03
2.146275310265464213e+03
2.478100440926988995e+03
2.084578364362953380e+03
2.288197050982395467e+03
2.847077880237930913e+03
3.019280696209307735e+03
2.794943891581690423e+03
2.215168448902051750e+03
2.499584791646388112e+03
2.188007625199226368e+03
2.916827306550678259e+03
3.923953106859101354e+03
2.853361541918692183e+03
2.108855151099747673e+03
2.784761448295444097e+03
2.808164796130107788e+03
2.785382301158050268e+03
3.268503650738131910e+03
1.959398340595485934e+03
3.183521095880088524e+03
2.734869665259624071e+03
2.167965327082971271e+03
3.147099377453678699e+03
2.747410732895855745e+03
2.546508842626965361e+03
3.023060824701715319e+03
2.387797980384309540e+03
1.961615413926667770e+03
2.899839837717247065e+03
1.816167694502741142e+03
2.281631015196105636e+03
2.917713250862646873e+03
3.876138951727055428e+03
2.213181271048115832e+03
2.083996285963140963e+03
2.902112646151918398e+03
2.771617184673721567e+03
3.204281164611246822e+03
2.434674067373549860e+03
2.481417291022465633e+03
3.288353855171049418e+03
3.346226775872520648e+03
2.417241117129435224e+03
2.849933650041177316e+03
2.370149106244544782e+03
3.272458010307798759e+03
2.936266575254021973e+03
1.971469564179943291e+03
1.254548220790775304e+03
2.401660090442633191e+03
1.999433955017283097e+03
1.688790094141307463e+03
7.676631267666897429e+02
8.198483873846365668e+02
9.214141263438115175e+02
4.187691296801873250e+03
5.566848707780517543e+03
4.179984115462259979e+03
4.488867067602519455e+03
4.956958629801657480e+03
5.264031807253079933e+03
5.376146920352402049e+03
4.587439558914518784e+03
4.490431954780933665e+03
5.541241495717021280e+03
5.322965828517872069e+03
4.206655323237264383e+03
5.528018553167243226e+03
3.236800164825194770e+03
4.341033600193882194e+03
2.848967668100758601e+03
3.796440995098963413e+03
3.779025723820450366e+03
1.982724146572072414e+03
8.815359546364218204e+02
1.913748762590054639e+03
1.430414753503900101e+03
1.173916597828943395e+03
1.151340546461525264e+03
1.635553173578119186e+03
1.726617953248886124e+03
1.643076108207749940e+03
1.860661073863042247e+03
2.542416982771941548e+03
1.574778614836617635e+03
2.185429384000356094e+03
1.893328726089845759e+03
1.638692570205382253e+03
2.389274293663452227e+03
1.180500679631209550e+03
1.708518756427690278e+03
1.838978101994560802e+03
2.969171609447658739e+03
2.449757922585177312e+03
3.002663947285930135e+03
2.129798264517449297e+03
3.519148608559345575e+03
3.076313022672954503e+03
3.461314063611118399e+03
1.728994320191053475e+03
2.243673619448959926e+03
2.246069408219702837e+03
1.653629853547701714e+03
1.902585927773075582e+03
1.802086176473661908e+03
1.845912214669041759e+03
1.599255370777884991e+03
1.512766228706453603e+03
1.371193810995225249e+03
1.273561099102016897e+03
1.356017661660963086e+03
1.827834779268300508e+03
1.071703890539776012e+03
2.270597462307319347e+03
1.590877976335974154e+03
1.447068540847106988e+03
1.693281853852701488e+03
1.931388106525123931e+03
2.544661180804696869e+03
1.870482552787439090e+03
1.457511371476994782e+03
1.600515140144225825e+03
1.584389970922344673e+03
1.904665911035853242e+03
2.089397297778352822e+03
1.412061891990847016e+03
1.042835010481360541e+03
7.991094441040115726e+02
7.968814308143488461e+02
1.024933551960856221e+03
1.282512405170366492e+03
1.355509209228614054e+03
2.522889599491747049e+03
3.266422589430968401e+03
3.424377086571270411e+03
2.970706022557106735e+03
2.063889250972539685e+03
1.778713076949391734e+03
9.519991876911672080e+02
1.215265652695798053e+03
9.715418485619616149e+02
3.517588711690813852e+03
3.031996298800695058e+03
4.811076093910579402e+03
4.219595188549093109e+03
3.942618041022713442e+03
3.552025652222519057e+03
7.153693317587049023e+03
5.454831406767074441e+03
7.336992864204561556e+03
5.219630152921614354e+03
3.182024354591707834e+03
3.990799302394229926e+03
2.091713265631886316e+03
5.307004330467894761e+03
5.667046783174707343e+03
4.143058089583093533e+03
4.513609937152599741e+03
2.809615672097624156e+03
2.789037652275215351e+03
2.435233061526437268e+03
3.091575765528189095e+03
2.668770701287842257e+03
2.637658405735326596e+03
4.353278782537959160e+03
3.708588995245675505e+03
4.736931649102621122e+03
3.317481104871309071e+03
4.345439304122314752e+03
2.238085522142096579e+03
3.747845719994405954e+03
3.371852502902494052e+03
4.672310389326917175e+03
5.392895569351796439e+03
6.672124701439070122e+03
5.631240026206629409e+03
4.229487695668838569e+03
6.193561844558504163e+03
5.211438985686821979e+03
7.881670362631804892e+03
6.951946268813126153e+03
3.391373510474524210e+03
1.959102947913326716e+03
2.130333419830681578e+03
4.863717664071239597e+03
5.617518402751918075e+03
7.356789063745988642e+03
3.961112957145319342e+03
2.600230718559048000e+03
2.929252831203086771e+03
2.542438339489321606e+03
3.286484445814036462e+03
3.019215046045052532e+03
4.063481857179374856e+03
5.251164093047396818e+03
4.736773215859440825e+03
4.627593042586951015e+03
4.960721461427686336e+03
4.796617622523503996e+03
2.293757199281863450e+03
2.330365949020972039e+03
4.794578038098911748e+03
3.519784738747732717e+03
6.619304373407066123e+03
7.237506647619271462e+03
7.119507743271358777e+03
4.082686522970068381e+03
1.583704915191053715e+03
2.494196161884730373e+03
2.539565354792083781e+03
1.490550941235830805e+03
2.774065968572729616e+03
4.332892877221303024e+03
2.760397381178991964e+03
1.997016164972541901e+03
4.360274647780116538e+03
4.545430374513491188e+03
7.679060227117759496e+03
8.320755466311085911e+03
8.756571701856420987e+03
4.129806580808479339e+03
1.592450002670315826e+03
2.234554513040629445e+03
1.761765482738841683e+03
1.796296451907634946e+03
1.505887255577762517e+03
1.562140306733885836e+03
1.496189964102710064e+03
3.416483979220818583e+03
4.966166038815916181e+03
7.263668238437345281e+03
5.346466981906512046e+03
4.839140692508270149e+03
7.134794450728243646e+03
6.222520805448265492e+03
6.335161204402393196e+03
8.490476207253304892e+03
4.479892283440853134e+03
4.377987511723740681e+03
7.357265830666780857e+03
6.618990705874566629e+03
7.591358325731956938e+03
7.202132848927008126e+03
5.136908949095462958e+03
2.951743445275214071e+03
2.980801219426444732e+03
1.571941251087223918e+03
2.411657700899922020e+03
1.900766625624833296e+03
1.829718818954851486e+03
2.893304808115896321e+03
3.540906902748766242e+03
3.456298309911683646e+03
2.298545349566363257e+03
2.524237283285367539e+03
2.575218277031364778e+03
1.864688226423476635e+03
1.860311283329912612e+03
1.937029103517854537e+03
2.322464939633995527e+03
4.556106067100299697e+03
3.108567115587235548e+03
2.819273747823869144e+03
3.903280211348149805e+03
3.762607553841532081e+03
3.623264973728370478e+03
6.076730859684995266e+03
3.977845454446658550e+03
6.347613267771941537e+03
5.674508208719608774e+03
6.025970602371143286e+03
2.151912642397485342e+03
1.319552222298980951e+03
1.638209753655731674e+03
1.864722710972312825e+03
2.174385059381019346e+03
1.930928929846081701e+03
1.469814800189205471e+03
3.696067035861895874e+03
3.680181217818496407e+03
5.001218729468981110e+03
5.481879254333706740e+03
5.815717688431052920e+03
3.114453223801765944e+03
5.130774427053187537e+03
5.725999379942125415e+03
3.694319499049674960e+03
3.929548834184233783e+03
5.098026879679828198e+03
4.421207267082326325e+03
6.413706859319398063e+03
3.877561916948004182e+03
3.383716778395613346e+03
3.956885674655655748e+03
5.331183042245193974e+03
5.059194355154642835e+03
5.610992220385759538e+03
4.773605574512608655e+03
3.479291809568801455e+03
3.128845328752965088e+03
1.671452183628839748e+03
1.255809104155212708e+03
3.595551555319124418e+03
2.584685486563540962e+03
2.285399751152976023e+03
1.835976396829376426e+03
2.106245912583870904e+03
1.191344771638426664e+03
2.451788353007174464e+03
1.514434386760601228e+03
2.316843406417473943e+03
4.030124168129731061e+03
5.123952152196758107e+03
4.030653723768743475e+03
2.027933170117067903e+03
1.360164820049852096e+03
1.980219532131109872e+03
1.270803376765613393e+03
1.070951675367421558e+03
1.537056265115950282e+03
1.472439812379531531e+03
2.809078915281860645e+03
2.968858947076691948e+03
2.412386286271828340e+03
3.721068735168487365e+03
4.504007305328532311e+03
4.511282458309060530e+03
2.268662735092673756e+03
2.107214599892584829e+03
1.073377212921760247e+03
1.965065569759492064e+03
2.161075219509025828e+03
2.149618292173166083e+03
1.984707966018849447e+03
1.603824180481449730e+03
1.776014779964228183e+03
3.371195160961541660e+03
3.927467221787138897e+03
5.544454421338527027e+03
5.629994876144879527e+03
3.382411932477821210e+03
3.251695348143878164e+03
2.537814969657693837e+03
3.254621392740371448e+03
3.114732257707064491e+03
3.216047208681474785e+03
2.798651215256255000e+03
3.543923613287508033e+03
3.143236031836309394e+03
2.660164647338630857e+03
3.083182925515216084e+03
3.328327404515876424e+03
2.224974605985324615e+03
2.824849157007500708e+03
1.930665732605179301e+03
3.184834701986118489e+03
3.376478782949704964e+03
3.523298895660359449e+03
3.230174272744962309e+03
3.012022263126978032e+03
3.408541937242679978e+03
2.398725365521451749e+03
1.894952414228963107e+03
2.428803453577202163e+03
3.730745293404243967e+03
3.489869184603649046e+03
4.205976335424023091e+03
4.274369852695703230e+03
5.937140164809288763e+03
4.539923097161879014e+03
9.744240672349435044e+03
5.704531179820663056e+03
5.491305318474873275e+03
7.131975449400234538e+03
4.096552944006943108e+03
4.615766905876101191e+03
3.903225251109646706e+03
2.397576909679829896e+03
2.996834528692477761e+03
2.497213217742943471e+03
3.257294958375235638e+03
2.583282632341235512e+03
2.942408417961652503e+03
3.001183306415654897e+03
3.949747429903585271e+03
2.545807873939193087e+03
2.194510803728161591e+03
1.687753331176498023e+03
2.943266371179848647e+03
3.788147228223141155e+03
3.453824162670006444e+03
