3.777965013099277712e+03
3.237354554730022301e+03
3.213384969243465093e+03
3.737960067346903998e+03
3.126798722141448252e+03
2.918050130085515320e+03
2.655823976537247745e+03
3.544020295806232753e+03
3.712146260850138788e+03
3.408280428145429596e+03
2.903465454909110576e+03
1.901081450325509877e+03
2.071271710073828672e+03
2.899316122597729191e+03
3.083521147778096747e+03
2.864398414739405325e+03
2.748530290986705495e+03
3.077770754511808718e+03
2.586568012812764664e+03
2.313758925698541589e+03
2.603788302038137772e+03
2.127530799989572643e+03
2.791029331031814309e+03
2.727607058397978108e+03
2.897419102802428370e+03
2.609589487884333721e+03
3.412515963224665029e+03
3.406540985428291606e+03
3.778002419119527531e+03
3.018351344621458338e+03
2.978214728912886130e+03
3.407925128430239056e+03
2.882712816329517864e+03
3.598365459832375564e+03
3.676893354639875270e+03
3.694476787531914852e+03
4.003629267677533335e+03
4.116760923720776191e+03
3.591732484262210164e+03
2.111792845557636156e+03
1.033154329218532666e+03
1.857980420843371348e+03
2.054372814385519177e+03
1.699971108468991815e+03
1.574103239029052929e+03
1.627753977865191246e+03
1.575851567789949058e+03
2.695098509028844546e+03
3.490666264464397500e+03
4.289095863143946190e+03
3.133858357339042414e+03
2.988174088649661371e+03
2.801613280772433882e+03
2.403701562292383642e+03
1.585761276253776032e+03
2.431219476569401195e+03
2.742772213482787720e+03
2.149567478924180705e+03
2.910411807768392919e+03
2.834744308019435721e+03
2.735577181023063076e+03
2.566451768993345922e+03
2.504511855264725455e+03
2.218896631132605762e+03
2.511399079894237275e+03
2.136941199927920024e+03
2.220391449543937597e+03
1.550765780440166054e+03
1.308937202149639916e+03
2.409461140923426228e+03
2.473736948635636509e+03
3.975118878455888989e+03
3.992197425298739290e+03
3.646447124277087823e+03
4.346434633158664838e+03
2.549390726102035387e+03
4.088105229822435376e+03
6.117975802917486362e+03
3.898220501781830535e+03
5.625561699120763478e+03
3.530376226038688401e+03
2.238398718813162304e+03
2.737681439235245762e+03
2.334342091080811770e+03
2.196203982798973357e+03
1.405551536457834800e+03
1.703405842992819316e+03
1.743077803536555848e+03
2.256210525503001008e+03
2.659411264135646434e+03
2.492592183194342851e+03
2.362594892630964296e+03
3.612117093094606389e+03
1.498754716306165164e+03
2.725292909990467251e+03
1.743426792883440612e+03
2.486176314183592694e+03
2.025783742419612736e+03
3.273223711117479979e+03
3.978711891264143560e+03
2.654625273645481229e+03
5.000301040080275925e+03
3.656782284208408782e+03
3.526156651678160415e+03
4.074196722860386217e+03
1.907545879333214771e+03
3.181715858557993215e+03
4.377811152580340604e+03
3.941347672815165424e+03
3.727095915272017919e+03
3.342795075657539201e+03
4.898913317857025504e+03
4.604060053418555071e+03
5.153449846745203104e+03
4.651758156164037246e+03
5.137660329264051143e+03
5.237108872732613236e+03
4.526887777942331013e+03
5.555707545400192430e+03
3.855965679716485738e+03
4.436498551023196342e+03
4.149411822056401434e+03
5.112973534174810993e+03
4.828695202885351137e+03
4.160565917595058636e+03
6.259689399170104480e+03
3.485841002617370123e+03
3.877278207281828600e+03
2.938865621725939491e+03
3.813497817939789911e+03
3.066618658923498970e+03
3.372527024579149838e+03
2.920893739848369933e+03
4.000297098717901008e+03
3.976718658389513166e+03
4.322229410217702025e+03
4.455546303769873703e+03
4.873581004819816371e+03
5.569203689835241676e+03
4.242126239261839146e+03
3.664390636944688140e+03
4.575728878142600479e+03
5.510465631645955909e+03
4.407292810314970666e+03
4.885266860950871887e+03
4.725964566406466474e+03
4.686820524408852179e+03
4.752165688904660783e+03
5.146617204544025299e+03
4.285029038989592664e+03
3.479649487512363066e+03
3.352104223819235358e+03
4.052025396679701771e+03
3.666907183410925882e+03
4.480674303555000733e+03
3.709969186817656464e+03
3.181542704513114131e+03
2.521091048156578381e+03
2.951227462133077097e+03
3.375425767654392075e+03
3.255617008261178853e+03
4.741524991828749080e+03
4.081125110999954359e+03
3.382698148801354364e+03
3.541207402408173948e+03
4.590801892108079301e+03
2.488917684193158948e+03
3.624643792871281676e+03
2.560448230937543940e+03
3.013109477816691196e+03
3.879537986878684023e+03
3.767503164614687648e+03
3.277531944020281117e+03
2.798455840383622672e+03
2.607870625136499712e+03
3.449178386030773254e+03
3.172434881725975174e+03
2.252096411114446255e+03
2.024921101125342830e+03
2.148555498663134131e+03
1.496613502707509269e+03
1.482619418562172541e+03
1.793742522529458483e+03
1.665042411755846615e+03
1.603539178381413876e+03
1.964410370345039155e+03
3.087311445765363260e+03
2.031394800750378408e+03
4.585548746663921520e+03
4.018893095562657891e+03
3.269920754164719710e+03
2.286497858860746874e+03
2.137962097397140496e+03
2.399906757591121732e+03
2.460583230591559641e+03
2.129606179107226126e+03
3.786815319754462053e+03
3.693091430484608736e+03
3.627978121261385240e+03
3.231083308751089589e+03
3.166769092223853932e+03
3.292084572176509482e+03
4.494407031458661550e+03
3.175226560070324012e+03
4.601111598595717624e+03
3.226537121964789549e+03
3.655979600923308226e+03
2.793507226906056530e+03
3.402173352221616369e+03
4.467591770925024321e+03
4.853335340039597213e+03
3.788197943711044445e+03
4.846220390039849008e+03
3.574481773698701090e+03
2.372860984654392269e+03
2.286709322816327585e+03
2.608501115321328598e+03
2.347085369785089370e+03
1.983149954551242672e+03
2.814275554304217621e+03
2.774469049123161312e+03
3.931427220012478756e+03
6.879165375940377089e+03
6.835747932997245698e+03
6.479680271382753745e+03
6.001093713137730447e+03
6.485814435206431881e+03
5.561607422710427272e+03
5.234307397610763473e+03
5.218961457424958098e+03
5.621479886586221255e+03
4.584467036163805460e+03
4.618190817762625556e+03
3.947800069288490249e+03
4.482055745282102180e+03
3.925707740591316906e+03
3.230287121149529412e+03
3.449016954186171915e+03
3.799154689283567677e+03
4.237345817028665806e+03
6.122124986027918567e+03
6.049268151911647692e+03
5.996321262819205913e+03
5.473182147333774083e+03
5.737139466407089458e+03
5.456759651705688157e+03
4.236605533099965214e+03
4.386747902658465136e+03
4.049819454912704714e+03
4.723270333063477665e+03
5.467229818853177676e+03
6.657626321842903053e+03
4.968569743429786286e+03
4.838208297459543246e+03
3.566809835303694854e+03
3.084917801117414456e+03
3.661991434067736463e+03
5.036661377688808898e+03
3.762618918675796067e+03
2.680143714030155024e+03
2.907103391374321745e+03
3.606893199037343948e+03
5.104535995676556013e+03
4.265804342890846783e+03
3.415608416733141439e+03
3.793226697363444600e+03
3.878317225140990558e+03
3.479506770223966669e+03
2.583604956055295588e+03
2.735245428304520829e+03
2.459195013801192545e+03
2.275104572694592207e+03
3.474968391644481471e+03
2.876476413394381325e+03
2.597349315198519434e+03
1.774200330688375743e+03
1.784800055277429919e+03
2.728641345744812952e+03
3.599562504951946721e+03
3.721895477132677115e+03
2.859951732709090265e+03
5.272902304431349876e+03
2.978244954144870462e+03
2.748131871194603264e+03
2.548102677160250096e+03
4.190623765676166840e+03
1.492622208207411177e+03
1.961130924465822090e+03
2.633920542266565008e+03
2.257461556356566234e+03
2.439125770569059569e+03
3.418514597264888380e+03
5.149376663314406869e+03
3.511861094579856399e+03
3.399054150012293576e+03
3.916140440678089817e+03
5.045562420835295597e+03
4.423969342960436734e+03
3.096953184118760873e+03
2.016189433481077913e+03
1.848167209272860873e+03
1.774696982658698971e+03
2.415639970867034663e+03
1.663510724614629453e+03
1.710864251039189867e+03
2.139190777379483734e+03
2.297336757708692403e+03
1.999854098070801456e+03
2.219355783903135034e+03
1.543867362723018687e+03
1.205436730772798228e+03
2.681069248504579264e+03
2.865291846182706649e+03
3.850681109601350272e+03
2.203818433911632383e+03
3.681581010147288907e+03
3.987185263561021202e+03
5.108590839469107777e+03
4.379466306804451960e+03
4.582664293581948186e+03
4.589651071023613440e+03
3.037023635275573724e+03
3.801592499437703282e+03
3.087061680452057772e+03
2.871858710461664941e+03
2.720100945063965355e+03
3.116142278798066400e+03
3.339892571624228822e+03
2.594848919415594992e+03
2.607424574814645894e+03
1.361000632870763184e+03
2.386450747011157546e+03
3.256413121543252601e+03
3.054191729156707424e+03
3.467914510058589713e+03
3.634875730151451990e+03
3.821261637291016996e+03
3.374659567764510939e+03
3.187183580677016835e+03
3.250771225723696261e+03
4.502999880318212490e+03
3.573020001839211545e+03
3.461128758053974252e+03
3.937270684549927410e+03
4.569199590325716599e+03
3.365768283389866156e+03
3.574308818169905408e+03
3.096292281116538106e+03
2.652924497104767397e+03
1.442422820354272289e+03
2.869144627982645943e+03
3.167199250356360608e+03
3.194581880968681162e+03
3.768635041851687674e+03
2.876817613513278957e+03
4.154224652776749281e+03
3.134825864802447541e+03
2.011121647989811436e+03
2.664909993666208265e+03
3.205349358951239083e+03
2.878940734785354834e+03
2.782623501619193576e+03
2.606539006004632483e+03
2.329571329992047595e+03
2.870712804656261596e+03
3.576344718796412508e+03
2.443295493041355257e+03
1.860039704415330561e+03
1.213569308744892396e+03
1.401277813568764032e+03
3.266966542320920325e+03
3.897701280785745894e+03
3.728799497239126595e+03
3.852856823338997856e+03
3.951641064323709998e+03
2.910062428086936961e+03
3.970944047303199568e+03
3.698838413447556832e+03
2.593775167866644551e+03
2.720344854229117118e+03
1.277534729510142142e+03
1.909048229010578780e+03
1.407955309612819974e+03
1.655410246650626732e+03
3.277521071942708204e+03
2.520663253642127984e+03
2.690474505002942806e+03
2.797574301768207988e+03
2.682037021844407718e+03
2.908858498167509424e+03
2.380240154658261417e+03
2.207179510258390110e+03
2.133931901819433733e+03
2.112837313027811433e+03
1.364963861996809555e+03
1.448606725747154996e+03
1.517825228634445466e+03
2.250314454626060979e+03
1.317793412933874606e+03
2.657181472717638826e+03
3.015349982875993192e+03
2.541893133248966024e+03
2.873626977786736461e+03
3.453045057356129746e+03
3.952038315156553836e+03
2.680947713185614703e+03
3.335592832640601955e+03
2.795346016285802762e+03
3.673506186812707256e+03
3.423527872696130089e+03
3.769127924163468833e+03
2.008154483750241752e+03
2.236938266703784393e+03
1.644668496148018448e+03
1.331466053959072042e+03
9.889453619559697017e+02
1.075527522403677040e+03
1.379575070389336588e+03
1.102215176782471644e+03
2.329253514013419135e+03
3.435424741107312911e+03
4.421123078458895179e+03
3.980906188763151022e+03
4.690724711408991425e+03
4.043718832250478044e+03
3.298224731258600059e+03
2.845261393044255328e+03
3.253640417130372043e+03
2.469910134679773819e+03
2.768509130185081176e+03
3.583556849874961244e+03
3.458318315953566071e+03
2.841556405058009204e+03
4.013232364127332858e+03
4.070471748428932642e+03
3.958561054598143073e+03
4.161163606904209701e+03
4.104287829259158570e+03
4.517767794813378714e+03
4.777533786586531278e+03
5.175243416883082318e+03
4.606301392419514741e+03
4.884601005232775606e+03
4.247530735143465790e+03
3.715186797136061614e+03
2.985891328653882738e+03
3.367514393967021988e+03
2.975027130145672345e+03
3.311217619984590783e+03
3.570459030280793286e+03
2.823565130329142448e+03
2.466706701554294341e+03
3.529912036476432149e+03
5.004980036578191175e+03
4.059949496434814591e+03
4.444843914439647051e+03
3.807206863396454537e+03
4.420141973155681626e+03
4.980141036287581301e+03
3.845074808917994233e+03
3.617941301439742801e+03
3.482337409498589295e+03
3.009342120372259615e+03
4.710928908175975266e+03
3.358553781501456342e+03
3.903369257992120765e+03
3.180795006277573066e+03
3.047915603954162634e+03
3.122903633786058435e+03
2.890341396010941480e+03
4.139252390457092588e+03
4.088875882347039351e+03
3.431886884681241554e+03
3.888745667194267298e+03
5.543474615009102308e+03
2.865953023947780821e+03
2.513851998504543189e+03
2.139847915348999322e+03
2.426661339680269521e+03
2.285545532437079601e+03
2.407746904346714928e+03
2.706039046410845003e+03
3.484458121217614917e+03
2.051494190803243782e+03
1.444672290597372694e+03
1.662695660821950469e+03
1.903566563097539074e+03
1.892955507461861089e+03
1.454566799678658754e+03
1.583697209747716215e+03
1.428802465953923729e+03
2.078064319072280341e+03
1.682919879353392162e+03
