2.486782576503117070e+03
6.456089223894607585e+02
1.985242308757758337e+03
4.896854868006729703e+03
5.545556445790081852e+03
7.027869647341314703e+03
8.240158850850408271e+03
6.294913390091188376e+03
5.984851553434601556e+03
5.882461212520872323e+03
4.537642108005783484e+03
3.443731888608823738e+03
4.075632219904441172e+03
4.424351569031793588e+03
3.462779447325017827e+03
3.425029970023222631e+03
3.766815079749702363e+03
4.618149835122148033e+03
3.309469576853986382e+03
3.042540728862151809e+03
3.383269654158738831e+03
5.231461091602142915e+03
2.413586436403958487e+03
2.659786424384231395e+03
1.989545198395329180e+03
2.269206713094727547e+03
2.200998588146326256e+03
1.918435223649028103e+03
1.571669076177113993e+03
2.518128355487751833e+03
3.238872682931625604e+03
3.450300489905980157e+03
5.021432590785705543e+03
5.180736267651346679e+03
5.501353198872961912e+03
4.102644531273275788e+03
2.614185147989021061e+03
5.034550000448504761e+03
4.868838549414667796e+03
2.308547538937303671e+03
1.421230252114237373e+03
2.297658452381368988e+03
3.413572002776628779e+03
3.082887055582788889e+03
2.896474412948066856e+03
4.209903634521597269e+03
3.057397464856537681e+03
2.424927073060369366e+03
3.549495298158778041e+03
2.931351940250559437e+03
2.023226710976330651e+03
2.460509847088606421e+03
1.980598164060232421e+03
1.743535826860480256e+03
1.585507404054929111e+03
1.651521405500082892e+03
1.709532586381215197e+03
1.230700820350239383e+03
1.179650266139504311e+03
1.636416792052141545e+03
1.649745520752988568e+03
1.910255299791703919e+03
1.714966059059250256e+03
1.150563886468996316e+03
1.237439865210792959e+03
1.368381485633954071e+03
1.231808987672210833e+03
1.572757298749417259e+03
1.445382371084894658e+03
1.563266764664385619e+03
1.329925329064262769e+03
9.185300346361159427e+02
1.483430062015099338e+03
1.226074019170107931e+03
7.323086655137448133e+02
8.509179361083105277e+02
1.027371811323657766e+03
7.128526936477458094e+02
9.994662659612733933e+02
1.060265646649880864e+03
1.225261103024494560e+03
1.043911360823735322e+03
9.934109134452118042e+02
1.218011939512732852e+03
1.187620893256529143e+03
1.257984146367445646e+03
1.854828630074267949e+03
1.510432892308998134e+03
1.139020299880917037e+03
1.254262971497080798e+03
1.092449960585267490e+03
1.138684934401347164e+03
1.269786214976008750e+03
1.377923826394091066e+03
1.353925589715265914e+03
1.387300236535835211e+03
1.954577810013782710e+03
1.697022756377236419e+03
1.496733578840566679e+03
1.574207798632615777e+03
1.592602619810109900e+03
2.188749892998944688e+03
1.560957471604573811e+03
1.167926628693295015e+03
1.296283824297443289e+03
1.693413813592989527e+03
1.500501293441788221e+03
1.861852724583267445e+03
1.349881114093626138e+03
1.613871996190184518e+03
1.623043738687154246e+03
1.652177386682429869e+03
1.426164805038932855e+03
1.493806030223052403e+03
1.663711716484086082e+03
1.766123550391256686e+03
1.856003652641338022e+03
1.741478764603793024e+03
1.571581156710995856e+03
1.635344421725719030e+03
2.195972804677760450e+03
2.627754348166798081e+03
2.285032238987543678e+03
1.792659812181109146e+03
2.094813302969153938e+03
2.119211947203619275e+03
2.131186266363502455e+03
2.302956285827242482e+03
2.211366134467969005e+03
2.433331039608672654e+03
2.186881060054070076e+03
2.335455690229151060e+03
2.488578229946469037e+03
2.555336150068956158e+03
2.145529912434756625e+03
2.166187309802589425e+03
1.803745381118881141e+03
2.194419082413897740e+03
2.484960557576405790e+03
2.261875545314375358e+03
1.643550365944489613e+03
1.972498274768450528e+03
2.145233751291959379e+03
2.037058169355197833e+03
2.177760959458243633e+03
2.188910966536597243e+03
2.789761297450405436e+03
3.270938419000630347e+03
2.777119679288681255e+03
2.660499259974583765e+03
2.796515824184520625e+03
2.721835605876930458e+03
2.123144445445682777e+03
1.618515928675966961e+03
1.764398619703360282e+03
2.698271762359862350e+03
2.193167685426578373e+03
2.525131974251854444e+03
2.811090084394701080e+03
2.728139740844812877e+03
2.262395235742684235e+03
2.909629323990124703e+03
1.754632789414182753e+03
1.861225029664189151e+03
1.841921846538283035e+03
2.954927312722190891e+03
2.712609788300511354e+03
2.267362146999718334e+03
2.593002766444702502e+03
2.393652520527207344e+03
2.135718589016788883e+03
2.524010311746335901e+03
2.144492995506388979e+03
1.838409966615477742e+03
2.118106281944522834e+03
1.726738425452439287e+03
1.264952446909091123e+03
1.154742686883692386e+03
1.883566923906194916e+03
2.076175529509289390e+03
1.972819176427207367e+03
1.939895302424765077e+03
1.017471487402708476e+03
1.296204641743983302e+03
1.666662685867467644e+03
1.807401128769515935e+03
2.005741332786094063e+03
1.546248034952892112e+03
1.613465282492505594e+03
1.431021863098494578e+03
1.040727201100426100e+03
8.319305519352329839e+02
5.991287436717966557e+02
7.829832073412169393e+02
7.333750581413206646e+02
6.567307734040530249e+02
5.380476876203783831e+02
5.499064927550664379e+02
5.318363307656497909e+02
5.516865193139384473e+02
6.639004047365908718e+02
6.282296256663300937e+02
5.703718655520492575e+02
9.481789705514577236e+02
9.232430535031792260e+02
1.139079319938619392e+03
1.485938856024136612e+03
9.538856681446179664e+02
6.009142667884522098e+02
1.372393906682113993e+03
1.543552620462267669e+03
3.775801218804450855e+03
6.094690531175850992e+03
3.949249430747217048e+03
4.521753782620813581e+03
3.615735020799404992e+03
3.236598667707713048e+03
2.370482927424735408e+03
2.525848631502528406e+03
3.714211075312065077e+03
3.937565224403319917e+03
3.206240472446196236e+03
4.720680785356888919e+03
2.446014259005418808e+03
2.044739946517278895e+03
2.321954617631421570e+03
2.383148509518654009e+03
2.564778016594332712e+03
2.265949825119186244e+03
2.091894261580999228e+03
1.833994388349915198e+03
1.491494143114687176e+03
1.375830253473097400e+03
1.172551368076684867e+03
1.411902762098004587e+03
2.104282141763793334e+03
2.407942539137113727e+03
3.420120224101343865e+03
4.588226423310639802e+03
4.592714398148745204e+03
3.366536448828245284e+03
3.044137315182299517e+03
2.261972800651397847e+03
2.293333181754793713e+03
3.007369180419038003e+03
3.016250875790213286e+03
1.999417897696658883e+03
2.245315946828257438e+03
2.180990845808167705e+03
3.378914466341043862e+03
3.224761542029384145e+03
1.760363762834342651e+03
3.040513962361277208e+03
3.785815957349684595e+03
2.628374429706787396e+03
1.582208274781263526e+03
1.538501653222082496e+03
1.632462836004571272e+03
2.850822120382671073e+03
4.023509394184963185e+03
6.430336026787695118e+03
5.782567704514459365e+03
5.788112461307143349e+03
5.551680091186854952e+03
5.318924751220392864e+03
6.227266527817779206e+03
6.105692535636811044e+03
3.786725492831749307e+03
5.535459109136862935e+03
4.263645247016958820e+03
3.472211002853405262e+03
3.786256078305566916e+03
4.000472501813783310e+03
3.202108786514123040e+03
2.389740102316236971e+03
2.380943874931022947e+03
2.739421896022486635e+03
2.793205807437019303e+03
3.225961606596870752e+03
4.626798383029906290e+03
4.999787006918944826e+03
3.434415052778730114e+03
3.466748975024895572e+03
2.792634364458539039e+03
2.948328802430356973e+03
2.534247292696318254e+03
1.939546022058532571e+03
2.169690486253221479e+03
3.307389935028416858e+03
2.910854273745497267e+03
2.475235716363385109e+03
2.535423625359817834e+03
1.781494378645058077e+03
1.544112961501487689e+03
2.289736449896017348e+03
1.870802247127571263e+03
4.579788507308595399e+03
5.594377740176571933e+03
7.710417083738699148e+03
6.780751242852363248e+03
4.503360395918316499e+03
6.063495880529721944e+03
6.243690720691588467e+03
5.961731319593175613e+03
5.553789889695271086e+03
2.850936125911232921e+03
2.387316463111209487e+03
1.998311997866202546e+03
3.040695243413043954e+03
2.936689419657495819e+03
3.133293118979407609e+03
1.933641637235627059e+03
2.274062303399496159e+03
1.867379641634167683e+03
2.097270200078091420e+03
2.206311667346803461e+03
2.467303058065584082e+03
2.690265821501871415e+03
3.722601490640524844e+03
3.730517807810356317e+03
4.338199952131622922e+03
5.085394212095985495e+03
2.250074889139064453e+03
3.329264431420425808e+03
3.027075860794489927e+03
2.657609088418171268e+03
2.976697831486794257e+03
2.782454637495937277e+03
5.044983434165283143e+03
3.694195270938267640e+03
5.255554135765813953e+03
2.954236021516258006e+03
1.773929966182738781e+03
1.631902476272457989e+03
2.028968893432754840e+03
1.780664969634421595e+03
2.428335261265121062e+03
1.869422995184376759e+03
1.825983400258561915e+03
1.787688317362605403e+03
4.719137475152244406e+03
4.703999376333588771e+03
3.643498601808988042e+03
1.638452511850975270e+03
1.500244123262255471e+03
2.184646846554138392e+03
2.237369184419020257e+03
2.668942204814026809e+03
3.581315638940469853e+03
3.112653578370491232e+03
1.986820853516158195e+03
2.608772168554354266e+03
2.526050836506351061e+03
2.239303427424161782e+03
1.718286128394235902e+03
2.653467674056473697e+03
2.208026317834028305e+03
2.336512987638061077e+03
3.867022180110247518e+03
3.460841852816943174e+03
2.509056179419520959e+03
4.347182935118400565e+03
3.647248200411760990e+03
2.357812113047238199e+03
3.425719833175724034e+03
2.257422044491409906e+03
2.015954669078274719e+03
2.138756161356131543e+03
1.651227207589413865e+03
2.232781949855679613e+03
2.618607976644230348e+03
2.419250418421376708e+03
2.127176227751440820e+03
1.302700625247432981e+03
2.222471468422505950e+03
2.476564952804449604e+03
2.434386907467307083e+03
2.536330298835174744e+03
3.991223686665454807e+03
2.576275983313964389e+03
3.282405116000883027e+03
4.761277328865928212e+03
3.219712955729179157e+03
4.073671723978842692e+03
4.933136423431054936e+03
2.917517176425429170e+03
5.972240958370854969e+03
4.913419948640791517e+03
5.420660565058433349e+03
6.481390776840769831e+03
5.762819081244202607e+03
5.638216958789827913e+03
6.887805002409936606e+03
6.428154411186740617e+03
5.654294999027822087e+03
6.941965916082192052e+03
6.799440696190160452e+03
5.180954950460901273e+03
4.879623687491337478e+03
4.350438484937475550e+03
3.938026014246051545e+03
3.655682410381021327e+03
3.571940838126058679e+03
3.075749778369244268e+03
3.475790435776424147e+03
3.817252401601787369e+03
3.273117985525394033e+03
3.306281397051714066e+03
3.454274513681436019e+03
3.316186050796935433e+03
3.900526601033889619e+03
3.520562041451679306e+03
3.347512234773126238e+03
5.556284019489009552e+03
6.157703490188255273e+03
3.562171666358050061e+03
3.623650157149734241e+03
3.140238411532487589e+03
2.504803734635613182e+03
2.610708409824667342e+03
2.529020943633276147e+03
2.720161208773293765e+03
2.142401708959916505e+03
1.790641509702606299e+03
2.232938508451958114e+03
2.285491791492137963e+03
3.130677391499009900e+03
3.091001228391803124e+03
2.145384389978893068e+03
2.421750540675445336e+03
2.489832774012522350e+03
1.504807056477866354e+03
2.131221673073604052e+03
2.025239451848167391e+03
1.583323547707257603e+03
1.560875924635431375e+03
1.212428812511562683e+03
2.125935233504108965e+03
1.205772782972635014e+03
1.394282922481358355e+03
1.611960707553858583e+03
1.263068914177917350e+03
2.142374356901953433e+03
8.699060691258738416e+02
1.032889580581221935e+03
8.353490460816003633e+02
9.355856915117807375e+02
1.307360334636269727e+03
1.077791440923172104e+03
1.453210725260207710e+03
1.562710888355345560e+03
1.220756332041082260e+03
1.579073334165668484e+03
1.645832651428495637e+03
1.664432363251866491e+03
1.648680701166078279e+03
2.408381348006874305e+03
2.439283107961861333e+03
1.799899230828483496e+03
2.116850101251427986e+03
2.134559634903447204e+03
2.174478522160540251e+03
2.609836414165099086e+03
2.244128966041892909e+03
1.533500508997684392e+03
1.700776712436402022e+03
1.656611180424290978e+03
1.799750040788225533e+03
1.832527358698511307e+03
1.765076517273757872e+03
1.772111873620420056e+03
1.047872175961944322e+03
1.336079678289671392e+03
1.508276667969004166e+03
1.053540716780572438e+03
9.886997413898275227e+02
9.846561547157626819e+02
7.916472323041598429e+02
9.393097263632322438e+02
7.304515663769939238e+02
6.113088447398996550e+02
5.956890227829434252e+02
7.448347690861139654e+02
1.153635231565818685e+03
2.160455621262261957e+03
2.671165775295849016e+03
5.554337621151153144e+03
5.078136383914993530e+03
4.165509689829672425e+03
4.491986440444571599e+03
4.241548963187202389e+03
4.544611353141463951e+03
4.131599181176415186e+03
3.616834556980234993e+03
2.749746159367126893e+03
2.614538939268403283e+03
3.151083211031786050e+03
