3.414880733832168062e+03
2.595935350756079515e+03
2.341524639150458370e+03
4.452607118258110859e+03
4.411354949507851416e+03
4.463795185333029622e+03
4.628983126359768903e+03
4.925448434617721432e+03
4.196889490832350020e+03
5.828016394895686062e+03
3.850798079436845455e+03
4.053306819107344381e+03
3.320952800458234833e+03
4.367351262343871895e+03
2.513700809707519966e+03
2.303596838321931045e+03
2.025226445307079302e+03
2.239229980740097744e+03
3.974266137193778377e+03
3.289081891842890400e+03
1.932612088290369229e+03
2.616422932274071627e+03
1.763136192394719274e+03
1.975589472279209986e+03
2.043539446521958325e+03
1.923457714794882349e+03
2.791024996060275953e+03
1.717421996964204027e+03
2.506437096473281599e+03
2.113145302216299569e+03
1.833226193082717145e+03
2.311000738774507681e+03
2.822412562055067610e+03
1.811145747427279048e+03
3.694599527965457128e+03
1.821431897645843492e+03
3.595933981832051813e+03
2.552814018680268873e+03
3.609356074430441367e+03
2.388047248524685529e+03
1.537909709005765535e+03
1.626038789465995933e+03
2.074407837142759945e+03
2.574330631166648800e+03
1.712791110537628811e+03
2.248926669071010110e+03
1.795109654076662309e+03
1.897978924902362451e+03
1.574297237340380207e+03
1.793124391867567965e+03
3.340475956626838524e+03
2.186040220277965545e+03
2.548787929123142021e+03
2.317862060864063551e+03
1.990893244527015213e+03
2.122883658507038035e+03
1.934417033771300567e+03
4.125835660291813838e+03
3.079645922514178892e+03
4.437242766117708015e+03
3.299378269268594067e+03
2.025703505788796974e+03
4.325745515977146169e+03
3.016956675849756266e+03
2.215427916600950084e+03
2.565409151030009980e+03
2.873170108572506706e+03
2.426217692781717233e+03
2.133911314657255843e+03
1.782668603943309563e+03
3.770501659014022607e+03
3.959328548051350481e+03
2.676005553784803396e+03
3.569789396501560987e+03
2.022482429386381682e+03
2.747235746898496473e+03
1.963253654096044102e+03
2.617493158638966179e+03
1.555917478885532773e+03
2.450491766523396564e+03
2.189726057012382171e+03
2.442233698753706449e+03
3.341399476512549427e+03
2.342940184574426894e+03
2.196621105909875041e+03
2.306748296892665167e+03
1.987791728525279268e+03
1.803514041742785366e+03
2.556238402545020563e+03
2.368754796807738330e+03
2.916789123116411247e+03
2.901468717454261423e+03
2.407604282330161823e+03
3.078438115907755673e+03
3.232236080820196094e+03
3.466419007412960582e+03
3.396242107641312941e+03
2.521415919616731117e+03
2.732940939321486894e+03
2.066497830640530537e+03
2.457228655948732012e+03
3.540834159633182480e+03
3.545875665902072797e+03
1.992492267080419197e+03
2.756061962373406004e+03
2.305142192434843764e+03
1.407367372941002714e+03
2.004693941555351103e+03
1.344298236304646935e+03
2.451224017239062050e+03
3.001291953438100791e+03
3.920237607938312067e+03
4.351616477572036274e+03
5.159287873301086620e+03
3.340562923011559178e+03
3.049355814023431776e+03
2.683867216862558053e+03
2.692343740299294495e+03
2.818427485925776637e+03
2.212761175951502992e+03
1.821803617829233872e+03
1.883268387886728078e+03
2.194516171044241673e+03
4.253770392616945173e+03
3.195525961009213006e+03
3.414362002106793625e+03
3.058874266866189828e+03
3.710619936734961811e+03
3.456253382047642845e+03
3.804210537105171625e+03
4.163540733169053055e+03
5.036795550332448329e+03
4.668370315458140794e+03
3.799729588718220384e+03
3.522551136494182174e+03
4.854235895816052107e+03
4.742095454215947939e+03
2.952554272931307423e+03
3.307599241988786162e+03
3.242792744197065531e+03
2.259103970636284430e+03
3.726527027672815166e+03
2.632603904463131585e+03
5.795822105221213860e+03
3.275484401905660434e+03
3.685812488252616276e+03
4.291768572654615127e+03
3.188376192003002870e+03
2.873789752171425334e+03
2.290302828706124728e+03
3.713443362362122571e+03
2.465676969650627598e+03
3.391452387206867115e+03
3.239853581160865360e+03
3.684586903467905813e+03
5.753582367780137247e+03
3.448762431358173217e+03
3.292484331580895741e+03
5.876576469862949125e+03
3.490248788429129490e+03
3.092651037546668704e+03
3.963930983210859722e+03
4.077038144988093791e+03
3.182116276941525939e+03
2.172483489287390967e+03
2.757100811911815072e+03
2.686527792149950528e+03
3.165327605413311630e+03
3.599782665072854343e+03
3.791287776756912990e+03
4.171295661347162422e+03
3.853436354409344858e+03
3.394552390955800092e+03
4.303236418852304269e+03
2.465017183421628488e+03
1.947851540852566586e+03
2.797366225339538232e+03
2.564020407353469636e+03
2.792022679851739667e+03
2.923164904617570755e+03
2.239407421734301352e+03
2.083549438175979958e+03
2.293688156451775740e+03
2.174796937351611177e+03
2.822210933803070020e+03
2.304503928895377157e+03
2.199883798887547073e+03
2.480518678682622067e+03
2.027008352688919786e+03
2.285861299070177211e+03
2.457290285573405527e+03
2.322403382994707044e+03
2.032267322776743413e+03
2.823760739363937773e+03
3.202840593392173105e+03
5.105791266683993854e+03
4.916581204424950556e+03
3.806532522856467494e+03
4.689299184287769094e+03
4.135134696702924884e+03
3.831284578562097977e+03
5.032608489235540219e+03
3.922893823194949618e+03
4.745888275639604217e+03
3.920288621663307367e+03
3.465002122325303390e+03
4.461443426638305027e+03
3.825833298590737741e+03
6.468213981426253667e+03
3.736850592872074230e+03
2.087033172981429288e+03
2.211348010406759840e+03
1.856217758019417033e+03
2.362971649792134031e+03
2.928295812263539574e+03
3.707379357766696103e+03
3.335610905492748316e+03
3.007084078917743227e+03
4.240811682810983257e+03
2.543411003669989896e+03
1.822794908025165569e+03
1.709600778358269736e+03
2.552559777556447443e+03
2.097643857376965116e+03
1.597587640193201878e+03
1.861530740519904384e+03
2.774733639578728344e+03
2.603089092508411341e+03
3.016105240972899992e+03
3.275212990739240468e+03
2.905237151268987873e+03
3.373672548175876273e+03
6.128416640637444289e+03
3.053708149235989367e+03
2.174537816929549081e+03
2.106252246069877401e+03
2.094136701988037203e+03
2.076223394490606097e+03
2.845207320092143618e+03
2.683228762467716479e+03
3.185448863982421244e+03
3.402460069387854219e+03
2.390829165271014972e+03
3.175530256558269684e+03
2.414492582799958655e+03
3.066060333443866512e+03
2.987586257564325479e+03
2.974444907772755869e+03
3.511986077794899757e+03
3.711610498956187257e+03
2.861522006373934346e+03
2.951099856980511959e+03
2.473498317075971045e+03
1.957596768533524255e+03
1.493396550874857212e+03
2.946396600301179205e+03
3.147472578613018868e+03
3.804823890852170734e+03
5.184752870851192711e+03
5.479721827310894696e+03
4.551210195728074723e+03
4.295327456439656089e+03
3.748534340990738201e+03
4.238005148217975147e+03
4.068116011960470587e+03
2.795283914466556780e+03
3.215139307905138139e+03
2.333897622791726917e+03
2.216431513334177907e+03
3.089621229083065373e+03
4.616602119076920644e+03
3.366769672100515436e+03
3.859538005142363090e+03
3.662232493121297466e+03
2.872438441874330692e+03
3.436045135554154967e+03
5.012497661520740621e+03
3.980927907193570263e+03
4.410737534716010487e+03
4.711525216290217941e+03
4.013924527345444858e+03
4.552442764571364933e+03
4.194130942900073023e+03
4.151718568421581040e+03
3.852205449676139324e+03
4.504855727976014350e+03
4.805908537484810950e+03
3.905308502819543264e+03
2.681397505971176088e+03
2.738609490150588499e+03
3.444613087614942287e+03
2.329357227556826729e+03
2.511801284594770550e+03
5.730821303711500150e+03
4.734517537719063512e+03
3.981477726837618775e+03
5.541012911215399981e+03
3.768282289344138007e+03
4.232310556807333342e+03
2.919521897747829371e+03
4.319807501126831994e+03
2.904673978458234615e+03
2.253907242935956219e+03
1.839748396977234734e+03
3.486096861253349743e+03
3.946580466517163131e+03
4.928996570738888295e+03
3.499989977539500160e+03
2.481815931719873333e+03
2.698573722234947581e+03
3.475958762494838993e+03
2.524401309481339467e+03
2.569197777162862621e+03
2.453721221779676853e+03
2.462041756538497793e+03
1.955207106217311775e+03
3.318347442313672218e+03
4.456262967205840141e+03
3.860408419097089791e+03
3.658731448992601145e+03
4.095380078213479919e+03
3.965747563901656576e+03
3.361652467789499497e+03
3.424112184926578720e+03
2.711929083323060695e+03
2.413461141305933324e+03
2.144714805449797950e+03
1.327915633215744947e+03
3.842599096737633317e+03
1.575601403670989384e+03
2.124319901047011172e+03
1.523775596074142186e+03
1.821795647955832237e+03
3.437960555174363890e+03
3.232992112139148503e+03
3.082697151744980602e+03
2.096214576960798240e+03
2.978986799074876217e+03
2.688416841085776923e+03
3.714297589471615083e+03
3.250104031539424795e+03
5.011024339174075976e+03
4.405393977811884724e+03
7.108520836635557316e+03
3.756012378618017010e+03
7.625375339218385307e+03
3.908314219224014323e+03
5.202687955975464320e+03
3.267855077846184031e+03
3.663266142214919455e+03
4.308342391913954089e+03
3.722295221001856589e+03
2.676929615450419078e+03
3.896054344001900063e+03
3.511461326432494388e+03
2.701315321580388172e+03
4.050786889373014674e+03
3.048873832317982760e+03
4.033634894777999762e+03
4.041047824672106344e+03
3.030323055958800978e+03
2.662515962629737714e+03
3.283646021376599947e+03
2.619568546361419976e+03
2.116566086301190353e+03
2.911278500356842869e+03
2.238331832468527409e+03
1.975001895014927641e+03
2.236987438245589146e+03
1.775379490619643320e+03
2.289464093157117986e+03
2.154140120003713037e+03
2.225578339036664147e+03
2.459431223705576940e+03
2.374774899221946725e+03
3.718743358982876089e+03
2.756383515573756540e+03
3.088743780253406385e+03
2.525946854078667002e+03
1.595544341354767084e+03
2.485831819442998949e+03
2.366670738498066839e+03
2.836355809703963587e+03
3.506193990390220733e+03
3.068411308920195097e+03
5.820964366351700846e+03
3.280759112092540818e+03
4.120870526297749166e+03
2.431812101551571232e+03
3.324363407317776364e+03
4.507609956121286814e+03
3.870922507186485291e+03
2.867534218919318846e+03
2.631131420782689929e+03
3.167912032330590591e+03
3.354726677124861453e+03
3.727280386840077426e+03
5.664113718795427303e+03
5.228363028503003989e+03
4.833582680404062557e+03
4.863556567637829176e+03
5.958116306142915164e+03
5.250982607744165762e+03
4.802702623017932638e+03
4.508101589513011277e+03
3.862058852526949977e+03
4.714919381597057509e+03
1.348884784948945253e+03
2.243469035598646769e+03
2.333776280801826942e+03
1.433620742191871386e+03
3.630940421475957010e+03
4.131325838422889319e+03
3.176613808637471266e+03
3.301441068250871012e+03
3.118205389805014875e+03
4.028807425773767136e+03
5.059691712767646095e+03
4.906941616511867323e+03
4.782259655332229158e+03
3.899829316752124669e+03
6.676788969915493908e+03
5.918163284591815682e+03
4.698686184974834759e+03
6.025568355960399458e+03
5.917383684031563462e+03
5.236499551012585471e+03
4.933140552825631858e+03
3.052904170743866416e+03
1.692765726694480463e+03
1.471441280301395636e+03
1.928749523674590819e+03
4.344061038974058647e+03
4.318642157347119792e+03
4.807950856646697503e+03
3.964236156989330539e+03
3.115627220497502094e+03
5.562156146434265793e+03
5.384707108694537055e+03
4.386803681502485233e+03
4.779626793401254872e+03
4.041796352544120964e+03
4.207338394248748045e+03
4.433720847600985508e+03
5.007442127673040886e+03
5.351272985661616985e+03
5.282079253435668761e+03
2.971526803374638348e+03
2.951603838247805925e+03
2.622667406561218741e+03
2.482252057304375285e+03
2.269964624674827519e+03
3.422753611293883296e+03
3.684371912628623704e+03
2.497544575558973975e+03
3.503499855447959817e+03
2.231426869503829494e+03
3.455725764154506123e+03
3.042351318348450604e+03
6.109066173405862173e+03
5.050387394446158396e+03
5.362458282149050319e+03
1.565483263117037950e+03
2.440130715001561839e+03
2.475530772996385622e+03
3.238248796588000459e+03
2.327344196141131761e+03
2.211651111343033335e+03
2.961928915581227557e+03
4.878782303647227309e+03
4.720257273032052581e+03
5.407310243378505220e+03
5.115868304171687669e+03
5.531159086392576683e+03
4.599144870736726261e+03
2.426467162542709048e+03
2.817956421658688669e+03
3.256786943974928818e+03
3.504853873157885118e+03
3.024160321191552157e+03
2.424251409561622950e+03
4.121451878304783349e+03
3.702330448861809600e+03
3.590592792801445285e+03
2.738598709073621649e+03
1.973084333799375372e+03
4.677225812129280712e+03
4.102929425645435913e+03
2.741801003656813918e+03
3.869105223270831175e+03
3.230419545157491939e+03
4.541304773342291810e+03
2.756068655235291772e+03
