4.893599788509397513e+03
3.717648729465503948e+03
5.767684377753632361e+03
7.159113929134585305e+03
7.237488396517395813e+03
4.107625621495075393e+03
3.236449171785862745e+03
1.504660417274227257e+03
3.330514637400885931e+03
3.845962234086870922e+03
2.509465726161419298e+03
4.451655182755789610e+03
6.438966883387383859e+03
7.410193932956519347e+03
4.129409484929636164e+03
5.469642421488979380e+03
6.099648177579984804e+03
6.359115844368521721e+03
5.717294537949106598e+03
3.360215559180283890e+03
2.723656891933210318e+03
2.883664958694178040e+03
2.917861027067590840e+03
2.332352015243720416e+03
3.298272410973308979e+03
2.531431614022719259e+03
3.353877058472228327e+03
3.332082179492378145e+03
2.792447748632882849e+03
2.088075259954759986e+03
2.668718271597383591e+03
2.563721997105578794e+03
3.064047285284703776e+03
3.197201518481801941e+03
3.032096945023899934e+03
3.876166903761278263e+03
2.369893190798899923e+03
1.665547395102144264e+03
4.127093142182912743e+03
5.540964249081854177e+03
6.088645427832132555e+03
4.965402205208358282e+03
4.785659214514440464e+03
6.083468987281510636e+03
4.336014515048273097e+03
4.748212681372549014e+03
2.964642846466064384e+03
1.489680208505252494e+03
1.554766624928892043e+03
1.997482067074966153e+03
1.629270571062581666e+03
1.566053593344274077e+03
1.155549695686958330e+03
3.100493838887188303e+03
5.278958270258211996e+03
5.269753228987540751e+03
4.945201957181334365e+03
8.095391026708890422e+03
6.596319224032446982e+03
4.892519509851006660e+03
7.273891959686146947e+03
5.682593280544359004e+03
4.141937677203523890e+03
4.845959113286783577e+03
4.405684769702340418e+03
3.506969335155743011e+03
4.389951165043875335e+03
5.823915954342099212e+03
7.450806307364156964e+03
4.674781679491812611e+03
5.532270422093340130e+03
5.212841320814965002e+03
7.535123320849736047e+03
7.846433419606758434e+03
4.762429322163383404e+03
7.394429837783681251e+03
6.629620758662752451e+03
6.380974103638948691e+03
8.054720518041516698e+03
8.417628123131473330e+03
4.614395885133395495e+03
4.806953337471469240e+03
7.051606947414629758e+03
7.067751010676849546e+03
8.564091039455930513e+03
3.588658561732985618e+03
5.230546887843454897e+03
6.199840048358621971e+03
7.772050963509992471e+03
8.455482330375501988e+03
4.462448403525392678e+03
6.184536078585181713e+03
4.790419793113323067e+03
4.234432060632830144e+03
5.287775345511606247e+03
5.777186258576161890e+03
3.904813290308560227e+03
4.429508493789901877e+03
5.060627460853241246e+03
6.529927333361228193e+03
7.060374000612990130e+03
3.427208608188235758e+03
5.063377578309901764e+03
7.240902979365281681e+03
6.172450427543473779e+03
7.118043137181740349e+03
3.360208301272874451e+03
3.783947461135230697e+03
5.677604033454494129e+03
5.976011391578762414e+03
6.215522247003547818e+03
5.782213344428525488e+03
3.863333962861788677e+03
1.262008274298640345e+03
1.817205535470636732e+03
1.425886174058676488e+03
1.607007916108046629e+03
2.506234643749547104e+03
2.670236831061753037e+03
2.323177454011283771e+03
1.918655280735105180e+03
1.474378173163896918e+03
1.699496528781507550e+03
2.774684021547137036e+03
4.462414106132449888e+03
4.668281522607125225e+03
5.673422421149268303e+03
6.579754066873320880e+03
5.087041761413789573e+03
3.738582084560861404e+03
2.361169630452409365e+03
2.471939836869476494e+03
1.781326697712970827e+03
2.019927906127117922e+03
1.592076139796817415e+03
4.897176296597580404e+03
5.872197638802140318e+03
7.127456143307895218e+03
5.091782645888330990e+03
5.181716667851834245e+03
5.670816093354449549e+03
6.255508001464563677e+03
3.096564602853309680e+03
5.053349300846997721e+03
6.077153666722683738e+03
5.777544647759681538e+03
5.218442443701348566e+03
3.621347145972891212e+03
4.531545964486113007e+03
4.645435679835029987e+03
3.391280579896057134e+03
3.578116106830536410e+03
4.500478040883694121e+03
5.391468865462385111e+03
3.325306696614031353e+03
4.367320013673859648e+03
3.418676933926646598e+03
3.151943276904612958e+03
2.314898480139991534e+03
1.167268329239015884e+03
2.030063757004920490e+03
2.522397907968934760e+03
3.803249201550591351e+03
3.223029875208705107e+03
2.561301403136137196e+03
3.641765016594739336e+03
3.197593730926198532e+03
2.005094339984594626e+03
1.906321215211132539e+03
2.705557305960384838e+03
3.505481368082967947e+03
4.555484543655569723e+03
2.706482129866757077e+03
2.424753431412882946e+03
2.774383656575978421e+03
4.377231009470237950e+03
4.031190774283857536e+03
4.905385510318270462e+03
4.351831308988448654e+03
3.331895189097580442e+03
3.168899889469206300e+03
2.091237149325094379e+03
4.085600437568118195e+03
5.331372510127866917e+03
5.238427712748509293e+03
4.205982959011868843e+03
3.292040079985581997e+03
2.515294080597884658e+03
2.614985463918875666e+03
2.782341290518592359e+03
2.873200344343475081e+03
2.576653141229389348e+03
2.360158120734603472e+03
2.909049127322838558e+03
3.045992038557521482e+03
3.003876312775988481e+03
2.082996302814516639e+03
3.684490711874523186e+03
2.621249681042795146e+03
3.753237689840874282e+03
5.045440206147912249e+03
5.155906840170538999e+03
5.612624542520428804e+03
5.584795139409187868e+03
3.603455377548584693e+03
4.521441425943598915e+03
3.812114060925086051e+03
3.818469029332120954e+03
5.127662398274645057e+03
5.664280025551999643e+03
4.100312656106345457e+03
3.352448976454956664e+03
4.231313786741975491e+03
4.202040567846575868e+03
4.798589593644944216e+03
4.305450091116489602e+03
3.606585499429159427e+03
4.016918176930437767e+03
3.717951513873441854e+03
2.019511187614062692e+03
1.038605168833099924e+03
1.081945868665994112e+03
1.364819441951500949e+03
2.471312740740745085e+03
3.655403375722334204e+03
3.748805988504332618e+03
3.773196687846805162e+03
3.405357938333596394e+03
3.457381633262084506e+03
3.860602166299714554e+03
5.474957473897661657e+03
5.658109277685111010e+03
4.456755090531118185e+03
4.150714020521641942e+03
3.888600550006219692e+03
5.463171998867622278e+03
5.733185082874187174e+03
6.767096312320790275e+03
3.549558596433765615e+03
5.135724799660832105e+03
6.310276744025419248e+03
4.252824892356595228e+03
4.229635619812462210e+03
5.760148526867430519e+03
5.202835689446117613e+03
3.750268720271733855e+03
6.963173777688958580e+03
5.859199761674646652e+03
4.894152259718017376e+03
5.790687614012159429e+03
5.446015038148792883e+03
2.932333853810936944e+03
4.038679991981910007e+03
2.621231598805393332e+03
2.616936665062164138e+03
3.299329057891338380e+03
3.823182891853417914e+03
3.260263029789384746e+03
3.150282348066541090e+03
3.846224489398334299e+03
4.977192536521297370e+03
3.915602386744698833e+03
5.039029856913359254e+03
5.780355170002681916e+03
5.573117694383747221e+03
5.238254911650305075e+03
5.705952121725067627e+03
6.290457131738562566e+03
5.319490883999063954e+03
5.494394694597740454e+03
6.021579260156180680e+03
7.451765566201367619e+03
4.610110871526971096e+03
4.550845005125103853e+03
5.608244075502592750e+03
6.820631775101050152e+03
7.161597155040259167e+03
4.005227589196023473e+03
4.471542660771812734e+03
5.229082320195048851e+03
4.572299719610674401e+03
4.448651137333437873e+03
3.220813643847129697e+03
3.105300851519645676e+03
2.610955370099314678e+03
4.855978862663433574e+03
2.293478405360503984e+03
2.466699256369384329e+03
2.696715438104800796e+03
3.109371960103952006e+03
2.066745538893000685e+03
4.687532713006718041e+03
4.979584932252249928e+03
4.559528489866405835e+03
5.638510797430669300e+03
5.697184337559429878e+03
5.420208606492320541e+03
4.781468207993254509e+03
3.944551352817280076e+03
4.760527156357880813e+03
3.975491102541156579e+03
4.669630442438081445e+03
4.624463138680575867e+03
3.650501093330065032e+03
4.182309277862128511e+03
2.674671144628928687e+03
2.172550672946785198e+03
3.867954393983228783e+03
5.288148919843806652e+03
5.298720892327665752e+03
6.536147878697532178e+03
8.043084873432441782e+03
5.401734656381709101e+03
5.976313189496730956e+03
5.632314557327782495e+03
5.536587146304626003e+03
7.434400758848525584e+03
8.841619213916004810e+03
7.119080957347598996e+03
6.292052091760713665e+03
3.763212540747577350e+03
5.383052444945071329e+03
8.429856209013301850e+03
9.699557278801270513e+03
3.925734818328127858e+03
3.984544350319381465e+03
3.491711392252401311e+03
3.496871398346030219e+03
2.509862646948996371e+03
2.352220441573261269e+03
2.334165070316088077e+03
2.882258044879560657e+03
2.786697660153097786e+03
2.810074107233305313e+03
2.601786006723402807e+03
3.131384908558541611e+03
2.887002268459947572e+03
2.834326867535500696e+03
3.473032389722705830e+03
2.626782142858326552e+03
4.369282825082586896e+03
5.712529687636893868e+03
7.023911295535784120e+03
6.536041676547423776e+03
6.700905109070607068e+03
7.447026427902884279e+03
8.184865387874253429e+03
3.831527780541749053e+03
5.195107766408531461e+03
6.824773882748755568e+03
6.367045655204646209e+03
5.215847746235511295e+03
4.609083771430533488e+03
4.954446996458810645e+03
4.325466552844876787e+03
4.843149420272467978e+03
2.774623795695269564e+03
4.499970205757037547e+03
5.707643971842103383e+03
6.675552876477338941e+03
7.140230166989183999e+03
4.600599147613531386e+03
3.085154258303284678e+03
3.853654789774224355e+03
5.300556234555048832e+03
6.896525867365018712e+03
6.692934238187521260e+03
7.082570766815811112e+03
7.259519152914092956e+03
6.375076243097446422e+03
5.650269600724152951e+03
5.601920157080161516e+03
5.486072295158644920e+03
7.814175080440898455e+03
6.305485423424874170e+03
7.776475095329028591e+03
7.632562196550680710e+03
4.010753705064964834e+03
3.723307399397367135e+03
3.291502722568274294e+03
6.143989712449564649e+03
6.640059883902927140e+03
7.519442430668006637e+03
7.399459582121008680e+03
7.255023685127139288e+03
4.083332431934199121e+03
5.381977173009048784e+03
5.310146963616151879e+03
7.299673465626827237e+03
6.965751513450991297e+03
6.294482655365537539e+03
4.625029056454463898e+03
3.228800460781638776e+03
5.187379040425000312e+03
4.537419568244013135e+03
7.362651494417648792e+03
7.582672612515235414e+03
8.589763038782586591e+03
6.953332708504478433e+03
7.411143691863660933e+03
5.699172199008386997e+03
6.727545419812033288e+03
6.242575148469909436e+03
4.216904183072678279e+03
5.036273395370249091e+03
5.731784407945616294e+03
6.455821978908956225e+03
7.598382380935086076e+03
5.320363698044170633e+03
3.393483824187373557e+03
5.859016725629721805e+03
5.217189901055346127e+03
5.042618665226944358e+03
4.887294830074484707e+03
5.507711948784817650e+03
4.923821508187627842e+03
5.120975977107845210e+03
4.242340151115913613e+03
4.006888930918021288e+03
3.991506849884956864e+03
5.102519197419780539e+03
6.427007952574429510e+03
7.165958609404584422e+03
6.611190033888356993e+03
6.290611138667239175e+03
8.316064917551713734e+03
5.382262726308721540e+03
4.248556118512714420e+03
5.142901393829707558e+03
5.994226870859744849e+03
4.133015897302343546e+03
4.428064825327288418e+03
4.148543900626451432e+03
4.597404312006729924e+03
5.033651559116969111e+03
4.753250695363046361e+03
3.406077124465420184e+03
3.494451404166047723e+03
3.366472193426948252e+03
3.084786093786501624e+03
3.013940914211439576e+03
3.452926304043973232e+03
3.181990115022867485e+03
3.081793189253728997e+03
3.388592020698519718e+03
3.166127129800717739e+03
2.692083765049409521e+03
2.639827634993876018e+03
3.409604484253658484e+03
2.579673307020073480e+03
4.327761213346861041e+03
3.970184739548383732e+03
3.590688826033093846e+03
4.179688580546308913e+03
4.681299043006487409e+03
5.102791041708425837e+03
5.587861994220953420e+03
3.663768562680664672e+03
5.535375483592468299e+03
5.270624262947038005e+03
5.374050358739436888e+03
5.854496297756086278e+03
6.631196361094805070e+03
6.526228874202724000e+03
4.075403071732341232e+03
3.999807767721265918e+03
2.359607032325513046e+03
4.082862618519304306e+03
4.054920216501723189e+03
4.549443038251030885e+03
4.838687862737916475e+03
5.044905924044250241e+03
5.412492356506867509e+03
3.416573844435059073e+03
4.522504456159844267e+03
3.223620213349450296e+03
4.149795222658998682e+03
3.693024785947306100e+03
3.940663250616884397e+03
3.226668372169750455e+03
2.988972794347445415e+03
2.531545581958599541e+03
2.774333415309344218e+03
3.114882693104616919e+03
4.129598054368778321e+03
5.171237960738755646e+03
5.042910313215784299e+03
4.230000706471395461e+03
2.527641248068405730e+03
2.561811513973184901e+03
