1.182543901642525270e+03
1.391499635809929032e+03
1.412523808077268086e+03
8.833555853412494798e+02
1.613320899189995316e+03
1.623901990586729426e+03
1.331210893096613518e+03
1.217761281701481266e+03
1.397622544169560342e+03
9.333014893745197469e+02
1.114300603208205985e+03
8.304853919258665655e+02
1.348807734144144888e+03
1.242483775904143386e+03
1.691552756729209705e+03
1.076624587410320146e+03
1.202603918869399877e+03
1.639989644712160725e+03
1.990079680286133680e+03
1.052150308768880222e+03
8.911258046298830777e+02
1.325631972776830708e+03
1.633569101463451943e+03
1.153592016490853894e+03
1.198279582223064381e+03
1.747173713263593072e+03
1.403842609007194824e+03
1.084039338149136256e+03
1.074985474476035961e+03
1.314428341134561833e+03
1.116275857799022788e+03
1.075495985528857318e+03
1.744714645708114631e+03
1.065785703272884120e+03
1.317361556767368484e+03
1.097152724023782639e+03
1.196180010315779782e+03
1.671980050988582661e+03
9.487087504440328303e+02
8.661712580722276016e+02
7.955182117857044659e+02
7.569597068570622014e+02
7.041928122802318057e+02
1.141532293061041855e+03
9.291418397409964882e+02
8.959682686979972459e+02
1.019145986515198501e+03
8.464887156447730376e+02
9.085114881808344762e+02
8.728623147860035942e+02
7.402968469029689231e+02
3.809436107552302474e+03
2.139468897725316310e+03
5.243125812982097159e+03
6.695298033207001936e+03
7.692184975602553095e+03
7.764804516684687769e+03
6.834157448722790832e+03
4.203417048342765156e+03
5.257279469089309714e+03
5.805410770519944890e+03
4.864344009934544374e+03
8.166557351168885361e+03
8.550535102257650578e+03
7.303926527916305531e+03
9.016676415574098428e+03
7.658367033519287361e+03
6.098042629839673282e+03
4.907903540035007609e+03
5.606320435439293760e+03
3.044862595645251986e+03
2.516524458568226692e+03
3.787163641500017093e+03
4.757158077697258705e+03
2.896084105128547890e+03
2.002708367176442152e+03
1.984853790728776403e+03
2.726249063970471525e+03
2.809298258945852467e+03
5.091568197770130610e+03
3.382356239464148530e+03
3.019920211334077521e+03
3.711645278175770727e+03
3.520811189373755042e+03
3.797220680828691457e+03
2.962070188033103932e+03
3.358826174750623068e+03
2.227703702099735892e+03
1.950628639892483079e+03
1.452294388532473477e+03
1.913585880651452044e+03
4.162895695666034953e+03
2.942755772422851351e+03
2.984083826188595594e+03
2.781477164728802109e+03
2.203009820292986205e+03
2.233443029973811463e+03
2.524263508297724911e+03
2.468167880056967988e+03
3.739528999006498452e+03
5.145735784431734828e+03
6.013381837144025667e+03
5.620897187037070580e+03
6.698704046015995118e+03
8.203119622660142340e+03
8.071244416741841633e+03
8.699572015914713120e+03
9.379170245301049363e+03
9.074812000099149373e+03
7.990604107025171288e+03
8.093980095361177518e+03
5.926713850670532338e+03
5.969840103240385361e+03
2.973495248000662286e+03
3.647418630760701035e+03
3.851413170986020759e+03
4.878810385141350707e+03
5.202760621665242070e+03
4.417321569295406334e+03
3.908476682928376704e+03
3.972245218334436686e+03
4.618673038088845715e+03
4.720694537579297503e+03
3.072569993351494759e+03
2.681947183584992672e+03
2.094216589089767695e+03
1.883807174075240937e+03
2.115600065274480585e+03
3.175592899347504499e+03
3.641132653159652818e+03
2.998551531401047214e+03
1.476006582895283373e+03
1.946640933243018935e+03
2.838309522257172830e+03
4.673158332334992338e+03
6.118634345880002002e+03
6.963829934116600270e+03
6.640324816134191678e+03
8.484161002217910209e+03
8.721372298296124427e+03
6.018356688632802616e+03
4.369025993266806836e+03
2.136403035725566497e+03
2.221436451533120817e+03
1.637724712856502947e+03
1.814178193115528984e+03
1.559704323027124701e+03
3.378282351095546346e+03
5.492359915172300134e+03
4.306331355137769606e+03
3.411322028171564398e+03
5.647352047650615532e+03
3.409730795231744651e+03
2.624287056436551211e+03
1.785863445557775322e+03
1.082719783504965108e+03
1.622838443618090196e+03
2.280100147007573469e+03
2.086840235828883579e+03
2.474901141763468331e+03
1.876251870137970855e+03
1.433460047228348458e+03
1.303065516561678123e+03
1.845240143998191797e+03
1.772076591877340888e+03
2.034064146237911928e+03
2.054865130364303241e+03
1.967873863496109379e+03
5.325431108611830496e+03
4.094595976187986707e+03
5.309311083489501470e+03
4.822871848189869525e+03
5.331200403290129543e+03
4.583412899493303485e+03
4.253844526081393269e+03
2.980136262774033185e+03
4.204258893473847820e+03
3.467539500537403910e+03
4.149089664365557837e+03
6.526708051543165311e+03
5.314364392267947551e+03
7.701597377367585977e+03
6.989916901519279236e+03
4.291036525060189888e+03
6.131747041623733821e+03
7.964863865008126595e+03
7.174598764674368795e+03
7.675528258006707802e+03
5.953781376108247969e+03
5.936949040220837560e+03
6.604985370254816189e+03
6.483514372170592651e+03
3.569754350157961198e+03
4.946092237495866357e+03
4.983623512459018457e+03
3.376195220930580945e+03
3.676105055901216019e+03
5.260451115615513118e+03
4.833895297870876675e+03
5.364844786884760651e+03
4.585385622625533870e+03
5.272896004604877817e+03
6.332683601495776202e+03
5.653398386474153995e+03
5.461657700082674637e+03
4.831747175950719793e+03
5.048500802679895060e+03
5.987150685154026178e+03
4.367071976623135924e+03
4.896928890074056653e+03
4.855736705954830541e+03
5.886170166931868152e+03
5.993525668215029327e+03
4.996297608158405637e+03
6.215071383783342753e+03
6.496012057730794368e+03
7.064600422968897874e+03
7.010742796009110862e+03
7.338584532512812075e+03
8.455592165893018318e+03
9.202483313745531632e+03
8.669912494798722037e+03
6.551823818633345581e+03
4.111771537791721130e+03
5.102907051328418675e+03
5.002228786831796242e+03
4.202170489054452446e+03
2.792042759102386754e+03
1.891906935500556074e+03
1.853743916104845994e+03
1.761909464892165488e+03
2.244543637003695039e+03
1.667634026930604477e+03
2.105923684231102925e+03
2.383913106001690267e+03
2.768396336194958621e+03
2.801982030648597629e+03
2.939546191854521567e+03
2.093256381970645634e+03
1.918767239236390424e+03
4.894042940400899170e+03
6.666728851118351486e+03
5.343452744094500304e+03
5.564606240783446992e+03
5.392387106768370359e+03
3.996066403921300662e+03
2.305275551857957453e+03
2.202332694106351937e+03
1.737480373725694108e+03
1.336428465092129954e+03
1.563987780947086094e+03
1.653115173731401910e+03
1.615600714506127133e+03
1.249390154261164753e+03
1.280564216264204333e+03
8.451703834201279051e+02
9.226288019012380346e+02
4.179876824403351748e+03
8.822590296764828963e+03
6.523575819782468898e+03
7.736999088101557390e+03
7.136000895572045920e+03
7.441264208701419193e+03
7.154348421396392951e+03
7.902251987510753679e+03
9.445427858634393488e+03
8.582694475186806812e+03
4.177348087815684266e+03
6.194514639195925156e+03
8.950062878299446311e+03
4.860133503834164912e+03
6.488255085647275337e+03
3.715149200441247103e+03
3.327360653352146073e+03
3.860235350769931756e+03
2.749812211985683916e+03
1.720201779963242643e+03
1.287015162074399541e+03
8.793163790642793174e+02
5.714647698701317040e+02
6.391295498687502459e+02
7.344100464276494904e+02
7.972257564881997496e+02
9.492421143313692937e+02
7.556501877781274743e+02
8.602779426549989239e+02
7.977746542640650205e+02
1.142641338599008577e+03
1.394956096674452510e+03
1.181275081876452305e+03
1.490189685302090538e+03
2.234458107160836789e+03
1.965992649372633878e+03
7.773500896506781146e+02
7.081514524506613952e+02
1.282442704698796888e+03
1.330500359411968248e+03
8.508121659020014249e+02
1.624008450799319917e+03
1.937251152221401753e+03
1.154695651630619977e+03
9.731749461325509856e+02
7.851797385730985752e+02
9.431299822080402464e+02
1.566655996802572417e+03
1.594798947468150345e+03
1.353767678341184364e+03
1.268384380921030925e+03
9.953844376491540515e+02
9.961034129914012283e+02
1.496170011163021854e+03
3.189470010772172827e+03
4.473779718906109338e+03
4.342756152520560136e+03
5.053684127324595465e+03
3.480197038681355480e+03
4.256471902668627990e+03
5.239143400260784802e+03
3.542684991189258653e+03
4.127105563674699624e+03
5.512770118022680435e+03
5.930667004099476799e+03
5.892048781205520754e+03
4.844577167755496703e+03
6.001314664210937735e+03
4.912174790006964940e+03
5.702515498975056289e+03
4.734077410953819708e+03
6.224869382780897467e+03
4.678676611759492516e+03
5.151658396785413061e+03
4.812169594542898267e+03
3.894187225532326465e+03
4.854325574117908218e+03
4.486908763468617508e+03
4.845703462800009220e+03
4.048139108399448560e+03
3.429109829841715964e+03
3.227338885571454284e+03
4.365085346790016956e+03
4.820003348070361426e+03
4.268268165207283346e+03
4.929046445770060018e+03
3.088710246490498321e+03
1.107648366207024537e+03
9.296014579593203280e+02
1.437190208780342346e+03
1.361204104759228812e+03
3.350441324500936844e+03
1.526046877005573151e+03
1.572940859503485171e+03
1.610684437559812523e+03
1.555210409613094953e+03
1.298239489637680890e+03
1.196936552938572959e+03
2.816290773274600724e+03
3.145633908659664030e+03
2.995343470205995345e+03
2.233466780889907568e+03
3.603004271490953670e+03
3.889597101130022565e+03
4.379018873252693993e+03
4.884099960800387635e+03
5.000455151460900197e+03
4.191752651416749359e+03
3.186092969642643766e+03
4.204584929214874137e+03
3.548878731950572728e+03
4.216181104500285983e+03
4.149036560995687068e+03
3.802418921985273755e+03
3.496495992031817423e+03
3.960184538977149259e+03
4.407963837595992118e+03
4.317498117505144364e+03
3.706442017528500401e+03
2.912495062313604194e+03
4.377868037347872814e+03
3.000207257404154916e+03
4.620113013294640950e+03
2.774555005128140238e+03
5.720271893799498685e+03
2.692171056697236054e+03
2.529572116200301025e+03
2.861656443023898191e+03
3.621669850666997718e+03
3.589478560527293666e+03
2.896066253643521122e+03
4.379661045470988029e+03
4.101079656596449240e+03
5.145337761912242058e+03
5.490779588869207146e+03
5.199121236730346936e+03
1.995884104132610446e+03
2.283456161662342765e+03
2.165533489845654458e+03
2.818388556256893480e+03
3.512908173947731484e+03
3.043080261124282515e+03
4.477910307755762005e+03
3.675450936107841244e+03
2.725856055067976740e+03
1.147675851858559554e+03
3.406827126346533987e+03
4.143488934759554468e+03
3.587436221498776831e+03
3.268670390751551167e+03
2.214768120194496987e+03
2.148920887853219938e+03
1.913019582625435078e+03
2.102499724524950580e+03
2.085699093600204378e+03
2.117319313500133831e+03
1.764846009955175987e+03
2.077499842991922378e+03
1.622190696637183009e+03
3.281166180522996910e+03
4.233027221343824749e+03
3.228010467891062490e+03
3.966066462895385939e+03
3.650970088059514183e+03
4.277706045143586380e+03
4.231395884294965072e+03
2.525077900282873998e+03
5.788141269964345156e+03
3.850487721658339524e+03
5.126977970536422617e+03
3.559704511440007536e+03
2.088650024257050063e+03
3.491639242070033106e+03
2.341659290494163088e+03
3.294754888117174232e+03
3.234013412126886578e+03
3.101350213989197982e+03
2.946382527963767643e+03
3.960116379833898463e+03
3.913986101817356030e+03
3.255515258735063526e+03
3.697849010622353944e+03
3.452316962909325866e+03
3.109257196623226264e+03
2.478741793185599818e+03
2.225391982799943435e+03
1.825941470303942197e+03
1.685837566893179201e+03
2.759683010167568682e+03
2.023147894787347695e+03
2.082341820666016247e+03
1.857725137299764356e+03
1.316555626633673455e+03
1.297609983367753102e+03
1.311723649912584278e+03
1.323741676299808887e+03
1.198215373794991820e+03
1.667992074853307031e+03
1.778955261674674830e+03
2.699098550198092198e+03
2.494852842405594856e+03
2.128866440805263210e+03
2.217914190481772494e+03
1.383762989650652798e+03
1.866557580792042017e+03
1.329474385686987262e+03
1.791668734414918845e+03
1.957393559811503565e+03
1.183837399917512812e+03
8.219846012122894763e+02
7.879024245756272649e+02
8.011573790091216551e+02
1.025459951684654243e+03
7.584284642660410327e+02
8.656085025583232664e+02
9.040132280661309778e+02
6.072956411942700470e+02
6.978302315102658895e+02
7.098585823234061536e+02
8.447229838279208707e+02
8.680798115878786803e+02
7.291819263617861679e+02
6.690778761698845756e+02
9.634592936291129490e+02
7.645829047060444736e+02
6.540600554180666677e+02
1.375884367196982112e+03
6.851763189668539553e+02
6.820988442523325830e+02
8.937882082840330895e+02
5.244867704816489322e+02
5.014919386792839759e+02
6.051940619065212559e+02
1.124442863192716231e+03
1.248122257027082014e+03
1.438979363168467899e+03
9.669735975910135721e+02
6.824297839480786934e+02
7.249124182701779091e+02
1.128077733627432963e+03
8.050575266191376613e+02
5.937381425229262959e+02
