2.601340170980147377e+03
2.901271856365488020e+03
4.377937907384873142e+03
4.843715980121978646e+03
3.659915613228902203e+03
3.572708761263661017e+03
4.241548684037742532e+03
3.283233735846545642e+03
3.901383918206862290e+03
2.071713961968080639e+03
3.959551498753119176e+03
2.688645745193700805e+03
3.008030894428257398e+03
3.069286945508769350e+03
3.158583899847584689e+03
2.154465810151483311e+03
3.143774989785231355e+03
2.683740362217374241e+03
3.037602936070036776e+03
4.210174590620070376e+03
2.479530327171860790e+03
3.799162206841555417e+03
2.089055716801553444e+03
1.614567064383940533e+03
1.232829830128614731e+03
1.225539723497038494e+03
1.408347610237511390e+03
2.207325643675152151e+03
2.674057605645113199e+03
2.942347492888188299e+03
3.391237240530757845e+03
2.627381393813481736e+03
2.493953516936135202e+03
2.946002808437440763e+03
3.988704626198681126e+03
2.923618464153853893e+03
4.632517233455881978e+03
3.308094828981112641e+03
3.550739945096697284e+03
3.218636847947222577e+03
2.711226591803763313e+03
4.073739822230561458e+03
4.683198179257793527e+03
4.569870900779785188e+03
3.159150301351443886e+03
3.950808805784059132e+03
2.605233184742402045e+03
2.066477298687802431e+03
2.264648940056424181e+03
3.237326232929809066e+03
2.696167509092973887e+03
2.526144193795018055e+03
2.394022835172548184e+03
3.327356758316896503e+03
3.076334247457431502e+03
3.359415154827784136e+03
3.288258979058034129e+03
2.736465192194346400e+03
3.426504563165570289e+03
3.467754722679429051e+03
3.681224443053829418e+03
4.023183700251386654e+03
3.236502522338174003e+03
3.551253544374232206e+03
3.485448191430049519e+03
1.830121959614464231e+03
2.287206334855842670e+03
3.346549070759993810e+03
3.497671223107767673e+03
3.180501447269517485e+03
2.569135450482860506e+03
4.303659023012128273e+03
3.252575126905916932e+03
3.423907982393409839e+03
1.539796082784378541e+03
2.490211155232029341e+03
2.418548881411138154e+03
2.100807735800375212e+03
1.722143897576860809e+03
1.652307985500773157e+03
2.247798954326852254e+03
1.829424092680729700e+03
2.459700197547175776e+03
3.001156501539931014e+03
3.080244049968264335e+03
2.586414164176159375e+03
1.629656590873554023e+03
2.064282186493179324e+03
3.056171832893438022e+03
2.271967128885448801e+03
3.059263795752931401e+03
4.096606944459117585e+03
3.122476325189322779e+03
3.264474628072193809e+03
2.979934468811162787e+03
4.273165183692915889e+03
3.693414220094523444e+03
4.912529699126966079e+03
3.454012246130465883e+03
4.952925569437543345e+03
4.492184182573600992e+03
4.347486673637245985e+03
5.645136857754837365e+03
4.806040071014114801e+03
4.455160911919422688e+03
5.282389409459070521e+03
4.628121309356239180e+03
3.863676698036106245e+03
4.010147893950561865e+03
3.799073390015730638e+03
2.716117022175319562e+03
2.902688215392198799e+03
2.292959258286057775e+03
3.614066978737074351e+03
4.423517034971798239e+03
4.315883558636958696e+03
2.355106599395518060e+03
3.163960314412875960e+03
2.861600919278487709e+03
2.450716303060814425e+03
2.281620452433057835e+03
1.969867108724434274e+03
4.423239142425590217e+03
2.718955155055911746e+03
2.329517372726997110e+03
3.196014351247696140e+03
3.801673949952808471e+03
2.232509290535665968e+03
3.514917175292421689e+03
2.561629470389390917e+03
3.196326990383416160e+03
3.240759615100956580e+03
3.011063234928664315e+03
3.752024827152807575e+03
2.764897295957195638e+03
2.885798330254917801e+03
2.545229685584987237e+03
2.252203190553422246e+03
2.505201428031316027e+03
3.629948338563247034e+03
2.821095819798003959e+03
3.370184459703932134e+03
3.424633879034178335e+03
3.577782233276176612e+03
3.198672692009442017e+03
2.896674952829025642e+03
2.535734500804361232e+03
3.019665235252638468e+03
3.173906339904756351e+03
4.048069760237623086e+03
4.427284784696179486e+03
4.341622136478571520e+03
4.177746044323096612e+03
4.167766810260380225e+03
4.156044861206608402e+03
4.331128508872503517e+03
1.422917924941884166e+03
1.772522955136209703e+03
2.169788765176903780e+03
3.123399461830599193e+03
3.567752717867002502e+03
3.884016073942480489e+03
3.322178375448718725e+03
3.318935943000344650e+03
3.165571663054737201e+03
2.644747801080227873e+03
2.543556399391605737e+03
2.809311335993744251e+03
2.441438971064867019e+03
2.085989442919733847e+03
2.493023444054462743e+03
3.362454003180689597e+03
2.985036386750054589e+03
2.046018771059174014e+03
1.847567554809569174e+03
2.295667243648181739e+03
2.130376348934036287e+03
2.019908539901244467e+03
2.010618736801391606e+03
3.182459024620733999e+03
2.171958817937780623e+03
2.063725033022079060e+03
2.322562540284261104e+03
2.800732617259239305e+03
2.804626888833402063e+03
2.422503071608202390e+03
2.724977680606065860e+03
2.666138412278937267e+03
1.319680311001276550e+03
1.503587668751181127e+03
1.462666161923010350e+03
2.011567541996269028e+03
2.653649718099845813e+03
2.765891517177509286e+03
2.026335622228039256e+03
2.283776399297036278e+03
2.292729264251691347e+03
2.912429508932784302e+03
2.079138579017515440e+03
2.516944318170903898e+03
3.841341194085044208e+03
4.006818705857338955e+03
2.580217838993212354e+03
2.178213995893642277e+03
3.139568494117535010e+03
3.210102206414611828e+03
1.858471871380783568e+03
3.677189357024592027e+03
2.233858053077600289e+03
2.070021808206668993e+03
2.103588395878513438e+03
2.700976604912811126e+03
2.799074104430872012e+03
2.960651348011610025e+03
2.683167919190031171e+03
2.878274429752568722e+03
2.077453377691938385e+03
1.417798493704429347e+03
1.545707066228328813e+03
1.701764048277419306e+03
2.540337817032594103e+03
2.354528879613216759e+03
1.892065237108251949e+03
1.943343621627350785e+03
1.747600309049865018e+03
2.106575668622167996e+03
2.065973536414343926e+03
2.364351680713511087e+03
1.897679523318258589e+03
1.780246383467913802e+03
3.040866168320028009e+03
1.829281017527518998e+03
2.447173946998665997e+03
3.822033223373084184e+03
3.082188242223859106e+03
3.961092946612345713e+03
5.194153189572050906e+03
5.046203397824234344e+03
5.234455360448792817e+03
4.565159512521983743e+03
2.760823535175588404e+03
2.636119657451036801e+03
4.922793652235222908e+03
2.827171430823746505e+03
3.205659139042816605e+03
2.569146058904130314e+03
3.952926184313739213e+03
2.274811302406598315e+03
3.947814450466124072e+03
2.914284739871633519e+03
2.750454270949217516e+03
3.694125956154492087e+03
4.054790402605951385e+03
3.299128787764434037e+03
2.896826922556414502e+03
3.800787979555686434e+03
4.071044644700119534e+03
4.701096198065639328e+03
4.643688917248839971e+03
4.165431103973787685e+03
3.589690996217101201e+03
4.718169926342997314e+03
3.917638074311734727e+03
3.995778465016396240e+03
3.753025958645891478e+03
2.789989301057640660e+03
3.080755641534507959e+03
3.492326635060523131e+03
3.435399140308963524e+03
2.632423241149969726e+03
3.992731700708654444e+03
3.375792343251535840e+03
3.598451766370318637e+03
4.182074896310233271e+03
3.080532213092556049e+03
4.757401396048737297e+03
2.435526422564056247e+03
3.681783720231479492e+03
4.863501933262551574e+03
2.960981244218175561e+03
3.711663814780571556e+03
2.232434919862295374e+03
2.699021677643212115e+03
2.482755008607735817e+03
3.346748823174715199e+03
3.365424873023861437e+03
2.410071178704913109e+03
2.676434472216580616e+03
2.920710408070747235e+03
3.102023413645909386e+03
2.294374575776532765e+03
3.148484190582094470e+03
3.815373808064927744e+03
2.381441607680902962e+03
3.127705228884507960e+03
2.792179689218573003e+03
3.223057951345484980e+03
2.250623961220388082e+03
2.490640243271717281e+03
2.211824347151596157e+03
1.900907779630741061e+03
1.446850957671216293e+03
1.471005571027719725e+03
2.535786983689569752e+03
2.383654839041181276e+03
2.054182219757175517e+03
1.480472803868133951e+03
2.034682395980102910e+03
3.126571590253276099e+03
1.962104491967068725e+03
2.288692692859033286e+03
2.209808869062469057e+03
1.809924083825378602e+03
1.677825168291028831e+03
1.530074424256466045e+03
1.363877754832020173e+03
1.192296760721630562e+03
1.335778063099628298e+03
1.708412184995397183e+03
2.080039299528202264e+03
2.340680299873099102e+03
2.098054320277617990e+03
3.181585476954808200e+03
8.007943517920205522e+03
4.848255542284078729e+03
5.219757635691382347e+03
4.999355977019282363e+03
4.692636419619844673e+03
4.712420405158357426e+03
4.084288185124832125e+03
4.050827133048869655e+03
3.313252967283239741e+03
3.481949173062093450e+03
2.659077143070116563e+03
3.654875332235073984e+03
3.368420465948078800e+03
3.931317042815872810e+03
3.723619666425012383e+03
4.086394047857701025e+03
3.164827011352707814e+03
3.444151746126938178e+03
2.478297832455012212e+03
2.515627041910388471e+03
1.910524149362657681e+03
2.754934661878404768e+03
2.758431401219167583e+03
2.635485025843100175e+03
3.174665134363647212e+03
3.396367587019338316e+03
2.110052736829888090e+03
2.910559196499937116e+03
2.295625824706161893e+03
3.907381410251980469e+03
4.031492886460159752e+03
3.199829407125933812e+03
3.584332843806896562e+03
3.973395597810630534e+03
4.431769150625689690e+03
3.431788712020279945e+03
4.193467161018623301e+03
2.620683101331300350e+03
3.964103435253070074e+03
2.135291669441622162e+03
3.090751218796541252e+03
3.675262763469418132e+03
3.896389530226227635e+03
3.193408591396323573e+03
2.906111864226396392e+03
2.210597819286939739e+03
2.010770784305535244e+03
2.576650806270137309e+03
2.718989786602510321e+03
3.089663839357656798e+03
3.993259707644363971e+03
3.934645742542237713e+03
3.714686344341977019e+03
3.984663647506943107e+03
3.342260499882414933e+03
5.366952546722781335e+03
3.939927132922518467e+03
2.805055077956169043e+03
3.037552859284019178e+03
2.217145005717849926e+03
2.670163637078902866e+03
2.430693324805643897e+03
2.228582087702756780e+03
2.287117095207721377e+03
2.235820567100610333e+03
2.681638551344823099e+03
2.364268466036895006e+03
2.281650780088200008e+03
2.558384312172314822e+03
2.954780611147224135e+03
4.184894225408432249e+03
4.765280916571667149e+03
4.830833107385498806e+03
3.562261510807848481e+03
3.435914761946110502e+03
4.128746285493430150e+03
4.325187542659030441e+03
3.607224947461164447e+03
3.479767955853823878e+03
3.591134671320435245e+03
3.070082320138372779e+03
3.643173362682317475e+03
3.642414401074633133e+03
3.567734229451626106e+03
3.038462950440588429e+03
3.448420582360073240e+03
3.180679718849587516e+03
5.090258581631506786e+03
3.652892120472824445e+03
2.929003317963886275e+03
2.270097879700618705e+03
2.528891530884001440e+03
2.410739507724191299e+03
2.349049859139756791e+03
1.537297413812992090e+03
2.208252793920194563e+03
2.216169726991177413e+03
2.304387020251243939e+03
1.300752680347180785e+03
1.874651382837480469e+03
2.829354112285609972e+03
3.165701404556571561e+03
2.319660843571452915e+03
2.490025400936670394e+03
1.813937115320934254e+03
2.569238767216564611e+03
3.248246629760242740e+03
3.204047801156389596e+03
3.894706234683977982e+03
4.152915310503410183e+03
3.103610557312026685e+03
3.136819374911320665e+03
2.423933802282284432e+03
2.287878814823219727e+03
2.211113229725759538e+03
1.699204575609280710e+03
1.666162358217670317e+03
1.911800063462454091e+03
2.017933380711016525e+03
1.441664540054064219e+03
1.554406324237902936e+03
1.407947488531633326e+03
1.955909698739292480e+03
1.772457302214212632e+03
1.602806173270397494e+03
1.792884580420351085e+03
2.187209143942208357e+03
1.805181275609985505e+03
1.338483261849776000e+03
1.299864018398475082e+03
1.921189846342743067e+03
1.836914305030603600e+03
5.007311069283687175e+03
5.971179840948402671e+03
4.798518113491989425e+03
5.225559845947582289e+03
4.445640438925400304e+03
5.477463567904677802e+03
4.490441837473612395e+03
4.258511059581734116e+03
5.453081547834837693e+03
5.204233879783504563e+03
4.927930446531009693e+03
5.621733060012918941e+03
4.789407774610157503e+03
4.942182987657215563e+03
3.466852328822898926e+03
3.657016178234280233e+03
3.727794362578457822e+03
3.830436046810879361e+03
4.464122279191267808e+03
4.160749312978470698e+03
3.755239501514951826e+03
4.313326654119200612e+03
4.834965069223296268e+03
4.930846860128895059e+03
5.310182721134186977e+03
5.263758825312240333e+03
4.337864381414531636e+03
3.031082063940197258e+03
3.953919167507552629e+03
5.430623557902432367e+03
5.681876814744820877e+03
4.304482014765699205e+03
3.363049223301191887e+03
3.687843638219078457e+03
3.099594714967769960e+03
4.343971976987141716e+03
3.998536593178439034e+03
3.395610542764813999e+03
2.867155486564833154e+03
3.077946887726642672e+03
