4.592359303116742012e+03
6.599839689355843802e+03
7.471425722427459732e+03
6.365612900487791194e+03
9.718091306559403165e+03
4.799936448186311281e+03
7.617037012750864051e+03
8.903113780662586578e+03
5.366910078721399259e+03
5.835826724573887986e+03
5.006375143118969390e+03
4.522916636056575044e+03
3.661328243250970445e+03
3.374750129499181185e+03
4.686024360340428757e+03
2.517979216934781562e+03
3.085582578343154637e+03
2.887640351469496636e+03
2.954288440135229393e+03
3.788996569195641314e+03
2.875549636925352843e+03
2.048831617184430343e+03
1.692108637812080815e+03
2.004622952416836370e+03
2.103991715362476043e+03
2.351375679546693846e+03
3.658771540481291140e+03
3.462190980991802917e+03
3.881917869537747720e+03
5.403068754017214815e+03
4.750717347334854821e+03
3.830811025633473946e+03
7.120357057246455952e+03
5.950713801098609110e+03
4.620698267606346235e+03
8.262759332854528111e+03
5.964450201071349511e+03
3.822559177297861879e+03
4.947746940465984153e+03
3.387312430707213025e+03
5.398003340242269587e+03
4.000893833715534583e+03
4.225039007571765069e+03
2.493149204925709000e+03
2.908303997654824798e+03
1.265470205546073203e+03
1.359196212214277011e+03
1.322252863138288376e+03
1.265443070400908255e+03
1.833008053290271164e+03
2.070068030123268272e+03
2.420996427313089498e+03
1.718697381790145755e+03
4.197177387987087059e+03
4.830965470209693194e+03
4.862157259298613099e+03
3.742081824059632254e+03
6.588435821149607364e+03
4.158315777954876467e+03
6.273964015683277466e+03
3.496591475570615785e+03
6.656470715279127944e+03
5.315157240933525827e+03
6.521900380664294971e+03
3.777806997863787274e+03
6.723348551483612937e+03
2.889331132181471730e+03
6.639987632674716224e+03
4.540445294920252309e+03
5.849689838752085052e+03
5.203309010471169131e+03
5.903507473746965843e+03
5.169678725220235719e+03
4.116104947681790691e+03
4.862680218633991899e+03
7.107530927871101994e+03
5.968534545478340078e+03
3.648200746343176434e+03
3.674365396099240570e+03
3.787702954824381322e+03
4.227309438305479489e+03
5.370390028804754365e+03
4.848963034177879308e+03
5.035706116223039317e+03
4.277557847221010888e+03
5.719936440306334589e+03
5.060103491113710334e+03
5.303028153798444691e+03
5.716076982215808130e+03
6.845838609357148016e+03
6.307717072833604107e+03
4.020679470732073696e+03
5.363883661488353937e+03
5.403377512244112040e+03
5.606294237637775950e+03
4.385256289807508438e+03
3.878373860371299088e+03
3.438143020852159225e+03
3.807456646040116539e+03
4.200134942430448064e+03
4.055859220432400889e+03
3.047832035522622391e+03
2.127932889186624834e+03
1.534120953207000412e+03
1.838050106290718759e+03
2.179412944858835090e+03
1.730392878853504953e+03
1.484172568367358281e+03
1.219139246227181729e+03
1.248195505988458081e+03
1.058090589528079363e+03
4.173082910844376784e+03
5.537131897298771946e+03
7.934587222876830310e+03
7.214731893624102668e+03
5.160213026144520882e+03
7.396868064683998455e+03
5.849219978190000802e+03
5.820254796663492016e+03
5.526291641174317192e+03
4.678490176175558190e+03
4.719193958060332079e+03
3.516672058454978924e+03
3.215398627855570794e+03
4.270264113687649115e+03
3.149181121403603356e+03
3.408442633492310051e+03
3.081594671704200209e+03
3.452711156764514271e+03
3.778532979416997932e+03
2.128719219764091577e+03
1.935242095089701479e+03
1.319583572014063066e+03
1.398296702084937351e+03
1.028213413780227029e+03
1.079340542703482242e+03
1.476174851621504104e+03
1.228867579888121327e+03
1.718701978492357739e+03
1.444618999379034676e+03
2.369420639780932561e+03
2.075599320974855800e+03
1.188496647534077283e+03
1.346705887064734725e+03
2.822107181622446660e+03
2.608582939918620013e+03
3.674762106595188470e+03
5.096307148956690071e+03
6.307229236937619135e+03
6.174471505248446192e+03
5.238398624938825378e+03
7.021288504450633809e+03
4.703222041281744168e+03
3.874658490811270894e+03
7.057927079254448472e+03
5.103024461866535603e+03
4.300689042487492770e+03
3.930674711297093381e+03
5.174832372352506354e+03
4.409208436386789799e+03
6.268374435424959302e+03
4.322351185117170644e+03
2.502067237469045722e+03
3.870558092536012282e+03
4.388510666004103769e+03
6.163465516661177389e+03
5.715345655730151520e+03
4.270081772927942438e+03
6.059840479998068986e+03
3.706746994004016415e+03
5.097166705913328769e+03
3.931984157423078614e+03
3.476722091072590956e+03
4.543765508275765569e+03
2.870144459644281142e+03
4.137588958903341336e+03
4.034927159026821300e+03
4.988556760410752759e+03
4.396432878239857018e+03
4.308792314392865592e+03
4.332935421501639212e+03
4.455509417906798262e+03
3.176639759844868422e+03
3.289154272815751483e+03
2.982365761254162408e+03
3.802151409774247895e+03
3.392012037214977227e+03
2.498783585380323075e+03
2.767013205820110670e+03
5.507243320276196755e+03
3.673930042246604899e+03
2.905228641854505440e+03
1.575111780035733545e+03
2.736225543622254918e+03
1.995671596285895475e+03
2.434791633312037447e+03
2.284044006211537180e+03
2.421497959196980446e+03
2.849962608109725352e+03
1.466406652113113296e+03
1.533050092673675636e+03
1.440024578122434605e+03
1.945292008469580196e+03
3.835868312362664710e+03
2.709901594585298426e+03
2.849863130370361887e+03
5.224185608312245677e+03
4.841259924211990437e+03
5.328170045103797747e+03
3.616775613884823088e+03
2.478288881631341155e+03
1.590333814912025900e+03
1.530806310457772497e+03
3.378289745292576754e+03
3.846519957686050020e+03
2.629384561085738824e+03
3.369130478822055920e+03
2.838522931699714718e+03
3.578000819977021365e+03
2.959521058474722849e+03
3.427407397011061676e+03
2.923762317854815137e+03
3.445341941997300182e+03
2.764686894059517272e+03
2.800268217851653844e+03
2.548622915170506985e+03
2.291632916831920738e+03
2.338670818166442587e+03
4.078047295440600919e+03
4.037371495794701332e+03
4.546603758016657594e+03
3.522541129922170967e+03
3.731236573371538270e+03
3.791348434924244884e+03
3.213987133732250641e+03
2.960650823963414041e+03
4.517700551724286015e+03
2.518839813671709635e+03
2.430044317443800082e+03
3.044827644818666158e+03
2.388450917674193079e+03
3.449397250727620758e+03
2.793384487221630025e+03
2.829483947135340259e+03
4.435250912016585062e+03
4.238390637361965673e+03
1.958333407264184871e+03
1.388344984788491047e+03
2.081948579489238000e+03
1.481024800884555361e+03
1.928984794821243668e+03
4.471483742897494267e+03
4.103280682059428727e+03
4.601046191965095204e+03
4.573030131841748698e+03
3.991602920900641948e+03
3.958261150825471759e+03
3.981345700707499873e+03
4.511227100495430932e+03
5.389385212052894531e+03
5.443662046617579108e+03
5.287655745730146009e+03
5.497678498201978073e+03
4.896446567256347407e+03
4.269653387453743562e+03
5.588113532825349466e+03
5.064010606145443489e+03
4.374124464567175892e+03
2.883309971242812935e+03
3.753909979921535069e+03
2.353829580683472159e+03
2.652278521135269784e+03
4.912851075565332394e+03
4.657807245813793998e+03
5.105276342524824031e+03
5.543662017539940280e+03
4.069207614059068419e+03
3.835524367185101710e+03
2.204396328189842734e+03
1.806079702507896172e+03
3.851395707945181130e+03
8.809701965209247646e+03
8.236203626093778439e+03
6.176728812510616081e+03
4.633443601221198151e+03
5.873126098375671972e+03
6.813411762724322216e+03
4.674223123295688310e+03
4.271041865154670631e+03
5.856359714235098181e+03
5.837998514303553748e+03
4.012026879151223511e+03
6.355324680748291030e+03
4.120323082370475277e+03
6.069774022404617426e+03
7.033757965253391376e+03
5.995204410449173338e+03
4.890964957146579764e+03
8.026111491358056810e+03
7.263181683483519009e+03
4.117785904419657527e+03
5.774115488991919847e+03
5.594580278511412871e+03
5.433105132123755538e+03
5.803425882234820165e+03
5.203661276790182455e+03
6.340150114945437963e+03
5.318338708158067675e+03
4.480017417853922780e+03
5.317334198935232962e+03
6.757518689304902182e+03
7.072188955467204323e+03
4.319283447067452471e+03
6.823777676842516485e+03
3.615484307471030661e+03
6.661916850995029563e+03
4.483355392675617622e+03
4.242336848696621018e+03
5.161377947990987195e+03
5.144949057780346266e+03
5.248752552376379754e+03
5.578080778095430105e+03
7.968826531901130693e+03
6.902307880758047759e+03
8.780345180572903701e+03
1.154368029743331863e+04
4.797815388665379032e+03
4.205812806444954731e+03
2.296892252818100133e+03
3.446311936509602674e+03
2.122772435910424974e+03
3.506493253197588729e+03
3.055518148660053157e+03
1.711285318005217050e+03
1.949757486341632784e+03
2.331762270263757728e+03
2.339217944568192706e+03
2.885799208259795250e+03
1.907306078780250800e+03
1.494215399592300855e+03
3.883531668104250457e+03
5.504146235691799120e+03
7.565633732291310480e+03
8.626975641142145832e+03
7.397368249988247044e+03
4.973036727129183419e+03
5.770938818857977822e+03
7.084869474176044605e+03
5.852835129058075836e+03
3.457427151544928620e+03
3.519056120905629541e+03
2.984507345285644533e+03
2.942318577453770104e+03
3.692514174801801346e+03
3.365018864641054734e+03
2.669550089142396246e+03
3.843270529390826596e+03
3.560004773320070854e+03
3.348874759722973522e+03
3.930318994312754512e+03
3.325856024714866180e+03
3.057642033586711477e+03
4.164928704482856119e+03
3.487436618156850727e+03
3.010314485902166780e+03
3.122580168606542429e+03
3.747067604011240292e+03
3.922612444230196161e+03
3.959811323955460011e+03
3.419037668578096600e+03
3.170182326196264057e+03
3.098848402459707813e+03
3.008862313856739547e+03
2.775220851725604916e+03
3.034257406150361930e+03
3.202384534293926663e+03
2.945718775079247280e+03
4.446434183369627135e+03
4.351497067910975602e+03
3.613513150544331438e+03
2.803577634216173465e+03
1.247461860355253066e+03
1.601031663697720660e+03
2.382266603334091087e+03
4.818970468702932521e+03
4.662255275932574477e+03
2.879136346711363331e+03
3.479471868520335192e+03
3.870518160010991778e+03
3.210319167617397397e+03
2.960686365153436782e+03
3.383902202199123622e+03
3.712910421440686605e+03
4.386410152032696715e+03
5.295286294151861512e+03
7.165381649637671217e+03
4.914986438326841380e+03
5.253036096097444897e+03
5.727718880232281663e+03
6.750564579086171761e+03
7.091710209793728609e+03
5.048795385933264697e+03
5.188739561223505916e+03
7.322294909894055309e+03
7.575644646096866381e+03
7.265194095627961360e+03
5.213437534122187571e+03
3.688837848252499498e+03
3.010733270285717026e+03
2.724420705936712693e+03
2.276284144395599924e+03
2.700557236435618051e+03
2.596293028319302266e+03
2.214901985909807081e+03
2.038328416602755851e+03
3.044472265970581248e+03
2.408381781824014524e+03
1.865631475093009385e+03
2.621566761237873834e+03
3.358804922349309891e+03
4.997515550438159153e+03
3.227971311074311416e+03
3.556820317644512670e+03
3.130074304030940311e+03
4.864084402841597694e+03
2.927556005012211699e+03
3.733033844232114916e+03
4.885011029249916646e+03
9.283912497763927604e+03
3.299307614865615960e+03
5.677346855577704446e+03
6.577097595193047709e+03
8.737094234914682602e+03
7.778074579348807674e+03
5.528792201952778669e+03
9.339362798189020396e+03
1.030860527308534802e+04
8.108582487974288597e+03
8.588185845387288282e+03
5.008212452474263955e+03
1.258489318082493264e+04
9.359227287731175238e+03
6.981116772179163490e+03
2.925261742159589630e+03
1.810494556815231590e+03
1.344382289814872593e+03
3.023375557685068088e+03
2.879074222029307748e+03
2.739743381770856104e+03
3.427155848142602736e+03
3.008618018331480016e+03
3.274191534403421429e+03
3.111084322248434091e+03
3.085455927580384014e+03
3.414860104931944079e+03
2.930775414293690119e+03
4.096599372110260447e+03
3.178543198759100505e+03
3.327849687100396750e+03
3.116814300936321160e+03
4.100670378427481410e+03
3.143056972991485509e+03
3.060172441737895952e+03
3.505861210799009768e+03
2.790398531669903150e+03
3.395018823770637937e+03
2.770107493549738592e+03
3.561263778392001313e+03
1.697605518703075631e+03
2.027506014892215262e+03
1.863144330793870949e+03
1.833490010688985649e+03
1.414776942225261791e+03
2.903881225693768556e+03
1.641947126728463672e+03
1.906408547556965232e+03
1.608375809311029343e+03
2.397008802604404536e+03
1.947586957710762817e+03
2.346025292617034665e+03
2.719323750479470164e+03
2.378630429076159089e+03
1.888444971710273649e+03
3.177475193426126680e+03
3.161753743735125681e+03
1.561563693734604612e+03
3.087160909237279157e+03
2.844744297493022259e+03
2.545336439655417507e+03
3.333316264463715470e+03
2.191467447939369777e+03
2.643854924746503002e+03
2.747597511925861909e+03
1.987009593882659829e+03
1.751069518018203780e+03
1.529452957485350225e+03
2.292930502411670204e+03
1.663998396866299800e+03
