3.094728256996351320e+03
3.393111450594090911e+03
3.739742113511684693e+03
3.734389149775912756e+03
5.108282846692232852e+03
5.012627195507130637e+03
5.342674616989910646e+03
5.203163428966136053e+03
4.873638610066323054e+03
4.345285256589698292e+03
4.483295061673441523e+03
4.658690029557083108e+03
3.650666929303798497e+03
4.674300657926210079e+03
4.950595040616536608e+03
2.923277733700947010e+03
3.617167346397041911e+03
2.470352675121386255e+03
1.241050801175055312e+03
1.249572356421678023e+03
1.302181435751648905e+03
1.944717950591620593e+03
1.905044355839654827e+03
2.013397880280172330e+03
2.651739887967066352e+03
2.151227477912368613e+03
2.108058660455056724e+03
1.988996014362625374e+03
2.590561846452213558e+03
2.881115754135267707e+03
2.397370753224317468e+03
1.958166237241200861e+03
1.181998719852616887e+03
1.955672466768132381e+03
2.819153248546775558e+03
3.359940396187569149e+03
2.523921340993322247e+03
2.107331120739378093e+03
1.828559667226473266e+03
1.500454926866115102e+03
1.772040848395123476e+03
1.943882177593298138e+03
1.917467341189453009e+03
1.901926313707627287e+03
2.853111437993521577e+03
2.572156824436251554e+03
1.901828703076413149e+03
3.545582773559272482e+03
4.032385635796162205e+03
5.445679973658164272e+03
4.958984907609950824e+03
3.958886489202872781e+03
4.306033509901769321e+03
4.125756672761730442e+03
3.319769316388167681e+03
1.440267971045013155e+03
1.673596360532783365e+03
1.279862634381920543e+03
1.880306286578840400e+03
1.673951190287633381e+03
9.771750411840034758e+02
1.405448423331908316e+03
1.586871161900324978e+03
1.449695096916633474e+03
1.279160526553990621e+03
1.048270923607788518e+03
1.500784351042306753e+03
8.119022347826489749e+02
1.103897334098438478e+03
8.477769599602365815e+02
1.016137307655210861e+03
1.045881999715209759e+03
1.522461007660075211e+03
1.123042984508424524e+03
1.156460388532331081e+03
7.746035055771720863e+02
1.052315698809434025e+03
7.733821350904941028e+02
1.057655690846997686e+03
8.741112596590854764e+02
1.251291934664749988e+03
1.110945561473809903e+03
1.268492002018650282e+03
1.731369388988689707e+03
1.442116300611886800e+03
1.143912979264147452e+03
1.317575128810937940e+03
1.241104509879199668e+03
1.825190052576702783e+03
1.054899742254140847e+03
1.091089958098578336e+03
1.036643675925652360e+03
1.230781332937240450e+03
1.196277953812491432e+03
1.316307901396929765e+03
1.141726374053330346e+03
1.130226847505543674e+03
1.058005185489087580e+03
1.189706427641938035e+03
9.971470326289279456e+02
1.372628633115568618e+03
9.969679229459441103e+02
1.176902807378777879e+03
8.826034008523681678e+02
1.415332568348126642e+03
1.009993506706496078e+03
1.392957461037690109e+03
1.370773580140263221e+03
1.103703695032560518e+03
2.998336846885471004e+03
3.827638996109257732e+03
3.077978372317010781e+03
2.269837318703998335e+03
2.037333069902727630e+03
1.936782672636350753e+03
1.841317908973385784e+03
1.261512547818670782e+03
1.281196764813633081e+03
1.898544542342053091e+03
1.353902068962000385e+03
1.179263298103733405e+03
1.249210695791081207e+03
1.451777298664821274e+03
1.238158341853495585e+03
1.194130727967052280e+03
3.051586855513863156e+03
4.394797291900101300e+03
3.921441304236180258e+03
4.169654324854626793e+03
3.796705852381610839e+03
3.926159486792475491e+03
2.916479796953105506e+03
2.527717551307477152e+03
2.382653570333391599e+03
2.987984260901533617e+03
3.668841852413779634e+03
4.331258436040641755e+03
3.780636322715452479e+03
4.078217398467219482e+03
4.177023435650430656e+03
3.338793298046910877e+03
4.099922546233490721e+03
5.807426799448141537e+03
5.060942993741697137e+03
3.677100296562935910e+03
3.069007037516808396e+03
3.964781526759989902e+03
3.557691692183019768e+03
4.724955472796738832e+03
1.920305696953332472e+03
2.582789749457423568e+03
2.870720508542880452e+03
3.675192003239317273e+03
3.131262984527805656e+03
4.146961454722195413e+03
3.472514425586621201e+03
3.779005911392413964e+03
3.807215119137881175e+03
3.103779637652433848e+03
3.351846258827380098e+03
3.311017960584654247e+03
2.770413083143344465e+03
2.089815083656672869e+03
2.943007125469709536e+03
2.837374557875201845e+03
2.735500232350054830e+03
2.085895351995152851e+03
2.934677720481657161e+03
1.600039343882128378e+03
3.416619692205290448e+03
3.971735480000731968e+03
4.449960864821868199e+03
3.885912560788802693e+03
2.581496273485352503e+03
1.402707625882202819e+03
3.049256588093019673e+03
3.268749844341364224e+03
2.415934145689956495e+03
2.700967072367057881e+03
3.339193375488335732e+03
3.135191756609895037e+03
3.862026632493673787e+03
2.640949687525606805e+03
2.897794219785984751e+03
3.109422819220655128e+03
2.690437864771409295e+03
2.693577721583657876e+03
2.457063279344026796e+03
3.180160418518222741e+03
2.346246111461757664e+03
2.382723577991486309e+03
2.358117357155430000e+03
2.657617019186897778e+03
2.255273389962369038e+03
2.445504890870251984e+03
2.211719641531237812e+03
1.924090595871445657e+03
4.962487549034024596e+03
3.860217488025181410e+03
2.596641489040334363e+03
2.901119993586198689e+03
2.547282344505591027e+03
1.784121114576643777e+03
2.829596064470436431e+03
3.319450978734201726e+03
4.253280424072712776e+03
3.690340332740506256e+03
3.151475157916246189e+03
2.395094685622602356e+03
1.838673802891319610e+03
1.984197653958408409e+03
9.237617026656669168e+02
1.330667170825585345e+03
2.902807283138498406e+03
3.690826657376126150e+03
3.869334408491207796e+03
3.780038296244663343e+03
4.137011271083946667e+03
4.070866701494562676e+03
3.520845630276065094e+03
3.370211489462805275e+03
3.200268925532477624e+03
3.555381933598400792e+03
4.825251388810133903e+03
3.242471940750848717e+03
2.913383866500736531e+03
3.256626438471597794e+03
3.745440895649409413e+03
4.549976607556732233e+03
3.975155155460468904e+03
3.369462723300358448e+03
1.917284290702656563e+03
1.144245538512298253e+03
1.408809046725607004e+03
1.414303036796969764e+03
1.599441876969753594e+03
2.358964252493487038e+03
1.640737050157339809e+03
8.569268686517170863e+02
2.885654157219916669e+03
3.715703946244642793e+03
4.021048761181641567e+03
3.485417481998222684e+03
4.745882475873236217e+03
3.888561971169701792e+03
4.053949286063055297e+03
3.361077545077660943e+03
2.936807684327674906e+03
2.580637390703799610e+03
3.290120048715572466e+03
1.873190614257431434e+03
1.402205742966441449e+03
9.305981820907179554e+02
9.883068021763110664e+02
1.217835570801772519e+03
1.198044791851641321e+03
1.394373960085487170e+03
2.286956676162606527e+03
2.302113302969305551e+03
1.909193638511912013e+03
1.452328793646348913e+03
1.313741827893793698e+03
1.093085900039042826e+03
1.844461423469133251e+03
1.994581913593286572e+03
1.298325083666793034e+03
1.952464546125215975e+03
1.292481990116382804e+03
1.330081735431691641e+03
1.357902848103110273e+03
1.222390904109990970e+03
1.549776771530982614e+03
2.007469404724539118e+03
1.780459575361178167e+03
1.612630784861606116e+03
2.207450959060619425e+03
2.046865770099303518e+03
1.208064597920914593e+03
1.298779747717733244e+03
1.685276901450660262e+03
1.428197363839981790e+03
1.242996449910129968e+03
1.525470866612115515e+03
1.364923524702838449e+03
1.611171586054933414e+03
1.393648455493076426e+03
1.523806924641383375e+03
1.678118902059861284e+03
1.365537795598448838e+03
1.588257488034968674e+03
2.122143580313114853e+03
1.413384938860583588e+03
1.520076761686221971e+03
1.505440141396167292e+03
1.613572249128454132e+03
1.846719290276147831e+03
1.931645171621387817e+03
2.051118491013666699e+03
1.572530274574436589e+03
1.141811725934267770e+03
1.118218110981145855e+03
1.485197795874111534e+03
1.439859534567281571e+03
1.176896194451987867e+03
1.073974160331509893e+03
1.195360048540570460e+03
9.298281629138996323e+02
1.340121278049099828e+03
9.000184061586263624e+02
1.094277001037467016e+03
1.688588659836394527e+03
1.342798909167799820e+03
1.718035449944527727e+03
1.972452872906708762e+03
1.499149979739350783e+03
1.572724612342930186e+03
1.224826830487581674e+03
2.275368136101408254e+03
2.587943967998762673e+03
9.859169679677502245e+02
1.907954426651182757e+03
3.379872838382804275e+03
2.888892208847650181e+03
2.481945866080130600e+03
4.365291438934040343e+03
1.284809976642735819e+03
6.461084943771423923e+02
8.996699182701909194e+02
6.709385525608229273e+02
1.108774796127507898e+03
1.177913431245564880e+03
1.338485043559257747e+03
1.077785751581222712e+03
7.636300267137233959e+02
9.591232243528058916e+02
2.679066081535936064e+03
5.674658982151671808e+03
6.305089256964203742e+03
4.420301171842113945e+03
3.337076479674240090e+03
2.975236545339227632e+03
3.987291192888925707e+03
3.077732980507806133e+03
3.251351649528252437e+03
2.645090908074306299e+03
3.363211486705843527e+03
2.482084052552780577e+03
1.710836442128741055e+03
1.757080632693983489e+03
2.290010063233549317e+03
1.810069597513507233e+03
2.144787696284332469e+03
3.496205926589138016e+03
2.868783278681327374e+03
1.737351525338660849e+03
1.738010018614970477e+03
2.547868929356037370e+03
3.384406243800411175e+03
2.209401965380559886e+03
3.882199731208052526e+03
4.825358787212631796e+03
3.288554690721791758e+03
3.770333763212459417e+03
2.216007130653642889e+03
2.353550959972676992e+03
2.294797720904295602e+03
2.248881175266336868e+03
2.398413661009292809e+03
3.183300345166590432e+03
4.748163956405342105e+03
3.511979490287011686e+03
4.788637079302430720e+03
5.093213501874764006e+03
5.189892746368825101e+03
6.367501231591628311e+03
7.220066674686640908e+03
5.798192126669401659e+03
2.794478676118100338e+03
3.150529908016651007e+03
2.709642944405977232e+03
2.842951542423466435e+03
3.534122710443955384e+03
3.271952364945709633e+03
3.009389081549214552e+03
3.652146247591184419e+03
3.400597794427646477e+03
3.524413432082941654e+03
2.841458725441564638e+03
3.392598380226146219e+03
4.166269076208795013e+03
4.661174693909167217e+03
3.264621665788627070e+03
4.462521636116887748e+03
4.397563065669675780e+03
4.410816852475099950e+03
4.148477887557769463e+03
4.984518940145449960e+03
5.024719541009572822e+03
5.788716608069683389e+03
4.942025702026807267e+03
5.126079309842461953e+03
4.210263530116286347e+03
2.550075480269215404e+03
3.515340898619316249e+03
3.783391593089302660e+03
4.014473334467522363e+03
4.326534646929825612e+03
4.187180020052675900e+03
4.047138584350238034e+03
2.276569655880116898e+03
2.223892143191867945e+03
2.897605586096096886e+03
3.573072711114663889e+03
4.192210094493229008e+03
4.136644406596195040e+03
3.426066924751284660e+03
3.413643964035034514e+03
3.322362285747768055e+03
3.234643963837273986e+03
3.900629655853927488e+03
3.219720629857358290e+03
2.235117033298829938e+03
2.860973853240654080e+03
3.180014320450120977e+03
3.559275953771067634e+03
3.919287538508457601e+03
4.000480908681441633e+03
3.223827649746608586e+03
3.016605962591858770e+03
3.217430862112641080e+03
3.102251301361146488e+03
3.810258204709899474e+03
4.092089844885890216e+03
3.897147344886825977e+03
3.873453295519949734e+03
2.555713987835329590e+03
3.657277032826850245e+03
4.717644655857124235e+03
3.889709015044174521e+03
4.626062247502504761e+03
4.242307508962244356e+03
4.349973218807803278e+03
5.186922896194661007e+03
4.549764449639958002e+03
5.604339894124236707e+03
4.779125333609027621e+03
2.549025694880777792e+03
1.997906573925598650e+03
2.040893542539499549e+03
2.482522877450182932e+03
2.347376057807005054e+03
1.907261564206512276e+03
1.336530697464371087e+03
1.534245234614389574e+03
1.066815495378536525e+03
1.528376971332453877e+03
2.066977584039737849e+03
1.740867138292578375e+03
1.670280807607804036e+03
1.652801793490807313e+03
2.220604849236310656e+03
1.587951938060927432e+03
2.247099265296462363e+03
2.093017961298928640e+03
1.990207998827045913e+03
2.275310445141248692e+03
1.965270477756486798e+03
1.638396973525820613e+03
2.073490746187717377e+03
1.620208618125575640e+03
9.595068162824991305e+02
8.189106338288117968e+02
8.495302168902501307e+02
1.052999160552453532e+03
1.246666633634299387e+03
9.486736268124660683e+02
1.063567341157938017e+03
1.487713893637268256e+03
1.225188280763492912e+03
1.345751330968090087e+03
1.197744055559300705e+03
2.670571966672132930e+03
1.727162845993208293e+03
1.241242935341882458e+03
2.446658206118822363e+03
3.067893946970245452e+03
3.033999807546576903e+03
2.890718680458790914e+03
2.651675436616498246e+03
2.451157082682086184e+03
2.862587201557894787e+03
3.242528440897704058e+03
3.458420877475358338e+03
3.761040816760599228e+03
4.467712198507455469e+03
3.545627032573086126e+03
2.411784978369902092e+03
