3.529185825605818536e+03
2.205312369122103973e+03
1.436612254783687149e+03
1.455861540158378375e+03
2.261240693983005258e+03
3.245651139606482957e+03
2.602733292688994425e+03
1.645839636780674482e+03
1.420692453916222121e+03
1.525731195279889334e+03
2.542976123034122338e+03
2.094543933048584222e+03
2.099283029624690244e+03
1.288691383480261720e+03
2.463424203904842670e+03
5.860657740303456194e+03
5.556178823897635084e+03
3.134541894077987763e+03
3.547405016969493772e+03
5.921237495913240309e+03
3.411965586214041195e+03
4.458902066734639448e+03
6.387610206714905871e+03
6.144054725131938540e+03
3.632535492215263730e+03
2.688397905408790393e+03
4.952525687191719044e+03
4.552259499806777967e+03
4.263234028983196367e+03
2.947221195897846883e+03
3.911056398145334697e+03
3.454683095583314753e+03
2.825850408383560080e+03
4.684598849551032799e+03
5.857451259761320216e+03
5.358762903399849165e+03
3.481192609224395710e+03
3.476958248878583618e+03
4.100946034023821085e+03
4.924275074361750740e+03
4.362032388404411904e+03
8.659942128163325833e+03
8.613123116573517109e+03
8.849742427327140831e+03
7.262653452885101615e+03
9.155345970437429060e+03
9.762037580608368444e+03
5.677914826219023780e+03
1.023065970816325353e+04
6.945366031046100034e+03
3.856858113320235134e+03
2.502406569252134432e+03
1.298679346928792484e+03
1.232734624353926392e+03
1.427208008585379275e+03
1.360659983624374718e+03
1.398752208054061612e+03
1.357580623424974192e+03
1.267736987860659610e+03
1.177514591798979609e+03
1.333606385076074275e+03
1.190071858119581293e+03
9.069833542871491545e+02
1.208862038005256863e+03
1.340092177753957685e+03
1.630545951045421361e+03
2.170898217667591780e+03
1.489913425672441463e+03
1.702645445713745175e+03
2.157315112171202600e+03
1.876294660549893024e+03
1.386903899592167363e+03
1.132462220054063891e+03
1.128253606288034689e+03
2.083371873916649747e+03
2.112981538074871878e+03
1.202281097572778890e+03
2.212474642016781218e+03
3.821905393751494103e+03
1.887716465380133741e+03
2.101282072052109925e+03
5.908707723038778568e+03
2.403808160704969396e+03
2.459483495471658443e+03
6.166240002205144265e+03
6.062336510906123294e+03
7.096547136972219050e+03
4.144513119234634360e+03
3.728497718768783216e+03
3.344066715304054469e+03
2.023358272119572348e+03
1.676671726676745038e+03
1.095071639382792000e+03
1.305960353980750597e+03
1.446194585961269695e+03
1.980092920341011450e+03
1.345243983601407081e+03
4.412821657384554783e+03
4.878720265139754702e+03
9.097577748207140758e+03
5.539741147141172405e+03
8.183839227005002613e+03
7.024997112274608298e+03
5.079963987906108741e+03
4.241662749466151581e+03
3.269700121510231838e+03
1.680803499527496569e+03
1.417405382125098185e+03
1.313646407848854551e+03
9.640835906518699403e+02
1.836490794471311347e+03
1.493991506236640134e+03
1.443922867090895579e+03
2.197508077023119768e+03
1.781550726596121649e+03
2.861699818414905621e+03
4.596805796217603529e+03
4.440865589310330506e+03
4.724185562534803466e+03
3.985256280122945100e+03
5.764007554255433206e+03
5.637302425749772738e+03
5.764492515988652485e+03
3.821930697979039905e+03
3.782609026367981642e+03
8.254984343847281707e+03
8.714137559497075927e+03
8.333810610948634348e+03
5.287667518610038314e+03
5.958083583488424665e+03
6.962518562650935564e+03
4.594523574502133670e+03
4.571795803839412656e+03
2.512286106601844949e+03
3.202618771265945725e+03
3.165161938983634627e+03
3.475966198698414701e+03
3.804017141182016076e+03
5.660009603567000340e+03
6.021725477745453645e+03
5.137740440246629078e+03
4.379453756351826087e+03
4.698813629890750235e+03
5.807840181663740623e+03
6.542402007128974219e+03
5.529062626372256091e+03
2.628661910967274252e+03
2.814141657410826156e+03
3.505999515455147503e+03
4.373918234091580416e+03
6.058431746636468233e+03
7.199733097174033901e+03
6.390120275394397140e+03
6.786314759995300847e+03
6.760888554765411754e+03
6.384943235670247304e+03
2.794852687418272581e+03
2.400138462089706991e+03
2.609171878058873972e+03
3.227498532188091303e+03
2.872145969206688278e+03
3.159289163982121863e+03
2.730167156139160397e+03
2.689789300233987433e+03
3.404289892044819680e+03
2.721663217702252950e+03
2.739551129700498677e+03
3.333164826466071645e+03
2.633376597180462340e+03
2.104399243362111065e+03
3.141033396185347101e+03
3.713135090002926518e+03
4.391560460135812718e+03
4.535861797720475806e+03
4.477169010612969942e+03
4.969481131359326355e+03
2.739978810921368677e+03
3.342009695279233711e+03
4.344348594088482969e+03
5.298169958819323256e+03
4.440120126086827440e+03
6.516110175868698207e+03
6.727437816289514558e+03
5.203549331082052049e+03
3.500615027538320646e+03
5.374903295992125095e+03
6.435113672683954064e+03
5.492846669253107393e+03
5.926666864794367939e+03
4.258605160981390327e+03
4.393916310158590932e+03
2.841877604380400498e+03
1.712020034977766954e+03
1.749098641905818795e+03
1.426829300082260715e+03
2.393109996535808932e+03
1.951314300483853231e+03
1.635861611451430690e+03
1.064423690301642409e+03
2.936561003252225419e+03
3.659080669891317484e+03
3.572218361868803186e+03
5.420405609657588684e+03
4.536035557656456149e+03
5.677839545047062529e+03
2.466774271464841149e+03
1.855083836185520568e+03
2.027015664711284899e+03
2.854389456684849847e+03
2.580870604609111524e+03
2.606312542286865664e+03
1.812856960594364182e+03
2.677368648398965888e+03
4.610220725532804863e+03
5.381212637870968138e+03
4.739555818223399001e+03
5.467042785675665982e+03
5.655348511710413732e+03
4.919409750365250147e+03
3.987322172744735781e+03
4.278078664713618309e+03
4.257069248268740921e+03
5.554533578191161723e+03
4.071309817612061579e+03
2.396645447075826723e+03
1.710879518522769331e+03
1.487270338408131693e+03
1.411388137513545644e+03
1.661385722929612029e+03
2.118603261729931546e+03
2.116756415532652227e+03
2.736410262674313344e+03
2.578412901132822753e+03
2.645984751513421998e+03
4.736362344040021526e+03
5.827415955927829600e+03
7.559238468497045687e+03
8.759414191390971610e+03
7.909233521430246583e+03
3.638035559411516260e+03
5.660597020065323704e+03
4.900903507506329333e+03
5.844441407898115358e+03
5.694504280636404474e+03
3.592605751004598005e+03
4.597537989853668478e+03
4.485010637137102094e+03
4.373397714772921063e+03
5.243901261660364071e+03
6.230087754738694457e+03
5.981348231743196266e+03
6.759990700954998829e+03
5.416197655729112739e+03
3.528062386317455093e+03
3.336181456738302131e+03
2.174704230073195049e+03
4.194902733058592275e+03
5.051172746866938724e+03
5.901782225516097242e+03
7.749792869963863268e+03
6.876754030390387015e+03
6.582881875055477394e+03
6.336526487821762203e+03
6.451865205537790644e+03
5.799568350517051840e+03
4.118930419907495889e+03
3.693148765715135596e+03
2.845085452890984470e+03
2.319052464434796093e+03
2.406936685718176250e+03
2.698485320353424868e+03
2.632706990994983698e+03
2.377441688532214812e+03
3.360760740047951458e+03
2.817748047888605925e+03
3.864622562301089602e+03
3.219051019642487063e+03
3.045564892915581822e+03
1.834863483706530360e+03
1.043938811029400085e+03
2.178032829585201853e+03
2.917085439571925235e+03
2.995382902893806204e+03
2.007092546330282630e+03
3.639302625815260853e+03
4.103429726933733946e+03
3.618797137133182787e+03
2.367141171123370896e+03
2.301626600175170552e+03
1.432530094960059614e+03
1.704023908130088557e+03
1.474733811076305983e+03
1.223346153016175549e+03
1.196339168271478684e+03
2.039196679473570839e+03
1.981235759395275181e+03
4.164336064897202050e+03
3.893795113975616914e+03
6.784610566221096633e+03
6.061001276514501114e+03
6.285846582676827893e+03
6.382874530714238063e+03
6.931224327960447226e+03
5.745751734519903948e+03
9.622863852240709093e+03
9.418365933903283803e+03
8.742556795015674652e+03
7.808896088917524139e+03
8.080349922054572744e+03
6.874751262840306481e+03
7.135522616340618697e+03
8.340989741614363083e+03
6.768854028626439685e+03
6.267456447039224258e+03
8.583486036273254285e+03
5.424492911205509699e+03
6.355472214215338681e+03
4.990075833149741811e+03
3.142744297558211656e+03
3.516447159561472290e+03
2.749263026487830302e+03
4.312188588505774533e+03
7.718131241161497201e+03
5.659569045565171109e+03
5.056930307327316768e+03
8.194048921928391792e+03
7.166182293616561765e+03
5.828290578689462563e+03
4.469011031418070161e+03
3.633725360477806589e+03
3.590336047988942028e+03
2.924921984759551833e+03
3.234316138221497113e+03
3.080673721830611612e+03
2.692007069473388128e+03
2.503942536956468302e+03
2.601130119710992403e+03
2.022627347423762785e+03
1.741153091629649907e+03
1.109375210777072880e+03
1.418960181640524752e+03
2.359691468045613874e+03
7.298140901014562587e+03
4.654747729776750930e+03
5.715616543427487159e+03
4.224575629572749676e+03
6.380552170030795423e+03
5.063481132439920657e+03
5.392150337683610815e+03
2.267356072276872055e+03
2.480345484274367209e+03
2.545587612809264556e+03
2.463191471688555339e+03
3.090012356215449472e+03
3.342853788224748769e+03
2.625610689586159424e+03
3.652130827090320508e+03
3.100428892091983926e+03
3.806016064721895873e+03
3.011805010231124470e+03
2.919161161896947306e+03
2.037900113654422512e+03
2.640790918491454249e+03
2.209178112833487376e+03
2.318615456468100547e+03
1.430443609300451044e+03
1.935604233584461326e+03
2.424198601826221420e+03
2.450318060890151628e+03
2.907898317212504480e+03
1.536466585434293847e+03
4.879587709554883077e+03
4.037568619939410837e+03
3.821891246245352249e+03
3.759962924780799767e+03
3.761678772719947574e+03
4.555583218947494061e+03
3.128402119772867536e+03
4.860904224233555396e+03
2.894965018248688921e+03
3.781172939922401383e+03
5.275537875700661061e+03
4.371075346899618125e+03
3.629893765337720197e+03
4.087876742958671912e+03
5.178847644684212355e+03
3.485002944411185126e+03
6.146487274722684560e+03
4.571024161594753423e+03
4.668524643255785122e+03
4.223693249745486355e+03
1.532652144503266300e+03
1.733835215107269278e+03
1.487189817905031987e+03
1.361593217035074076e+03
1.044673166699895546e+03
8.040194582807288270e+02
1.291119849988776650e+03
1.696891900617209103e+03
2.386681071671004702e+03
1.783522502325853111e+03
1.393633705318761486e+03
9.679122012978509701e+02
1.150702255436196992e+03
1.328976683650625546e+03
1.360143933601430035e+03
1.513771710824908951e+03
1.504008539406393993e+03
2.440272316779379707e+03
1.917944040320488511e+03
2.348760709984638197e+03
2.264333097963611181e+03
2.501947762583769872e+03
1.605201816464145622e+03
1.594425398864713543e+03
2.628112967834586925e+03
2.049038007234359156e+03
2.253528147006846666e+03
1.464438667221861806e+03
1.536421830744019189e+03
1.995981497422151051e+03
1.686846615156388225e+03
1.165282209966720075e+03
1.681351865568724861e+03
1.612226844446288169e+03
1.087693137006522875e+03
1.298121680975316849e+03
1.180217841194048788e+03
1.605137388233367801e+03
4.996090101476981545e+03
5.659616444301467709e+03
3.773375772307588250e+03
3.194952301167752012e+03
2.860715229526857911e+03
2.491603944099536420e+03
2.169562505587480700e+03
2.803940923522883622e+03
2.008962430917608117e+03
3.549263090866438233e+03
3.460665236188163362e+03
3.568625348227721133e+03
3.116005458624163566e+03
2.638349222232975990e+03
3.826767062135993456e+03
4.632760874978926950e+03
4.108246079870365065e+03
3.604260247903480376e+03
3.943658460079494034e+03
3.188085755754885213e+03
2.455924889515752511e+03
2.420808741159406054e+03
1.912322452889545048e+03
1.683945504261664837e+03
1.746129469708283523e+03
1.297213709092893623e+03
1.370742181856674051e+03
1.520588999896063115e+03
1.948699306786708348e+03
2.329104779198245524e+03
2.013891342524364518e+03
2.299308481554920036e+03
2.030015628038726391e+03
2.611301350296660985e+03
3.103737023314552971e+03
3.666485420562689342e+03
3.219209356226443106e+03
4.032895515042601346e+03
4.859163453177364318e+03
6.065500277320200439e+03
5.001025742946507307e+03
5.242986298136922414e+03
6.578506266872267588e+03
4.727396617013459945e+03
4.549364372714564524e+03
7.585681713248121923e+03
5.682458219740099594e+03
6.700524806286182866e+03
5.611698543714565858e+03
4.934637385169381560e+03
5.918081636329518005e+03
5.176751989101896470e+03
5.657573422677151029e+03
5.464544954137611057e+03
5.249875490152551720e+03
6.426089413888837953e+03
4.235533256717210861e+03
4.424750039045460653e+03
4.719776340357942900e+03
5.022072931856382638e+03
5.644536234497224541e+03
7.082207615836918194e+03
5.169205693216100372e+03
6.037507394670097710e+03
7.391281773150164554e+03
6.908507428109682223e+03
4.523422090383368413e+03
5.385774589120846031e+03
7.452673042697245364e+03
5.881854380754494741e+03
