4.118334135944752234e+03
4.212647414581461817e+03
4.137074922299379978e+03
3.227004368900135887e+03
6.352315398663233282e+03
6.774996835587086935e+03
8.145103426516856416e+03
7.005163296057771731e+03
6.723964291042299010e+03
6.389013752435611423e+03
6.943330106427985811e+03
5.521646282770499965e+03
5.541103058142090958e+03
5.852166543366995029e+03
5.242457598142591451e+03
4.084468762351436908e+03
5.065612182296110404e+03
6.634470565539831114e+03
5.074590557484115379e+03
5.549039881497004899e+03
4.690916493199585602e+03
3.585253148611545839e+03
4.438767543516711157e+03
3.852080265615823009e+03
3.814143076759545238e+03
6.394228917705661843e+03
6.100948101108519950e+03
5.364152643598968098e+03
5.204357873790750091e+03
5.132279552349411460e+03
4.476594228664985167e+03
5.519360553313242235e+03
5.003823180566692827e+03
5.601335935617403265e+03
2.575623456754720792e+03
2.726562650276345266e+03
3.198453028001395069e+03
2.685281268341507712e+03
2.339862385356776485e+03
2.782219912785927136e+03
2.427628919583879451e+03
2.747782437623412989e+03
2.505444077796708370e+03
2.424216411090400470e+03
2.208712595924399920e+03
2.074035889902482268e+03
1.711266434101480854e+03
3.055070235562921880e+03
4.596017690848932034e+03
5.433222000628944443e+03
6.872938058277322853e+03
8.867532206894104092e+03
8.632189075387104822e+03
7.817220326838405526e+03
7.223829822839098597e+03
7.303933556564709761e+03
5.945217946373803898e+03
4.435468287477076046e+03
4.966882220156636322e+03
3.092983527962459902e+03
2.278285061932251665e+03
2.696259542589330977e+03
2.862213357239489142e+03
2.796246137380325763e+03
2.552943704673648426e+03
2.574133075657954123e+03
1.953773028699335100e+03
2.918012762851948537e+03
1.681106764429106761e+03
2.158989661415317642e+03
2.761527922571391173e+03
3.152423792953725751e+03
3.187012750299532399e+03
2.948280821686852050e+03
3.799491564864081738e+03
3.834206129939972925e+03
2.180307744475869185e+03
3.663729746155529028e+03
4.668945351275453504e+03
4.317765194157462247e+03
4.051478342170013093e+03
4.638788904821715732e+03
3.339169320276827420e+03
3.042980706790337081e+03
4.481907123627885085e+03
4.918537027771859357e+03
4.125041214811799364e+03
5.232286920291045135e+03
3.192625377391729216e+03
2.094589269287049774e+03
2.104937930607506132e+03
2.684510834338717359e+03
2.397662482682599148e+03
2.355904802441708853e+03
1.602723179091238308e+03
3.392381592815417207e+03
4.420796422978700321e+03
3.650963708118737031e+03
1.862771540842725017e+03
3.844350899930003379e+03
3.864450265304556524e+03
3.400052181051017669e+03
4.654703362880644818e+03
6.320886748095947951e+03
6.738284577715739943e+03
7.641027294111117044e+03
6.789570220413367679e+03
5.212741954585148051e+03
5.014227088192565134e+03
3.096104292690441525e+03
2.735392460264004058e+03
3.240825641995304522e+03
4.523292794099060302e+03
5.800045869167709498e+03
4.238434528357027375e+03
6.352808343625752968e+03
3.543378415395080538e+03
3.645038914068954455e+03
5.722154345765842663e+03
4.023617081949879321e+03
5.010239484989974699e+03
3.099031043767482970e+03
3.196527471987149056e+03
2.566016060816020399e+03
1.889126235949584498e+03
2.081619863139523204e+03
1.698282033671967383e+03
2.198827314827533428e+03
1.290977103685665952e+03
3.056905470756285922e+03
4.027580530043113413e+03
3.681178925655763578e+03
4.898090625365646702e+03
4.482107400778899319e+03
4.117360696695001025e+03
5.174039987523403397e+03
4.934703577296532785e+03
4.712423175042617913e+03
2.113456923944397204e+03
1.504385627584477788e+03
1.420372189226697856e+03
2.517505732102463753e+03
2.820732328063777004e+03
2.845389674581645068e+03
2.469703571480739356e+03
3.522965747098739030e+03
5.061196326688918816e+03
6.112062612395700853e+03
5.552988705446644417e+03
6.986554001603427423e+03
6.574847039076978945e+03
5.394194136869213253e+03
5.748983242159502879e+03
5.677440056755474870e+03
3.951764161808698191e+03
3.653464893327126447e+03
1.932877592565027271e+03
2.133235749945023144e+03
2.144463690488718385e+03
2.924442710301538682e+03
3.105620862992290768e+03
3.613078543428812281e+03
3.097436350039625722e+03
3.531852539428093678e+03
3.305876371368935907e+03
3.960694875758180387e+03
5.036260586004056677e+03
5.163941606781419068e+03
6.452638087773627376e+03
7.506696898891892488e+03
7.829569462610987102e+03
8.135676149338605683e+03
8.317176959054930194e+03
8.360757331629291002e+03
7.078889760264722099e+03
7.704617738791233023e+03
7.132129228275622154e+03
7.110008389949947741e+03
6.055585168631532724e+03
6.866223584967426177e+03
5.620510542321684625e+03
5.933674238918979427e+03
5.699218216942334038e+03
4.408905326929484545e+03
3.813970015845754915e+03
3.966486159788886653e+03
3.723957841692178590e+03
2.971607209599685575e+03
4.096921174540400898e+03
6.406515627177742317e+03
5.201980221306346721e+03
5.447972411398693112e+03
6.094284896261833637e+03
6.519918931359603448e+03
5.471366534864556343e+03
6.168458035839799777e+03
5.336093653817099039e+03
6.764526094973629370e+03
6.079136320116075694e+03
5.955129823124873838e+03
4.888143152597715016e+03
4.717803655534946301e+03
3.436624424659766646e+03
3.608425841844824390e+03
3.797616733895401012e+03
3.711366983001417793e+03
2.947623435401138977e+03
3.845560962030846895e+03
2.683608643991963163e+03
1.979353031407525805e+03
2.336419418936231523e+03
1.706930883427407480e+03
1.674285383107207281e+03
2.133197116963418466e+03
1.587351667393646039e+03
1.597038466477147040e+03
1.446101753944165466e+03
1.630400023272656654e+03
2.685386492197103962e+03
3.130941938855981789e+03
3.902659368777437066e+03
4.620879129014724640e+03
3.794397631282912698e+03
5.803099046629762597e+03
6.337552700347599057e+03
3.975819952345327238e+03
3.436178921814399928e+03
2.492372899419912301e+03
1.975446996393568497e+03
2.215442830590409358e+03
2.361144193251403976e+03
2.392130345138000848e+03
3.443225743615994816e+03
2.039108563322428381e+03
2.906106432533753377e+03
3.079269993674105990e+03
2.293815221285572989e+03
2.741009929728984844e+03
2.683839708660344513e+03
2.831301715014667479e+03
2.362062841329461662e+03
2.531435352363797392e+03
1.974128595024448259e+03
1.899110861352888378e+03
4.680839411342362837e+03
3.319361730651665766e+03
3.806129183053684301e+03
1.919666436888923045e+03
1.556960230293888571e+03
2.247820230862233984e+03
2.849442643320439856e+03
2.930584303425807320e+03
4.009762130689332480e+03
3.427134963711582714e+03
2.914691425924677333e+03
2.848773803683201550e+03
3.228042210967051233e+03
5.137952907971153763e+03
3.859675532743691292e+03
2.160007698738103045e+03
2.403579992650820714e+03
3.708920915203592813e+03
2.923762947720932061e+03
2.358760503138054901e+03
2.281765681706765463e+03
1.921037997455752702e+03
3.963241737273585841e+03
4.362849773153123351e+03
4.587535707636175175e+03
4.442278840829040746e+03
2.694164493415356901e+03
2.540500322222400428e+03
2.317381887533189001e+03
2.325922928433295510e+03
4.731262529546444057e+03
4.306283420476933316e+03
2.713711086628519297e+03
4.975140387891134196e+03
3.970354645828362209e+03
3.472713155553623892e+03
2.029173464895985944e+03
2.687382598401017276e+03
2.113342907971485602e+03
3.595485761754185660e+03
3.112016519528495792e+03
1.856987025724740533e+03
4.344728244383191850e+03
5.538898025288751342e+03
6.106192067282527205e+03
6.672018406413561024e+03
5.731341675020038565e+03
3.797220241715517659e+03
3.952782133714667907e+03
2.504170357958550994e+03
2.261263328558522971e+03
3.667286455019754158e+03
2.746925821460156840e+03
2.757587113255138320e+03
3.247544712569516832e+03
3.864858522098945741e+03
2.592232290451781864e+03
1.905126495414277770e+03
1.957151250677907910e+03
1.847377491254412007e+03
2.247530398253739349e+03
1.668256132218986295e+03
1.701758704337810968e+03
4.155885098568578542e+03
5.763269176671548848e+03
5.475581210743280280e+03
5.623256862000938781e+03
6.219458962445125508e+03
5.254076239501785494e+03
6.147253448723447946e+03
5.334841452132312952e+03
5.632225335816217012e+03
4.131612562585016349e+03
5.347888525905903407e+03
2.627081708137498936e+03
2.422834494407251441e+03
2.431958313993285628e+03
2.088845889120880202e+03
4.233612310990809419e+03
7.551570364205123951e+03
4.144900986045534410e+03
4.326756186457286276e+03
4.718398968804842298e+03
3.290343137298840247e+03
2.666986639065838972e+03
1.709711161854141210e+03
2.256526896585024588e+03
3.808464463852692916e+03
5.563915831284293745e+03
5.252822612926805050e+03
4.792986666944293574e+03
4.135217913764354307e+03
1.958034348005462562e+03
4.664744996246663504e+03
4.598081307659557751e+03
4.355771745154210294e+03
4.028211146584162634e+03
3.033929372301939111e+03
5.765955839881342399e+03
6.684584443092117908e+03
6.360600755138527347e+03
7.464730552322250333e+03
7.578488573550310321e+03
5.613456068757669527e+03
5.140271445232614496e+03
4.700333247468374793e+03
3.673569146908642779e+03
2.815576514027677149e+03
2.224625469848082048e+03
3.193936365953074528e+03
2.925246098840247214e+03
2.123294658676551080e+03
3.874834468052948068e+03
2.766727288251071059e+03
2.319200117479964774e+03
1.780612276047172145e+03
4.651451350726689270e+03
3.498544238819632483e+03
3.965103950363317381e+03
4.244017359273677357e+03
5.703179702348342289e+03
5.102759985023165427e+03
2.575092842439858941e+03
2.061304608728965832e+03
2.983280476135079425e+03
2.562646637989086230e+03
2.413064415140480833e+03
1.810189459867365485e+03
2.312600090233603623e+03
1.946586478902190265e+03
3.608481181294377166e+03
5.258988963248604705e+03
3.240058852805073002e+03
2.647669073163590838e+03
3.296050088777838937e+03
3.913622697461991720e+03
5.384611408435352132e+03
5.990191947747041013e+03
5.996537128101833332e+03
7.287558884551707706e+03
5.453038665472687171e+03
5.135073469187404953e+03
6.565189610403945153e+03
5.229421556193758079e+03
6.962831122292362124e+03
2.046939583479818339e+03
1.584836613647511513e+03
2.145864114826778405e+03
4.296231989654972494e+03
3.918768383267620266e+03
4.363719356745497862e+03
7.691854054716190149e+03
4.905734090832208494e+03
5.879778647627185819e+03
4.957523828182766010e+03
3.517768451986933087e+03
4.952152667812547406e+03
1.593451571095105692e+03
2.625934078132011109e+03
3.175548754548849047e+03
1.701377739431736927e+03
5.082875125641880004e+03
4.010089416040568722e+03
5.786892284754386310e+03
7.747154144595897378e+03
4.364682797967055194e+03
2.265878582226012441e+03
2.440484960933411912e+03
2.374706866157328932e+03
2.868009570871563483e+03
2.534727220461972138e+03
2.165791795316039043e+03
2.813276642542917216e+03
2.585739942737804540e+03
3.843000539764186669e+03
3.365626261641794827e+03
1.914140608867568062e+03
1.964053265988439080e+03
4.413390028910324872e+03
4.513313006718884026e+03
6.325476601224103433e+03
5.317961986446175615e+03
4.953424949938645113e+03
4.959063838510077403e+03
3.068281827905337650e+03
2.893050429498860012e+03
2.937260681314363410e+03
3.070770768041539213e+03
2.775507779900039623e+03
2.280087481003474295e+03
1.856274754468588753e+03
2.607121979749796537e+03
2.740768568060214420e+03
3.361828863521688618e+03
2.452868834297910325e+03
2.955909174782014816e+03
4.116384143517083430e+03
4.630505285831473884e+03
5.085116618106967508e+03
4.949047369027099194e+03
3.637065476820072035e+03
2.612316641896698457e+03
3.484715550884529421e+03
3.358113119652477053e+03
4.593824932647528840e+03
2.936168152183341135e+03
1.900607553370988171e+03
2.943214917977025834e+03
3.200832127304428013e+03
3.613644322270497923e+03
3.166839113381429343e+03
4.246696347931692799e+03
3.028863629717516687e+03
3.355013396725089024e+03
4.173809995818498464e+03
4.462553261250499418e+03
4.206868080513902896e+03
3.826702456026882828e+03
4.881744771036904240e+03
5.666191795078826544e+03
4.346351287105840129e+03
5.093236408494341958e+03
3.341399573748342846e+03
3.961168037611944783e+03
1.971408700389883052e+03
2.778899584443994172e+03
1.583330874200334392e+03
1.686866345183174190e+03
1.793578886188311344e+03
2.115009658558803039e+03
2.375074847872337159e+03
2.255354491176513875e+03
4.615236173082029381e+03
4.501050321753591561e+03
5.006450852504989598e+03
4.718948802274553600e+03
6.781523934631999509e+03
6.039540121281576830e+03
4.521851502072503536e+03
4.378406963438548701e+03
3.819599536748537957e+03
3.265385361764972004e+03
3.648891518526565960e+03
2.891064467496316865e+03
2.883799348297564393e+03
2.901071639254233105e+03
3.450954820946994460e+03
2.481801455329559758e+03
3.565051229908960522e+03
3.270837607655036663e+03
2.851907015327454246e+03
3.665767305628448867e+03
5.399838856613669122e+03
4.580257808953059794e+03
3.589777066352669863e+03
3.019192564502285222e+03
3.464221075235539956e+03
2.488784989356456663e+03
2.682028489082234046e+03
2.512586821341669292e+03
2.980951084479849214e+03
3.096815895628502858e+03
4.581771512145871384e+03
3.177824795462996008e+03
1.885952140914608663e+03
2.579782987981805491e+03
3.165283075740678214e+03
1.906517225298147196e+03
3.642119047620151377e+03
3.981312556487470374e+03
5.567335954950871383e+03
5.585937825336327478e+03
5.602285276146491015e+03
4.984592316177829161e+03
4.515937813731489769e+03
3.776681968194061938e+03
4.783668849132667674e+03
4.220743534148705294e+03
4.829558237530487531e+03
3.845441587617560799e+03
2.432764192365872532e+03
3.854487860396569886e+03
2.342525729821603818e+03
2.757669063534827728e+03
3.043757121649968212e+03
2.410795395131788609e+03
4.312768439989917169e+03
5.348362455940380642e+03
4.603447059487167280e+03
5.911451002146759492e+03
5.756576204391325518e+03
4.117916258885075877e+03
4.334202796051421501e+03
5.212126243105969479e+03
5.011867079622777055e+03
5.563985523522748736e+03
5.147896659642156919e+03
5.160502167608170566e+03
6.101724918270161652e+03
5.844385868627728996e+03
4.409644111289262582e+03
4.154376405735923981e+03
2.188376397672433086e+03
4.174383163095563759e+03
4.844056721914957961e+03
4.670961014564646575e+03
5.074000174271282049e+03
3.402849951545621479e+03
2.832222097346683313e+03
3.147793753338106399e+03
3.433937949068978469e+03
3.106822307035646190e+03
1.865307472457688391e+03
2.280098128178263323e+03
3.043381360714524817e+03
2.916418302357864377e+03
2.467768731105979896e+03
3.691212708448555986e+03
4.319908315992339340e+03
5.275371367277241916e+03
5.365355339061201448e+03
3.732835707254629142e+03
1.897739663453126013e+03
1.577100827413442403e+03
2.387517902237319959e+03
1.472019836049164041e+03
1.153616225682176719e+03
1.719866792288559509e+03
3.295425202820890263e+03
2.130770805032045701e+03
1.937136271225597056e+03
2.423483166442864785e+03
3.027666114801638287e+03
5.075748527761404148e+03
4.580764615543166656e+03
4.771153734652802996e+03
4.870445064772678961e+03
3.969034153367145791e+03
4.445527971238056125e+03
4.775276975974203197e+03
3.474807110424249004e+03
5.553893975277798745e+03
4.794793680393426257e+03
5.866243023484248624e+03
4.904572247262305609e+03
4.937649387548429331e+03
4.480784710272269876e+03
2.414305930317031198e+03
2.776340306908005914e+03
1.774990609555138008e+03
2.418624499155431295e+03
1.822829538236702319e+03
2.390813493449431007e+03
2.068322196183431515e+03
1.996186733354627677e+03
2.118435096588379110e+03
2.864111067901795195e+03
2.584173627903614033e+03
2.616128910980778983e+03
3.037758034789763315e+03
2.782410193171577703e+03
2.177323231632209627e+03
2.097693035603251246e+03
3.014778292586997395e+03
2.682593103246947067e+03
2.088492539085362750e+03
1.805427586350835554e+03
4.075378637643666025e+03
5.212947011954395748e+03
4.215154182916347963e+03
4.622545066275281897e+03
5.131943439651364315e+03
5.734078421531359709e+03
4.647219473879187717e+03
5.643462499836752613e+03
6.540749941253478028e+03
7.417392937261260158e+03
5.456053891853242021e+03
4.606138393935103522e+03
4.580459254685890301e+03
3.837503949525678763e+03
2.098345343095507815e+03
2.373898172411110863e+03
2.539338227771218953e+03
3.306812166959519345e+03
3.758945620938271077e+03
3.542346316863012362e+03
3.716698709971850349e+03
2.796793461913002830e+03
3.185423751735870155e+03
3.385544906850780080e+03
2.488442502535949643e+03
2.354287721173498539e+03
3.146721640904670949e+03
3.227586670111084004e+03
3.625228797711971765e+03
3.832241867480799556e+03
3.755621931901671815e+03
3.098844154329484809e+03
3.233527132222217460e+03
4.227912377798420493e+03
4.855190573385851167e+03
6.770832001180010593e+03
7.740395984906530430e+03
7.028549451944087195e+03
9.069085450622782446e+03
8.047057439621275989e+03
6.308030925968938391e+03
7.185766198141317545e+03
6.073005806951127852e+03
6.089982131926576585e+03
5.799677643191666903e+03
7.237556051181626572e+03
4.248131042096936653e+03
6.655693234947601923e+03
5.732610212656163640e+03
6.894298890775216933e+03
7.081812770576685580e+03
6.020842825352107866e+03
5.824694511166951088e+03
4.948013790773337860e+03
4.180503079383002841e+03
4.491635551007903814e+03
2.940008756435981013e+03
3.415763844002309270e+03
3.477894307932986521e+03
4.270469227560559375e+03
5.045481443476342065e+03
5.450446279708427028e+03
4.517994990178803164e+03
4.882575387351595054e+03
7.853344118279797840e+03
5.737105575554452116e+03
6.471850375555472965e+03
5.732422983718405703e+03
4.769285106035003992e+03
4.158791196223965017e+03
3.313105688996207391e+03
3.652765578659066250e+03
4.586066812890484471e+03
5.152785087655971438e+03
5.706712682453562593e+03
4.781954819196722383e+03
4.384277897215267330e+03
3.425052949885350699e+03
3.964653767177382633e+03
3.824658184278411682e+03
2.619765761528372877e+03
2.949670852441986426e+03
2.743004804628300917e+03
3.794911502147448573e+03
3.037871401932370190e+03
2.214064818204863968e+03
2.178271840049219009e+03
2.058569448523443043e+03
1.835230906767155375e+03
1.750209680995549661e+03
1.632930917519765899e+03
2.269297949416466508e+03
2.782893321659355934e+03
1.989869947936963854e+03
2.094605768678421100e+03
2.952747151772347024e+03
3.579974051283822973e+03
4.438487693199566820e+03
5.053760512204796214e+03
4.481149861924632205e+03
4.280190028626118874e+03
4.031042508015394105e+03
2.985785712143745059e+03
2.500567879806831570e+03
2.998878029362855159e+03
3.473123826084554366e+03
3.040503940657854855e+03
2.922561405131039464e+03
3.307482447615710498e+03
4.070414813271457660e+03
2.990473149325220220e+03
4.129369069132373625e+03
4.488544821764569861e+03
4.014804559851363138e+03
5.162021046976985417e+03
5.838248316371228611e+03
4.239236278998760099e+03
4.696278137277869064e+03
3.006585691760509235e+03
4.009848301947271921e+03
3.735470664264069910e+03
3.784596683156712515e+03
3.965257733940637536e+03
3.941382342025436628e+03
4.312602463841753888e+03
5.072810971756987783e+03
4.785826103655904262e+03
4.668244259259366117e+03
4.990222931278395663e+03
6.424446539081231094e+03
5.365524836039032380e+03
6.264038578783636694e+03
4.089482578091693085e+03
2.901907466652309722e+03
1.816661153717035631e+03
1.912089238977404193e+03
1.974150450034659571e+03
1.976145979083783004e+03
1.721971507943390407e+03
4.780764970081896536e+03
7.520288406694020523e+03
6.140988306802891202e+03
6.470637010618560453e+03
7.541519536655876436e+03
6.415927119707444035e+03
6.843956540121685066e+03
5.587833992415080502e+03
2.797970054298843024e+03
3.531870187348706168e+03
1.534215378176136937e+03
2.768845616704708846e+03
3.929076963466921825e+03
3.469558248899006230e+03
3.266137800139215415e+03
2.028169417369201483e+03
1.405369763280356665e+03
1.321792011081684677e+03
1.520795764784097400e+03
4.539709877255781976e+03
3.042220318656126437e+03
3.580630295907346408e+03
4.580951007598829165e+03
5.002775010554641085e+03
5.533976701903247886e+03
4.953468453957701968e+03
5.330339051909965747e+03
4.517699533395835715e+03
5.742778842420123510e+03
6.027865603518742319e+03
4.797458698923626798e+03
5.720444330192819507e+03
6.047041763134878238e+03
4.768786084741979721e+03
4.421788626121840935e+03
3.547579438504269547e+03
3.413713692187047855e+03
4.291633445345013570e+03
4.052036823030747655e+03
5.863386029496419724e+03
5.805979236457764273e+03
4.465221671159973994e+03
5.977658686192704408e+03
6.248520002961349746e+03
6.099370609687148317e+03
6.990607375507220240e+03
7.956475952232221971e+03
8.565556856333976611e+03
7.253994956998036287e+03
7.852734561018750355e+03
4.824536501141192275e+03
5.691356586378902648e+03
6.789406634284230677e+03
6.184395610930995645e+03
5.645111294236086906e+03
4.756753327746419927e+03
4.536951989568680801e+03
5.140651331508061048e+03
4.625718359029108797e+03
3.533297953411545677e+03
1.855943468502294991e+03
3.218868243709996932e+03
2.410503080494103870e+03
2.283813617344680097e+03
2.851861790310428205e+03
2.515928705690305833e+03
2.500935179214831805e+03
3.230023629592784800e+03
2.569661148425145711e+03
2.449931826386349712e+03
2.178510626962913193e+03
2.502801708443696953e+03
2.084003369841670519e+03
2.100201282285312573e+03
2.463032974299345824e+03
1.893700508320094514e+03
4.508650574168867934e+03
3.975970672702737829e+03
4.107643834980839529e+03
4.481431074692369293e+03
4.524130676913338903e+03
4.078122578611091740e+03
3.182629673982261465e+03
3.045847353913201914e+03
3.522164783833422007e+03
4.965528584684449015e+03
3.480109149912359499e+03
3.365581782313569875e+03
3.714958056300791213e+03
2.043140300802170032e+03
3.437678259676725247e+03
2.798902048842696786e+03
3.155002701681888993e+03
3.319266654899874084e+03
2.742578767592573968e+03
2.075349159372589838e+03
2.190264644094113009e+03
3.985387052061541908e+03
4.490042410283023855e+03
4.388162970736054376e+03
4.445574371489515215e+03
4.090679827380460665e+03
4.540460161136877105e+03
4.814875658925278003e+03
5.244454656136398626e+03
5.207721253376541426e+03
5.144298061787432744e+03
3.845164406016889188e+03
4.201221533937839922e+03
4.319413867672897140e+03
4.337628215884054043e+03
5.280905235518319387e+03
3.833056376452316726e+03
3.230841677453444390e+03
3.205142177057304707e+03
2.754278029220407461e+03
2.801721066349160537e+03
3.232485409423130022e+03
3.611152915387825487e+03
3.301541457562609139e+03
3.655426979475245844e+03
3.720454631167148818e+03
4.122655354005108165e+03
3.890866298679135070e+03
3.243788102545233414e+03
4.403385469828703208e+03
4.373771647351690262e+03
6.383866032028496193e+03
8.312476806124379436e+03
7.786731532368980879e+03
6.543204223022974475e+03
7.034909263990434738e+03
5.493546620217403870e+03
4.789834460179748930e+03
2.524691769520917205e+03
2.854190058070183568e+03
2.530187256168598196e+03
1.814191340270913088e+03
1.629168797521378110e+03
1.555770101945419810e+03
1.174544029671697217e+03
1.413128817484168167e+03
1.738204005557489609e+03
2.040596425896017536e+03
2.953628310383592634e+03
2.707623053833176527e+03
2.010859224679961699e+03
1.452113627019451542e+03
1.827240492367256365e+03
1.841737793380274979e+03
1.570085190523750498e+03
1.625015269395811629e+03
1.525347408545482040e+03
2.504909567402186440e+03
4.772134902885054544e+03
5.669061157477914094e+03
6.190824475207635260e+03
5.474382534166425103e+03
5.357611486763898938e+03
2.759459472169904529e+03
4.257223254039207859e+03
2.188435012054234448e+03
2.789585260737354020e+03
2.460141048613540079e+03
2.141852703397925779e+03
4.132944696305542493e+03
4.008443448305756647e+03
3.591986629636540329e+03
2.108287958448825520e+03
2.570115298273207372e+03
2.582974658864895900e+03
3.121817166302390888e+03
1.815471842643389436e+03
1.871124384905974239e+03
3.178564224382915199e+03
1.857835656310605827e+03
2.029451937631975170e+03
2.654637302053695748e+03
3.037172655329069585e+03
2.831477000115377905e+03
2.859280065468527937e+03
3.888057518842618265e+03
4.765032699820179005e+03
5.422897057991867769e+03
7.068704141557266666e+03
6.558526763397465402e+03
3.332417355037731795e+03
5.658678079193702615e+03
6.613854810384091252e+03
6.436696463162330474e+03
5.606828690508132240e+03
4.629448219138255809e+03
3.292588043989187099e+03
3.822548817660685472e+03
2.295427903933111793e+03
2.504006256185783514e+03
3.055902785136762759e+03
2.967786113054084581e+03
2.779883179196165656e+03
3.231624763587028156e+03
2.939842826884553233e+03
2.150712406241523240e+03
3.274428694819833254e+03
6.224021349447497414e+03
4.677310156357724736e+03
4.391671104549604024e+03
1.989505645080444538e+03
2.064132629148396063e+03
2.104872192534465739e+03
2.718848020986476968e+03
2.575438435748473694e+03
4.800869040492065324e+03
4.473344724400395535e+03
4.048485135790283948e+03
4.242161061159473320e+03
3.319262967591441338e+03
4.200248590907492144e+03
3.665972805808666635e+03
2.913518464824251168e+03
2.101594931694981369e+03
2.407602128265652027e+03
2.258432370560262825e+03
1.632724933086771671e+03
4.004228246417064383e+03
3.565590688618239255e+03
4.284330964175494046e+03
6.152021106874964971e+03
7.305815567420009756e+03
6.038692537566122155e+03
5.741221834028096055e+03
6.944682990782221168e+03
8.271160372123496927e+03
5.743993849687455622e+03
5.137521920640465396e+03
4.127550025192003886e+03
4.835684751738930572e+03
5.214330842945267250e+03
4.522290384396098489e+03
5.514420086649755831e+03
7.584435344701568283e+03
6.717398840086406381e+03
6.297391952250382928e+03
5.539069206278917591e+03
5.908966804428961041e+03
5.086428338170910138e+03
4.178414601420935469e+03
3.916148982356115539e+03
3.773067574136455278e+03
2.703680426675782201e+03
5.431534529039627159e+03
2.810057033938273435e+03
3.794792603058102486e+03
4.758644010574110325e+03
4.291598989974076176e+03
4.312630679308978870e+03
4.262757391089384328e+03
3.684830662840121931e+03
4.200477076654942721e+03
4.038254805232524177e+03
3.710300216467739119e+03
3.586584421633180227e+03
4.082056723505868376e+03
5.695390800069544639e+03
6.235798986882156896e+03
6.125588206706171150e+03
5.569483839529479155e+03
4.079348391611132683e+03
4.592679761907996181e+03
3.096135471074455381e+03
3.321045125939464924e+03
4.395222369435047767e+03
4.074709073545886440e+03
4.229563984761946813e+03
3.327523553905915378e+03
3.813010552233772614e+03
4.042962449338345778e+03
3.632512434669551112e+03
3.768356064327780587e+03
2.864277888009075923e+03
2.973226283762829553e+03
3.768804025808756251e+03
3.822736872148927432e+03
4.475239842933133332e+03
4.927348387968125280e+03
5.508176541863166676e+03
5.340120027789450432e+03
4.027228273519872346e+03
4.634619170777010368e+03
4.306285209181831306e+03
6.507756394624356290e+03
7.963793999166899994e+03
5.670308024413740895e+03
4.178813134437534245e+03
6.483016287641991767e+03
1.063986689614413990e+04
6.412672552516341057e+03
6.665035925349193349e+03
5.745445402482813734e+03
3.631348872143736571e+03
5.617447723870703157e+03
5.049330854332927629e+03
6.102729815925338698e+03
6.831993216527358527e+03
7.992011592720155022e+03
8.205257835568887458e+03
6.043639144712712550e+03
3.189865640767934110e+03
1.924456884076704682e+03
2.391997209779227887e+03
3.526684402987549220e+03
4.648413950325743826e+03
4.240497774985341493e+03
2.455524804510824652e+03
5.679787489966170142e+03
6.268719095616659615e+03
6.185917596222318025e+03
5.651137894052757474e+03
6.883151967090005201e+03
4.665092743997745856e+03
5.407223213819731427e+03
6.589985229433660606e+03
8.821917807412264665e+03
4.362657386137450885e+03
4.133190528648351574e+03
5.136137088657127606e+03
4.589010066207516502e+03
4.342045574881520224e+03
3.476108721243776927e+03
2.611834038661417253e+03
2.556360001366751931e+03
2.981605528128461629e+03
4.255312369313095587e+03
5.761283390927295841e+03
7.482546377165237573e+03
7.344315900134993171e+03
5.729572930271840050e+03
3.441359539610950833e+03
4.327719857511783630e+03
2.962325818157372396e+03
4.160284313941290748e+03
4.472693104042201412e+03
6.155883289996961139e+03
5.003637402187227053e+03
6.339121676318927712e+03
5.379977435108878126e+03
6.445632500652220187e+03
4.360939295827563001e+03
1.770795470359616047e+03
1.525108302546122104e+03
1.736664918239555391e+03
1.832214409902654779e+03
2.104965613009897879e+03
3.040926270849544380e+03
3.312579868578315200e+03
2.000582632518213131e+03
2.083113025642977391e+03
2.659151505735208502e+03
2.338145330197212388e+03
1.515905862080921224e+03
1.364629933849497547e+03
1.613161404602745506e+03
1.532059068522355119e+03
1.861383722911822588e+03
2.046342826175712844e+03
3.005767687644756279e+03
3.038153432458108000e+03
3.369799947761921885e+03
3.899071354809034347e+03
3.612308445287193081e+03
4.260580444474859178e+03
3.763940477815466238e+03
3.961130921842602675e+03
3.200530185770810021e+03
3.701763477200927355e+03
2.733045460948401342e+03
2.550340822295173894e+03
2.787543972994862997e+03
4.557671923186468121e+03
4.517751356755159577e+03
4.381880509301648999e+03
3.831227724157828106e+03
2.976773643233407711e+03
1.850438151387894777e+03
1.900985320603044102e+03
3.636843046612783382e+03
4.352427112205002231e+03
3.391730871108680276e+03
1.995425069799788844e+03
2.959906270232529096e+03
3.728486996420650030e+03
3.053218614465470182e+03
2.622429456960856442e+03
2.936186898563359591e+03
3.758470581383625358e+03
2.596780192060865829e+03
4.264532448862691126e+03
3.838145910672527407e+03
5.550250141501757753e+03
4.861738272849022906e+03
5.118211470582960828e+03
3.309799482641025861e+03
4.913050870049924924e+03
6.649644434612172518e+03
6.505996710008243099e+03
5.789568512526047925e+03
6.718534906252914880e+03
6.335650847215541944e+03
6.144832057413387702e+03
6.034740041468880008e+03
6.942800092513282834e+03
4.661302906332455677e+03
3.870414656453278894e+03
3.797820276208401083e+03
3.850253363168778378e+03
4.836503740334854228e+03
6.701628648437507763e+03
4.362442310004763385e+03
4.516006182056568832e+03
4.509338361077974696e+03
2.726399384856813413e+03
3.316431638912766175e+03
4.360856386660916542e+03
2.834137014946546060e+03
3.504905646154520127e+03
4.540243063404699569e+03
3.810824935035703675e+03
3.061940773509353221e+03
4.361417490879655816e+03
6.081449560769246091e+03
5.841879803524812814e+03
7.358460719523043736e+03
5.605378659251351564e+03
5.106396809787537677e+03
3.673889687619522647e+03
3.461045305463095247e+03
3.822124626468029419e+03
4.178523175322357019e+03
4.023039534618896596e+03
2.639879776204953487e+03
3.442008782822419107e+03
5.351512477422130360e+03
5.631457257724230658e+03
4.215785318577000908e+03
4.950300294892250349e+03
5.269979323341608506e+03
4.630887485181572629e+03
5.941199915059414707e+03
6.538006209984279849e+03
7.426689153944683312e+03
5.869886265281892520e+03
6.766766539741818633e+03
7.691708319079266403e+03
8.910765632277987606e+03
7.842611773588204414e+03
7.480342344478483938e+03
3.558495908957891061e+03
3.481259513703995253e+03
2.103969067709327192e+03
1.537566836251351106e+03
1.426735728911877459e+03
1.360160624806327860e+03
5.006940758037987507e+03
4.833868149564972555e+03
6.527840693947678119e+03
5.656823255385749690e+03
5.920060197594831152e+03
5.014852364202424724e+03
5.412238597755671435e+03
3.249790740795276633e+03
3.640854462549517848e+03
4.233203356743246331e+03
3.349035914999973102e+03
3.994502334788799544e+03
4.369137393176652040e+03
6.487554562970269217e+03
6.027353954867150605e+03
5.512606777688016336e+03
5.786213996182175833e+03
5.058672586588646482e+03
4.053244036528136348e+03
1.746879377608264804e+03
2.320412453517048561e+03
1.450557374939893862e+03
2.112858424586636829e+03
1.842437577354231507e+03
1.603707239821216035e+03
2.056393566184599422e+03
2.235116814397913913e+03
2.163588007170575111e+03
1.818138987222453807e+03
1.648948770881459495e+03
1.524111444717678751e+03
1.400528915804742837e+03
1.343045507955709354e+03
1.505993136667514364e+03
2.393817533395161263e+03
2.592676250831877951e+03
2.140716458784715087e+03
4.025259592665039236e+03
4.394504178047188361e+03
4.545011549402308447e+03
4.249414769149947460e+03
3.267765077451650541e+03
2.637814615005652740e+03
2.396227852935585361e+03
5.256656801837494640e+03
5.669823470761391945e+03
4.919279564323348495e+03
4.749740478156361860e+03
6.062244422089190266e+03
6.073554248696432296e+03
4.686706769544021881e+03
4.718760621856191392e+03
4.866767440683692257e+03
6.764270434641345673e+03
6.433252182089931011e+03
6.777922823972353399e+03
6.265322567240012177e+03
6.036649896410631300e+03
5.631160563234523579e+03
4.274487760959526895e+03
4.616887478499090321e+03
3.588952097048991618e+03
4.211461524286797612e+03
4.081979318444958608e+03
5.704878893059551046e+03
4.074890353021732153e+03
5.938711252405291816e+03
5.547620706089255691e+03
5.760459100863257845e+03
7.392279969594658724e+03
4.368318036220461181e+03
5.878302495494043796e+03
4.510863963797713041e+03
5.066471595233896551e+03
4.084978877638832273e+03
5.157935508199495416e+03
4.003935430388001805e+03
4.680224170541318017e+03
4.448760527572818319e+03
4.448679994631774207e+03
1.828228249155989715e+03
1.856659085259664153e+03
2.785083912562773548e+03
3.461818936388731345e+03
4.933075138159914786e+03
5.645211180404244260e+03
5.145427204923690624e+03
4.359052992099710536e+03
2.974399667968492849e+03
2.419870755902215024e+03
4.493622515609476068e+03
3.283270631596717067e+03
3.504172784414551643e+03
4.576624534730600317e+03
3.897547829982893290e+03
4.179443392091715396e+03
4.486423404037390355e+03
4.023261035858427931e+03
3.986636716158332547e+03
3.311564549427591373e+03
3.004529804945047090e+03
3.204994848002778326e+03
3.489365098234464313e+03
2.982832141637128188e+03
3.149098433224687142e+03
2.725821745852015738e+03
2.681865183975073705e+03
3.460855620787804128e+03
3.366463448432316909e+03
2.673610951783593919e+03
3.694056940764556202e+03
5.574928487793429667e+03
4.601454415687577239e+03
5.131011362838515197e+03
5.475671620998399703e+03
6.200552860989398141e+03
6.313045410832760354e+03
4.934604608035185265e+03
3.490242852980972202e+03
6.439396982944334923e+03
6.740828665629344869e+03
5.906564603086989337e+03
5.840884224281591742e+03
4.520799479949685519e+03
4.511153085961226680e+03
4.948437039058104347e+03
4.781631064913603950e+03
4.417652577150412071e+03
4.750207354580894389e+03
4.818977462970967281e+03
5.422607572378810801e+03
6.255584780105912614e+03
7.055667215026521262e+03
6.651892949700143618e+03
6.065602527502628618e+03
7.131807901030210814e+03
5.762885020807686487e+03
5.639367566809046366e+03
3.567558829757079820e+03
2.848185035099480956e+03
2.448426792054217458e+03
3.348556745650230368e+03
3.707462137854145567e+03
4.398267219789215233e+03
6.011226377529286765e+03
5.652557745103115849e+03
5.242916521935170749e+03
5.060283080772458561e+03
4.773858226349386314e+03
5.217611162325691112e+03
5.194355436933091369e+03
3.765135433811813527e+03
3.874194809543264455e+03
4.057891496149908107e+03
5.650949509149033474e+03
5.324757577429448247e+03
7.966630038647468609e+03
5.629312918534425989e+03
4.883140806492820957e+03
7.510060570492972147e+03
7.854391644699549943e+03
6.542221770827941327e+03
4.375962746987621358e+03
3.974466401480958211e+03
3.703828647000997535e+03
3.073873666788774699e+03
2.704958505321446864e+03
2.559951505003868078e+03
2.185085128896291735e+03
2.667803267216794211e+03
2.980534329658668867e+03
2.478887098610006888e+03
3.291959327055348695e+03
3.333275887143187902e+03
2.761059248269828913e+03
3.445847132705244803e+03
2.924165646114084211e+03
2.870560226540365420e+03
3.377240843912326909e+03
2.378984270797159752e+03
3.383841279289816157e+03
3.810896817103092872e+03
2.797090954465528739e+03
4.534636046700712541e+03
5.532065919313465201e+03
5.219771069601424642e+03
4.828350728639601584e+03
4.437004969562473889e+03
4.403088973023441213e+03
5.598911314302034043e+03
4.859689848650671593e+03
4.859253324858776978e+03
4.386523738373608467e+03
3.127401462550886663e+03
3.143683090270008051e+03
3.700440542124837066e+03
3.304597368344026108e+03
2.984621689964200414e+03
3.484375303664561216e+03
2.570266044556963607e+03
3.283395756551791692e+03
1.651872176982950123e+03
1.553470892883614169e+03
2.425191541912246976e+03
2.170525215742783985e+03
3.181136875583834353e+03
4.065543662114258041e+03
4.894627376278883276e+03
6.472591871641896432e+03
8.701649526392602638e+03
7.388580758894548126e+03
6.652542258013494575e+03
8.834457944688778298e+03
5.346646376149708885e+03
6.110677442631413214e+03
4.617333183753308731e+03
3.766209208915018735e+03
4.288618636953232453e+03
4.634888786575465019e+03
5.127553418743766088e+03
4.521396398059802777e+03
5.284059350482242735e+03
4.656385879860033128e+03
4.965838116163256018e+03
6.122145350126002086e+03
7.014181648629181836e+03
6.557689245969846525e+03
5.863716617864638465e+03
4.460538273957845377e+03
3.558361046890731814e+03
5.514868731434667097e+03
5.340628860850561068e+03
6.110032980569915708e+03
6.731826347466500010e+03
6.305140712666472609e+03
7.600024576530734521e+03
6.872801674708247447e+03
5.380003901773448888e+03
7.431705513815359154e+03
7.113558989850653234e+03
6.647443220419286263e+03
6.167559535626591241e+03
5.943276110195127330e+03
6.154164674276576989e+03
7.256747463140527543e+03
5.441505767385368017e+03
4.319154999802898601e+03
6.269984482704479888e+03
4.741111823732217090e+03
6.416016610813067018e+03
7.320258906218068660e+03
7.274742421231224398e+03
6.876681133810590836e+03
7.299136530454431522e+03
6.131912408029796097e+03
4.464631262116168728e+03
5.706309818710709806e+03
5.290782858208050129e+03
6.589516451514232358e+03
6.416431366096689089e+03
5.743433047071003784e+03
4.974812609600394353e+03
3.298846929681309575e+03
2.697477494333432332e+03
3.592407277705897286e+03
4.012306796503538862e+03
3.002967538659543607e+03
3.742399457879435431e+03
3.534116441554319863e+03
3.927683220601026733e+03
4.805056672918434742e+03
4.967724261074351489e+03
5.478601564504491762e+03
5.739936201020675071e+03
4.195508208533398829e+03
4.923884864154643765e+03
5.063799097928904303e+03
4.880928735637265163e+03
4.516653097764832637e+03
3.828705591665911015e+03
1.230367499066346454e+03
1.446890564105619660e+03
1.448395519543340924e+03
1.539628339513032643e+03
1.571184130189290045e+03
1.643063083999661785e+03
1.837804065235044391e+03
1.699900661107484893e+03
1.686476635035091931e+03
1.351713538791291739e+03
1.783195497678367701e+03
2.398338687120826307e+03
2.298541255300540797e+03
2.125730445595569108e+03
2.791437433373912427e+03
3.950744156819572709e+03
4.108732553220689624e+03
4.481744748068867011e+03
4.503431816397119292e+03
5.234929280964925056e+03
5.998567835675622518e+03
6.115924021202332369e+03
4.329988534751627412e+03
5.730627566540781118e+03
5.595387531935210973e+03
5.482149128119015586e+03
4.226814923891654871e+03
3.869456906429843457e+03
3.071339395001839421e+03
2.428295503924229251e+03
4.080645595318189407e+03
3.146921149588663411e+03
3.220473661863004054e+03
3.568420649056645289e+03
2.050660552000814732e+03
1.444868074744049409e+03
1.500302468329706699e+03
2.198603669303567585e+03
2.427482963701589597e+03
2.301954754233483982e+03
2.120411824466488724e+03
5.338768003227402914e+03
6.924772533023915457e+03
4.718585801201995309e+03
4.973565586432226155e+03
5.516996132376198148e+03
2.973201988140529920e+03
1.885191635139926802e+03
1.955892771580438421e+03
2.076705967209434675e+03
2.884471340458369014e+03
2.753341444133524419e+03
3.762607610904609828e+03
4.809012417134359566e+03
5.067635236207160233e+03
3.168096793535246434e+03
2.038463925198240304e+03
2.814250887111898919e+03
3.014277246165271208e+03
2.924227748082173093e+03
3.205328587947434244e+03
3.666738301883133317e+03
2.997702804355793432e+03
2.139121947911385178e+03
2.408439014412417691e+03
2.610516287821468268e+03
5.137189612105441483e+03
5.851818099461102975e+03
7.190768828113809832e+03
6.450490005162781017e+03
6.679721398134704032e+03
6.320872122392785968e+03
3.672746802930361355e+03
3.332271842660332823e+03
1.451615330084694278e+03
2.075484583891879538e+03
2.532876160844762580e+03
2.243339636614776737e+03
2.339438995602170507e+03
1.773530286987992667e+03
6.594429667239635819e+03
6.329168637538075018e+03
6.799911558639099894e+03
6.905049161572838784e+03
5.265563077492285629e+03
6.450773028386054648e+03
6.475298997404877809e+03
4.693153814733957006e+03
2.660772534876895406e+03
3.616353815250708976e+03
2.167831053903641077e+03
2.478915505364956971e+03
1.918125674945015362e+03
2.540363280805596787e+03
4.547350941209922894e+03
4.950733251068268146e+03
6.403559474885693817e+03
6.394726113939348579e+03
7.972644314329194458e+03
5.044315354184258467e+03
7.447224310399430578e+03
5.112454050531678149e+03
5.615348039495957892e+03
5.789839345754494389e+03
5.786385172143512136e+03
7.408260973036668474e+03
6.716815303329009112e+03
5.220793796475722957e+03
4.669240577228925758e+03
2.711500582265847697e+03
3.506457462923377534e+03
3.639173806673396484e+03
4.530869072982630314e+03
5.716235515804776696e+03
6.138398481982788326e+03
5.535395642846868213e+03
4.343347499201388018e+03
2.622308785203625121e+03
1.629939904393911092e+03
1.562751360901923817e+03
1.676371988916970849e+03
1.753533671002948267e+03
1.646993376076783534e+03
1.489904645294129296e+03
1.494866997857765455e+03
2.228173405318294499e+03
2.657594850806025534e+03
2.072390769871823522e+03
1.706449818236287229e+03
2.579468677712025055e+03
2.985886808669849415e+03
2.568605104986294464e+03
2.349170090134163274e+03
2.055144229613862535e+03
2.641097262629803026e+03
2.617907981807520173e+03
2.398330349457857210e+03
2.416099483463722208e+03
2.447318927906755562e+03
1.867640581529406973e+03
1.894699036964115066e+03
2.826026809796884208e+03
1.650185785170388954e+03
1.230953137333178347e+03
2.628101599893450839e+03
2.881430480648261437e+03
1.641293413120738705e+03
4.355905727868578651e+03
4.790605438546882397e+03
3.724353221238673996e+03
2.699585156633622319e+03
2.526124722631408986e+03
3.078686197302042274e+03
4.346144651415453154e+03
4.427876846855404438e+03
4.544004414662542331e+03
5.574547518491512164e+03
3.915011302076619813e+03
3.790657360031122153e+03
4.184693543242942724e+03
3.426263576794101027e+03
4.334300008621076813e+03
2.456742889701697095e+03
1.816881528947096285e+03
1.569708516785286520e+03
3.003017970576551306e+03
5.732748663993096670e+03
2.961325391672267870e+03
2.522510474553859694e+03
3.489358301607906014e+03
3.993055080027491385e+03
3.969017167608473756e+03
4.494503378448615877e+03
4.405222415377045763e+03
4.464669084180746722e+03
4.985796812979544484e+03
3.974647370717056219e+03
1.927521511180534162e+03
1.665543625560164628e+03
1.712241782715331283e+03
2.764037984053439686e+03
4.457034527749440713e+03
4.029997663384357111e+03
3.064889487622715933e+03
4.468457035773113603e+03
4.119568426549849391e+03
4.727331764580076197e+03
3.837005141384113813e+03
2.886191913422730977e+03
3.393618122865943405e+03
3.679880780513635727e+03
3.531181616716637564e+03
3.771878452740862940e+03
3.396183828007355714e+03
2.378232316548296239e+03
2.749426447281083711e+03
2.770942769327244605e+03
2.887202993882558985e+03
2.350619389101074830e+03
3.281481413481074014e+03
4.322182056995265157e+03
4.416144110473943329e+03
3.262866516342723571e+03
3.000366241136987355e+03
2.327151887382085988e+03
2.416105363355751706e+03
2.673434381984217453e+03
2.831727208176248496e+03
1.918436304926144658e+03
3.100506738819337897e+03
2.470877149359061150e+03
2.886889849894314011e+03
4.661447842369454520e+03
3.965601378744937847e+03
4.885390059157391988e+03
5.560782378477306338e+03
4.950056279122185515e+03
5.050936844077214118e+03
4.904058924368999214e+03
6.665789288462900913e+03
5.324198896327471630e+03
6.255745917685670065e+03
8.109740525921942208e+03
6.257621081195554325e+03
6.198497454944003039e+03
4.932723041268341149e+03
3.534276427874548517e+03
3.606125521476301856e+03
3.833515757186903556e+03
3.860553079549863469e+03
3.925054253811143553e+03
3.287735110385744974e+03
3.050332631306117491e+03
3.417425953558665242e+03
2.539161431090569749e+03
2.797024683568879482e+03
6.103034437158003129e+03
7.142222584058573375e+03
5.672970968756118964e+03
5.421842899074531488e+03
5.690931231156842841e+03
5.842462995588380181e+03
5.105743767900748935e+03
6.394683187276818899e+03
5.417872348101673197e+03
5.091770276684631426e+03
6.784108176752254622e+03
7.075245382292860995e+03
5.394932888385686056e+03
7.003152298125436573e+03
5.429098591006926654e+03
5.799573708461919523e+03
6.911657306637682268e+03
8.161106115152269922e+03
5.810493583117311573e+03
4.007774637701287702e+03
3.570222103736426561e+03
2.263901038392653390e+03
2.693923746672052857e+03
2.276747282752089177e+03
2.598206672360906850e+03
2.825116925329753030e+03
2.800810643901050298e+03
3.257293899716895794e+03
2.758911441791659854e+03
3.268014412804597214e+03
2.523167892038609807e+03
1.987469525306604964e+03
2.146456115565556502e+03
2.961106746100035707e+03
3.721684927905752829e+03
5.856566661110458881e+03
5.491766407801516834e+03
6.466961033812559435e+03
6.857735310000915888e+03
5.893805373891816089e+03
5.647486715242665014e+03
4.325165600913924209e+03
2.790578320077629996e+03
3.600902632558452297e+03
3.333333524868065524e+03
2.634365339435004444e+03
2.338367326729940032e+03
2.488336037346882222e+03
2.388416023569941444e+03
2.208232418991152372e+03
1.515290799782517524e+03
1.227719420368801138e+03
1.934316426360490141e+03
1.840016736378392579e+03
4.277435998074282907e+03
4.272266422860194325e+03
4.508556956546470246e+03
5.501171117198121465e+03
5.766739021439619137e+03
5.760286896735422488e+03
4.338755118793785186e+03
2.901681857740366468e+03
3.182256547516024511e+03
3.265200111389087397e+03
3.708799947102586884e+03
3.965066414256623375e+03
5.094287125011357602e+03
5.575388984403560244e+03
4.992438930720416465e+03
4.815870121843783636e+03
3.412622939238067374e+03
2.614625208683700293e+03
1.569543790989927857e+03
2.487695733673948780e+03
3.124587385204205930e+03
3.836219741049416825e+03
3.421732466255128656e+03
2.402555792313391976e+03
3.927790990267913912e+03
3.627743257112338142e+03
3.891163313250735882e+03
4.308022626152605881e+03
3.534543254747385618e+03
3.216481683510357470e+03
1.973818434933827803e+03
3.308530360556577762e+03
4.395574216597983650e+03
5.132145846798198363e+03
4.664973532271514159e+03
4.074027432088450496e+03
4.132609098921152508e+03
2.689626202562335948e+03
2.444917465307130442e+03
2.768431812024958617e+03
3.070651449243262505e+03
3.847598685162492529e+03
2.205834093010112611e+03
4.777270600065325198e+03
5.203167070721729942e+03
5.845766286861057779e+03
4.961170747459674203e+03
6.582427411442734410e+03
5.066419731925330780e+03
4.356369360626989874e+03
3.174271096984106862e+03
2.839018380061941116e+03
1.882403166710691494e+03
2.532575283879512426e+03
2.502966117674151519e+03
3.600924764607972520e+03
4.554616177948756558e+03
6.570304424852492957e+03
6.134307416427335738e+03
3.664341241108613758e+03
3.977932416856978307e+03
3.646190981101795387e+03
3.996240567111254677e+03
4.868467515508504221e+03
5.277577330225381957e+03
4.560905161987989231e+03
1.392924764537676538e+03
2.417305294858475008e+03
2.735877264683946123e+03
3.846631453462932768e+03
3.639368038328268995e+03
3.109899570881762884e+03
1.606735175517316748e+03
3.162604864338834886e+03
3.020090603824854952e+03
3.193659751550324472e+03
2.403462190607755474e+03
2.531853817911794067e+03
2.290496888801385012e+03
2.846529168525998557e+03
2.253598444004625890e+03
1.558525454890899709e+03
3.760798870637640903e+03
2.729380371487332468e+03
4.786305512001572424e+03
6.608862455661398599e+03
6.418708904566448837e+03
6.724913542212731045e+03
8.783251012745478874e+03
6.308371982712260433e+03
4.579991953115682918e+03
3.947789548921100504e+03
4.256417521230236162e+03
3.810792183459911030e+03
4.050101930437741430e+03
3.509324610069485971e+03
3.151117237198098337e+03
2.468058738905898736e+03
3.317347357782154631e+03
3.298258862952221079e+03
3.590060200421198715e+03
3.794136043057322240e+03
3.697128420372428991e+03
4.924705869953304500e+03
5.222734060726510506e+03
5.767397769581538341e+03
5.031184220404568805e+03
4.540595221049332395e+03
5.111826214063834414e+03
5.061041397954768399e+03
5.091527411615852543e+03
5.247537443545940732e+03
3.543250428510917118e+03
3.861186665437193824e+03
4.881782078494184134e+03
5.603064931007833366e+03
5.043067340988934120e+03
6.964370755754081983e+03
5.993428718938434940e+03
4.120974237578436259e+03
5.630339549716684814e+03
5.628241346429192163e+03
5.725076669721430335e+03
4.523968721928517880e+03
3.661231306790544295e+03
4.762982758168011060e+03
5.354654922019582955e+03
5.507527065510621469e+03
6.384226560663778400e+03
7.820445647352158630e+03
7.128400181924000208e+03
6.475244391614742199e+03
5.867531391570872984e+03
5.469946081622792008e+03
5.227819696601945907e+03
1.459387740543246309e+03
1.626172290046266653e+03
2.649018234044526253e+03
2.442427110462248947e+03
2.921953075558838464e+03
3.517369819175016346e+03
3.993701157274418620e+03
2.089750741971128718e+03
3.450575648203359833e+03
3.668428643550962079e+03
2.809851283976231571e+03
2.910028914047457420e+03
1.983284849595285550e+03
2.696360461055979613e+03
2.011856881038990650e+03
2.063115360858499116e+03
2.174838203193466143e+03
2.855673238908110307e+03
3.754353711163079879e+03
3.774139437795904996e+03
3.558132726250012638e+03
5.254949178144557663e+03
5.390380323136036168e+03
3.153600943233851012e+03
2.478826224233438097e+03
2.131014856436890113e+03
1.911574020348306703e+03
3.247063628399840127e+03
2.095382974585567354e+03
2.605956785678629785e+03
3.452033476953260561e+03
3.425092883852806608e+03
4.693046935511887568e+03
6.701783699504167089e+03
6.057476257845559303e+03
6.661081636279513077e+03
6.552876886959847980e+03
5.835083984162159140e+03
4.594344886718956332e+03
5.059799571186064895e+03
6.216022089728999163e+03
6.446696790354070799e+03
6.477202845867641372e+03
5.701453521464230107e+03
4.837327605748179849e+03
5.227283126262359474e+03
4.317201796193390692e+03
4.045835096059458465e+03
3.760287271914314260e+03
5.201800319955249506e+03
3.188405005316978986e+03
3.777463152297023044e+03
5.064895232402440342e+03
3.033149326867376203e+03
3.367388496630312602e+03
3.893233681367164536e+03
3.707908745243649719e+03
3.760499265873674631e+03
3.345781612864932868e+03
3.261391415607584804e+03
3.401719020078337053e+03
2.917475328477035873e+03
2.932421159313635144e+03
4.347896684910018848e+03
4.581689273525114913e+03
5.636258958298907601e+03
6.016635362808836362e+03
4.863125590444316003e+03
3.760722296111482137e+03
3.810156701995048934e+03
3.442855206688533144e+03
3.020809801639422403e+03
3.780791799451928000e+03
3.798908725908819633e+03
3.684880529047853088e+03
2.735262372646620406e+03
4.218542953232703439e+03
4.431847582481233076e+03
1.527814394259308074e+03
1.273906961252108431e+03
1.809733532465994585e+03
1.944383000288408766e+03
2.461127870526141578e+03
1.236466874200827760e+03
3.594615422508787560e+03
4.545527013647387321e+03
3.827451351269890438e+03
4.194039869615896350e+03
3.808305141091364021e+03
2.302186734754169720e+03
2.101550125619165101e+03
2.747201480249329961e+03
3.509095601585137047e+03
2.997063271860919485e+03
3.040550446796916731e+03
2.866709760112935328e+03
1.988322930232959607e+03
2.921206402281913597e+03
2.848370516878761464e+03
3.230985297855378576e+03
5.049420831747386728e+03
5.214913176594654033e+03
4.232469487491535801e+03
5.895982533158657134e+03
9.190958016438671621e+03
7.436801680286007468e+03
8.120407041671247498e+03
8.520072124336908018e+03
5.923567496189445592e+03
2.552860959095824910e+03
2.305958285560938293e+03
2.526635603977815208e+03
2.702759840044303928e+03
2.390106741940378924e+03
2.244706932635950579e+03
2.675730847830769562e+03
2.833751966047804217e+03
3.088508768622319621e+03
3.131801259617323012e+03
3.130490514275703845e+03
3.781169034853389348e+03
3.853128477608549019e+03
3.789211436805322592e+03
4.444699864733924187e+03
3.742172971857519769e+03
3.490374947405153762e+03
3.822837592881381624e+03
4.615795340270061388e+03
4.884588880203769804e+03
3.103020122542604895e+03
3.530118324068159382e+03
4.026574020939966431e+03
4.123636047986381527e+03
4.435478831423795782e+03
5.306589000806267904e+03
5.220657007571751819e+03
4.207316221607036823e+03
6.809022436201372329e+03
6.036723910898853319e+03
6.925592883847679332e+03
7.835710888433411128e+03
6.605900801282076827e+03
7.771676989461922858e+03
9.388748917429567882e+03
8.736823732198599828e+03
6.514937865690675608e+03
6.296231207072685720e+03
5.505188691505003590e+03
5.520595878106008058e+03
4.042546746630374400e+03
4.083798548649695931e+03
2.110281426767583525e+03
1.472410538553131119e+03
1.660041322296074441e+03
2.100134957876623048e+03
2.266598894505619228e+03
2.148974238265530857e+03
2.132960518090249025e+03
2.962127654947333212e+03
3.050990310636238974e+03
1.662601429961203394e+03
1.656816586024499429e+03
3.019019015609260805e+03
2.566347604721321659e+03
2.688473388066016923e+03
1.804420118743473495e+03
1.540478232946411254e+03
1.281890020030634105e+03
2.309499172358018768e+03
2.453259213757108228e+03
3.105936421718193287e+03
2.029710643055959054e+03
2.271989589888368755e+03
1.376365758549146904e+03
1.863136063100533875e+03
1.937922079251363130e+03
2.150997243252174940e+03
3.102696875914984048e+03
3.086439097583953298e+03
4.182380434145811705e+03
3.966248789575682622e+03
3.452442217400673144e+03
3.850779070125871840e+03
3.487157834526165061e+03
2.740185646702894246e+03
3.147288837906760818e+03
4.087643595200353957e+03
3.078565942841123160e+03
4.139313677179889964e+03
4.513298992006343724e+03
4.920177488604448627e+03
4.293390821120932742e+03
2.960491034780824975e+03
2.376318887326715867e+03
1.950390012430241086e+03
2.878307523429229605e+03
4.274671996743432828e+03
4.001168066718698356e+03
2.378443881198626514e+03
3.390321426956527375e+03
2.810613216663859475e+03
1.572098279148608754e+03
1.637492229466627123e+03
1.429611367841741867e+03
1.629500089521364998e+03
2.389862683203875804e+03
3.249247636680205687e+03
4.548603126578303090e+03
5.560438199549136698e+03
5.347126796572636522e+03
4.969919296262479293e+03
2.413104317400507171e+03
3.290824798466703669e+03
2.294837847452277856e+03
2.437502717744952861e+03
2.235767980163217089e+03
2.122089373580666688e+03
1.721625399510136049e+03
1.589293382811227048e+03
1.123967804574394222e+03
5.655050375934249132e+03
6.661022774534500059e+03
5.925987828257697402e+03
7.159869444695427774e+03
6.979417557586290059e+03
6.697652105093105092e+03
5.169984971596300966e+03
3.971313104356600434e+03
4.016986041110751557e+03
3.670948923147618189e+03
4.004236076742747173e+03
3.442410071467334092e+03
3.248295260767883974e+03
2.709723565013348889e+03
2.657145904993696149e+03
2.514350046776920408e+03
2.803653947655480806e+03
3.822944921928365147e+03
5.065393400725996798e+03
4.810650788321246182e+03
4.361905728690340766e+03
3.840765873963116974e+03
2.846912696155563935e+03
3.320594793717530138e+03
3.868645463954861953e+03
3.314535762881079791e+03
2.224585058578797543e+03
1.627880158189069107e+03
2.049604580179767709e+03
2.846558004327447179e+03
4.457941173934447761e+03
2.405582306974494713e+03
2.875260859533020266e+03
2.670680156912034818e+03
2.836506394920696948e+03
3.090423031179379450e+03
4.461098908743423635e+03
4.635798414873873298e+03
3.228404595805406188e+03
4.330637736193449200e+03
2.949830260330641522e+03
2.665525809183181991e+03
3.323903985874974751e+03
4.297471554385753734e+03
3.914324332152042189e+03
4.668228533684395188e+03
4.684499350975492234e+03
4.096115488232712778e+03
5.535057924352816372e+03
5.057147417526450226e+03
5.920406264644009752e+03
5.470777327653587236e+03
4.813560443816792031e+03
4.279916233399903831e+03
4.088338650532592055e+03
4.358974008321119072e+03
5.223915848369467312e+03
7.136274004979597521e+03
9.166048387114156867e+03
8.242454572075641408e+03
6.207836525552667808e+03
6.299334623913085125e+03
7.240887568280492815e+03
8.336188071570621105e+03
8.875218975197623877e+03
7.623268625769389473e+03
6.292500930915023673e+03
4.360295072271424033e+03
4.401376610436498595e+03
3.508232342337915270e+03
4.172853517458866918e+03
4.323195444032714477e+03
2.936194134059085627e+03
2.796260970865922445e+03
4.269576558230277442e+03
5.689027363341851014e+03
5.964693806876487542e+03
6.177460227528650648e+03
7.256090461090477220e+03
6.391488672557628888e+03
3.551712655857963000e+03
2.373585638864765770e+03
2.297796611537915851e+03
5.637097258347311254e+03
4.038653601496205283e+03
3.725691823175517129e+03
5.163412689281931307e+03
6.818265375044365101e+03
5.401230021243115516e+03
3.984580475060712615e+03
3.102022973654600719e+03
1.886553061352917439e+03
1.788984046215446142e+03
1.822884499362706265e+03
1.936206517442646373e+03
2.217854300975380283e+03
1.816800623032655494e+03
1.261113879107149842e+03
1.365601189807692208e+03
2.379950507662672408e+03
2.450219154894724852e+03
2.775537350383399826e+03
2.823059147408172066e+03
2.105330373800558846e+03
3.392430396430800101e+03
3.124972275290550442e+03
1.972094805399822690e+03
2.998137625784716420e+03
3.139583828093602733e+03
2.671093414214441509e+03
3.902055576271789960e+03
1.997654786152511861e+03
2.078504337173687873e+03
2.350364927975392675e+03
3.100643930229713533e+03
5.549971906505925290e+03
6.412630304816198986e+03
6.502438878997659231e+03
4.921602591785926052e+03
4.351415690542476113e+03
2.787542153698976563e+03
2.057137727152102798e+03
1.654582340573048668e+03
1.758826110886874403e+03
2.350606468040753043e+03
3.872104713350492602e+03
5.203111948069633399e+03
5.413282280729680679e+03
4.934100718062748456e+03
4.303298615538509694e+03
5.210628305440672193e+03
4.325755558124290474e+03
5.439034664111293750e+03
4.893252499300029740e+03
5.400275901689476996e+03
5.127903826972520619e+03
6.681886505833466799e+03
5.604088118913637118e+03
4.716283960618306082e+03
4.788629753937329951e+03
5.412702763662176949e+03
5.202102426320935592e+03
6.207499679548964195e+03
3.626137795518008716e+03
4.672073936470338595e+03
4.167025072756449845e+03
4.133276106453990906e+03
4.558758621334068266e+03
5.666717887435357625e+03
5.276340061811923078e+03
3.131682679062893840e+03
5.693326794458295808e+03
6.163674865449170284e+03
6.240871416620250784e+03
4.671011858787461279e+03
4.814504450122070011e+03
4.267287626340953466e+03
4.307365461462355597e+03
5.157576466243094728e+03
3.044466455959384803e+03
3.939216871502083904e+03
5.164669754802876923e+03
2.924534408518294185e+03
2.376977507435473399e+03
2.405263563763823186e+03
3.448889948476182781e+03
3.440290190512999743e+03
3.764843016077584707e+03
3.384736795237971819e+03
3.656471817711803396e+03
3.113813985257079821e+03
3.194645808043509533e+03
3.190049469351720290e+03
2.828095599053223850e+03
3.925298933105754259e+03
5.193223242579822909e+03
4.675039915694177580e+03
3.758996117395340207e+03
3.846337681667529068e+03
3.374410602392737474e+03
4.404340483346405563e+03
2.660639083137912621e+03
3.241758891851347471e+03
3.555573147468640855e+03
3.917959786059367616e+03
2.646660312690552928e+03
4.195108683521337298e+03
5.628506269893770877e+03
4.610838028814904646e+03
3.802287897993558090e+03
5.073261287429167169e+03
5.721610887358526270e+03
6.640418055394879048e+03
6.989046922260815336e+03
6.750966396961495775e+03
6.147340606218914218e+03
4.529920687575794545e+03
5.255554945689747910e+03
7.411999140720054129e+03
5.279318815772595372e+03
4.642281618829473700e+03
6.496449508323052214e+03
6.467646647058996678e+03
5.629212648626781629e+03
6.440171971334343652e+03
9.208920625672148162e+03
8.026946867003651278e+03
6.620995862323385154e+03
6.119302038040351363e+03
5.454293086258595395e+03
3.565461356892837102e+03
3.808697382542355172e+03
4.546965233292736229e+03
4.956916644595174148e+03
3.613250079713354808e+03
2.958608840015566329e+03
3.811186434108733920e+03
4.529374118564151104e+03
4.467512138316184064e+03
7.905142834557258539e+03
4.280963188082617307e+03
4.730879320390360590e+03
5.971021518991018638e+03
2.736407503013121641e+03
1.215675214466215039e+03
2.378269653545587971e+03
3.320584299841539178e+03
3.213465121288439150e+03
3.681719603383098274e+03
3.002333436257764333e+03
3.446710797003686821e+03
3.410058665625202138e+03
3.109628203770293567e+03
3.810281517322248874e+03
3.183027424413658991e+03
3.839638962857027764e+03
3.221676815601032558e+03
3.093133047511192217e+03
3.428402750689911045e+03
2.005311270980595054e+03
2.418296832058508244e+03
3.378742734930352071e+03
3.398228099166065931e+03
3.361366460245539656e+03
3.263519324853163198e+03
5.843258221554746342e+03
5.151066311216155555e+03
4.780158417201750126e+03
3.391476946442196549e+03
2.191898056133811224e+03
2.168869970370019473e+03
1.878220407986721966e+03
2.159762574637766193e+03
1.695121567245243341e+03
2.063068452419982350e+03
1.746205792067529273e+03
1.433325749101334168e+03
2.275565871069697550e+03
2.526804902035730720e+03
3.240127467273840466e+03
3.694054739294419960e+03
3.773510819041777268e+03
5.030915673403203982e+03
5.197911793410079554e+03
5.262039506139173682e+03
5.379526332441268096e+03
3.549104348162020869e+03
4.199076188537559574e+03
4.009691793973061976e+03
5.856455585736275680e+03
5.034276495289631384e+03
2.490148577725048199e+03
2.898426360951007609e+03
5.763057730154589990e+03
5.610646589026350739e+03
6.212298731723445599e+03
2.888444762525433816e+03
6.774264191920281519e+03
4.844394856968962813e+03
4.284584950933655819e+03
5.719425358346199573e+03
4.446895704210835902e+03
4.061458727046132026e+03
4.937197084441433617e+03
4.969492723332234164e+03
2.569577732084993841e+03
2.716912662547956643e+03
3.168191616904897273e+03
3.586355575491963464e+03
3.307624088831344125e+03
4.020964114106513534e+03
2.869267098036540574e+03
1.692811080959402716e+03
1.514576516801615071e+03
2.971653392689932843e+03
2.469168866581806924e+03
2.337595938893802213e+03
2.930671020424364542e+03
2.474188308903255802e+03
2.636890776107306465e+03
2.206866341367569021e+03
1.660140836291835512e+03
2.203035448979552257e+03
3.456000230773653584e+03
5.424895884456283056e+03
4.870497898829887163e+03
5.720186305472190725e+03
5.269390601607413373e+03
3.879796515074214312e+03
4.111327393836186275e+03
3.536138204621954173e+03
2.582562353301799249e+03
2.421503669113369597e+03
2.499925322162247539e+03
2.252728314345215495e+03
3.117758126814287607e+03
4.198163622507939181e+03
3.519033064405453842e+03
3.170054697913189102e+03
3.863522256661349729e+03
3.798540394382594968e+03
3.163316585275676516e+03
3.224122160017443548e+03
5.132267238547789020e+03
5.004892718901954140e+03
3.943132722363322955e+03
5.190691895739987558e+03
3.275283448680252150e+03
4.266840451979644058e+03
4.741556095316616847e+03
4.183748136397320195e+03
6.221980282643584360e+03
3.010544879895116537e+03
4.736186276937552066e+03
4.078116171853946526e+03
6.848407027067596573e+03
3.579176163007417017e+03
6.097464851134718629e+03
4.335780650864780910e+03
6.173849650033224862e+03
4.370187142139331627e+03
3.790669345657081521e+03
1.931038533745884934e+03
1.555612162641370105e+03
1.927610531684560783e+03
3.651546333890076767e+03
3.712491937292308648e+03
3.555812243137431778e+03
2.622460270571301862e+03
2.542615055892020791e+03
2.637311506203815952e+03
2.694279878853253194e+03
3.858834121624913223e+03
2.253046904991740575e+03
2.571277487988109442e+03
3.496691864462031390e+03
2.906506746024155291e+03
3.250970001725849215e+03
4.434255797292233183e+03
3.824701072370812199e+03
5.387931350018739977e+03
5.068982235178991687e+03
7.073734224469892069e+03
7.124740970686301807e+03
7.664463342289802313e+03
4.858076374184894121e+03
3.494222653238930889e+03
3.625792201581574773e+03
3.739365330909131899e+03
3.521233690794344966e+03
3.374552969186524933e+03
4.188284424286374815e+03
5.052414717624828882e+03
4.974311466231039958e+03
6.094546307514175169e+03
5.095682004283462447e+03
5.174719307027740797e+03
4.737633253823121777e+03
4.315506212603757376e+03
4.162247902892538150e+03
3.693761105143006262e+03
4.513314959481111146e+03
6.928893091688681125e+03
6.830942193579969171e+03
5.796754044291737046e+03
3.342606052143404213e+03
3.974419079385037094e+03
3.228068379387263576e+03
3.771310414633565415e+03
3.540101086891883824e+03
2.811015703829600625e+03
2.639898782850571024e+03
2.581830705852585197e+03
1.941141438093997522e+03
3.738406369634888506e+03
5.251552808098202149e+03
3.997608319232705526e+03
3.347455425074474078e+03
2.163788512637353506e+03
2.317121832392506349e+03
3.768364389512774324e+03
5.497438363626229147e+03
5.582674359827344233e+03
5.035799137125574816e+03
5.661189508764387938e+03
5.008038232194673583e+03
4.230841781741598425e+03
3.464748174852933062e+03
3.645471512187107692e+03
3.613708512911952766e+03
4.263241185995615524e+03
4.714645494112939559e+03
4.221132578982103951e+03
4.141995245498203076e+03
3.340673265965280734e+03
3.109271897931838794e+03
3.623451647292295547e+03
4.203785740498737141e+03
3.977407257550317809e+03
4.898558371028310830e+03
3.532093669778405911e+03
3.961595259735521722e+03
3.979609094482545061e+03
4.726403992661505072e+03
3.922033464267857653e+03
4.028033582134720746e+03
4.224992356225475305e+03
2.499188656161605195e+03
3.299625856527098676e+03
2.720080846889332406e+03
3.753768889267787472e+03
1.759954299745250182e+03
1.924165810262218201e+03
2.115348347812552220e+03
2.216277524121710485e+03
2.490022252106724864e+03
1.843820768813538052e+03
2.173716071341620136e+03
2.208183307335966219e+03
2.252800786757835795e+03
2.299328326817906145e+03
2.613978230852953402e+03
2.585278759101539890e+03
2.810550882003360130e+03
3.375220804684067843e+03
5.122100604163778371e+03
4.187986489624194292e+03
3.898181637216293893e+03
3.636013766356988071e+03
3.359382065170767873e+03
1.907741294107075873e+03
1.961403893395549403e+03
2.874796218790148941e+03
2.793464110186067046e+03
3.226025880747873543e+03
2.764317654754555861e+03
2.504957840082330222e+03
2.745584984987355256e+03
3.621952599471952908e+03
2.723638173880621707e+03
2.874576722841377887e+03
2.657780419798611547e+03
2.982154449552824190e+03
3.873800944560900916e+03
4.595023845135670854e+03
6.781921495253870489e+03
7.355006133071028671e+03
3.756272973541505053e+03
2.808746052565547416e+03
3.175465339267102081e+03
3.530629982997402749e+03
4.361822650644679015e+03
5.666005794573540697e+03
5.830886954327772401e+03
6.436592225811056778e+03
6.510532773076023659e+03
7.984799296335178042e+03
8.484938069891644773e+03
6.552827197187478305e+03
7.683676727212981859e+03
5.772412221957137263e+03
5.664944289721528548e+03
5.642878959838051742e+03
4.464775710589266964e+03
4.858882671362270230e+03
5.916513567867987149e+03
6.575547230666201358e+03
6.619874193949352957e+03
5.957676663360564817e+03
5.995611647511107549e+03
7.295294825948771177e+03
7.200977379304901660e+03
6.103179490524472385e+03
6.542436853856287598e+03
7.083677415580476008e+03
7.429160882720939298e+03
7.927528852985883532e+03
5.302118434650036761e+03
6.133549293858947749e+03
4.116654985226344252e+03
3.140371895249405952e+03
1.707586760280552198e+03
1.934420785860103479e+03
1.639935709649185810e+03
1.773556758403111644e+03
2.718411146012068457e+03
1.621016716770697258e+03
2.980316732254591443e+03
2.173192010461981681e+03
2.294744305898426319e+03
2.312095367355324925e+03
3.618551169283849049e+03
3.535212316809810545e+03
3.239451815752976472e+03
3.676037500111885947e+03
4.198791654806241240e+03
3.949437096363908950e+03
3.258214352568602408e+03
4.078891556438142743e+03
7.685618033138022838e+03
8.297591872386472460e+03
6.065947285885969904e+03
6.112906254080015970e+03
7.348056804247923537e+03
7.729106168779917425e+03
6.435485813762889848e+03
5.661502996562096996e+03
3.908545131461136407e+03
4.077634322212444658e+03
4.294341909206218588e+03
3.925216738621265904e+03
3.468032323650062153e+03
3.013637099525376925e+03
4.519727571262121273e+03
5.644285717975268199e+03
3.935512982019747142e+03
5.191344823847056432e+03
3.158859436336193539e+03
3.402414565452407260e+03
3.286700252484865359e+03
4.722671122592839311e+03
3.935334588908445312e+03
6.119028619647849155e+03
7.144685698242012222e+03
6.608556102757000190e+03
4.961849784842563167e+03
4.386548260804904203e+03
4.723687568366281994e+03
5.394374507724104660e+03
5.180381166886609208e+03
4.905609541404373886e+03
5.199872900783019759e+03
5.065358309339902917e+03
4.011369033784464136e+03
6.332151604734479406e+03
4.688134375351275594e+03
2.895814633796698217e+03
4.403737953629692129e+03
4.813962714708133717e+03
3.409148194496934593e+03
3.929361088226836728e+03
4.578938727872324307e+03
5.002352216927386507e+03
5.647894729789042685e+03
3.656555486844828920e+03
4.571909031024075375e+03
5.187759275752498979e+03
5.426718474927003626e+03
4.771976120798057309e+03
6.008824160885830679e+03
5.322684628292132402e+03
4.485027782852044766e+03
6.137654638325568158e+03
7.385675618010257494e+03
7.425424042343658584e+03
5.880631028838803104e+03
7.191192078891870551e+03
7.765565500149401487e+03
4.809501097006830605e+03
3.909190988210491469e+03
3.954366392810226444e+03
4.168056040273399958e+03
3.973991128353983186e+03
4.362561693736131019e+03
5.140280146227369187e+03
6.051324340708305499e+03
4.019309327780124022e+03
6.037504099252173546e+03
4.083999532365078267e+03
4.594999043648300358e+03
3.744679062089685431e+03
4.235271759739076515e+03
4.132439804540110345e+03
2.851309475325736003e+03
5.477364030100512537e+03
2.945767360552532864e+03
3.091970191080235054e+03
2.507713239142815382e+03
2.734992741332940113e+03
2.161110264485302196e+03
2.390012888160958937e+03
3.011940736841477246e+03
1.748760493653177036e+03
1.908057019726638373e+03
1.866859353914133180e+03
1.170291150979437816e+03
1.268725297267009637e+03
4.064239459118603918e+03
5.281041958968996369e+03
4.182728306573850205e+03
5.984650596090916224e+03
4.706803978272118002e+03
6.417077240382274795e+03
3.212508804012364635e+03
3.678988505861789235e+03
3.672378016364440555e+03
6.610942341393443712e+03
6.479910439057767690e+03
4.175149831268541675e+03
5.867733632257260979e+03
5.524912938112232041e+03
3.920096219470385222e+03
4.397969281663067704e+03
5.055206299268287694e+03
6.051790955934107842e+03
5.699192208882122031e+03
7.388455680109488640e+03
6.999104993429233218e+03
6.796054297021047205e+03
4.172160035046757002e+03
5.955399274559613332e+03
6.810068266972959464e+03
3.833883107477387966e+03
3.125727995509687844e+03
3.675809890015929795e+03
3.664143202195531558e+03
3.807446951150175664e+03
3.799440273107102712e+03
4.666789394153655849e+03
4.046434117062589394e+03
4.065732122329322010e+03
5.483082116182829850e+03
3.906842861490671567e+03
2.595115366147466375e+03
2.743869152074379599e+03
2.913311544035524093e+03
3.578728786737216524e+03
4.634901719548589426e+03
7.180549523731475347e+03
7.057108300211651112e+03
5.714791396677857847e+03
4.066441627914022774e+03
4.354801668098441951e+03
3.498946862244266413e+03
3.040366317683492980e+03
1.652568300556697523e+03
2.602764238276341530e+03
3.257874977446078901e+03
3.028744742223261710e+03
3.448507234225561206e+03
4.029463119744339565e+03
3.171748825498304086e+03
3.440979567790005149e+03
3.915031515977193521e+03
3.302979510511268472e+03
2.659190337745372290e+03
2.441462570003825022e+03
3.363204256394431468e+03
3.379281229494474246e+03
3.877802313169817808e+03
2.977626670983145232e+03
2.221314647317208255e+03
2.987784779638058808e+03
2.936697016483430616e+03
2.173311539317058759e+03
3.766378962389705066e+03
5.688113388307516288e+03
5.613670261983543242e+03
7.307356379827881028e+03
4.660083926472065286e+03
2.518918277951379423e+03
2.341726722349817919e+03
1.545971297425693137e+03
1.503877059316919031e+03
1.813257099937114617e+03
1.637482852475064192e+03
2.216036070371910682e+03
1.851763759559238679e+03
2.817915549734971592e+03
3.975278499521422873e+03
4.475339044085704700e+03
5.976730805865942784e+03
5.216774237922018074e+03
6.368131266446318477e+03
8.134912245216015435e+03
5.713915947013088953e+03
5.880600036859013926e+03
5.734646375030493800e+03
5.039035765774517131e+03
4.280560770290378969e+03
4.911390434870638273e+03
4.882804401581643106e+03
5.150071444589627390e+03
5.236962823154369289e+03
4.366520424181181625e+03
3.978042326258256253e+03
4.150271149930942556e+03
5.541943260425307926e+03
6.216475179806748201e+03
4.766176264786256979e+03
4.399639652939852567e+03
4.759573629882746900e+03
5.552227486746001887e+03
4.707945111311946675e+03
4.398938369318634614e+03
3.822177496058092402e+03
3.520435857716092869e+03
4.822263576093782831e+03
4.617169576729569599e+03
4.163840776303937673e+03
3.356079356669257322e+03
3.175427231437462524e+03
3.350518475431624211e+03
3.182970743163666612e+03
2.832434659125503458e+03
3.599495306046281712e+03
4.736220872678835804e+03
4.873258108580978842e+03
5.554755204419305301e+03
4.628171207051679630e+03
6.225232074057504178e+03
6.474512582154375195e+03
4.795364756089369621e+03
4.317428379423528895e+03
3.198463156807601990e+03
4.963146620959203574e+03
5.398824587529344171e+03
3.298088812297874028e+03
3.699799256845916261e+03
3.950578496540679680e+03
3.919203538884035424e+03
2.209472921928452251e+03
2.811952723017024255e+03
3.472764289496645688e+03
3.776349348653205197e+03
4.756921134092166540e+03
5.451694319523388003e+03
5.782041028372686014e+03
5.777863132137041248e+03
5.344617322428094667e+03
3.951847151293801744e+03
6.339050395152929923e+03
6.413174038564213333e+03
5.716602995646625459e+03
5.318658844894488539e+03
5.340823429667265373e+03
7.159918219320102253e+03
6.169559745580858362e+03
4.194791362827763805e+03
5.710601625213641455e+03
5.251141701644210116e+03
8.657685255412263359e+03
6.023640898622521490e+03
9.073399744703488977e+03
4.938619579810929281e+03
4.220872326298915141e+03
6.767851674797713713e+03
6.206976051976836061e+03
4.926926582463916930e+03
3.633084997649912111e+03
5.121369373253151934e+03
6.327040619888180117e+03
4.635681321465298424e+03
6.127331041416675362e+03
4.822436849736497607e+03
4.701783118223100246e+03
5.714850846105005985e+03
3.636995855238092190e+03
2.017431863778393335e+03
1.317067588340972634e+03
2.159234163425213410e+03
2.593762577663711909e+03
2.845915023279017987e+03
3.087832666199802588e+03
2.566352137616505843e+03
2.352103006602456389e+03
2.231877886993748234e+03
3.137898363029281882e+03
3.182043751902862823e+03
3.341161971374654513e+03
2.954938154350330478e+03
2.666604875985382932e+03
2.489646549686337949e+03
2.843754009239570223e+03
1.890781062913474216e+03
2.298463834144394696e+03
2.010602611551805694e+03
3.497700878147506955e+03
2.875150865151962080e+03
4.119878081135489992e+03
4.435816645556654294e+03
4.372749840765023691e+03
4.732439371864301393e+03
6.002626904870729959e+03
5.041271325158349100e+03
4.439980973990917846e+03
3.417188177909198657e+03
3.243280448458891897e+03
3.361929861657244146e+03
2.775397110501675343e+03
2.890125536485916655e+03
3.051927962218653647e+03
2.914502293248924161e+03
2.812716809827559700e+03
2.436414266525205676e+03
2.616426303265283423e+03
1.262963368859091588e+03
1.413158150153685710e+03
2.911110793207898496e+03
2.633576288135165669e+03
2.282987886861277275e+03
3.305749680264073504e+03
2.593279091539125147e+03
3.126743283291899843e+03
3.144953094535052060e+03
2.941889234409950404e+03
3.089943696185296176e+03
2.694301466166268256e+03
2.808129624480171969e+03
1.733293222394169334e+03
2.787507272449431184e+03
3.225076978462339412e+03
2.618475783836744540e+03
3.392863602302580603e+03
4.391682643104497402e+03
3.839544137476066226e+03
4.054019179171394171e+03
3.239102787928854468e+03
2.699776613934503985e+03
4.329348501461214255e+03
3.944600139023994871e+03
4.769256224862660929e+03
5.778618849403944296e+03
3.926890421104289544e+03
5.229551714620124585e+03
5.768365054437153958e+03
4.644588699589954558e+03
4.654178960722123520e+03
5.197170075264359184e+03
5.560116191459592301e+03
6.832112459276857408e+03
7.406615439367779800e+03
7.212446738262407052e+03
8.217082222624301721e+03
5.703829070821886489e+03
5.747740920865341650e+03
4.487409362564743788e+03
4.759639381370876436e+03
3.778333744445886623e+03
2.852556713998502346e+03
2.612404790649717597e+03
2.702370680025333058e+03
2.901826506253331900e+03
2.691510187676600708e+03
2.890155078474707807e+03
3.280723257602736794e+03
3.302763043042312347e+03
3.477879196031089577e+03
4.559732444955042411e+03
3.710060471132580460e+03
2.008854104250653791e+03
1.788165705739450232e+03
1.696812878178662686e+03
2.437817223684036435e+03
1.993235035346189761e+03
2.208197119924757317e+03
2.431065161821329639e+03
6.245990904739263897e+03
4.862516500763603290e+03
3.824967697650381524e+03
3.990431083484475494e+03
4.214081022833587667e+03
2.135189472949729861e+03
2.717317102951751622e+03
3.377392681405814983e+03
3.549810399665492241e+03
3.735065474474541134e+03
4.712469477059616111e+03
3.155278395525569067e+03
3.640251846217024649e+03
2.212418101488564389e+03
3.181807281725726625e+03
2.996447611377280737e+03
2.392888263611566799e+03
2.152186893758648694e+03
3.204548781373519887e+03
3.800151550381557627e+03
3.905129477434061300e+03
4.961475731249776800e+03
5.312738449166783539e+03
4.896247027199744480e+03
4.073417278528280804e+03
3.055622394372264807e+03
3.099224837990317155e+03
3.066438313176432985e+03
2.840905533383646798e+03
4.804675643533214497e+03
4.236024536776139030e+03
4.204383406186348111e+03
2.752388812439106914e+03
4.387547367095224217e+03
3.846389091674317569e+03
2.899206581293297859e+03
2.903740933081099683e+03
2.726952431811032056e+03
4.478518341627981499e+03
6.768426376570816501e+03
4.825751657042496845e+03
4.909287048953508929e+03
4.454523798604760486e+03
3.284197453688765563e+03
2.481251262424291781e+03
2.769037747943063550e+03
2.823739396758358907e+03
3.541005909758517191e+03
3.714392089260411012e+03
2.764182271987200693e+03
2.607047814939790442e+03
3.148062447575465740e+03
2.388318026160091449e+03
2.751167687473756359e+03
3.077224881044335234e+03
2.630904337222598315e+03
3.271365053146513219e+03
4.166177341535327287e+03
3.178047430122664991e+03
2.657419054009431875e+03
3.440725448160236283e+03
2.297011797115381341e+03
3.186403562769553901e+03
4.917848631786050646e+03
6.515308449759554605e+03
6.999410193951646761e+03
7.844997536442599994e+03
7.407427143130625154e+03
5.958743832536957598e+03
7.052630380920066273e+03
7.960076580730144997e+03
7.301445132255582394e+03
7.418147615014859184e+03
6.886701881091315045e+03
6.908928967731139892e+03
7.783578807719697579e+03
7.649666146549161567e+03
4.682245043855379663e+03
3.393257321087300170e+03
4.685456772422458926e+03
3.024397019095541509e+03
2.313047041862390415e+03
2.749702158643956864e+03
2.166941647321177243e+03
2.595651210324868771e+03
2.983435874395619066e+03
3.133673751033056760e+03
3.331402098820416995e+03
5.117134649797925704e+03
4.256711723025055107e+03
3.989242041545207030e+03
3.607053480238772863e+03
4.042806970315511990e+03
2.607675930483942011e+03
4.541771884883435632e+03
5.530667381335780192e+03
4.590297355622114083e+03
4.852333161419359385e+03
3.792560278543232926e+03
4.195854528117086375e+03
3.742974747224490784e+03
3.288832836279229014e+03
3.040337092977863904e+03
4.173909134024786908e+03
4.741628535743525390e+03
3.144537762131025829e+03
4.233148267965879313e+03
4.061651241591032885e+03
4.590119992061899211e+03
4.368168513687707673e+03
5.172999948875248265e+03
5.627696265630087510e+03
7.399881265041756706e+03
7.893493820323049476e+03
6.749021406704370747e+03
7.631099721114053864e+03
4.530801587114750873e+03
3.132650309702628419e+03
3.147802106531746176e+03
2.867606847716409902e+03
3.324784252887247476e+03
2.641656106847124192e+03
3.316323773474191967e+03
3.997843382837265835e+03
3.619507330477077176e+03
2.596905839170913623e+03
5.278577535188216643e+03
5.702886066217032749e+03
3.125234219006976218e+03
1.409051398269296897e+03
1.257955255977249635e+03
1.459891682444889284e+03
1.616733213380547568e+03
2.294776409467361191e+03
2.333049489986286972e+03
2.139236516794032468e+03
2.237356456855037777e+03
1.571591907365722818e+03
2.320358038512678377e+03
2.530154060087365451e+03
3.188286911668574703e+03
1.726299129547184975e+03
2.406039441084279133e+03
2.539229187459915011e+03
3.075469020772108252e+03
2.639169591327654871e+03
3.530911536540467296e+03
3.448662653053180293e+03
3.302017613934940982e+03
4.037306952496536269e+03
4.547050191812078992e+03
4.652842686925325324e+03
4.800122048266642196e+03
3.307063095616966621e+03
4.261021254465175844e+03
5.320779384264978034e+03
5.129890377430947410e+03
4.004292068926853062e+03
5.070433101312581130e+03
5.270116245467434965e+03
5.323472245235039736e+03
8.200030397116634049e+03
6.472582037710341865e+03
6.333554945149126070e+03
6.881437236366431534e+03
5.960080322365940447e+03
5.574750368109302144e+03
4.184379941874419274e+03
4.266023114989557143e+03
3.726448690576151421e+03
4.229050420584173480e+03
4.112329304546035928e+03
2.336018740951386917e+03
2.136299587685399274e+03
3.850333607018740622e+03
3.836201320828558437e+03
4.580866750294658232e+03
4.239331271389330141e+03
2.334185337876480844e+03
2.848441950067580819e+03
3.909692547049141467e+03
5.041209065363048467e+03
6.095386117544322587e+03
5.220000667218943818e+03
4.773037847068100746e+03
4.872074984548125030e+03
5.856201971502359811e+03
4.125541274962330135e+03
4.799570498807194781e+03
5.016583020865669823e+03
5.147380692269324754e+03
5.666515446308341780e+03
5.935673626435605001e+03
6.294434149643529963e+03
6.188241420315967844e+03
6.138946182245115779e+03
6.247580553824569506e+03
3.569193963770047958e+03
2.842447578501080443e+03
2.319529848116600988e+03
3.030752526547289563e+03
2.679312573803381838e+03
2.566378201950627499e+03
3.389694525387417343e+03
2.635669722979904691e+03
2.091242048470292048e+03
2.544851741305521500e+03
2.083384223608057709e+03
2.296621884806669186e+03
1.702346257598115699e+03
2.374272733244657047e+03
2.916884617000037451e+03
2.632718960339147543e+03
3.339916358058530932e+03
3.007215094154537383e+03
3.634788764214190905e+03
5.092189476884913347e+03
3.267830624252136204e+03
2.868062498877661255e+03
4.282076564265254092e+03
2.997283190506203937e+03
2.757927185324330367e+03
1.360411662462551476e+03
1.641568166276203328e+03
1.882369557855624407e+03
2.382269915544188734e+03
2.602203683664663458e+03
2.590424937765355935e+03
2.448553647789389743e+03
1.933708499994193971e+03
1.553512831893048315e+03
1.732242746326299766e+03
2.102006662573293397e+03
2.230228066212221165e+03
2.970103761359098371e+03
3.604798051857817427e+03
4.592453673028586309e+03
4.231706309939770108e+03
3.457851758155241896e+03
2.885285215652239003e+03
2.752532141648418474e+03
3.527730666237144305e+03
4.225107140122458986e+03
4.263532744287876994e+03
2.355296579582999584e+03
2.528757704467106123e+03
3.633038407394221849e+03
3.091298130812750514e+03
3.210901727845707683e+03
3.295604549785437030e+03
2.258683593022601144e+03
2.061471863858572306e+03
7.134930667446923508e+03
7.581232600045207619e+03
6.879871447083901330e+03
7.505973579456061998e+03
7.242476531857889313e+03
5.511868990161829061e+03
4.607475932465165897e+03
4.782889726629264260e+03
4.229889797129435465e+03
3.860291398785029287e+03
6.609974005385316559e+03
6.519380365872513721e+03
2.295512060713553183e+03
3.711373600174667899e+03
1.994607894674685667e+03
3.434271796722885938e+03
2.591509999332403822e+03
3.017671444374364455e+03
3.760845985225985714e+03
3.322924120920223686e+03
3.377193603537366016e+03
2.769138670736281256e+03
5.850978106960950754e+03
6.229353967628426290e+03
4.883210098281122555e+03
5.255510635589410413e+03
4.639567419466957290e+03
3.187037735366317975e+03
3.140889619277696511e+03
4.525093745499744728e+03
4.247071292601724963e+03
2.818280194386647509e+03
2.279416044388619412e+03
2.711945626760609684e+03
2.823759390717081260e+03
2.155246695569240273e+03
2.765441453273428124e+03
2.958866022798425547e+03
2.854002230103063539e+03
3.328702926004918481e+03
2.510244894727454721e+03
3.277127927508794528e+03
3.426846306781156727e+03
3.003073875317002148e+03
4.082143424108694035e+03
3.916684251324783872e+03
2.243913203406931643e+03
2.908349091099672933e+03
2.295187366549153921e+03
1.563152422851472465e+03
1.732737232570355900e+03
1.189153238791064268e+03
2.474733168446189211e+03
1.835243958069713017e+03
4.008743179852546291e+03
3.442822103829391381e+03
4.546467063877954388e+03
6.555266816349501823e+03
6.662252393466479589e+03
7.105765798221308614e+03
6.508717662130245117e+03
5.218796202994262785e+03
4.843257428804471601e+03
4.842563922844670742e+03
4.130530794930691627e+03
3.322512356494956748e+03
1.321429577925141530e+03
1.458823597123048785e+03
1.894376448030224310e+03
1.215169230731002926e+03
3.064609725639540557e+03
4.556901855131907723e+03
3.486968510133280688e+03
2.958282250721733362e+03
5.415339441496123982e+03
4.643804234677528257e+03
5.469057530933780981e+03
6.680639857479938655e+03
5.696208213102655463e+03
3.262225288524915868e+03
2.546378662123149297e+03
1.644901730822183254e+03
1.991440143027799877e+03
1.964408609009907195e+03
2.920898200220789477e+03
2.271116310652117136e+03
3.148844734539188266e+03
2.221812717303016143e+03
2.523436899457104118e+03
3.710878899440418991e+03
2.726690310773286456e+03
5.698055100832149037e+03
3.783931002952972904e+03
3.356163586032395870e+03
5.294758130337660077e+03
4.965675471192474106e+03
6.445395626199284379e+03
6.851987886435177643e+03
6.702114221964786339e+03
5.743506732193713106e+03
7.013188095294367486e+03
6.769417317369545344e+03
7.773596437557906938e+03
5.677650788967607696e+03
4.887695620617686473e+03
5.201756937975746041e+03
3.702541356403207828e+03
4.166946180446326252e+03
4.679954028669645595e+03
5.480594971657596034e+03
3.506614672249542764e+03
3.994538235467095092e+03
4.934685363796828824e+03
4.700459197114056224e+03
6.226919797844348068e+03
4.615300882762429865e+03
4.602982816776769141e+03
5.872388442217641568e+03
5.142997439977735667e+03
4.023776427725017129e+03
3.047486368224548642e+03
1.754150509617041962e+03
3.089794280490385063e+03
2.888119977387943891e+03
2.710166627360545135e+03
2.416317890625607106e+03
3.492971687416285477e+03
3.625767308132853032e+03
3.953708204699536964e+03
3.651711780016618832e+03
2.970348541857383680e+03
3.460363459458362740e+03
2.177670652142401195e+03
2.323212055514291023e+03
2.948655413978287925e+03
3.049354052242938451e+03
3.719309200805481851e+03
2.668535248211109320e+03
2.744467665446658430e+03
2.616575979020505201e+03
2.192324625867904615e+03
2.282644482679038902e+03
3.012093518444642996e+03
6.062011640937613265e+03
7.926904528983975979e+03
6.537835767017260878e+03
7.621224225185945215e+03
4.752479038088278685e+03
2.468899633394983084e+03
1.735700821463840384e+03
1.810236221938276231e+03
2.773022856954398321e+03
2.544931965071561535e+03
4.358309629380531987e+03
4.819442467856271833e+03
7.668538753145265218e+03
8.886255015743534386e+03
6.355783697135039802e+03
4.995943303338330225e+03
4.318358201055870268e+03
1.566530387856006882e+03
2.545409508188031396e+03
2.458830387779640205e+03
2.570873861090259652e+03
3.636711388779636309e+03
2.995661461086859163e+03
2.043886094637727638e+03
3.022505919379849274e+03
3.349512260555720786e+03
3.109522044274255222e+03
3.382613374300384294e+03
4.993334403779524109e+03
5.573761365512732482e+03
4.095615902726874538e+03
2.801060189756065029e+03
2.088198027277212987e+03
1.763585481182718468e+03
2.857239828419400510e+03
2.726529065908232042e+03
2.752746697165437126e+03
3.886482937815941568e+03
3.488176714456540594e+03
2.460732962779899481e+03
3.498209997781005313e+03
4.492884320460445451e+03
5.054509238082441698e+03
5.144608095471321576e+03
5.575407871698617782e+03
4.489490778651759683e+03
5.884862052579850570e+03
4.070378776513617140e+03
4.169042130410103709e+03
2.764470896697965600e+03
2.335807059368369664e+03
2.287211978226875999e+03
2.291979852142361779e+03
2.477441990002206694e+03
2.019142473396281957e+03
2.074473650457516214e+03
2.138385290714511484e+03
2.220043181254915908e+03
2.398887693986152499e+03
2.057623108898614191e+03
2.568242830921356472e+03
3.707355857520268273e+03
3.669396593917964765e+03
1.961618841134534478e+03
1.832833668294615336e+03
1.173464315284741133e+03
2.175841978394861144e+03
2.093601116134947915e+03
4.199613524853223680e+03
2.612384430764820991e+03
2.639421950682868555e+03
2.073431773714838528e+03
1.476049002863223905e+03
2.169470802733756500e+03
4.280550325781590800e+03
4.108630680047654096e+03
5.472350345377731173e+03
6.312111488841535902e+03
5.738922155848019429e+03
5.486292969760039341e+03
5.138580585308845002e+03
4.987628377769638973e+03
5.281017710003905449e+03
5.712436713914068605e+03
4.773854870707119517e+03
5.105272426989621636e+03
4.894439520439587795e+03
5.855739513351450114e+03
6.011778211135365382e+03
5.171323805555050967e+03
5.624483748343194748e+03
5.748425441414876332e+03
5.613247505868932421e+03
4.703345486681375405e+03
3.869508047784911469e+03
3.642341242400148531e+03
3.153974238314758622e+03
2.943499145186656733e+03
2.347271546950957145e+03
3.572248226760024863e+03
2.523971232604537363e+03
2.931044267431168464e+03
2.997808179328553251e+03
3.764238726601284725e+03
2.763445222374427885e+03
3.423737486824044026e+03
3.414480705717419369e+03
2.234323369623565213e+03
2.517618512269121766e+03
4.989136619965933278e+03
4.134916489593377264e+03
5.302862928942035069e+03
6.154789756239160852e+03
6.421390944843977195e+03
4.666104799315510718e+03
4.452803233714235830e+03
5.199680239809600607e+03
3.388757023948034202e+03
4.652785256315009974e+03
3.464512725863412470e+03
6.161868590607758051e+03
6.569372565313764426e+03
5.980189157044264903e+03
2.059889640007158960e+03
1.580298585214130298e+03
1.765534493493685432e+03
1.929766941833800274e+03
3.098735402275068282e+03
2.885347323471693471e+03
4.203229642258848799e+03
2.295501129824864165e+03
5.286226200007301486e+03
4.333973749306269383e+03
3.965783090328152866e+03
3.629558018479420753e+03
4.185337910560274395e+03
3.859136199832813872e+03
6.512006968501016672e+03
4.396316215313216162e+03
2.864664917132144183e+03
2.485346413546973963e+03
2.001010630735470158e+03
2.611632282836480499e+03
1.948603893944002948e+03
2.294425794412099094e+03
1.623770533324917096e+03
1.646352492667943352e+03
1.271322575953819523e+03
1.691466846789605370e+03
2.326434222059390322e+03
1.977227796421107087e+03
2.731441153915635823e+03
2.360635718240637289e+03
2.785577178328794616e+03
3.230145068019091013e+03
4.157646494028530469e+03
4.676679842626948812e+03
4.797793401321425335e+03
4.602074061070824428e+03
4.394249935532808195e+03
6.773339025667304668e+03
7.107995130833404801e+03
5.102733218926137852e+03
5.256816142430317086e+03
5.380357681588165178e+03
5.859286994992793552e+03
6.213571379887797775e+03
6.789044834905280368e+03
3.384368385865683194e+03
2.694114724352167286e+03
3.192493365637217721e+03
3.507026200196767604e+03
3.104577806642906580e+03
2.701274118719931721e+03
2.351952238433506864e+03
2.078512328852878909e+03
3.099865819582284075e+03
2.880857295845872613e+03
1.894007327559361329e+03
3.774935271450752225e+03
2.375831468883121488e+03
3.368030157605868226e+03
3.053108492819215826e+03
3.839128510765177907e+03
4.706717339954553609e+03
4.648265475271508876e+03
4.687319045219472173e+03
4.516133161239612491e+03
5.691099375533216516e+03
3.655814239461718444e+03
3.945393906286022229e+03
4.176504512489595982e+03
4.476619263566802147e+03
3.817795842492602333e+03
3.173627276662979511e+03
2.683572916749935303e+03
3.010132297185115021e+03
3.102207080151032187e+03
3.438862361844801853e+03
2.796258447847779735e+03
3.011362036407365849e+03
4.234580240105056873e+03
3.831768907696057795e+03
5.069462005944760676e+03
5.584476651416766799e+03
2.698742748105151350e+03
1.753373324743646208e+03
2.827579234524501317e+03
3.001829588585948386e+03
4.277710371255134305e+03
2.715558827307028878e+03
3.861665296884810232e+03
4.402356321462420055e+03
3.127193188803491921e+03
3.521068777910651988e+03
4.787196388531383491e+03
3.883290121330182046e+03
2.597367418748585806e+03
3.272138308661815699e+03
3.033514065066481180e+03
2.854456223065332779e+03
2.329486700140872927e+03
2.949032119001318733e+03
3.384069911737555231e+03
4.273835159827088319e+03
6.415015258456849551e+03
5.612230400679980448e+03
7.532514012424943758e+03
6.438573098151990052e+03
6.501061002703143458e+03
6.652584947465005826e+03
6.285551332767223357e+03
6.890745980191766648e+03
7.563801470099830112e+03
8.491302625690032073e+03
5.864771021296765866e+03
5.173895126292864006e+03
5.712373942700023690e+03
6.344820074189275147e+03
4.881072936174511597e+03
6.025512446572246517e+03
5.223818796451153503e+03
5.643950512496136071e+03
6.939333136818749153e+03
5.378494878110365789e+03
6.561674320678739605e+03
6.766703786931667310e+03
7.171098235142505473e+03
4.585415071172516946e+03
5.070218505540788101e+03
5.415967046507472332e+03
3.784271563888836681e+03
2.535542415711745889e+03
2.688474895733065296e+03
2.584083144721575536e+03
3.992563798136787682e+03
3.112583586336015287e+03
3.296556540700153164e+03
