2.409552419175728119e+03
5.110558872948120552e+03
4.620262206913856062e+03
5.277559041301424259e+03
5.656474055024576955e+03
5.512017691123118311e+03
4.817852634454879080e+03
5.099428237769944644e+03
5.534150277696181547e+03
4.901167722830031380e+03
4.750473976095230682e+03
3.527374388043521776e+03
4.833029661435895832e+03
2.690679181662073461e+03
3.127799366258226200e+03
2.252606255478621733e+03
3.360805452705257721e+03
3.015923845011290268e+03
3.995527818065643260e+03
3.270127957631680147e+03
1.896466551866767304e+03
1.197015482739529944e+03
3.601173114828091002e+03
4.022753200470555839e+03
3.259317085467361267e+03
3.911061370192397135e+03
4.857586716053308919e+03
5.396300314583460931e+03
4.202077785178407794e+03
3.273794282717977239e+03
5.440116284740479387e+03
4.055022226477343793e+03
5.592371232343897645e+03
3.363639097146185122e+03
5.685237785040148083e+03
4.444821052154789868e+03
5.109362352106214530e+03
3.236318129666200093e+03
3.650267930609096766e+03
3.195203724396023972e+03
3.992527579383407556e+03
4.262930245300553906e+03
5.136217634751693367e+03
3.815554841911130552e+03
3.582918381763483922e+03
3.164154197712417954e+03
3.384525778919885397e+03
4.335303641289478037e+03
4.293024523759541808e+03
4.924442251051644234e+03
4.152485330812764914e+03
4.237573240212275778e+03
5.275571308743119516e+03
4.464469581334357827e+03
4.151104373859027874e+03
4.078756994390723776e+03
2.156990844934338838e+03
2.306766477214278439e+03
2.836948432871920431e+03
3.364669766006656118e+03
3.967916713013147273e+03
2.207892782339576570e+03
1.757399802051553934e+03
1.985170691427818156e+03
2.565454259008650752e+03
4.914398313415598750e+03
5.678216727672773231e+03
5.244341809129973626e+03
5.899077036474499437e+03
4.639885849544844859e+03
3.865245114251654741e+03
5.725219617218290296e+03
5.293264363106941346e+03
3.958422333091702512e+03
5.209529266183882100e+03
4.219861747138951614e+03
3.389220523771663466e+03
3.758453473964625118e+03
4.973943782057577664e+03
5.401974667346960814e+03
4.223799217734237573e+03
4.477425994116574657e+03
3.101679384628942898e+03
2.179504696659876117e+03
3.131712113478787614e+03
3.738658274558318226e+03
3.272565125721745062e+03
4.719051384716446591e+03
4.406857274974367101e+03
3.477343454280554852e+03
2.632798631723540893e+03
1.482361860459036734e+03
3.520630940739775269e+03
3.413303330577143697e+03
4.315893058838559227e+03
3.711729683353616565e+03
2.826680032030007169e+03
2.889556442326017532e+03
3.187314930455475405e+03
2.725569941306966939e+03
2.556339125654159488e+03
4.243774203118878177e+03
3.417655018971413483e+03
3.778012888858283986e+03
4.034429744833192672e+03
3.616255344870229237e+03
4.571685350696106070e+03
4.701934704956157475e+03
5.860046674443145093e+03
4.647111087462395517e+03
4.374710533144409965e+03
4.082125887074737420e+03
3.306997667493613790e+03
2.967257984847184161e+03
2.387380988008640543e+03
2.259061117092915083e+03
2.946596241059132353e+03
4.361703846824572793e+03
4.414349615939870091e+03
3.971416006076536632e+03
4.387176715275571951e+03
4.872695461276623973e+03
5.432961118586925295e+03
4.153916709272044500e+03
4.119774107569128319e+03
4.323785615624498860e+03
2.757602062028112869e+03
2.501834070628892277e+03
2.183935763667295305e+03
1.003005833758758513e+03
1.101483057631750626e+03
1.799796777958925531e+03
2.088674867019710291e+03
2.043579443632154607e+03
2.163332971365001868e+03
3.141521097930042288e+03
5.496356774635822148e+03
6.638007735396390672e+03
4.913118894454283691e+03
5.648693269925105596e+03
5.618661091506165576e+03
5.867106938160912250e+03
7.127743461673198908e+03
5.424021191838721279e+03
5.929445855241675417e+03
6.123225799503200506e+03
7.160891780338694844e+03
4.799504878744432062e+03
5.456180301427353697e+03
2.774987113659587976e+03
3.348012730244213799e+03
3.491067788002086672e+03
2.466763926552526300e+03
2.430209497021263815e+03
2.461543477100826749e+03
2.481932837522400405e+03
2.745852633076586244e+03
2.739339368090496464e+03
2.583223528960072599e+03
4.392349896318180072e+03
3.463049032603820706e+03
4.205133603531897279e+03
3.651246118278873837e+03
4.778865239356294296e+03
5.486239894426544197e+03
3.730318051495164582e+03
4.069398990341619083e+03
3.596872136040885380e+03
3.550208782832811266e+03
3.222186847695269080e+03
3.304818696655136591e+03
2.762791033236168005e+03
2.600904159958112814e+03
3.469174504245015214e+03
3.805024663927886195e+03
5.257032525455726500e+03
5.652972658899883754e+03
6.993768682666416680e+03
7.892373000466363010e+03
6.097021155564139917e+03
7.510010119365964783e+03
6.070918155866411325e+03
5.862030374704296264e+03
5.397767715983633025e+03
4.841525326525888886e+03
4.838239584891347477e+03
4.770565807831312668e+03
5.450050938803804456e+03
5.427745877509400998e+03
4.846593006890270772e+03
6.052516149671969288e+03
5.896642254555073123e+03
5.156254378253683171e+03
3.550214701179344956e+03
1.724560631777402705e+03
2.281974224545100242e+03
3.249572860433786445e+03
4.539086200825293417e+03
3.203692254081769079e+03
2.496807834066894884e+03
5.440192701016852880e+03
2.053975231684835308e+03
2.268628555721478733e+03
1.477804531039992071e+03
2.016109511328020290e+03
1.573963712124829499e+03
2.671302380493588771e+03
2.348924066738783040e+03
4.034166160294437759e+03
3.750781043694160417e+03
3.411074608101353988e+03
4.054326102140836610e+03
4.124441773811066014e+03
2.930573879866225980e+03
1.138079787352457515e+03
1.702847838626279781e+03
2.526006238590345674e+03
2.847712878750343407e+03
3.507837114861730242e+03
5.320586750474098153e+03
4.286064729212717793e+03
3.011073927219415054e+03
3.777143868870764436e+03
5.027185732090085367e+03
4.819474652668342060e+03
3.318405781000360548e+03
5.246973873489073412e+03
4.828912679653876694e+03
4.290803989691988136e+03
4.214923650177361196e+03
4.344686351862317679e+03
4.211980767868781186e+03
5.434056226109546515e+03
6.059935012059002474e+03
6.614624287022460521e+03
5.547916003951225321e+03
4.643682352101845936e+03
4.366900992081996264e+03
4.500194141326087447e+03
3.414588791600009245e+03
4.398241446754769640e+03
4.794822320435409893e+03
4.785947214880883621e+03
4.630674010827819075e+03
3.830451023801114388e+03
3.692159381827210382e+03
3.642501561242161642e+03
3.123637192605450764e+03
2.746268217641008505e+03
3.376099009604845378e+03
3.120512113116351429e+03
4.439971401352790963e+03
4.593347761366107989e+03
3.342512581663470428e+03
4.148473360682610291e+03
4.432781850062715421e+03
3.462749472953361874e+03
3.181047770729080185e+03
3.840429126100484609e+03
4.093488806646120793e+03
3.637726693045046886e+03
2.899318728006276160e+03
2.726192288140590335e+03
2.671173444650090005e+03
2.901981100316937045e+03
2.785272044320259738e+03
4.521716463617663067e+03
3.142577885051127396e+03
3.544201371098716209e+03
4.221661241380893443e+03
4.371044340315433146e+03
3.466937537470916595e+03
2.198264702093015785e+03
1.415681662570598746e+03
1.769691806258499128e+03
2.180326102226511011e+03
2.395344926495871277e+03
2.672632809719385932e+03
1.173369718138949793e+03
2.406796500287565777e+03
3.643730781513386773e+03
5.257024646651015246e+03
4.540092425456440651e+03
4.691514166637533890e+03
4.336731084271439613e+03
4.452150584820731638e+03
4.624506558644501638e+03
4.904312072308510324e+03
3.879249720693114796e+03
3.778357500742480624e+03
2.514021958067745800e+03
2.773071473177591997e+03
3.057020681384848103e+03
4.544919489364974652e+03
3.190477172009185779e+03
4.470042678111580244e+03
5.140757491692366784e+03
4.047352192643339095e+03
5.946710419377981452e+03
6.041412590216869830e+03
5.655747501399071552e+03
5.757142721811112096e+03
3.715299970171505265e+03
6.428047890920824102e+03
3.856001369079713641e+03
4.249209823498381411e+03
2.750119729703542362e+03
2.649654790948159643e+03
2.231545782821062403e+03
1.922783703224190958e+03
1.965962987204617548e+03
2.157434924514705926e+03
2.257688019381281720e+03
2.605057803441139640e+03
2.744022477144802451e+03
2.434294900979590238e+03
3.335034851532070661e+03
3.040882762903628191e+03
3.710081971451151730e+03
4.754923805268272190e+03
4.903544603599750189e+03
5.007724838173730859e+03
5.293247897386223485e+03
5.229246158410268436e+03
3.686894481063524836e+03
4.147274148814733962e+03
3.714439689790459852e+03
4.148340432888733631e+03
2.555515243200458826e+03
2.599916242727591452e+03
3.603071097782455581e+03
3.144931621399741744e+03
2.173198090412897727e+03
1.431342725460385282e+03
1.821653929740495869e+03
2.060608994319794874e+03
1.968811007274135591e+03
1.764970973244661309e+03
1.671041139293173501e+03
2.225673648883290298e+03
2.695116898357999617e+03
3.208526298276422494e+03
2.146766197520268634e+03
3.067893165944723478e+03
3.026709834641095767e+03
2.240473695471383508e+03
1.659104535722988203e+03
1.217285617188859533e+03
1.216349936824051156e+03
1.552226478547292800e+03
1.974498137165543767e+03
1.920970538188278397e+03
1.316095672851342897e+03
1.568474450823479856e+03
2.088075472083354271e+03
2.599035915971328905e+03
3.474999761482338727e+03
3.927384589792413408e+03
4.405366865435762520e+03
3.756202758186891060e+03
3.304317313413812826e+03
2.953728866307197677e+03
3.454762428571324108e+03
4.238697934902028464e+03
3.107899814383758894e+03
3.495022936180030683e+03
2.949523621700915101e+03
3.310701959951572462e+03
6.254060517223140778e+03
5.553363052510906527e+03
5.880693639702623841e+03
6.296703678865292204e+03
3.120860268954149433e+03
3.146715376299557192e+03
3.098654590384823678e+03
2.985417162393952822e+03
1.777576886695838766e+03
3.783400011631199504e+03
4.087952433365859179e+03
4.197610632350722881e+03
4.403517482241071775e+03
3.248226014455725362e+03
3.271710231679872777e+03
3.751558535568464322e+03
3.499003953678522066e+03
2.931839082191748730e+03
3.028384357882833683e+03
2.126182030269794268e+03
1.805826285249214152e+03
1.890525309845687843e+03
2.033451331165454803e+03
2.240072264791816906e+03
1.654094829044357084e+03
1.824427142847221148e+03
2.809497963399602213e+03
3.698949103146842390e+03
3.273263377336488247e+03
2.912573446268309453e+03
3.234612286309123192e+03
3.915945790639046663e+03
5.018104976844304474e+03
3.761603757357841005e+03
2.328360654757135762e+03
1.822428525594765915e+03
3.179127076471533201e+03
3.395537491553500786e+03
4.084756375039460181e+03
3.207432302887390051e+03
3.773041283657708391e+03
3.591582445112392179e+03
2.850302717163028774e+03
3.813334577920487391e+03
3.027252345447433072e+03
2.758323914411783790e+03
2.225937357343613712e+03
2.034509629747733925e+03
2.891721579350675256e+03
2.593355453159874742e+03
2.920629135194555602e+03
2.749140175248314790e+03
3.564485782386093888e+03
3.951283926031152987e+03
2.972522552640934919e+03
5.729311799937975593e+03
3.562151345199457865e+03
5.748948567529419961e+03
3.847867116704020646e+03
4.359829427774339820e+03
4.771025684028934847e+03
5.827357375834584673e+03
3.437239206357353851e+03
3.688188088917558161e+03
5.029084585163170232e+03
4.156819762187376000e+03
5.238973654659238491e+03
5.636960387016707500e+03
4.545545892887290393e+03
5.285411959345516152e+03
4.984188495552891254e+03
4.136417979486986042e+03
2.679231713533320089e+03
2.872307658099788114e+03
2.427194217477680922e+03
1.698346672020672941e+03
1.690606691079671009e+03
1.706021508246246640e+03
1.823410514667618600e+03
3.712184045849557606e+03
5.315161018180913743e+03
6.262499142874515201e+03
4.341339672381174751e+03
4.658562288837611959e+03
3.466715855568593270e+03
1.881970531454558568e+03
2.324531189119449664e+03
2.831782646380542701e+03
3.165861906949097374e+03
2.859912085867763835e+03
2.238329428023823311e+03
2.400382053971936784e+03
3.043254283683089852e+03
2.324199466805981046e+03
4.619564116548817765e+03
3.706313382447365257e+03
4.080618504841067534e+03
3.383104449350325922e+03
5.568583784546442985e+03
4.433861424284615168e+03
5.471925220009672557e+03
4.606824564816421116e+03
5.880629535503318948e+03
4.442507498624005166e+03
5.872736141465220499e+03
6.957053776162175382e+03
4.914836627479764502e+03
5.746288119893486510e+03
4.029005817220856443e+03
1.704860377751135275e+03
3.075378665874990475e+03
3.393274059897890766e+03
3.090792796871101473e+03
3.639559967246752421e+03
5.791546669295262291e+03
4.798031090804539417e+03
6.096949498175386907e+03
6.450628240245488996e+03
4.317478493716858793e+03
4.097905262547449638e+03
2.459598514159788920e+03
2.997201536913308246e+03
2.618896255938333070e+03
1.984042956103977758e+03
1.850295144701196705e+03
1.894917660080778660e+03
1.703819584151828622e+03
1.248835828017628273e+03
1.351312540742477495e+03
4.071143766397753097e+03
4.520709485645865243e+03
4.583926625692645757e+03
3.123157690848469429e+03
6.105617898073574906e+03
5.650085395668624187e+03
5.497161230029971193e+03
5.252251881695026896e+03
6.220976352992039210e+03
5.570264641871772255e+03
6.063138259779334476e+03
4.094664219522253461e+03
5.426773250762063071e+03
4.576146225684139608e+03
7.366841262445432221e+03
6.574473730528135093e+03
3.430401880128504217e+03
5.484265190030483609e+03
6.218253648682805760e+03
7.834881410785681510e+03
4.663244927985628237e+03
4.098992152552017615e+03
4.790679490111156156e+03
4.312605284128245330e+03
5.832093586909847545e+03
5.451428654635329622e+03
4.728919597378915569e+03
4.645216663011375203e+03
4.966190548722182029e+03
4.023155406681767090e+03
5.123112524136006869e+03
4.232092604952694273e+03
3.669475087430290387e+03
3.896797002099687234e+03
4.014303368608488199e+03
4.095707770192401767e+03
4.513148272684988115e+03
5.398699583442025869e+03
3.598674391313436445e+03
3.449229441621341266e+03
3.244585855213767900e+03
2.438263432376535093e+03
4.223585097928544201e+03
4.860395369117549308e+03
3.619039234262040281e+03
4.109213042832271640e+03
2.748919799884154600e+03
3.040314248156114445e+03
2.932292203355765650e+03
2.468058543783999085e+03
4.250638069745144094e+03
3.590694430455485872e+03
5.834218970813545639e+03
3.542103908183174553e+03
4.784812928642238148e+03
2.860120640657689364e+03
3.196050518688004558e+03
2.119290810198627696e+03
2.664056123541906345e+03
3.599341999716042665e+03
3.051797831927604875e+03
3.740973334316558066e+03
3.240223699272694375e+03
4.739784166479941632e+03
3.902830364633298359e+03
2.995989784660925125e+03
2.275317245106466544e+03
1.959349040222166877e+03
2.775443110505499590e+03
2.571608355266472699e+03
1.832634475756236498e+03
2.825562483199551934e+03
5.255763925333779298e+03
5.957203026924741607e+03
6.115084236315762610e+03
5.175422838853199210e+03
5.510595478947912852e+03
5.603591005879437944e+03
4.191138532253272388e+03
4.907616363558687226e+03
3.489036023905101047e+03
3.009858887684901674e+03
1.448803324800907149e+03
1.690646148567998580e+03
2.344452473281712628e+03
2.183290080063952701e+03
2.407039233625310317e+03
2.949638559538019763e+03
2.063329770200934490e+03
1.577486660235930458e+03
2.686300506047964063e+03
3.810942889135833866e+03
4.357926247783754661e+03
4.554795622240663761e+03
4.305118421776057403e+03
4.371403333068494248e+03
3.836084276473043246e+03
4.865678370247296698e+03
3.822352370011668427e+03
4.235895234326792888e+03
3.865075835691155135e+03
3.738938843685592019e+03
1.940414157443406793e+03
2.326183580883478498e+03
1.837892884015907384e+03
2.121905085180017522e+03
1.830054544589503166e+03
2.184521002625205711e+03
2.143171297066882289e+03
2.460237576572091257e+03
1.964246768773772146e+03
1.571777064109349567e+03
1.922219142307619677e+03
2.925514538009361786e+03
4.933916021620416359e+03
4.713118286668547626e+03
4.203666985722041318e+03
3.644895049481949172e+03
5.131118418107889738e+03
4.312128221306008527e+03
5.595826497390363329e+03
6.398862945690739252e+03
5.671691429983481612e+03
4.110625370395231585e+03
3.720049333256012233e+03
2.759307523537696397e+03
3.585238605741091760e+03
3.936289796019069399e+03
4.414685284985501312e+03
3.138946019821250502e+03
2.726488360584858128e+03
2.448511930509651393e+03
3.060452434919244752e+03
4.657765049872463351e+03
5.190194382237316859e+03
5.466035994413465232e+03
4.446488735026770883e+03
3.845268906466749286e+03
4.447236622385401461e+03
5.555870419798055082e+03
4.274771197418221163e+03
4.910234794135441916e+03
5.407882467936250578e+03
5.341417939808499796e+03
3.887600051893067302e+03
4.230720180516196706e+03
3.898489523602771897e+03
3.940912536530674515e+03
3.415286580475396931e+03
4.458544872006027617e+03
2.952595420739261499e+03
4.159394416485808506e+03
4.441068114320613859e+03
4.978921646260205307e+03
4.205028849784300292e+03
2.772639439279847011e+03
2.564985433976999047e+03
2.348520970962011233e+03
2.571920871205402818e+03
3.012807888726313195e+03
2.768067129806752746e+03
1.706295256945528763e+03
1.894803384951271937e+03
1.586539963404420632e+03
1.895276703369007464e+03
2.200196283216232132e+03
2.495169679825880394e+03
1.848649068974166312e+03
1.410115891691710885e+03
2.634655721061727945e+03
4.753642136327142907e+03
5.583752340820388781e+03
6.421391955767057880e+03
6.904030392072722861e+03
6.288820567201928498e+03
5.931853219647127844e+03
5.942277133675200275e+03
4.741081517744142729e+03
2.579386832202897494e+03
2.254050329038588643e+03
2.283286522283837257e+03
1.801074200585560220e+03
2.274236578392834417e+03
1.403398134217317192e+03
1.236000312636696208e+03
2.026560290823311107e+03
3.286472929808865956e+03
3.508525412233947918e+03
3.551864524378022907e+03
3.325223690227065163e+03
3.663624050421346965e+03
4.149980463590048203e+03
3.654469414767220769e+03
3.697963413946824403e+03
2.445035872454697710e+03
2.172658848868779387e+03
1.722132983970020177e+03
1.885997897486490956e+03
1.632570423502169888e+03
2.090520941847029007e+03
3.407329722851307451e+03
3.165858765366260286e+03
4.250017630812753850e+03
4.413962445812457190e+03
4.558502315439597623e+03
4.701052296710012342e+03
4.486145795999631446e+03
3.816943566355777421e+03
2.516418146087592959e+03
2.010206149971789500e+03
2.287633726667155315e+03
1.726570376660043848e+03
1.667196280102085893e+03
1.876711896966093491e+03
2.224119495582731361e+03
2.087299765016090532e+03
3.450614700245212134e+03
2.925933900798440391e+03
4.470547859285668892e+03
4.718346098068003812e+03
4.989586952723517243e+03
4.725708064399591422e+03
4.174632143917118810e+03
5.516858839693630216e+03
4.681991221508027593e+03
5.465014354204434312e+03
4.194179730747737267e+03
3.870032381981092840e+03
2.962848284428956958e+03
2.114856183843824056e+03
1.324772705801365191e+03
1.785632252872183244e+03
1.606819451635277801e+03
1.589304567837267314e+03
2.428554807374709981e+03
2.329913488198752020e+03
3.337248035145662016e+03
3.881258406681597535e+03
3.228734695991511671e+03
2.795251576555021984e+03
4.727078439701713251e+03
5.046796900049253054e+03
5.329207405806103452e+03
3.958865451515846871e+03
2.766951566500804802e+03
1.011872573900999896e+03
1.485405891025848859e+03
1.430144406156619880e+03
2.265524149251381004e+03
3.466806298737665657e+03
3.020445685506137124e+03
4.408250463333421976e+03
3.921832754738020867e+03
4.364487491641872111e+03
3.445198162167891951e+03
4.078428906123845991e+03
4.034935123164861579e+03
3.900783355161293912e+03
2.994442971545051932e+03
4.674415530871203373e+03
3.902735760223560646e+03
5.918021991771269313e+03
6.623886331093463014e+03
6.755316501068411526e+03
7.148926665450324435e+03
5.973278122951713158e+03
4.850149020958018809e+03
4.146734798047129516e+03
3.262974999033009681e+03
1.549167284945993970e+03
1.391716455757754829e+03
2.299125970842236256e+03
2.201544301482354967e+03
2.093648860938128564e+03
1.715019729152659693e+03
1.508090808724516592e+03
1.071788658736090156e+03
1.146450787471526837e+03
1.195817248584042545e+03
1.234538717576928775e+03
1.729833989187200814e+03
2.001305150530001129e+03
1.646876845615920956e+03
3.318739448885523416e+03
4.731336963980386827e+03
4.190590785967839111e+03
3.323173464314441844e+03
1.316504790213291244e+03
1.635891897308985108e+03
1.844213783614342674e+03
1.706928043077683469e+03
1.639970501756969952e+03
1.281264231030760584e+03
1.977352162499495307e+03
2.546280274583205937e+03
3.120789605576390841e+03
3.181891826797030717e+03
2.799398521174372036e+03
2.295590033244875940e+03
2.313393231990405638e+03
3.072147456592108028e+03
2.738676749054345237e+03
3.749283059424365547e+03
2.797806745345429590e+03
3.326390285865080841e+03
3.203560250920733324e+03
2.894128308747505343e+03
3.579613683792731990e+03
4.158503002786610523e+03
2.735107357264482289e+03
3.163258149916445291e+03
4.073287156523492740e+03
2.098363722426362528e+03
2.580466907769450700e+03
3.536728778169266207e+03
4.257992688795555296e+03
3.492575758168536140e+03
2.718094352084696311e+03
2.879104159009362320e+03
2.423914810572386614e+03
3.023482741289504702e+03
2.994081759911344307e+03
3.357947083409217612e+03
2.832526635999359769e+03
2.689921550831763852e+03
3.275696760579480724e+03
2.907581360182188746e+03
3.814768627604767062e+03
2.962352474471910682e+03
4.450042644498535083e+03
5.391326811732073111e+03
4.706032185505168854e+03
4.868419963370606638e+03
5.839830233975293595e+03
5.242728462752494124e+03
5.592276557512329418e+03
3.554714987121564718e+03
4.511936815664693313e+03
4.545549066801419031e+03
2.560846535305766793e+03
2.691682712100046047e+03
3.554038020145659630e+03
3.736320717928147133e+03
4.346745638367585343e+03
3.753403232246220796e+03
5.053244279794136673e+03
4.973756751055934728e+03
4.793825575210652460e+03
5.199382223842700114e+03
4.589274329553211828e+03
4.641070921167165579e+03
4.640874161792989071e+03
4.409939280453487299e+03
3.894753760505427636e+03
3.798413618562424745e+03
2.620335687775759197e+03
2.053760721836948960e+03
1.990697924507622474e+03
1.788361155532930525e+03
2.201574782743014111e+03
1.429176863546088498e+03
2.873593139991434782e+03
4.350695380925586505e+03
3.984282072520345992e+03
3.565074985741034652e+03
4.356193265799733126e+03
3.773941777547723177e+03
4.734449945126266357e+03
4.593253736687511264e+03
4.637965901422500792e+03
3.159019075641895597e+03
2.853757890531011981e+03
3.432600945408341431e+03
3.864412678558603147e+03
4.492431285822562131e+03
5.251270523232789856e+03
4.745578758862997347e+03
5.249422733484902892e+03
5.802309794792490720e+03
5.244316346835312288e+03
2.942892395155671238e+03
1.920015646254660169e+03
1.220652142023880060e+03
4.793762670614909439e+03
5.386728950997575339e+03
4.090444107265333969e+03
3.356755208471564856e+03
4.324587580255326429e+03
3.592552101136068814e+03
3.250228059701723851e+03
3.714992645261257621e+03
3.548503036546486328e+03
3.588191606239930479e+03
3.289796681360162893e+03
2.252801870522110676e+03
1.746961471926215154e+03
2.215404313156943317e+03
3.407256620453227242e+03
2.759006150468604574e+03
3.516221138817837527e+03
3.407460748115965089e+03
3.868546731859365536e+03
3.666115815824857236e+03
3.572186199759786632e+03
3.406614081109690233e+03
2.996807321875760408e+03
2.566203005657749600e+03
3.334004070194847827e+03
3.324468043104359367e+03
2.110213476404660469e+03
2.265284438425002918e+03
2.088422432651446343e+03
1.975025085371977184e+03
4.230626828281404414e+03
2.670938973782047015e+03
3.239151502382221679e+03
3.257187671540435986e+03
3.307931962398785799e+03
3.691588044869813530e+03
4.139175293391188461e+03
4.675500534278089617e+03
4.100505530969853680e+03
4.349543753974783613e+03
5.014579813730993919e+03
3.339047206630322762e+03
2.858241854638795303e+03
2.958683061357830866e+03
2.217799921961943255e+03
1.708205322303396315e+03
2.103463718337585760e+03
2.887563895099336150e+03
4.364940192241611840e+03
3.782438446954911797e+03
4.464217385607028518e+03
5.382598953956772675e+03
4.006348052044200358e+03
2.834038250856892773e+03
3.677251330572319148e+03
3.335159049933026836e+03
3.209781671688412189e+03
2.374181193895554316e+03
2.836371977410103227e+03
3.195217114097895319e+03
4.877778270406125557e+03
4.379306537286922321e+03
4.020478048322039285e+03
3.725744785836636765e+03
1.817860981975817367e+03
1.224386639204167750e+03
1.877139059557680866e+03
1.924375966541271509e+03
2.098423551649737419e+03
2.483834189301834158e+03
2.648628480929565740e+03
3.455451304648034238e+03
4.070639261206299125e+03
2.419173373995796737e+03
2.145126819335494474e+03
2.804686853068180426e+03
2.886944924858701143e+03
5.296844770612162392e+03
4.555008403304880630e+03
3.125047172203301216e+03
4.467268985207682817e+03
5.231396645044237630e+03
4.243359914625070815e+03
4.361544801336075579e+03
4.093771838120168923e+03
6.002095840843491715e+03
4.936944814535881960e+03
5.391055849883731753e+03
3.487785271853168069e+03
3.421186499617517711e+03
5.615625568987245060e+03
4.985278783267674044e+03
4.888632786503154421e+03
5.337237681523502943e+03
4.711535967930836705e+03
3.492770309745163104e+03
3.925616702426649226e+03
3.732554533537083898e+03
2.583718113736024861e+03
2.403766015392554436e+03
2.998388823764187691e+03
5.029349461750610317e+03
4.151320280704221659e+03
6.471072264894628461e+03
2.944864148440216468e+03
3.346073526145376945e+03
3.573239421157960805e+03
3.050805073605500183e+03
2.671972418071459742e+03
2.136374130674459593e+03
3.350554864420795639e+03
2.660132499433617795e+03
3.147730140688551728e+03
3.054693612081312040e+03
2.927968413110055280e+03
3.865074058135237010e+03
3.417037474298105735e+03
3.372650299184666892e+03
5.209200712423342338e+03
3.622451179117468200e+03
3.937721404662618170e+03
4.013891102192348626e+03
4.230206449529779093e+03
3.190738909659712135e+03
3.611806708797997544e+03
2.609031043498793679e+03
2.818546906855732232e+03
3.055978021265419557e+03
3.488899489022833222e+03
2.274696653341038655e+03
2.464565492193328737e+03
3.419881591085224500e+03
3.797958379012447040e+03
3.182196607813770243e+03
2.794417301433200919e+03
2.475363434966496698e+03
1.443006663175518725e+03
1.900389560089240831e+03
1.607588923134837614e+03
1.235491354869476936e+03
1.352069352000609570e+03
2.667176690059196062e+03
2.651400103328373007e+03
3.044498649015231422e+03
2.039320908147620912e+03
1.782044446077055682e+03
1.405116454539342158e+03
1.170634708740301221e+03
1.571077829390499801e+03
1.402969734947160077e+03
3.918826169744917479e+03
5.261976291137872067e+03
4.271722332216223549e+03
4.504969488357446608e+03
4.229917717922305201e+03
4.443140757305262923e+03
3.979035431716010407e+03
2.666283063541461615e+03
2.058278041507488524e+03
1.632087025333745032e+03
1.397028639160497278e+03
1.768204539684282054e+03
1.909204728765766276e+03
3.553323164167812138e+03
4.199672479578631282e+03
3.389526627751350588e+03
3.677233831624085269e+03
3.690240308597502462e+03
3.748528060589677807e+03
3.281246420425118686e+03
3.617160174193539660e+03
4.143898154085272836e+03
3.889415234869112282e+03
5.096549433877249612e+03
3.944023153115770583e+03
2.036187721515855401e+03
2.381125970465347109e+03
3.192802365067847859e+03
3.151247911237620428e+03
3.377121334090638356e+03
2.216017270694865601e+03
1.761341399226395652e+03
2.518353670989097282e+03
1.751410898777823149e+03
1.120869063456962522e+03
1.437224037158022156e+03
1.856019096287777984e+03
1.911629374109446189e+03
1.799284127110765439e+03
1.487763305839170926e+03
1.650441156496006215e+03
2.032586803604282750e+03
2.509072473873694889e+03
3.943805105507417466e+03
4.756223859651279781e+03
5.533968944356693100e+03
5.232787502541930735e+03
5.357982637319471905e+03
5.124702808671654566e+03
5.831910674878751706e+03
5.768902383087874114e+03
5.263627661457025170e+03
5.791633917440974074e+03
5.361650708492610647e+03
4.603215203746056432e+03
5.167626155105480393e+03
5.469095790013127953e+03
5.069145907688793159e+03
5.232381456536495534e+03
5.522721241020176421e+03
5.788215539340103533e+03
5.182883213683581744e+03
4.056414744097443872e+03
2.644209290947043883e+03
3.309416262912487127e+03
2.513160308910613821e+03
2.381396278686523146e+03
1.734802393406198462e+03
2.186431467456289283e+03
2.373538592059472194e+03
3.436653987592233079e+03
4.120109415589586206e+03
3.553497360126947569e+03
3.101299006098079190e+03
4.021724862361404575e+03
3.552560989186436018e+03
3.754810159588994793e+03
3.644095991701056391e+03
4.671962660671963022e+03
5.115056594652945023e+03
3.357288940852649375e+03
2.005017726514555761e+03
3.080408105638087363e+03
3.153984575316785595e+03
2.858049438226816619e+03
3.957283020272778685e+03
3.089976589347142635e+03
2.166726374257078987e+03
2.229064747201307455e+03
2.631840080171453792e+03
3.387038585115786191e+03
3.665525764059224002e+03
3.505797803837576794e+03
3.554542426612611962e+03
2.911795375545372735e+03
3.447717798298610433e+03
3.441024751624975579e+03
3.579474393790761951e+03
3.799023927018480208e+03
4.747133234678133704e+03
5.005886145563826176e+03
4.758278427073003513e+03
3.976791535212797498e+03
4.648042571655410939e+03
2.595386147535617511e+03
2.648846850838177943e+03
3.259580615441328519e+03
3.465667070009089912e+03
3.044435505910647862e+03
3.305396301863953795e+03
3.248003372449634753e+03
2.626817393195544810e+03
2.495895787475437373e+03
2.381236590972364411e+03
3.231331198639466493e+03
4.806113417096506964e+03
3.556565729292934975e+03
3.422364221886921314e+03
4.614194506090756477e+03
4.104242656806650302e+03
6.157812349647433621e+03
5.002576217016835471e+03
5.721407625323781758e+03
6.813754485090414164e+03
4.531435239199915486e+03
5.865370497072923172e+03
5.406372726284177588e+03
6.216313449844335992e+03
6.284797007366252728e+03
6.350731575767047616e+03
5.561850108906957757e+03
5.553526444804302628e+03
4.093036182940971230e+03
4.972284741293865409e+03
4.476088211735787809e+03
3.534890521398152941e+03
2.775881772746677143e+03
3.689298838110621546e+03
5.007438747634107131e+03
5.027489167580455614e+03
4.042370029597728262e+03
1.979479499537808124e+03
2.503916464908780199e+03
2.295437641340070513e+03
2.292664578579084719e+03
1.870570156106390186e+03
2.090751749702747929e+03
2.638415461075823259e+03
2.053552931580497898e+03
3.362936466205818306e+03
3.543373816440284372e+03
2.799056146330559841e+03
4.206588547192569422e+03
4.474566252506528144e+03
3.782459869556844296e+03
5.051299095059936008e+03
4.660186103919480956e+03
3.959182564121540508e+03
5.210992081862967098e+03
2.851187513466303699e+03
3.606423465447388480e+03
4.530622868379456122e+03
2.810053859746998569e+03
3.869732664735024628e+03
3.057617517569645770e+03
2.606039535798209727e+03
4.740889681747849863e+03
3.149935285543530426e+03
3.350568913882662400e+03
4.784996250533753482e+03
4.136918233064486230e+03
6.974727441747668308e+03
4.894327846624210906e+03
5.751153043255173543e+03
4.713443052752794756e+03
6.486572988615596842e+03
5.499429556860355660e+03
3.635182595438787757e+03
2.719329357410778812e+03
2.560142799452817599e+03
2.726553947943559706e+03
1.933554958341166184e+03
2.969896878181280044e+03
3.370604797430179133e+03
2.612293078062736186e+03
2.346060528354240432e+03
2.121444309538513153e+03
2.630240442245488339e+03
4.156101792142151680e+03
3.280698288645774483e+03
3.940112552404434155e+03
3.889057550003095457e+03
4.898294144278213025e+03
3.493851310742381429e+03
3.885948040885291448e+03
4.768300870586074780e+03
4.772114309689430229e+03
2.630218828976333953e+03
3.256273301558254389e+03
3.631384044446991084e+03
5.509876516805359643e+03
6.071005717528507375e+03
6.579547907912542541e+03
3.756832842228029222e+03
2.079388228767916644e+03
2.549647169921333443e+03
1.926377594674417196e+03
1.503022905223710495e+03
2.301408320406124403e+03
2.691220131600784043e+03
2.855592953777089406e+03
3.755849709720363990e+03
3.934131120713983364e+03
3.523922733483918819e+03
4.091813523940651976e+03
3.080880055467177044e+03
1.691092528614142111e+03
2.302639993209132626e+03
2.440583756061768781e+03
3.799934207517496816e+03
3.417004449449429558e+03
4.610860550289366984e+03
3.324090145984960145e+03
3.095450936965347410e+03
4.300891431683910014e+03
2.975495637479598372e+03
3.314827015212227252e+03
3.536571597810872390e+03
2.773579605533850554e+03
2.901379843146452458e+03
3.863346336036323009e+03
4.555583756492011162e+03
4.968145973140629394e+03
4.319214656342294802e+03
4.388278715006274069e+03
6.233788956956400398e+03
5.767429577106818215e+03
5.370002933858192591e+03
6.242010080286289849e+03
4.037970188825018340e+03
4.465319616215016140e+03
3.820217709704950266e+03
3.002742727734958862e+03
2.588762333792154550e+03
3.698775045156537999e+03
5.599362401512507859e+03
4.181098534087695953e+03
4.548945900885392803e+03
5.198153469692881117e+03
4.164822765531276673e+03
4.358477526191172728e+03
3.451760050926279291e+03
2.377714970840550905e+03
2.968651767675294650e+03
2.222365984868222313e+03
2.067069168403183085e+03
2.205746737799280709e+03
1.448349584546782353e+03
1.355841064933405050e+03
1.847768572000223230e+03
2.503137031924709845e+03
2.128403766677088242e+03
5.082693680031268741e+03
4.568697348873428382e+03
4.907200862387018788e+03
4.342418279875876578e+03
4.753402758376792917e+03
5.567158292453296781e+03
3.441819479546336424e+03
4.137014114194810645e+03
3.216482777898603217e+03
2.496513936151881353e+03
3.243736289361436320e+03
2.534506829449517227e+03
4.731360452941576114e+03
4.270405857921089591e+03
4.764252408524610473e+03
6.127510705912419326e+03
3.639001768940224338e+03
3.999312783821178982e+03
3.800756874465655528e+03
2.487980378802572886e+03
2.082652123504806696e+03
2.218117061180423661e+03
3.823661870383999485e+03
4.442192092102623064e+03
3.090055883396103582e+03
3.466872568265952850e+03
4.345512468918710510e+03
4.040024774689628885e+03
3.104920143658568577e+03
2.715156812543193155e+03
2.341717210420877109e+03
2.361193911540638510e+03
2.588487219905239272e+03
3.461074197742756041e+03
3.534915692771379327e+03
2.671892578319555923e+03
3.072652718446668132e+03
4.867928207248932267e+03
5.422247952102159616e+03
5.017560768164355068e+03
6.060309915882599853e+03
5.137052434332709709e+03
5.898485788154989677e+03
5.036428897064024568e+03
7.107675445248113647e+03
7.608042584320296555e+03
5.902441565542378157e+03
7.589679422731918748e+03
7.112421460808578558e+03
4.833269618415773948e+03
6.194544401640750948e+03
8.422485582928649819e+03
4.554127660400039531e+03
3.245264159392889724e+03
1.686118985533299110e+03
1.165119230599202183e+03
1.488716608880618196e+03
1.654366534543170474e+03
1.984707060593907045e+03
2.615900250431985569e+03
3.457681161999302731e+03
6.233009968251327336e+03
6.512394247596242167e+03
5.404893885435071752e+03
5.003550366847377518e+03
4.876445008402080930e+03
3.748947769529661400e+03
3.419768305538590539e+03
3.116198660780576574e+03
1.784367172430229630e+03
2.518339692500815545e+03
2.643999078711174207e+03
4.091626477548333241e+03
4.023490299515356128e+03
3.778311464568778320e+03
2.125988640075551757e+03
3.472791717775263805e+03
4.231543123323749569e+03
2.955028099722185289e+03
3.640899785411556877e+03
2.663794366299868670e+03
4.162838819785046326e+03
3.413809120130130850e+03
2.914877037356213350e+03
2.557832348185207593e+03
3.086838495792280810e+03
4.041435687789600706e+03
3.836011200289021872e+03
4.579362781185643144e+03
3.531061344173648195e+03
2.039750468837078643e+03
1.216734140067037515e+03
1.946648114555713164e+03
2.284913014361132355e+03
2.007306742835343130e+03
1.770264341827102271e+03
1.907494371869134739e+03
1.672009141442635155e+03
1.046010776279126958e+03
1.080412571556375042e+03
1.005094283747862960e+03
2.180076903213800961e+03
1.875586451102408773e+03
1.303511635866550250e+03
1.910300016101613437e+03
2.213496231524616178e+03
1.281174041312101963e+03
2.621213276893290640e+03
2.649638794895629871e+03
2.716180501325616206e+03
3.359194210530938108e+03
2.305923544750600740e+03
1.449967260734203819e+03
2.995072052153226196e+03
2.748179120179569054e+03
2.816015758155228923e+03
3.451809301067751676e+03
4.538247449695767500e+03
3.490764783480053666e+03
3.524355995921102931e+03
4.375527071421347500e+03
3.594009602935466773e+03
5.115893338194282478e+03
3.680268171968029947e+03
4.319079267093789895e+03
4.724967332658410669e+03
5.097989830182966216e+03
4.514637761190952915e+03
4.304232085811710931e+03
4.091854825940650699e+03
3.991976789250672027e+03
4.476234243693606004e+03
4.414717879663015992e+03
2.709802226030847123e+03
2.191827326585657829e+03
3.324052151782781038e+03
4.349095080366304501e+03
3.779855092159608375e+03
2.729403115032534515e+03
1.915958929734029880e+03
1.915820214120927631e+03
2.584185550902040177e+03
2.140061812910360459e+03
5.000029053532871330e+03
4.493376816864348257e+03
5.373672360107203531e+03
4.057963518589795513e+03
3.252539078939777482e+03
3.398791839364579573e+03
2.849992403854210806e+03
2.219650636356963332e+03
1.496757211894342845e+03
2.266538532983390724e+03
2.577169601469929148e+03
2.937832457398205406e+03
1.508386464472986518e+03
3.002168993511915687e+03
2.556890720700151633e+03
4.326590573569186745e+03
5.073283907241500856e+03
4.192030071422052970e+03
3.081158833789651908e+03
3.451090393701750600e+03
2.756235210142585402e+03
1.451847218788237569e+03
1.698846996115135880e+03
3.022502174895036205e+03
2.282481590433272231e+03
1.257621359189905206e+03
5.428092605630208709e+03
7.033800373420688629e+03
7.713831608046613837e+03
6.690351910898917595e+03
4.214878232285433114e+03
5.885013373746762227e+03
5.078009912477028593e+03
6.897368552694918435e+03
2.721041788778361479e+03
2.025886243507376776e+03
1.566475399536683199e+03
2.040955991810684964e+03
2.111379983310015177e+03
2.098401749248699616e+03
2.481360446975302693e+03
1.473756425591078141e+03
1.975460880451794765e+03
2.328648090142205092e+03
2.951652275708931484e+03
2.964088266427506369e+03
3.338553662679331865e+03
3.467420581613659124e+03
4.191197659467967242e+03
3.462883788351377007e+03
4.433325091343675012e+03
4.813461081195724546e+03
4.140583465581235032e+03
2.250370235874049740e+03
2.067434991432810421e+03
2.549208280557788385e+03
2.051201857249887325e+03
3.042255651559974467e+03
2.941787251654924603e+03
3.748631334956508908e+03
4.964295655958679163e+03
5.185472695968697735e+03
5.685793744839603278e+03
6.182393894251285019e+03
6.246938802696916355e+03
4.558961869552899770e+03
4.890955923139053084e+03
4.214826864277625646e+03
4.686241157975241549e+03
4.998846940821247699e+03
3.969004541565394902e+03
2.622321716285782713e+03
2.574310151559321184e+03
1.869033999460600626e+03
1.604452246094360589e+03
1.745035705363693523e+03
3.608329561695320081e+03
4.189213617500373402e+03
4.229804398592603320e+03
2.634337487914793201e+03
3.541437633968437694e+03
5.648871906545508864e+03
4.660298857050437618e+03
5.642063042353301171e+03
4.976202633332911319e+03
5.704754079527949216e+03
5.083009282565530157e+03
4.970434983715223098e+03
3.488286017142986566e+03
3.593157198560259530e+03
3.082702025156680520e+03
3.385344238309245611e+03
3.554639413887766295e+03
5.490818028925527869e+03
4.216142484746381342e+03
3.360064054069573103e+03
2.613733263066700601e+03
4.862169629540690039e+03
3.753760138561095118e+03
3.008279499230449801e+03
3.123663497728595758e+03
3.169515286556376395e+03
2.630186663462726301e+03
3.784318420583576881e+03
2.466088681802509655e+03
2.782718508042386020e+03
3.367471536396737974e+03
3.583656270573011170e+03
3.621812017567812291e+03
3.056044334163254916e+03
3.318936093308884665e+03
3.179161958669338219e+03
3.974040987677083649e+03
4.231162245084513415e+03
3.871298524361716318e+03
4.867773823115050618e+03
3.515733506685808152e+03
5.650206932953838077e+03
3.283249439878404246e+03
3.662295550491381618e+03
4.057487880879996283e+03
5.337760058778212624e+03
7.103761160381354784e+03
7.875852256142322403e+03
6.327510899144196628e+03
7.709789363574838717e+03
7.935059247124814647e+03
4.550123786313118217e+03
6.579843183263929859e+03
6.398255581257145423e+03
6.514957718647517140e+03
5.360589713271230721e+03
6.155169326675418233e+03
6.054476705434257383e+03
4.578715909575171281e+03
5.867325915501113741e+03
5.474753505940572722e+03
5.890785549577154598e+03
6.171294424145671655e+03
5.864588479809624914e+03
4.460475327885602383e+03
2.931920290316109458e+03
2.457749876564972055e+03
2.453819381960365718e+03
3.102484669360217140e+03
2.905113047541537071e+03
1.990461610123108585e+03
1.846967310419929390e+03
1.535923026756013314e+03
1.461528089924205233e+03
1.364726338007912545e+03
1.897018470457253443e+03
1.276370942209435498e+03
1.034562961932409280e+03
9.951322521610441072e+02
1.103914019048754199e+03
1.034142162987561278e+03
1.090272603381319414e+03
1.407978234176297974e+03
1.533314476716098170e+03
1.662785366518108958e+03
4.230716623614398486e+03
4.227146685942009753e+03
3.875324755081460353e+03
4.469166518989979522e+03
4.118126049938551660e+03
3.928417549263468572e+03
3.259402068470469658e+03
2.735088194971207486e+03
2.203352548519925676e+03
1.296184479230756779e+03
2.735747784864556706e+03
1.816680467320346679e+03
4.689739083520679742e+03
4.015553485080078644e+03
5.042439830644409994e+03
5.622662072688605804e+03
4.414433266371340324e+03
6.178401086442800079e+03
5.479061751339571856e+03
4.973961596466968331e+03
4.657911995311081228e+03
2.888613321479307160e+03
3.799585765126627848e+03
4.029572873667820659e+03
3.721901139718107061e+03
3.466484310640695185e+03
4.036824845831352377e+03
3.914919837731990356e+03
3.540420626320518750e+03
3.891123369125328281e+03
4.134846870202660284e+03
3.921456532975890696e+03
4.268341612793034074e+03
4.449949486087531113e+03
5.099681238758778818e+03
4.019390326126140280e+03
3.350317055549990528e+03
3.723353989814625493e+03
3.581772966032611293e+03
2.600794238769221920e+03
1.246986014592363745e+03
1.232102581650836555e+03
1.501436748965274319e+03
2.156583638871592484e+03
2.839771210032787167e+03
2.961174520892702731e+03
2.827096869615066680e+03
2.355809481402314304e+03
1.514935658539323185e+03
3.683037695814223298e+03
4.304978633531159176e+03
4.088828463361745435e+03
3.093508957778250988e+03
2.981964438964900182e+03
2.602220332654072990e+03
3.719111533830621738e+03
3.477943960434092332e+03
4.771001710832286335e+03
4.575682767388358116e+03
3.353480984927214195e+03
3.401147167221213749e+03
4.220605716340391155e+03
3.133412618032480168e+03
1.822284947762313550e+03
2.024802684859409055e+03
2.135084571059441259e+03
2.185469843018655865e+03
3.430636732497139747e+03
2.664935878301037519e+03
2.856476378968315657e+03
2.964083923802658319e+03
2.797389603705018089e+03
2.506464478942048572e+03
3.064107753765749294e+03
2.517653649793013756e+03
2.976037361475415764e+03
4.204894260128693531e+03
1.569503440308859354e+03
1.018019650836738947e+03
1.132293998892894251e+03
1.221981364033801128e+03
1.319340331476242000e+03
1.102371841074860413e+03
1.288512478983202755e+03
1.208967330405505891e+03
1.829918803935539927e+03
3.331583557277160708e+03
2.753551743063781942e+03
3.153157052406556886e+03
2.868778261631382520e+03
2.678423210431726147e+03
2.562684895886062350e+03
3.054576110282134778e+03
2.671061092443104826e+03
2.431217512415084002e+03
2.140988856406162995e+03
2.360888588175263521e+03
2.472540132550044291e+03
2.147577839960918936e+03
2.041476517238039378e+03
1.871503270399275380e+03
2.039387076783217481e+03
2.470877027048022683e+03
2.277192284508221292e+03
2.708554218985188982e+03
2.480710507046000657e+03
2.080831350848812690e+03
2.169702177477479381e+03
2.191641935371016189e+03
2.256460588422939054e+03
1.944683340344942053e+03
2.164422799109875541e+03
1.887352703780158663e+03
2.654792506949038852e+03
2.489922111600750213e+03
1.906845684972979598e+03
2.645145333187209872e+03
2.420045917198957795e+03
2.615611437401390958e+03
2.878827955084239420e+03
2.905964331405350549e+03
3.630602622471335962e+03
3.302003551915842763e+03
2.939272767408132495e+03
2.238120674832666737e+03
1.082762296057350113e+03
1.312019743184902381e+03
1.200876573188501425e+03
1.382455387504873215e+03
1.333720434391253093e+03
3.765948822926904541e+03
4.228427643645879471e+03
4.046631738847623637e+03
3.328910886427065634e+03
3.916509033118093612e+03
5.348612801338254030e+03
4.192639691995206704e+03
3.408260713934917021e+03
3.350151382855973679e+03
3.355706081183485821e+03
2.900041089775510045e+03
3.108645441504720566e+03
2.318422377745766426e+03
2.890678850851664720e+03
3.407297716371932438e+03
2.625072568543827856e+03
3.690765089651847120e+03
4.168130232631798208e+03
3.467023079140964455e+03
3.764194716081688057e+03
4.533323646842847666e+03
3.292105741413152373e+03
3.352831095511469812e+03
2.644749294413342341e+03
4.371703918936555056e+03
4.279535360429571483e+03
4.091775580215716218e+03
2.898659199531052764e+03
3.705453666226610039e+03
3.653843101700994339e+03
3.912557249568702900e+03
3.930354324249623005e+03
4.089380857411081251e+03
3.403757755788490613e+03
4.380215159424842568e+03
2.835237276359765474e+03
2.142603113678265800e+03
3.061098279902933882e+03
2.212920806914803507e+03
1.949502096944501318e+03
2.743073678863654095e+03
3.057892744792015037e+03
1.995924842692355469e+03
4.157695676305746929e+03
4.799736584471482274e+03
6.466938452041214077e+03
4.680762684098348473e+03
2.115768910776645498e+03
2.072822748196046177e+03
2.133225717697792788e+03
1.638604690182120976e+03
1.755433439951873197e+03
1.663879252059397231e+03
2.108403951183357549e+03
1.422484172153815280e+03
1.966092222839439273e+03
3.420204602509712004e+03
3.020344934716456009e+03
2.796076297868358779e+03
3.624949549781030328e+03
4.853009906713189594e+03
4.580611353620603040e+03
4.981864518898795723e+03
5.051840333665137223e+03
4.236669171566446494e+03
4.389556547805115770e+03
4.544016573654617787e+03
4.521075309562535040e+03
4.537866329964534089e+03
5.442559447854711834e+03
4.346410736594214541e+03
2.972761632885461040e+03
3.822466794099754225e+03
1.943721308818555599e+03
2.864241885846033256e+03
2.726453790501014737e+03
3.012579314665819311e+03
3.184156475192678499e+03
2.978642241730437490e+03
3.294630219552403105e+03
3.128592558614904192e+03
3.392973873256667503e+03
3.140539321691092937e+03
3.533743979874461729e+03
3.179009193407706789e+03
2.645481544218468116e+03
4.199687862983622836e+03
5.301991667544196389e+03
4.370337245822674049e+03
3.920148082784035523e+03
3.993853328181682627e+03
2.352898842411010264e+03
2.699451601725691035e+03
1.814743104927710874e+03
2.293216784841646586e+03
2.566645821765424898e+03
2.213404228076156869e+03
1.987163692190970096e+03
1.883067423904842826e+03
1.885807090343328582e+03
3.011796499838389991e+03
6.587667051884088323e+03
7.638473621363382335e+03
5.574003938538031434e+03
6.056992122869144623e+03
5.220685135081807857e+03
4.440001105295327761e+03
2.924357314231410783e+03
2.924012992139914786e+03
2.596313131358443570e+03
3.103731522099160429e+03
3.199923010307511959e+03
2.220938271079095557e+03
2.735436075009640263e+03
2.685565451340851268e+03
5.318546334898005625e+03
3.165454892806053067e+03
3.302148185160178855e+03
2.829228715664743049e+03
2.900266806418513170e+03
2.848972242866413126e+03
2.389491529936750339e+03
2.096295350971241533e+03
2.003691145054733852e+03
3.756742315561240503e+03
3.131985700517634996e+03
2.815704627990951849e+03
2.518762943665447438e+03
2.679325016540482466e+03
2.540333141366454129e+03
3.296732449196774724e+03
3.604321560868820143e+03
3.293743788776751899e+03
4.312042525687167654e+03
3.925280699297169576e+03
4.719840702421207425e+03
5.462017492072602181e+03
4.117072541753364931e+03
5.296431848505095331e+03
3.804158239832798245e+03
4.492384806341615331e+03
4.841553614456598552e+03
4.455687253241802864e+03
3.585821710391061060e+03
2.421340265294854362e+03
2.181969941187735913e+03
1.883729312886263642e+03
2.849455711007569789e+03
3.802724374191328025e+03
2.788175978472409042e+03
1.852748362345581427e+03
1.021196813481744584e+03
2.407151647829337435e+03
1.766217944364747837e+03
2.837750001231225269e+03
4.550683361311590488e+03
3.897422071623949705e+03
5.029911881374536279e+03
5.543949403000729035e+03
4.864670569644270472e+03
5.306257872720560954e+03
5.911014249623502110e+03
5.908901246262594213e+03
5.362383699081407030e+03
4.697272635249879386e+03
6.022371510857171415e+03
5.498559191087640102e+03
5.091395115457247812e+03
5.680379370162965643e+03
3.764187068634355910e+03
4.903789669655444413e+03
4.728248267538250730e+03
3.557829235763067572e+03
4.653754025074724268e+03
5.061388993155608659e+03
3.141643996642486854e+03
4.896310513831163917e+03
3.807999212474559044e+03
5.670366321003387384e+03
6.350711230418423838e+03
5.727672244197990949e+03
6.030523788968715962e+03
5.465783797225602939e+03
3.891874663545077055e+03
4.074723779917692809e+03
5.286940662039035487e+03
3.933768167938071656e+03
2.423141467758137878e+03
4.101794085427954087e+03
3.215866183636691403e+03
3.127055871724601275e+03
2.585629983908458144e+03
2.344217080768225969e+03
2.076250942931307236e+03
2.904859327203453631e+03
3.700294194602637617e+03
4.822912451972391864e+03
4.482698583557305028e+03
4.403584457770663903e+03
5.145120589911453862e+03
4.377404896749871114e+03
4.531574070421838769e+03
5.051597353335490880e+03
4.433026939284585751e+03
4.596812062176407380e+03
4.227976204310562935e+03
2.952001317689727784e+03
3.209043001123862723e+03
3.407042968666033630e+03
2.290431605836586641e+03
4.615675259126069250e+03
3.432328385535955931e+03
2.111370816763008861e+03
3.856688966022508794e+03
3.940185826554904452e+03
3.093778775380808838e+03
2.923629800615778095e+03
2.960638678126265404e+03
3.200384275056655042e+03
2.640859392271336674e+03
3.898587762880549690e+03
3.641259853903325620e+03
4.724211115390133273e+03
3.907250857902406096e+03
3.856523068111436714e+03
3.341250906863544060e+03
2.543063220856907265e+03
3.162464996970102220e+03
4.315202384917099153e+03
5.609223638998885690e+03
5.457083355766610111e+03
5.798076053487287936e+03
3.917439704568508205e+03
3.101027517797213477e+03
3.700698893174160276e+03
3.457204756833331885e+03
3.174283438093267705e+03
2.478204137830747186e+03
2.853683662307340910e+03
3.224631601530957141e+03
3.568100613647224691e+03
3.866967540335287595e+03
4.051245610007090363e+03
3.011465112712358859e+03
2.752160647137461183e+03
3.381069239958560502e+03
2.344333920980138828e+03
3.428263628592020723e+03
4.739748406461212653e+03
3.461814280343795417e+03
5.649888012596893532e+03
5.033123587618839338e+03
6.292505619001404739e+03
5.769403560025133629e+03
3.719974460844456644e+03
4.017932328955107096e+03
3.991380928289447183e+03
4.423808635644300011e+03
4.946355578362872620e+03
5.314398620042556104e+03
4.994595368091439923e+03
5.184991895031014792e+03
4.211422861515560726e+03
3.635096269316604776e+03
2.477997567402476761e+03
2.604630104394717819e+03
2.928683737702234794e+03
2.095039788257062355e+03
3.024254012629920908e+03
2.251869349752581456e+03
2.299724266162984350e+03
1.810866831962697461e+03
1.540859394632919020e+03
2.809642537498500587e+03
3.964390578695601107e+03
4.284869381960243118e+03
5.105292022883970276e+03
4.264016960237361673e+03
4.312359826094426353e+03
3.911192597358501644e+03
4.636811721947725346e+03
4.427710150430984868e+03
4.750048939018998681e+03
4.620487368769935529e+03
2.528438830939582203e+03
2.893492203342533685e+03
3.274452197399688885e+03
3.167218587238287910e+03
3.704077928656432960e+03
3.286001026065802762e+03
3.189283813704165368e+03
3.903493181009281216e+03
5.253653234139272172e+03
6.171092353340310183e+03
7.367873884210708638e+03
7.096804789489311588e+03
5.227959057596427556e+03
4.831050107626357203e+03
4.023819828608631724e+03
4.173606658549820168e+03
3.815090891077738434e+03
2.935376165755885722e+03
3.662342296688913848e+03
3.668429796704479486e+03
3.518737185220496031e+03
2.948578494422939912e+03
3.078976986712340022e+03
4.140494922121656600e+03
3.308177069633387418e+03
3.874796369681975193e+03
4.186880049537317973e+03
3.273398065776329531e+03
3.615530054063793614e+03
3.573565347907204796e+03
3.357773331576152486e+03
2.519333737225520053e+03
2.659515103702974102e+03
3.898889641995389411e+03
4.185717104781374474e+03
5.686214790350223666e+03
5.475470766047787038e+03
4.776401677651808313e+03
5.486173528294210882e+03
4.318101183866050633e+03
4.718234189151991814e+03
3.716234414032559016e+03
4.049753480040561044e+03
3.945206155341963949e+03
4.635977452829712092e+03
3.530991708034164276e+03
2.774075067249978474e+03
3.472790749887572929e+03
4.943187769301815024e+03
3.696853603509285676e+03
5.345802560260107384e+03
5.660592408740719293e+03
4.784693196885235920e+03
6.201086731441703705e+03
5.274720753198179409e+03
4.059232122061634072e+03
4.180689959017437104e+03
4.326548700308218031e+03
5.245026167484026701e+03
5.822704046794690839e+03
4.914654002676398704e+03
4.647409063972141666e+03
4.465568211755396987e+03
4.154743430606589754e+03
2.820565725941609799e+03
2.230260235068481961e+03
2.793439351906678894e+03
2.660280281870118870e+03
4.314412435405900396e+03
4.760186936475774928e+03
3.281636203446314084e+03
3.148862513430559829e+03
3.660813200790487826e+03
5.275891890142952434e+03
3.342123290684639869e+03
3.460368949039152085e+03
2.080912305638852104e+03
2.833908427442299853e+03
2.311384771509234270e+03
2.439683029432935200e+03
2.154632431958289999e+03
2.039943068062560769e+03
2.731510111413166214e+03
2.647069077694555745e+03
2.030533561486948884e+03
3.929634933746153820e+03
5.133241363960897615e+03
2.974693007602624220e+03
5.388872006778234208e+03
4.944714009827119298e+03
6.949308303950002482e+03
5.318912445538434440e+03
6.911779106059815604e+03
5.462410753402936280e+03
7.131292938436281474e+03
7.177882979196343513e+03
6.629508552357529879e+03
6.133578135959336578e+03
6.399250693315323588e+03
5.720977711400056251e+03
4.482864727948897780e+03
4.637099207517429022e+03
6.377803139375536375e+03
6.128686567852793814e+03
5.545718199825049851e+03
5.027438633065601607e+03
6.289962139098232001e+03
4.635470005376300833e+03
5.883595252729899585e+03
6.219268004831897997e+03
6.170787314582144063e+03
4.118244774295448224e+03
4.594926947612470940e+03
3.892507904090795819e+03
3.224517635438571233e+03
3.648257557605142210e+03
3.596640675914342864e+03
3.483073179070182505e+03
2.904930771032687517e+03
3.715554791054800262e+03
1.792663038950299324e+03
1.934502544145844013e+03
1.962908774898213323e+03
1.358273909128713285e+03
1.289269072043867027e+03
1.491292432682198978e+03
2.132104010402242693e+03
1.503561241339321668e+03
1.156811433469012854e+03
2.274814503669633723e+03
2.295483303896703546e+03
2.197722812631015131e+03
1.394446540002783422e+03
1.341883495369843558e+03
1.171454228238924088e+03
2.941238411732281747e+03
1.846210179438025307e+03
2.606388643510296788e+03
2.702358818919179157e+03
3.959763441416460410e+03
3.708276981816358330e+03
3.451297117659132709e+03
2.397954893793012616e+03
3.380802671352493689e+03
3.710785389296626363e+03
4.785013056477101600e+03
5.844470269170033134e+03
6.527904231609103590e+03
4.678372888268339921e+03
4.270663275343272289e+03
3.593484483612054646e+03
2.544924947776446970e+03
2.554834264572411939e+03
2.057433442504237973e+03
1.664669439525091775e+03
1.376822976313088475e+03
2.286654038334406323e+03
2.455676137842032404e+03
3.778701738241039948e+03
3.810184180480934629e+03
3.596369087998905343e+03
3.480943805754386631e+03
3.538704516603228967e+03
2.671322826225954032e+03
2.797540012654635120e+03
2.315353195388132463e+03
2.427561752060330036e+03
3.009456390536861363e+03
3.487195105394159782e+03
2.904230025298399141e+03
2.756359408441813684e+03
2.241228273374782930e+03
1.837031318586014095e+03
2.335069306334696648e+03
2.126796195693736536e+03
1.912644781660751505e+03
1.577985877879427107e+03
1.671326792308555923e+03
1.799617452982587565e+03
2.022856000372885774e+03
5.374363447636871570e+03
4.679398742031513393e+03
6.227289089135861104e+03
3.946850444569642150e+03
6.778953324485647499e+03
4.717285643509220790e+03
6.417548695528823373e+03
5.585363554122700407e+03
6.417000578081111598e+03
5.054815515127467734e+03
1.954344997340635928e+03
1.698166079324016664e+03
1.461235869124507417e+03
1.825269420416435651e+03
2.902438314670117052e+03
3.081111083512305868e+03
3.108282482922165855e+03
3.505371739222999167e+03
3.094140067816506871e+03
2.703474844700152971e+03
2.301326984299201285e+03
2.518097117371804870e+03
2.384310639272890512e+03
2.033821277671236658e+03
1.603345035172856569e+03
1.031746319899555147e+03
1.028875548532785160e+03
1.563322528717476189e+03
3.476946087455095949e+03
2.689964728103374910e+03
5.171611544170437810e+03
4.443910439509849311e+03
5.761169452930319494e+03
4.127242723930302418e+03
3.894818291385025077e+03
1.590707408266652237e+03
1.393053196952511144e+03
1.776665130773427791e+03
1.548964125984405655e+03
1.594474995422254096e+03
1.886506595721847816e+03
1.866493947304526728e+03
2.012857310807841031e+03
1.781836359978253768e+03
1.998592737777988532e+03
2.084159589153258821e+03
2.077720059957405738e+03
3.144269583133304877e+03
3.838206328657634458e+03
3.927860240090504703e+03
4.287342336470167538e+03
4.853200367656660092e+03
5.068515072688755026e+03
5.142464182365088163e+03
7.060245119561382126e+03
6.236248994934223447e+03
5.992692514726046284e+03
7.562305523594183796e+03
7.473602224568043312e+03
4.881503004511696417e+03
7.608208348754270446e+03
7.246958227774158331e+03
5.828460203335604092e+03
6.383441634479741879e+03
5.892713459164914639e+03
5.336145566223833157e+03
4.291519492631436151e+03
6.084055758284936019e+03
5.011244232472629847e+03
4.524567880428970057e+03
4.247867060770906392e+03
5.272483621174683321e+03
5.028816792441241887e+03
3.281680966838537188e+03
3.427714404159121841e+03
2.351302903276140569e+03
2.327025263514126891e+03
3.366235125308508032e+03
3.190779586685051527e+03
2.397994663930342995e+03
3.691945220732428879e+03
3.371414413448559571e+03
1.559195968845937387e+03
5.160229759538160579e+03
5.583367982211550043e+03
6.938921762417826358e+03
5.766519626280372904e+03
5.573306248558164043e+03
4.535977116408672373e+03
5.473474443986398001e+03
5.250086682176691284e+03
3.906235499982385591e+03
1.052761384234330308e+03
2.088229939471051694e+03
2.849733335520947094e+03
2.849643985531280578e+03
4.084478004167626750e+03
2.995848187995731678e+03
1.944431456373303035e+03
1.985083832757833079e+03
1.576311275862229422e+03
1.685185117462953713e+03
2.449802927830612134e+03
1.451586352264505422e+03
2.462922616563287193e+03
3.029524460120870572e+03
3.644274352236051527e+03
3.713121658810617191e+03
1.849517261904448333e+03
1.038986378648852451e+03
1.029140960856166657e+03
1.529497456900490988e+03
1.365825331938692443e+03
1.279102656530126751e+03
1.423270961088304603e+03
2.704222503752605462e+03
3.384890089105790139e+03
3.006517964624625165e+03
3.814132142464951357e+03
3.719786919092891821e+03
2.976721713560752960e+03
3.159186683854873991e+03
2.606563734661967374e+03
2.853226450296772782e+03
2.662705560501177388e+03
2.723792692445319972e+03
3.255854240357221443e+03
3.587294800472062889e+03
2.986378015176097961e+03
2.774743904264813409e+03
3.532194214696888139e+03
3.311657478207747772e+03
3.063061160539615685e+03
2.810784403426072913e+03
2.947593131711610113e+03
3.268923954790462176e+03
2.755573214335498506e+03
1.831612043801807658e+03
1.576670015371784530e+03
1.263021272651708841e+03
2.383587109503703687e+03
1.364169430940242819e+03
1.933672425187560975e+03
1.533660877525493788e+03
2.437432896100697235e+03
2.771778129140128840e+03
2.874445541455012517e+03
3.551605445202786086e+03
5.769632474784392798e+03
6.603667977797859749e+03
4.885801071050552309e+03
2.719793365309044020e+03
1.987228533741038973e+03
2.034404098011488031e+03
3.057093712509024954e+03
3.893995192539661730e+03
3.026832532780240854e+03
2.560629839581077704e+03
3.300577464323839649e+03
3.471647847240971714e+03
3.803602962023892815e+03
3.071547345042991765e+03
3.648334931728682932e+03
3.997833445965261490e+03
4.478343270194180150e+03
4.463273183050176158e+03
4.735649803367190543e+03
3.020698104639913254e+03
2.794227301737250400e+03
2.354724002527544599e+03
3.016861574701302743e+03
3.901933091313307614e+03
3.222691189494262289e+03
3.781749334420921514e+03
3.344066622605452721e+03
3.078990797995560570e+03
3.958102001114476479e+03
2.880786545659822423e+03
3.667998869514826765e+03
3.594042708479048088e+03
2.807487196538062108e+03
2.424923581997335987e+03
2.475259802778100493e+03
2.156030898577728749e+03
1.813874660230294012e+03
1.963940178769879594e+03
2.113462476155378226e+03
1.814371411349786513e+03
2.865188349151620059e+03
2.166082232193253731e+03
3.342542728823853395e+03
3.159434639153204898e+03
3.030956973043680591e+03
3.463427385993932148e+03
3.126643648226232017e+03
2.263795468846981294e+03
1.270607912755931011e+03
9.995711398830093231e+02
1.173252446631977591e+03
1.759041448251359952e+03
2.110759789421855658e+03
1.993456298754834279e+03
2.744288178205958957e+03
3.066488825795066532e+03
4.381968864134192700e+03
4.521783073018066716e+03
5.943691815272018175e+03
4.904539223858202604e+03
3.578766666687827637e+03
1.802440449205525965e+03
1.805670589559613745e+03
1.542786077962880199e+03
1.732755670950193689e+03
1.783654306599397842e+03
2.398197546830854662e+03
2.724044003732514284e+03
2.813981806256771051e+03
2.978256375343215950e+03
3.154078644048003753e+03
3.019816343463915018e+03
2.614225349015127904e+03
2.761346286613140819e+03
1.547945846284741492e+03
2.680479966484037959e+03
3.421449272469953030e+03
3.642997090502090032e+03
3.682398457603188035e+03
3.743621741400667361e+03
3.491850833362474532e+03
3.836148492704559430e+03
4.449226846955743895e+03
4.497730823527675966e+03
5.109177417012926526e+03
4.841798225452590486e+03
5.390528147175138656e+03
3.636676617912662095e+03
4.274459937499845182e+03
4.699924474681042739e+03
4.219713979831786673e+03
3.690018211123481706e+03
3.418608858068465906e+03
2.512279071168235077e+03
2.630413414132915477e+03
2.881265361287698852e+03
2.904500509016138494e+03
3.668410380605999762e+03
3.483768559891889254e+03
3.768142830288179994e+03
3.716808626775070479e+03
4.086961384310163339e+03
3.230142493286072749e+03
2.531753221919557291e+03
2.702572042154251903e+03
3.143784370253192719e+03
3.729306321300618492e+03
2.748831668898130829e+03
2.605814531092387824e+03
1.290515685326564835e+03
1.641100582241694610e+03
2.098724308498038226e+03
1.964487699031786633e+03
2.474838539966241569e+03
2.156631026147845205e+03
2.798240994327990393e+03
1.461751628723422073e+03
1.615348846421999724e+03
1.856587223654343688e+03
1.700532298176539825e+03
1.904115504329133955e+03
2.082061205913513732e+03
3.319569285315277284e+03
3.956142184896668823e+03
3.540531553445458940e+03
4.537241447783474541e+03
4.492072214999489006e+03
4.216367543194205609e+03
3.289121728161201190e+03
2.967827607043556327e+03
2.989520837622577801e+03
5.750612300935795247e+03
4.792628154004461067e+03
4.472489226357388361e+03
5.136289309674012657e+03
4.512543104022428452e+03
3.727569590895444890e+03
2.978316482075304975e+03
3.475168609091278995e+03
3.853022846777871564e+03
4.712589615456027786e+03
2.905474645332425098e+03
3.842096309706196280e+03
3.909833668984999349e+03
4.553514836368314718e+03
4.716936868717215475e+03
3.033285056744768099e+03
4.803178270537337994e+03
2.874530682657034049e+03
3.415891454879285902e+03
2.387602229556166094e+03
2.296631487317690244e+03
1.775604028499218657e+03
2.976531071409084689e+03
3.579363823994227914e+03
2.254423424889369926e+03
2.002958138012345671e+03
3.574858211171733728e+03
3.386219167569176534e+03
2.495644195383933038e+03
3.479166149809971103e+03
3.441499271506449531e+03
2.936198873860275398e+03
3.845842019591896587e+03
2.821555265790466365e+03
4.326139024856947799e+03
5.536148868109321484e+03
4.646406228653942890e+03
4.395568903695670087e+03
4.499249350724381657e+03
5.574861204376194109e+03
6.646517889045205266e+03
4.194801862553855244e+03
4.937337563325036172e+03
4.567887196077194858e+03
4.635988799374340488e+03
5.814833534524677816e+03
4.401593268295306189e+03
4.799521737313265476e+03
4.098320942263597317e+03
3.835332332936124203e+03
3.990840620333873176e+03
3.586072348131355284e+03
3.293067189424173193e+03
3.686919627254527768e+03
3.406944099258071674e+03
1.623118284474979419e+03
2.512640115245733796e+03
1.881610884604742751e+03
1.456090318436383996e+03
1.705929645849707867e+03
1.513175066033425992e+03
1.299185123434800971e+03
1.648677760557584861e+03
6.165133290968300571e+03
4.421757006225576333e+03
6.953688981101191530e+03
2.974286869566391033e+03
3.898756005126590480e+03
2.951978723406369681e+03
4.272559871019435377e+03
4.424680757320605153e+03
5.989571665652109004e+03
5.643278878278777484e+03
5.389907731345869252e+03
4.253362122095333689e+03
5.623482492123687734e+03
4.781472343145569539e+03
5.767204607135523474e+03
5.941686757645367834e+03
5.221653831179154622e+03
6.520761712758315298e+03
3.424579818462598723e+03
4.117292819200688427e+03
3.919194397070087234e+03
3.101926614172690734e+03
3.458953903314203671e+03
3.347344369753475803e+03
3.750271630149438352e+03
4.518718326613348836e+03
4.040910166883381407e+03
3.489033248757767979e+03
1.544862095767165556e+03
1.522655160028188220e+03
2.005410743811002249e+03
2.167102640496875210e+03
3.056235107810876343e+03
2.706031105576457776e+03
3.639488470900604170e+03
2.482920276483542693e+03
2.414683520163184767e+03
2.568241456593977091e+03
2.692690296659870910e+03
1.400851999300583657e+03
1.812073062222732915e+03
1.362622491531336209e+03
1.147822509319477831e+03
1.435165578351040494e+03
1.556401895489819935e+03
1.868436653589998514e+03
1.620782427806419491e+03
1.639283989340571225e+03
1.673592743851517753e+03
1.836149328565890983e+03
1.285406908215327803e+03
2.274865624750899315e+03
2.393139213879965155e+03
2.963797182285145482e+03
3.263091649608474199e+03
2.761427687354668251e+03
3.228644229449698287e+03
2.779563983869017193e+03
4.075066568078217188e+03
3.310818033790647405e+03
2.627321692404809255e+03
2.443229014214239214e+03
2.327262641642362723e+03
2.892418063602829989e+03
3.691803642335314635e+03
3.937776156788508615e+03
2.866198931388847541e+03
2.743141685422785486e+03
2.766154625240643327e+03
2.589447579811727337e+03
2.489407948179648429e+03
2.173347803565485265e+03
2.495301881978388792e+03
3.899161400937072813e+03
3.009434194641207796e+03
3.733598096511060248e+03
2.834753302868552055e+03
4.190367015229275239e+03
4.197052084860835748e+03
3.326048223352255263e+03
3.199448620269079129e+03
3.656782259100938063e+03
3.257119865374727397e+03
2.220461863047279621e+03
3.028655203653941498e+03
2.831993499804829298e+03
6.177489952888137850e+03
2.529697352030932961e+03
4.168822060949908519e+03
2.807557965997451902e+03
4.191535900114705328e+03
6.649166933428523407e+03
6.569871665589790609e+03
3.351420024355186797e+03
2.704624193049402038e+03
2.973595070216959812e+03
3.266490477595584707e+03
2.794677447166131515e+03
2.485266546868780551e+03
2.235273246894650583e+03
3.881272921424260403e+03
3.884229823708485128e+03
3.195046833484134822e+03
2.757850100271736210e+03
3.069680931973532552e+03
2.545726468723144990e+03
3.125429588518580658e+03
3.351491506979744827e+03
3.694800780367945663e+03
3.291711945652955819e+03
2.348064957431624862e+03
2.650139373514361978e+03
3.105006947446045160e+03
3.953210983459985982e+03
4.173474780301618921e+03
3.107417127063844873e+03
3.050644644553405215e+03
3.018539856166123627e+03
2.446983006601878969e+03
2.759430589193536434e+03
2.409522272171429904e+03
3.048923098691047926e+03
3.143271236795987079e+03
3.983312586454071152e+03
3.871604945091218724e+03
3.627007435009771598e+03
3.101951246210066074e+03
6.627095309972848554e+03
3.150190432609549589e+03
2.355264044763246602e+03
3.296297553850801705e+03
4.220750895922326890e+03
3.970716012777145806e+03
2.824038356434051366e+03
2.822530969520468716e+03
2.397905327115326600e+03
3.325139496630462418e+03
3.223780197251376649e+03
2.843633054202918174e+03
2.546434983815326177e+03
2.754690431610756605e+03
2.959096091117420201e+03
2.661519271088512141e+03
2.569948636351711230e+03
2.980526858730190270e+03
2.784294007039883581e+03
3.386297539518560370e+03
2.764859380700693237e+03
2.887428171537653725e+03
3.187617896320889486e+03
3.805989238010473400e+03
3.043303541839823993e+03
3.549276075614615365e+03
2.651292433662041276e+03
2.845105203832968073e+03
3.584123584836568625e+03
2.733570971884828850e+03
4.127648195868147923e+03
3.176710523208140330e+03
2.489012569915918448e+03
2.822797887787584386e+03
2.424212152275171320e+03
3.532121750959567635e+03
3.455976402315066480e+03
4.255558818207613513e+03
2.959048302360534308e+03
3.058340008319877143e+03
3.093484385414066764e+03
2.212670828536928184e+03
3.404304345542980627e+03
4.153528681855619652e+03
3.461792334754490639e+03
2.398596003703340102e+03
4.097759808987316319e+03
2.933973254125452968e+03
2.626375524057258190e+03
3.612325869368713938e+03
3.987017731027821810e+03
4.039565268892005406e+03
2.826483019026001330e+03
3.494094744622085273e+03
3.276872209463348099e+03
2.470813493650046439e+03
3.236690744790082590e+03
3.847107261598518562e+03
2.663750876124439401e+03
3.885831548379465403e+03
3.730970975220142464e+03
2.983992496624640808e+03
4.286081366906049880e+03
4.139230856591292650e+03
3.219352738767148821e+03
2.948916855032777676e+03
2.408071348164092797e+03
2.890660881925567082e+03
4.081555388232980931e+03
2.425638966357909339e+03
4.037388495267782673e+03
3.262227533763237716e+03
3.503056552409718279e+03
3.907661509412810574e+03
2.758336793573454543e+03
2.741751804081975934e+03
2.406710635929799537e+03
2.563212834257468330e+03
3.399715892525082381e+03
2.339074346885476189e+03
2.883252115441649948e+03
4.096280421947131799e+03
4.228978643369548081e+03
2.690100517112508896e+03
4.166109231316293517e+03
4.149035931899332354e+03
2.552580699765079771e+03
3.157305266191230203e+03
2.851647987624451162e+03
3.058458123728778901e+03
3.195455659400407967e+03
2.265542757179498494e+03
3.029075047910544981e+03
2.741399980339665490e+03
3.129034553761063762e+03
3.775080397931075822e+03
1.830597229659916366e+03
4.091860588480906699e+03
4.145526230375256091e+03
3.078783194435945461e+03
3.599160743358137552e+03
3.780250665070600462e+03
3.385186443267960385e+03
3.252357701146433101e+03
2.929383717587343199e+03
2.716812898681896513e+03
2.968400771688678105e+03
2.791186018409288408e+03
2.804663267606990757e+03
2.723553515648086432e+03
2.792864615176843927e+03
2.835667239765620707e+03
3.973517633955870679e+03
2.649182634149932255e+03
2.428421741350477078e+03
2.788149193905105676e+03
2.472114171835614798e+03
2.548488073593402078e+03
4.192153296033673541e+03
3.367080096123941530e+03
3.503425646353610773e+03
3.947882796558431437e+03
3.155077156107581231e+03
3.429410743899158660e+03
2.154522311980014365e+03
2.941646034927695837e+03
4.183464137436789315e+03
4.130267109082870775e+03
2.592561929566935760e+03
3.672652902251970318e+03
4.191004936807613376e+03
3.160447068371885052e+03
2.831879988072134893e+03
3.918231127905084122e+03
2.596721171492707526e+03
3.316621713006416030e+03
2.479865281855825742e+03
2.803368330685672390e+03
2.465566657853832112e+03
3.066283877964613566e+03
3.121991197376206401e+03
3.122629189169022538e+03
4.125247947011993347e+03
2.821697091405953870e+03
3.008786248685653845e+03
2.380222627183777604e+03
3.079133051343840179e+03
3.421410849516948929e+03
3.270655570653424093e+03
2.736281798233532299e+03
4.167285154471922397e+03
2.667437203147740547e+03
3.329756287541290931e+03
3.956528629706174797e+03
2.675329575223030588e+03
2.526465446263613558e+03
2.664099312615660438e+03
2.214836341000804623e+03
4.448365674701817625e+03
2.640326895822686311e+03
3.016859493237555398e+03
2.830321928144178855e+03
2.605451632565618638e+03
2.360087653941244753e+03
3.982705059679952228e+03
3.894503243359492444e+03
2.212360950601381774e+03
2.726198654201546560e+03
3.033820593288824966e+03
3.362700772576425607e+03
2.574389395684595911e+03
4.046473921111906748e+03
2.916447023183501187e+03
2.980948497233498074e+03
2.892828330038433705e+03
3.106256445803480347e+03
3.823610618973248165e+03
2.794836065006875288e+03
6.766469625363782143e+03
3.587617315828268602e+03
3.572144326635467678e+03
2.637381373690477631e+03
2.536732158981280008e+03
3.955184025704172200e+03
2.259468750015239038e+03
3.071376989186845549e+03
2.758188691470828417e+03
2.859402231757174377e+03
3.176755594476201168e+03
3.509075801693599260e+03
2.731398868141673574e+03
3.723508354533086731e+03
2.332640116015081730e+03
2.504283231164334211e+03
3.358220590154032379e+03
3.307660660989450662e+03
3.004408532690368247e+03
3.960483210428573784e+03
3.226379554888249004e+03
3.800042221006717227e+03
3.329866838560598353e+03
3.027722141649885089e+03
2.388190695215762844e+03
3.090304418504861133e+03
3.034080704116877314e+03
2.845949059113735530e+03
4.267620160080292408e+03
2.902157435314999475e+03
3.148237413370995910e+03
3.132307866968872986e+03
3.319949443675953262e+03
1.099321334360414767e+03
1.086814868954842950e+03
4.647022121896537101e+03
5.258436015990027045e+03
7.550524241428088317e+03
7.097561697447404185e+03
6.077686392590343530e+03
5.547673311723232473e+03
3.226548565218384283e+03
1.890975960763962121e+03
1.870516656440855058e+03
3.082274347644440240e+03
3.716515380777066639e+03
2.565932056925353663e+03
2.537547399132074133e+03
2.314812490734780567e+03
2.550067552499186149e+03
3.304299897749011507e+03
3.933634591799800546e+03
2.278240099950571675e+03
3.018212407575232646e+03
3.997535953225276899e+03
2.276306896066578702e+03
2.478242849354326154e+03
2.333448680060610968e+03
2.106595672340853525e+03
2.813623358819984333e+03
3.293278577314347331e+03
3.196335865852827737e+03
2.504200288256989097e+03
2.754559992300720296e+03
2.341410907961448174e+03
2.574827237915069418e+03
2.583923477077703410e+03
2.229859119419532362e+03
2.394693461555216345e+03
2.184800003597540126e+03
1.934356221073319375e+03
1.785241274727706241e+03
1.789782538982916776e+03
1.890250633125921468e+03
2.469496851043752940e+03
2.497713478203081195e+03
3.952667669942507928e+03
3.343413300478356632e+03
4.472118829423867282e+03
5.283529626070570885e+03
4.146628450314960901e+03
4.430936533885492281e+03
4.984539953039246029e+03
4.933741881874560022e+03
7.023432625121606179e+03
5.709816861965940006e+03
5.179420550142933280e+03
2.276671746819628424e+03
1.691750259641769617e+03
1.958876150538881575e+03
2.055893738185382063e+03
1.972479602223141455e+03
2.126893814215036855e+03
1.943322322529740632e+03
2.788567043715491309e+03
3.536527703818136160e+03
3.648990840085863510e+03
4.334233064562400614e+03
4.049792563323019749e+03
3.411868674819746957e+03
2.896724486025146234e+03
2.430751076269471014e+03
1.893410330681239657e+03
2.428824172612031816e+03
1.958036776760795419e+03
3.334242008833885393e+03
2.854401666172482237e+03
2.328407026245860834e+03
1.382313199290288821e+03
1.965395784969913393e+03
2.118766886432784304e+03
1.796152676576082513e+03
2.578070319975567600e+03
2.345018800338983510e+03
2.805026080624666520e+03
4.676825916615105598e+03
5.527145641069066187e+03
5.201070563008578574e+03
3.741916107591832315e+03
3.506156839167697854e+03
4.630738505158960834e+03
4.800288710312032890e+03
4.093910026775059123e+03
3.017579880487630362e+03
4.193579171277769092e+03
2.839729574135858456e+03
3.997051388999525443e+03
4.524312440152475574e+03
5.149899105471192343e+03
5.290658031398224011e+03
2.829851582646046609e+03
4.996212918837839425e+03
4.344608690533475965e+03
5.561781035963291288e+03
3.096209386325161631e+03
2.773192485724234757e+03
1.864701156148970085e+03
2.912637557959343667e+03
3.700200105789858299e+03
4.812186241784626873e+03
5.791416014784377694e+03
5.420998901629374814e+03
6.203301241441637103e+03
7.257967505153743332e+03
5.548877236644853838e+03
6.218970111027617349e+03
4.794972354269762945e+03
4.278555814043609644e+03
3.089807425383542522e+03
4.210421800894895568e+03
3.525736430058547285e+03
3.518776237583654165e+03
3.708445210460946782e+03
3.822887005055123154e+03
3.199466330519087478e+03
2.885222768230581096e+03
2.233318763210213547e+03
3.320834321592270044e+03
3.553002032994281763e+03
2.795701575156949730e+03
3.096193911656527234e+03
2.854186171360838216e+03
2.293857842913273089e+03
2.589775416345441045e+03
3.330643171813572735e+03
3.599372517603791039e+03
3.333128469767274055e+03
4.244199690242808174e+03
5.053758695681755853e+03
4.725508499148223564e+03
4.564580860076008321e+03
3.283998682192925116e+03
3.626146843655046268e+03
4.725282402548590653e+03
3.060953965423453155e+03
2.927738704587117354e+03
2.761801550764505464e+03
3.877297791047988085e+03
4.647146834194915755e+03
4.485690175101875866e+03
4.725917817983660825e+03
4.742021906196214331e+03
5.130270228165300978e+03
3.955290389348323515e+03
2.926768840598361749e+03
4.223953973395352477e+03
2.816737355252909765e+03
3.598927330284272557e+03
3.471263535379754558e+03
3.824500661172637592e+03
3.235074866175280931e+03
3.823301048916888703e+03
2.822571595563196752e+03
2.677408950581674617e+03
3.010614726704638542e+03
3.674300263672204892e+03
4.038804820747886424e+03
3.852592895933828913e+03
3.223504809464404389e+03
3.761169709922378388e+03
4.318084688775620634e+03
4.322457558290248926e+03
3.809957516371102884e+03
3.406431009107781847e+03
3.982795820487869605e+03
2.471027135987909332e+03
3.477970044814827361e+03
2.030997232354212883e+03
2.467173028008839538e+03
4.331318998959862256e+03
3.405958735516491743e+03
3.930439530506063875e+03
3.603641751126629060e+03
3.725523662567167776e+03
3.994027587743116783e+03
4.356897882489241056e+03
4.236629171266205049e+03
3.406128716878443811e+03
2.870183185110298837e+03
3.013285433346245100e+03
2.461582279240921707e+03
2.384653833287683028e+03
3.615089211028161117e+03
4.388297329843591797e+03
2.594314692233357164e+03
1.787356354045407443e+03
2.195167800005346635e+03
2.848972683975297514e+03
2.729959982577973278e+03
1.749099986387829858e+03
2.077307887068327091e+03
2.362494408896142431e+03
2.890585388892367519e+03
6.534591406361140798e+03
5.295767219644712895e+03
3.384271319331478480e+03
3.000172066825803995e+03
4.400940260480262623e+03
5.049496948091149534e+03
5.766662437884153405e+03
5.114259315050559962e+03
4.548759847277399786e+03
4.528597768818876830e+03
4.495087391587415368e+03
3.552332545914462571e+03
3.252289693681053905e+03
3.717107415762293840e+03
5.322814140759280235e+03
5.576648471046386476e+03
7.579427838601000985e+03
5.756069500191800216e+03
5.665402411829951234e+03
5.198234978286978730e+03
5.093948061312032223e+03
4.956895284741971409e+03
6.065137691102027020e+03
5.904541611029859268e+03
4.778055631220602663e+03
3.507107940371388850e+03
2.357651723561373728e+03
1.981931853399980355e+03
1.979899904612596856e+03
1.328065062945429418e+03
1.551517477900411450e+03
1.450347142556950757e+03
1.758824074545899066e+03
1.227591074332578501e+03
1.397652838511602340e+03
1.332703946118336489e+03
9.922520495463810448e+02
1.154788848857862604e+03
1.106593371296511350e+03
1.618058013262468876e+03
3.466453332492045774e+03
3.839255188016893953e+03
6.024064062513521094e+03
4.211045362350138021e+03
5.774271689155522836e+03
6.273551452274587064e+03
5.854341878469644143e+03
5.031880756024513175e+03
4.918366283849102729e+03
3.834472339772423766e+03
3.064875976296295903e+03
4.089615711251090488e+03
3.262483837478281657e+03
2.910728638678816424e+03
2.112082638262547789e+03
2.447680194992432007e+03
2.950325079666689817e+03
2.823662698056422414e+03
2.691811398532975090e+03
2.823924002124566414e+03
2.400181266025156219e+03
2.858074309082263881e+03
2.205868966027879651e+03
2.351617499366099310e+03
3.578933102019306716e+03
4.929389035784043699e+03
3.299726551102810845e+03
4.557156114989968046e+03
4.196362071514286072e+03
3.489921634051056571e+03
3.662528704264731914e+03
4.689732665068275310e+03
4.480477334016572058e+03
4.753858669929749340e+03
6.598172868339350316e+03
5.209188985759697971e+03
4.445238098429575984e+03
5.067854636882002524e+03
4.683600206405476456e+03
2.875104707536862406e+03
1.980013503065157010e+03
1.557254866560402661e+03
1.623366519861234792e+03
1.596907502826428299e+03
1.548292097721429400e+03
1.389242579704611217e+03
3.302647403202754504e+03
4.008651487599920074e+03
5.297159934299093038e+03
5.470711811919102729e+03
5.166560896437376869e+03
5.558478508696475728e+03
4.177169083233721722e+03
3.630323455939925225e+03
4.051948969169281554e+03
3.901623276335208175e+03
3.994266101847736991e+03
3.458479894645733566e+03
3.639142431040011161e+03
3.249932417244160206e+03
3.209029441336133004e+03
4.851035523381218809e+03
5.185536921551817613e+03
3.780865811722994295e+03
4.828062874682482288e+03
3.933956117348007865e+03
2.386951827476504604e+03
1.907333654282930411e+03
3.293481010406596397e+03
3.282364780507390606e+03
3.275243851879583872e+03
3.442077978810366403e+03
3.549620891572918481e+03
3.187238751851509733e+03
4.167432694166494002e+03
2.622548728827105151e+03
3.569595944589862938e+03
3.548041338285510392e+03
2.514709129805587054e+03
3.887138967690850222e+03
4.059832778037179196e+03
4.338896155471089514e+03
3.209016432077783975e+03
4.362770361492328448e+03
4.369078724046259595e+03
4.303691902654543810e+03
4.029356555536491214e+03
4.731871242110139974e+03
3.827063313823937278e+03
4.827432046529320360e+03
4.745673551809287346e+03
4.807183744546789057e+03
4.223023818037578167e+03
3.666973108705659342e+03
3.119533513794237024e+03
3.050822219053585741e+03
3.008403921663342771e+03
2.989807047981709275e+03
2.083595871279630501e+03
2.200267780500304070e+03
2.784664598840013696e+03
3.413866134826336747e+03
3.424257626603369317e+03
3.935305868108829145e+03
3.483140669913114834e+03
4.404130581816983977e+03
3.747151885955250691e+03
3.123423026293791281e+03
3.196587842114349769e+03
4.044192025201266460e+03
4.567097584402765278e+03
2.864755590584125002e+03
2.588330935109977418e+03
1.572105007176840218e+03
1.778084505268077237e+03
1.538747136362891069e+03
1.345437370056225063e+03
9.886609327894136641e+02
1.424113240159518455e+03
1.069565941938525384e+03
1.103725078645302347e+03
2.710925668736900207e+03
3.023477974324683146e+03
5.355230435577484059e+03
5.989930276690348364e+03
6.159257449755438756e+03
5.046987286152510023e+03
3.389745494473559575e+03
2.150628577584926916e+03
1.215618855296585934e+03
1.814470349988481757e+03
2.123646056098915778e+03
2.164017781845102036e+03
2.216755327707914603e+03
1.620119861699977491e+03
1.709748078992290630e+03
4.544734507135164677e+03
3.819153907434969369e+03
3.224864587843300797e+03
3.039687364512465592e+03
2.184992891371231053e+03
4.283948303074819705e+03
2.032801202619476271e+03
2.680022945711538796e+03
