2.529379074998195392e+03
2.977459204634825255e+03
2.986212020693080376e+03
2.972071278128009453e+03
4.138630047814715908e+03
4.254302792121701714e+03
3.908292289513416108e+03
4.928840538012254910e+03
3.967885646641751919e+03
6.301947144212730564e+03
5.785149807671277813e+03
7.955237640707576247e+03
6.766785014586577745e+03
4.033116168395125442e+03
4.045910449303348742e+03
4.657472928174456683e+03
4.212063463128460171e+03
5.275230605452544296e+03
7.886861542622851630e+03
7.872005601222164842e+03
4.681786639342656599e+03
4.043403093638347855e+03
3.726653017308303788e+03
2.586040566486440184e+03
4.301343253264419218e+03
3.618663742671421005e+03
4.922367938896739361e+03
4.152270893880195217e+03
5.806042198201147585e+03
7.317280510268668877e+03
8.841626321950167039e+03
4.358136397898606447e+03
6.198585381360377141e+03
5.359987550034474225e+03
4.588141724041481211e+03
4.279124001681258051e+03
2.550261369844446563e+03
3.577204861128902394e+03
4.921291658349535282e+03
2.839390919982416563e+03
5.546689000015134297e+03
5.473234486336644295e+03
5.539183382599268953e+03
7.356235219051930471e+03
5.911070487867545125e+03
5.854090794477652707e+03
5.712323468149616019e+03
7.502520277648036426e+03
7.266669598374293855e+03
9.288980787431040881e+03
1.018768140997298724e+04
7.556463144441487202e+03
7.586315757603493694e+03
4.327103750005357142e+03
1.009492100001287690e+04
7.590934922160273345e+03
8.020542761819238876e+03
7.534426131659853127e+03
5.080047776376361071e+03
3.604998997836533363e+03
6.174274987366591631e+03
7.421650854289158815e+03
3.847354688651170818e+03
4.459573471613083711e+03
5.965493114652414988e+03
4.960077508618566753e+03
8.433711586594110486e+03
9.696273082703866748e+03
4.309131684534049782e+03
4.563988491099486964e+03
6.654327482280099503e+03
9.823936153503012974e+03
1.037946437217855964e+04
5.010899474994348566e+03
5.886475617210621749e+03
6.944725169596137675e+03
5.489613735577237094e+03
5.567564610448170242e+03
4.369026474770185814e+03
5.565496112327558876e+03
6.032908573029108084e+03
5.162550379896369122e+03
5.004375868504371283e+03
6.218804771789249571e+03
4.728806763412534565e+03
4.994355737284437964e+03
4.324960913555104526e+03
5.349568306571864923e+03
5.544481267099890829e+03
5.213198303185679833e+03
7.023707704873228067e+03
6.681070582468306384e+03
6.093841968309489857e+03
4.123207896776877533e+03
5.489082337075300529e+03
5.591829844221575513e+03
4.038835797609461679e+03
5.499912636799183929e+03
5.890964418841484985e+03
3.818632955940562169e+03
3.608000904146344965e+03
3.857731424935584528e+03
4.856118823019762203e+03
5.427826805403167782e+03
5.726125416111875893e+03
4.397128346257799421e+03
5.501831475352972120e+03
4.229050092563447834e+03
4.369665989506088408e+03
4.606798221986932731e+03
4.294866962379179313e+03
2.888757055664226755e+03
2.941224070113555626e+03
2.853461101221093031e+03
2.869294631896203100e+03
3.608492375179120700e+03
3.705187626786849250e+03
3.694104985127933105e+03
3.306346409071649305e+03
4.743609718445179169e+03
2.591027377522907045e+03
8.884404658194178410e+03
7.847433748185057084e+03
5.177990900994362164e+03
3.209437313747896951e+03
7.472136503330873893e+03
4.841214519281415051e+03
7.847074186958529936e+03
7.297483284191268467e+03
6.419550611928778380e+03
8.935102968627927112e+03
1.038084121881075043e+04
7.090683297801438130e+03
3.818133683477123213e+03
5.896200793043760314e+03
6.058038424407565799e+03
5.889083705268611993e+03
2.276279434442856655e+03
4.151624204760424618e+03
3.933959456792169021e+03
3.438745455502274126e+03
4.496980484383068870e+03
3.324722334104408674e+03
4.630860399658007736e+03
3.943186438506130798e+03
3.969050403089825068e+03
4.398778252987036467e+03
5.034770451544528441e+03
5.072886792342116678e+03
6.210804997832829940e+03
4.451747679304381563e+03
5.760072046043266710e+03
4.371074333980866868e+03
7.126189071842421981e+03
4.156131198151916578e+03
3.483494572579372743e+03
2.594944482898669321e+03
4.939036456224730500e+03
6.267542918484523398e+03
5.672991936620098386e+03
6.400879522029032159e+03
4.977768503605346268e+03
6.853084296268585604e+03
6.292625559736517062e+03
3.787305079378957089e+03
6.142392264325833821e+03
4.100589793667761114e+03
5.150948590405113464e+03
6.884180769463710931e+03
7.373833003728463154e+03
5.231529482003159501e+03
5.907696544873499079e+03
7.901183331385283054e+03
6.947646376278730713e+03
6.318003141188851259e+03
5.923677816582758169e+03
7.538451998102654215e+03
5.131743332323896539e+03
3.847842803282311252e+03
5.070008642583370602e+03
7.000486041796040809e+03
4.841203350094594498e+03
5.882780826198812065e+03
6.256398916565188301e+03
4.865198996036067001e+03
3.869852017541517853e+03
7.299157988298014970e+03
6.097017281110743170e+03
3.516069757286593813e+03
3.723646566043695202e+03
3.807809997349187597e+03
3.517362060665547688e+03
4.571135142354289201e+03
5.980118648492259126e+03
3.750264915602575002e+03
6.059035286222400828e+03
5.933602668031593566e+03
9.919535702249959286e+03
7.417897672995268294e+03
7.880326915425055631e+03
4.970189125144392165e+03
3.290314427552807047e+03
5.643107449822584385e+03
2.536881113634829035e+03
4.004923730403253103e+03
5.184376294161203987e+03
5.751070258899530927e+03
7.482839475759423294e+03
4.376043122746442350e+03
2.350455813857310659e+03
5.538134961576313799e+03
4.631046934942875851e+03
4.597303802397318577e+03
7.087545392070303024e+03
5.998221171471724119e+03
6.013421781103935245e+03
6.621952899257630634e+03
4.240163441239318672e+03
2.902094895859327607e+03
4.674896613599693410e+03
5.596625589072948060e+03
3.671301186852525461e+03
6.066610709288988801e+03
5.367392489500939519e+03
6.502993452682272618e+03
4.763370243714294702e+03
4.818350239000566035e+03
4.798760749147078968e+03
5.842690801262474452e+03
4.743450812955541551e+03
5.764817907380464931e+03
5.886805358947012792e+03
7.229598122546297418e+03
7.150316463081531765e+03
8.005204384720580492e+03
6.979815366137921956e+03
6.644462234880538745e+03
5.037202750226580974e+03
6.244651744921413410e+03
6.759003215866408027e+03
7.216476356610932271e+03
6.268531937866119733e+03
5.486398008047064650e+03
1.098512650013268831e+04
7.737499078445729538e+03
6.081323816236685161e+03
6.394544349765932566e+03
7.631866184597884057e+03
8.655000672532505632e+03
4.452500228443380365e+03
1.082711244131245076e+04
4.911014867737725581e+03
5.652593758157338016e+03
6.244804139568533174e+03
5.870542587618761900e+03
6.752469728584522272e+03
1.068124196104820476e+04
8.816062945470777777e+03
5.854335929230515831e+03
7.651686661229420679e+03
9.984674248273315243e+03
8.464560380462071407e+03
5.347539918780883454e+03
9.249627451841286529e+03
9.081873289651925006e+03
5.471994429214389129e+03
5.437992369086433428e+03
5.404787911473000349e+03
5.450462271389394118e+03
2.970322101694805497e+03
5.631494924758023444e+03
6.022428546970401840e+03
7.088449401469424629e+03
5.976972193563245128e+03
6.268451262331508588e+03
5.526711167880202993e+03
5.774933575270186338e+03
7.016759277069618292e+03
6.943072829227161492e+03
6.701058506245996796e+03
5.482188841576950836e+03
4.306746031220895020e+03
3.837520430368720099e+03
5.014650903440974616e+03
4.935878954153067752e+03
5.976458216876951155e+03
4.350913527181688551e+03
3.700675851571226758e+03
3.893976861149186789e+03
4.679775423708113522e+03
4.940328376782079431e+03
6.947982337774467851e+03
7.834448533253619644e+03
7.679436164921172349e+03
5.901553052840668897e+03
5.975239416519123552e+03
6.016829876563490870e+03
4.575286431362037547e+03
7.729212092314575784e+03
6.539626090631306397e+03
6.366514337612360578e+03
6.063302992043298218e+03
5.674415514234784496e+03
1.051318150685544242e+04
8.291223058676518122e+03
6.349821625570632932e+03
7.581267828902706242e+03
7.472682715579489013e+03
7.788890048892334562e+03
6.425913305998610667e+03
6.221593369860238454e+03
6.740906987981869861e+03
6.251405453428872534e+03
5.251741287493959135e+03
7.043019484414689032e+03
7.758966587682038153e+03
5.585278293087438215e+03
9.565214509376828573e+03
7.127043221022760008e+03
6.217223270205976405e+03
1.014603316189329053e+04
6.402239469904107864e+03
2.836033392903703316e+03
3.907225637800831919e+03
5.883262974531938198e+03
5.903676418864312836e+03
5.177758006297488464e+03
7.834448646362701766e+03
8.974293431295649498e+03
6.623805118215166658e+03
5.881794203210726664e+03
7.009758075357084635e+03
7.800379041576829877e+03
6.055722011884970016e+03
9.959998898180301694e+03
9.055255412490663730e+03
6.831450464025758265e+03
6.445865475816192884e+03
1.018514693049252128e+04
9.590777035912155043e+03
5.343641400737090407e+03
6.950264972496110204e+03
8.718402247887333942e+03
6.856265235012965604e+03
6.630566815468657296e+03
6.284334370892564039e+03
5.018893765907777379e+03
9.967339872513392038e+03
7.419156466382407416e+03
9.993728599972582742e+03
6.571542020251091344e+03
5.555721343998065095e+03
9.731041426055220654e+03
8.126357492096271017e+03
3.475424859148944051e+03
8.987511064908536355e+03
5.958342550800276513e+03
5.381014061436874726e+03
4.281444992372790693e+03
5.793727390460257993e+03
5.598758515494820131e+03
3.523179165225436464e+03
2.762965134792102162e+03
5.391015157044884290e+03
3.915091405790071803e+03
4.139082838650668236e+03
4.288107692463090643e+03
2.846919523025678245e+03
5.974439886759228102e+03
4.984552399273958144e+03
5.731399381176077441e+03
4.209188547727389960e+03
8.091506559576298969e+03
3.452050563893405979e+03
3.545385146482267828e+03
3.190450522795247252e+03
6.275862593395173462e+03
4.699418867556124496e+03
3.501065175700081454e+03
3.620778624425455746e+03
2.823370977163350290e+03
2.426814506543057632e+03
4.244902770608499850e+03
4.081029761451410650e+03
3.988504377196107271e+03
4.502385514833969864e+03
6.078741132612220099e+03
4.062832514559727315e+03
4.044945647673410349e+03
4.492072746416018163e+03
4.378003728691968718e+03
5.129384668018619777e+03
8.088221577893171343e+03
6.648337906493103219e+03
3.686509973282139072e+03
4.599386778078776842e+03
4.179676974296757180e+03
5.039770634076689930e+03
4.826782099592046507e+03
5.093325079883869876e+03
3.579283218401498289e+03
5.223334205259162445e+03
5.030856535870841981e+03
5.711984864168206514e+03
6.493469807285564457e+03
7.230527231289504016e+03
4.067329779937945204e+03
4.536747812799292660e+03
6.030171069467885900e+03
2.364230139964100090e+03
2.376258764227379288e+03
3.723819526682192190e+03
3.867789933672886946e+03
2.968513956441627670e+03
3.119613446091106198e+03
3.961454580716596411e+03
4.377612997239254582e+03
4.107322659789309000e+03
3.930854957008107249e+03
4.038224776094094977e+03
3.667330326127113494e+03
3.584646963320490613e+03
3.852505769445122041e+03
5.409723843868241602e+03
5.298856913061173145e+03
6.240589678578422536e+03
6.202102517448979597e+03
5.516403923903135365e+03
6.322694539332547720e+03
3.475256460798731950e+03
4.255438099470910856e+03
5.742674826678717181e+03
6.756766579665279096e+03
5.933791193644685336e+03
6.509788253044980593e+03
6.365060875475072862e+03
5.168313958935377741e+03
5.143849003600682408e+03
4.244985229194131534e+03
8.721158496140655188e+03
5.087814089071734998e+03
6.117894053513414292e+03
7.280877517938881283e+03
4.653202050278322531e+03
5.940279927409419543e+03
5.712799042516393456e+03
6.021408726627621945e+03
7.320147374139588464e+03
3.978752712819692533e+03
4.292446142667912682e+03
5.260057867829114912e+03
4.587767222367068825e+03
3.968146246523971058e+03
3.601683142889898136e+03
4.766511922692045118e+03
2.723340693234397804e+03
5.253174184029951903e+03
8.225591674036031691e+03
5.738962112907602204e+03
7.413473039478121791e+03
7.003350448352086460e+03
7.453298803263894115e+03
4.889603307399726873e+03
4.861801714876327424e+03
4.870557884349983397e+03
2.880342799432637548e+03
1.019059774905459926e+04
6.179123735030641001e+03
7.100285795783210233e+03
3.534665399968189377e+03
4.337397175710782903e+03
3.416441406134094450e+03
2.995190265964191440e+03
4.603876088524450097e+03
3.933838178242720460e+03
5.122687092123876937e+03
5.035144733839081709e+03
4.290788573374139560e+03
4.909512073928103746e+03
6.457040589696790448e+03
5.592905726664990652e+03
4.709151369412253189e+03
3.720007704776945047e+03
4.029324051183178653e+03
3.685842797401966436e+03
6.298817620395815538e+03
6.707077638191145525e+03
8.202236574308419222e+03
6.211333440622507624e+03
6.288518704579717451e+03
6.837215317021816190e+03
7.797954171116422913e+03
5.352057724775768293e+03
4.716719521040733525e+03
4.592765470375910809e+03
4.156637674047832661e+03
4.012887398157495227e+03
3.981882365069136085e+03
3.416226492977067210e+03
5.895498435820918530e+03
6.006593480057452325e+03
5.066442405167064862e+03
6.137048272571879352e+03
4.348166861404544761e+03
9.530398585822016685e+03
3.951913883776930561e+03
3.523636138984526951e+03
4.834389292919830041e+03
4.007063215498822501e+03
4.239449539665405609e+03
4.038774825929764120e+03
6.235031291581756705e+03
5.641608394325330664e+03
5.552281038577977597e+03
6.949575268336321642e+03
6.325747036613155615e+03
5.113873087157498048e+03
8.732538385648047552e+03
6.353391183684962016e+03
4.777674227731021347e+03
7.450188022941664713e+03
6.448635460516436069e+03
6.329496251909999955e+03
6.808739515510488673e+03
5.151194290691635615e+03
6.990771981845506161e+03
7.546650377518904861e+03
3.864869770763588804e+03
5.004845987516640889e+03
8.783818882949792169e+03
4.336402137772946844e+03
5.171425267982476726e+03
7.777844924808431642e+03
1.000768391886545578e+04
1.132456750205647040e+04
5.977434238121252747e+03
6.050259453398318328e+03
6.080913835099915559e+03
5.096166047717426409e+03
9.587752193899434133e+03
5.253300483643903135e+03
5.583679796502688987e+03
4.033768003244879310e+03
4.802803834924066905e+03
4.923670198390677797e+03
6.944798303062312698e+03
8.872263299966574777e+03
6.064723157254851685e+03
6.222379218205552206e+03
3.072699586991994693e+03
8.993577575901234013e+03
1.089177686209174863e+04
7.593172400169647517e+03
6.310382585826509967e+03
1.071592150910227429e+04
9.422139092472367338e+03
8.989831228803197519e+03
5.690702557229084050e+03
5.251025259774773076e+03
9.121502074415571769e+03
6.339108945259024040e+03
4.386013459158642036e+03
4.372531323734956459e+03
5.023812215913738328e+03
3.668671342810989245e+03
4.933631240906002859e+03
6.428032177928802412e+03
5.929166387516283976e+03
5.798309863483042136e+03
5.257530854495458698e+03
4.107519329352491695e+03
4.725478510962723703e+03
3.884475236204981684e+03
8.097010520810978960e+03
4.983503295929420347e+03
4.024765817280008378e+03
4.776539663399393248e+03
3.917435740933357010e+03
4.573077300671791818e+03
5.486366332818573028e+03
4.262549207444714739e+03
3.193104536132815610e+03
5.439202827558292483e+03
4.586502648087850503e+03
3.084547916922120748e+03
4.419674241678150793e+03
3.651792394159675951e+03
4.830562226140875282e+03
6.203147039923698685e+03
6.565536419894279788e+03
5.213613402147768284e+03
4.683147758766934203e+03
6.014234607261731981e+03
3.442315303304324516e+03
5.328208382140554022e+03
5.898636944800584388e+03
4.109566591394052921e+03
4.094654812760635195e+03
6.975715979563398832e+03
6.946419191184289957e+03
1.010794436070825759e+04
5.473775727467883371e+03
5.978553158124463152e+03
5.388418830012571561e+03
6.652027605381846115e+03
5.117074126982691268e+03
5.766738145430213081e+03
8.495758134557119774e+03
6.248132796510732987e+03
7.051186224491581925e+03
5.088951072332838521e+03
5.692164150885422714e+03
3.454370227484232601e+03
2.869228430675547315e+03
4.655727650253135835e+03
2.601636171324612860e+03
3.367266114186696541e+03
2.905943354699427346e+03
3.738516335977225481e+03
3.690263713737442686e+03
4.448027849590494043e+03
4.057786867291606995e+03
5.477885811729983288e+03
6.187529008833324042e+03
5.355731092768244707e+03
5.992690679170252224e+03
7.773326201903479159e+03
8.569955356701126220e+03
7.059471320285499132e+03
6.436484945905321183e+03
9.440907863665077457e+03
7.676780175437135767e+03
5.856373364617018524e+03
7.121654006813432716e+03
1.083128407698477167e+04
9.294869282630943417e+03
8.532763884946716644e+03
1.009925476154621538e+04
5.566861798346252726e+03
3.469189583390287225e+03
5.559965453776768300e+03
9.979991168647300583e+03
5.715363069216617987e+03
5.599191187575891490e+03
4.596719692272528846e+03
5.601195384147894401e+03
5.582757551172688181e+03
7.036837731158128008e+03
4.811293676460940333e+03
9.385585335891348223e+03
7.721549431585786806e+03
8.732381222337320651e+03
6.861370247119833948e+03
4.727464308321260432e+03
7.484590194390854776e+03
6.008162131349109586e+03
5.510988291555089745e+03
5.917540470793710483e+03
3.351032371361297010e+03
4.516635624262346028e+03
5.390575238483597786e+03
4.330548982290614731e+03
7.290689660378902772e+03
5.355899346581429199e+03
4.784936659081710786e+03
2.811177714236579959e+03
3.748681474679008261e+03
3.127842552080040150e+03
3.607496549782300008e+03
6.542625885341070898e+03
4.118040369064369770e+03
6.330208139434761506e+03
3.825985889064424100e+03
3.957879754587085699e+03
5.729848892020513631e+03
4.331032997231042827e+03
5.011863030378695839e+03
8.500898059053321049e+03
5.414366413348418064e+03
8.097996937983476528e+03
1.071091027300720634e+04
9.004731507440566929e+03
6.297280626123714683e+03
7.441678477336532524e+03
6.588992859110776408e+03
5.978273744200982946e+03
8.348857949663264662e+03
6.980026788413934810e+03
6.891451776879479439e+03
6.687806522053313529e+03
5.473537627228569363e+03
6.086430469055907452e+03
5.816216377698631732e+03
5.296270752438968884e+03
7.248574189469872181e+03
8.382627709599197260e+03
4.566404267209008140e+03
8.580924544574527317e+03
6.708037968101108163e+03
5.853573743274047047e+03
5.418732726787177853e+03
5.197170737483403173e+03
2.927280827995913114e+03
5.349392552757325575e+03
6.382382314563267755e+03
4.522783838568077044e+03
4.160809546094666075e+03
3.662410986695489100e+03
4.106396095463896927e+03
5.985389102351092333e+03
6.917543757345008999e+03
3.075078958420366689e+03
4.405584496726116413e+03
3.299565078412347248e+03
2.292668634475952786e+03
2.851625810504430319e+03
2.902452930272053436e+03
3.167122526891409507e+03
3.713639810012539783e+03
3.216048646270872723e+03
4.719070203769013460e+03
4.476927170301777551e+03
4.629366004036295635e+03
4.953075213167975562e+03
8.389414178940731290e+03
4.446681771986695821e+03
4.952103370070722121e+03
4.296605690078159569e+03
6.380233550219239078e+03
3.974102598369187035e+03
9.378112447147885177e+03
7.629118607507500201e+03
5.815884046263950040e+03
6.306897335281518281e+03
9.981765093811860424e+03
6.476894181134718565e+03
7.423336922240050626e+03
5.447881789466006921e+03
5.861642495688888630e+03
5.136966787401962392e+03
4.431096559775695823e+03
4.333662211594183646e+03
4.324037539132015809e+03
2.949670228808095544e+03
4.152472623594231663e+03
3.020691680109528988e+03
3.528609495505078030e+03
4.363631830515363617e+03
5.491126515854677564e+03
3.549429465917447487e+03
4.027367334160050632e+03
3.364596285007608003e+03
3.033336352441343934e+03
3.829025635269590111e+03
6.554338334515879978e+03
3.789287235828937810e+03
6.128848907303703527e+03
6.665996252718150572e+03
5.852875945433920606e+03
5.431293376526709835e+03
5.430014562535394361e+03
4.948100651353569447e+03
2.461060849491077079e+03
4.305707484270769783e+03
4.504851409832568606e+03
4.920582392448699466e+03
3.254791891950807440e+03
2.771130060380425221e+03
6.593287711508787652e+03
7.084629074240828231e+03
6.100751250522052942e+03
7.175257436303681061e+03
7.987827008320916320e+03
7.091450895425750787e+03
4.695266407226100455e+03
8.086776583029143694e+03
8.997590751999850909e+03
8.716910121768980389e+03
6.296935528981266543e+03
5.556044039947345482e+03
5.107822256963008840e+03
5.292534065784281665e+03
8.645164055345419911e+03
6.496206951824718089e+03
4.612667247956494066e+03
8.692374395150925920e+03
1.063143946351687737e+04
5.330899423497560747e+03
9.705389212836953448e+03
5.885693266281541582e+03
8.374641176020946659e+03
9.045820902552877669e+03
6.040056975554150085e+03
9.517626279710029849e+03
5.667933871362753962e+03
5.163814738920039417e+03
6.518554551578863538e+03
6.164094509436609769e+03
7.569954865350934597e+03
5.654385697791651182e+03
5.518013236359874099e+03
7.099029929033868029e+03
8.132455411036055921e+03
8.221345837013734126e+03
6.220141485184867634e+03
6.177435214779166017e+03
6.971349257934257366e+03
5.996484900114362972e+03
6.518394737618618819e+03
6.478614823066092868e+03
6.406269676110567161e+03
4.790681335401772230e+03
5.291055144446241684e+03
5.371082940990373572e+03
5.334709235948773312e+03
5.680049066822384702e+03
6.409136688154685544e+03
6.042346749527617249e+03
4.971005107612882966e+03
7.846344285955325176e+03
6.348402406991012867e+03
6.585921011175718377e+03
7.120801643963503011e+03
4.271299540890971912e+03
4.792810829565700260e+03
6.804646187448893215e+03
7.010888620265568534e+03
8.242447298311251870e+03
9.471093121092735601e+03
6.379555209760045727e+03
6.026255835382692567e+03
4.296135318719270799e+03
4.418642785160724998e+03
4.949718514060287816e+03
3.099919100236550094e+03
3.232753542734918483e+03
3.131098717006638253e+03
3.866151007688545633e+03
4.208339689578446269e+03
4.303877318448886399e+03
4.002502278725581164e+03
3.576169852394795726e+03
4.084851037011421795e+03
6.846607048093103003e+03
4.610402408050465056e+03
6.717115274547857553e+03
2.440159691839158768e+03
4.074390910908286060e+03
5.220096904696656566e+03
7.547259850710654064e+03
5.372579736883174519e+03
4.041474951661630257e+03
4.815613318721379983e+03
8.492177465591143118e+03
4.938175279029960620e+03
5.128916936799035284e+03
3.480517565213235230e+03
4.399129606992381923e+03
5.108120479521926427e+03
7.180290285242872415e+03
4.271679331282856765e+03
2.744393142130719752e+03
5.495971577856976182e+03
5.593783970541181588e+03
5.543146762024490272e+03
5.294907103057912536e+03
3.769411095934457080e+03
3.590852140192678235e+03
4.079264304460071344e+03
7.110553688933827289e+03
4.979122778478978034e+03
5.627234091561207606e+03
3.676757082336375333e+03
3.542974014251636163e+03
5.285392919073615303e+03
4.855273272860183170e+03
5.536128331771044031e+03
6.568536215236100361e+03
2.954388547732368352e+03
4.172595493274867295e+03
3.506586835564695775e+03
3.617266394659455273e+03
3.780985869181994531e+03
4.591558383635944665e+03
4.119603382634407353e+03
4.146030632889112894e+03
3.234955789181916316e+03
4.008573367802272514e+03
4.737490657487567660e+03
5.569204322656948534e+03
3.855594158405596772e+03
4.306814597424017848e+03
4.132677606361059588e+03
5.376928698066784818e+03
3.890955468482781725e+03
2.480271581956395949e+03
5.061241115772400008e+03
3.406939061754118484e+03
4.829272001480199833e+03
4.174171940475395786e+03
5.826337042424246647e+03
3.754781400251862124e+03
5.770642047114732122e+03
6.211050839082779021e+03
7.448584218066511312e+03
6.931403121188599471e+03
5.284519329371347339e+03
3.978329779692196553e+03
6.298229344508665235e+03
5.311209049268902163e+03
7.511280623794547864e+03
7.722583635002900337e+03
6.578857041127517732e+03
2.949004315880703416e+03
4.290606978538721705e+03
3.918369210592274158e+03
2.774861506387926056e+03
3.720212285166205220e+03
5.563469913931521660e+03
8.637271377238879722e+03
8.571576886393295354e+03
8.207639027261040610e+03
4.254804191380706470e+03
4.599971697487610982e+03
3.819135629507733029e+03
4.823119820084038111e+03
3.442024754095207300e+03
3.041700756309301141e+03
4.059167726076550480e+03
4.390943907667537133e+03
5.606513144159257536e+03
7.866917512180965787e+03
6.462845311058718835e+03
6.648155172636013958e+03
6.882783028433828804e+03
6.447964470916463142e+03
9.728517682692387098e+03
8.207891270250765956e+03
6.630475080615716251e+03
5.834628986748078205e+03
2.444670533510427049e+03
2.643633950545017342e+03
3.036547169687788028e+03
3.353719122023308955e+03
6.401955303051471674e+03
4.743688409232782760e+03
3.882257722469210421e+03
2.967564657005048048e+03
3.078116747310096343e+03
3.136041293466382285e+03
6.786274489288269251e+03
3.391699305175072823e+03
3.215888926679660017e+03
5.290290170230660806e+03
3.166897000328850936e+03
3.178287426857340506e+03
3.244418729485267704e+03
6.735335242144673430e+03
2.730403404743878127e+03
2.789765469798976937e+03
3.303587805073522304e+03
4.360635429801463943e+03
6.209753586489355257e+03
9.137984312370914267e+03
9.614444386489749377e+03
5.665667224135474498e+03
9.184510107227288245e+03
8.888463981854589292e+03
4.401718609084025047e+03
4.687352870194808020e+03
7.436061023128263514e+03
7.141653789736657018e+03
3.566881892387347307e+03
7.912579198985240510e+03
6.439682354955365554e+03
3.711805234724815818e+03
4.124006402937745406e+03
3.869206349177226457e+03
5.255081430056378849e+03
5.430667674225787778e+03
4.623337150964363900e+03
4.170381320766598947e+03
4.588631272756597355e+03
6.175262512435811914e+03
6.022637167039642918e+03
6.521494173888601836e+03
4.187908289797353973e+03
3.446134048126739799e+03
3.936807376268231565e+03
5.371524018673329920e+03
5.877858529577569243e+03
7.662700270590967193e+03
3.166563250877811242e+03
4.620674524757879226e+03
7.689498473851313975e+03
6.318730097218121955e+03
4.747101157778168272e+03
6.800365410357864675e+03
5.425136422960879827e+03
2.701845185723308532e+03
2.865191973361509099e+03
2.975808453725326217e+03
4.715908381616542101e+03
5.570295288372630239e+03
4.987569957500510100e+03
8.538117890699053532e+03
6.006037940369914395e+03
5.866897338078307257e+03
5.888017240003122424e+03
4.903547244518999833e+03
8.060511882510108990e+03
6.386724437682599273e+03
3.495481167653981629e+03
5.356473989406473265e+03
5.753729355239960569e+03
7.452441049963656951e+03
4.590470186236330846e+03
3.798099763108836214e+03
6.669632442515468028e+03
5.645595874054993146e+03
7.494380357755641853e+03
7.064432618889627520e+03
6.836691932162081685e+03
2.606109667835062737e+03
6.004419607448269744e+03
4.770784126582410863e+03
5.204920534708680862e+03
3.683459539912659693e+03
5.817348999558926153e+03
3.199446920503055480e+03
2.816035426143237601e+03
3.630041689527285598e+03
6.264457806493934186e+03
4.496801808594629620e+03
4.133023092217746125e+03
5.501787473520305866e+03
5.259875981877164122e+03
5.011394318212342114e+03
4.375974628728555217e+03
2.581861233112936134e+03
2.859513524094239983e+03
5.127790863020138204e+03
4.939714384034939940e+03
2.840065565829658681e+03
4.086443639063680621e+03
3.203828268802730236e+03
3.860058830809516166e+03
4.154045909109214335e+03
3.377736313436502314e+03
2.853913746111501041e+03
3.922667018238787932e+03
5.665492414784546781e+03
4.457806190526770479e+03
3.753149785844094367e+03
3.343349820848455693e+03
3.649426479503623341e+03
4.458893456956154296e+03
5.107898882941191005e+03
5.989628386990322724e+03
7.949211843068628696e+03
5.543978186804100915e+03
4.690464949443756268e+03
3.965092719452076381e+03
3.250814138460040340e+03
7.602913816848136776e+03
5.926817517632758609e+03
4.843192285304661709e+03
7.949878362153674061e+03
5.134035073118640867e+03
8.702340271783734352e+03
7.269623931476140569e+03
4.907165987255242726e+03
6.419869437152017781e+03
4.646947298366005271e+03
4.646520456006068343e+03
4.532608729289343501e+03
3.505342778617442491e+03
4.343484629339155617e+03
4.498641354470464648e+03
3.700366731097432421e+03
3.783898454385159766e+03
4.868943480263680613e+03
4.961994203515560002e+03
4.737867513469344885e+03
4.223536836837332885e+03
5.189977470136122065e+03
5.195125770190681578e+03
5.157541902659319021e+03
5.186340653251740150e+03
4.544439181628247752e+03
5.491479609484286811e+03
5.504881593060495106e+03
6.394905859263125421e+03
5.347421192137730941e+03
5.656904962788044941e+03
3.648875494026896831e+03
3.381896563660474840e+03
3.753706008231931264e+03
4.240341299177985093e+03
5.309725390923313171e+03
5.312572869779698522e+03
5.272425865731259364e+03
4.948508733283738366e+03
5.950253707427786139e+03
5.046524261257797662e+03
5.743952501640726041e+03
7.136562672246931470e+03
5.856049608681305472e+03
7.034581315747772351e+03
8.455404143603145712e+03
9.047436412698411004e+03
8.313087576746529521e+03
7.501068446820938334e+03
6.756884472879541136e+03
1.029432256011591562e+04
9.180524374050766710e+03
1.430892470223754390e+04
1.116014654180722573e+04
1.496902421288732694e+04
9.923641463446019770e+03
8.084844894760581155e+03
5.282427609730615586e+03
7.442084657698180308e+03
6.225012940322483701e+03
5.292977353983998910e+03
4.789153191688662446e+03
4.560516222327122705e+03
4.030676802124127789e+03
3.790592605600115348e+03
3.583500685208121922e+03
4.244064937471192934e+03
5.632429089453639790e+03
8.676958124745586247e+03
1.137509928888439936e+04
3.964227673990074436e+03
4.937896867396056223e+03
7.548764899621630320e+03
5.789958483088735193e+03
4.010085399186975337e+03
4.840487440747016080e+03
5.182504662069537517e+03
5.796457621423776800e+03
6.227630949618057457e+03
6.505190183013191017e+03
8.355991234244889711e+03
5.622479917757656949e+03
6.422336793151845086e+03
4.598605250017319122e+03
5.667540564696868387e+03
4.175236003291661291e+03
7.232776975069671607e+03
4.774513342139412998e+03
2.556314993283323020e+03
4.815386996432452179e+03
4.346611229096544776e+03
4.011818001924493728e+03
4.448064708993902059e+03
4.455434417171610221e+03
3.793695905033614054e+03
4.736311208978705508e+03
3.711261376836022919e+03
3.773449935639629530e+03
4.398696265955394665e+03
3.136258328009032539e+03
5.192624807995095580e+03
5.091816257507849514e+03
5.648548692243733967e+03
5.931498115154335210e+03
6.632975652625648763e+03
3.877948734137210522e+03
6.910563851384893496e+03
3.122734749278287381e+03
4.023620611862486385e+03
5.651723055800733164e+03
6.408091577702549330e+03
6.891135218843424809e+03
2.753396597603217288e+03
4.901450027068441159e+03
3.998624761209002827e+03
5.219110353010889412e+03
4.833370724596353284e+03
8.656600456529125950e+03
7.809312905624099585e+03
6.366679094469224765e+03
6.926449046227098734e+03
7.126245260619499277e+03
7.272691897153299578e+03
8.582108380204959758e+03
7.344902998245110211e+03
5.924971538586654788e+03
5.415783268222751758e+03
4.581473537251711605e+03
4.766816033989453899e+03
4.292750638755163891e+03
3.596880037312758759e+03
3.431878946264807837e+03
3.227410226029519890e+03
3.694671052169395807e+03
3.877255010003013467e+03
4.155428356314716439e+03
5.155068377018437786e+03
3.495526304175927635e+03
4.094355488086093828e+03
5.908010874894274821e+03
2.829892242251367406e+03
3.114682553738909974e+03
4.643669969220200073e+03
5.343649670594608324e+03
5.804341382089487524e+03
3.204831936368550942e+03
4.011248061205182239e+03
4.264922986968138503e+03
5.287355823901996700e+03
7.361682690132072821e+03
6.507115908471340845e+03
6.031984634350931628e+03
8.316080814926641324e+03
6.574091897633245026e+03
6.123172860466211205e+03
8.599318091545115749e+03
5.153683342497485683e+03
4.388771080343926769e+03
4.529216053329470924e+03
3.295059044127647667e+03
5.723173045859835838e+03
4.930179914792364798e+03
2.869724904898791920e+03
3.320827489363830864e+03
3.256052509959419694e+03
3.967222068777436107e+03
6.727518186934110417e+03
7.709973089050450653e+03
4.460321592440344830e+03
7.449666297829898213e+03
7.108023699589528405e+03
8.821333939775135150e+03
6.278590962154797126e+03
6.115093451638475017e+03
8.977677706778884385e+03
3.935018634724454387e+03
6.644532794570035549e+03
4.972919871643067381e+03
5.996990728017967740e+03
6.961767184414808980e+03
9.063276477942901693e+03
6.005546588170172072e+03
8.646657345082538086e+03
8.271613384799193227e+03
1.037284744169589248e+04
6.909044115748392869e+03
4.318707601166413951e+03
5.849786129004153736e+03
2.889000846888804062e+03
4.748382727462888397e+03
6.956875613725121184e+03
5.577908796404331952e+03
5.728767461365242525e+03
6.815456956631468529e+03
6.031682386372695873e+03
4.296338493435376222e+03
3.482005935123308063e+03
4.672397820922553365e+03
4.666869779428125184e+03
4.300607942700479725e+03
3.401212461229180008e+03
3.649571252507551890e+03
3.078305959048494060e+03
2.709108760838887974e+03
5.015691137292072199e+03
6.167014977574542172e+03
5.227387601437095327e+03
4.072734007020103491e+03
6.994890137723949010e+03
3.424873310143039816e+03
7.105912830516872418e+03
6.088121914505321001e+03
4.301817676953268347e+03
3.853976619719146584e+03
5.623624767362802231e+03
7.718548707760465732e+03
3.551940822835960716e+03
4.387034490217843995e+03
6.182287385777063719e+03
7.251015923448095236e+03
6.178449170604400024e+03
5.313159862406146203e+03
5.609317352545165704e+03
4.482533218810404833e+03
5.620922596618431271e+03
2.994254333119628882e+03
2.588311070197585650e+03
3.676526094040446424e+03
6.133290658095474100e+03
9.820635619169928759e+03
7.557497814713005027e+03
6.713558207773520735e+03
6.324829201118986020e+03
9.158478547522166991e+03
8.076295278947339284e+03
6.517550003471546916e+03
1.011014395139880435e+04
8.944672264547301893e+03
7.477394638916300210e+03
9.291371115446092517e+03
1.072459856793430299e+04
4.336475725016599426e+03
5.684385307829445082e+03
7.075222665892993064e+03
7.062061258006824573e+03
9.174110484642400479e+03
4.524108260415924633e+03
4.932068310524881781e+03
5.321442525775039940e+03
8.367784353303333774e+03
6.221318382229537747e+03
5.221446599236223847e+03
4.893747675662596521e+03
2.588066309453673966e+03
7.791489187067341845e+03
4.733744408822917649e+03
5.103159708819413936e+03
4.392233275693807627e+03
3.650509399297114214e+03
3.904722500880814550e+03
4.836642616949281546e+03
5.087043726935945415e+03
3.673670383930772914e+03
5.587897999682910267e+03
3.907326582863674503e+03
4.413300186990361908e+03
5.740096452429666897e+03
3.927419763235070150e+03
2.669857430014661986e+03
7.867225480655553838e+03
3.132001293893614729e+03
3.592131672414951936e+03
3.577882041086520985e+03
9.054329246106155551e+03
6.777902090389252407e+03
7.580060328098777063e+03
6.104625479471463223e+03
9.292552033953916180e+03
7.678476770248094908e+03
5.036499642281200977e+03
3.432521017105340889e+03
3.374963850343945069e+03
4.630526033593901957e+03
3.721691741404737513e+03
4.519122709192331058e+03
4.253813067731765841e+03
3.950387794089300769e+03
4.196546834684565511e+03
4.905388159325918423e+03
4.605327390751048370e+03
5.630337529436104887e+03
8.454639219661052266e+03
5.924298717246137130e+03
5.776653661989947977e+03
5.781961739207492428e+03
6.299236545299117097e+03
9.783724297180904614e+03
8.584351360362727064e+03
2.760799341407656811e+03
2.837624138597716410e+03
3.744640898768695479e+03
5.151831740239886130e+03
4.486597344790502575e+03
5.411589623018223392e+03
8.508933740474118167e+03
8.211003495806327919e+03
4.595047631243621254e+03
5.765147804935734712e+03
7.170792016215690637e+03
7.768200531919603236e+03
1.311509121097118805e+04
5.919743727832594232e+03
9.516881389214891897e+03
7.570087439168611127e+03
7.759941630254726988e+03
9.997929023608396164e+03
5.543461477427483260e+03
5.704105167447524764e+03
6.702527384816273297e+03
6.667276645758462109e+03
6.846926956165375486e+03
5.499946026577485100e+03
4.362099425324337062e+03
4.161999301758238289e+03
5.970200503049086365e+03
8.223150491082824374e+03
6.101407294223881763e+03
5.732241810352561515e+03
7.385311584580461385e+03
5.735771974360869535e+03
7.990270172732082756e+03
7.932992453200898126e+03
5.021308593101506631e+03
7.172207538663432388e+03
6.973629990284141059e+03
7.811083575149880744e+03
9.820532554811115915e+03
7.182756563533593180e+03
5.371087280283637483e+03
1.051923311672619820e+04
5.733750062758969761e+03
5.499321032738205759e+03
5.767883559173319554e+03
5.131556669468642212e+03
3.141893866166484713e+03
4.726300961480222213e+03
4.505738096391741237e+03
7.964379125615412704e+03
5.205184764184316009e+03
4.653766414305425315e+03
6.991157502671668226e+03
3.111881020907140737e+03
4.797231937092332373e+03
6.028465620900358772e+03
4.599386145642118208e+03
8.589929806116251712e+03
6.026338956481649802e+03
6.917831639062776048e+03
6.848959798582481199e+03
6.218705507790356933e+03
6.724234894903162058e+03
5.121856275498464129e+03
8.618600701557272259e+03
6.054858070674820738e+03
6.238606677251075780e+03
7.191522980406434726e+03
7.157538133213663968e+03
8.043103037018637224e+03
8.607442621255207996e+03
7.875549585318259233e+03
4.916482712656247713e+03
9.461289837205769800e+03
5.771312327204776011e+03
4.347461918989076366e+03
7.662726279558852184e+03
5.625994303084378771e+03
5.733522784146347476e+03
7.619787257551972289e+03
6.529775252255471969e+03
6.798138959005826109e+03
7.217035289201293381e+03
6.246214411181495962e+03
4.641903765985021892e+03
5.224547492570604845e+03
5.640141276512850709e+03
6.377638094700728288e+03
5.480057353749975846e+03
5.079243456296142540e+03
4.437915103004592311e+03
5.446304078903024674e+03
5.586617531264898389e+03
4.823373418337387193e+03
4.070289153883102699e+03
7.017514182774832989e+03
7.249230797941982019e+03
8.331610921881874674e+03
8.107038398924254579e+03
8.245463633780544114e+03
5.844488146456758841e+03
8.139593472065973401e+03
3.655599691891307430e+03
5.654054081426126686e+03
3.154480140753628348e+03
4.243335676422469078e+03
6.953537446138661835e+03
8.979135098242479216e+03
7.129595995452836178e+03
3.869575894113066624e+03
6.516969548228566964e+03
6.435336818566303009e+03
7.480861699830009456e+03
7.930153228158745151e+03
2.373558655036285472e+03
3.844418260400193503e+03
3.934237240476181341e+03
3.868757583533689285e+03
3.835162178148802013e+03
4.333165286267549163e+03
7.411460181827626911e+03
7.489822222786749990e+03
6.109911811529791521e+03
4.426448691636544027e+03
2.964094588967866457e+03
5.169511626750690084e+03
5.089355497694197766e+03
4.982065988040677439e+03
5.660035510515616807e+03
5.036486198817675358e+03
6.674781137540706368e+03
7.731111372296669288e+03
7.407400201887399817e+03
6.153439273709792360e+03
6.218663521685133674e+03
5.058679848741481692e+03
5.378308279684706577e+03
7.010304770868235209e+03
5.581120039579022887e+03
9.903630544787658437e+03
8.780141927250915614e+03
1.139316999607808430e+04
4.267174199660882550e+03
6.116018511608035624e+03
4.520099196665189083e+03
6.708857319528405242e+03
6.828765970846206983e+03
3.960340430404757626e+03
5.112617264217945376e+03
5.514186536506195807e+03
6.491598092408339653e+03
6.781322651870797017e+03
6.058628100475132669e+03
4.716301923777130469e+03
5.260836226952697871e+03
5.376333988412392500e+03
6.145953728213949944e+03
5.162989586413110374e+03
5.525211906149829701e+03
5.268032181788853450e+03
6.184087118469773486e+03
3.862433317213624832e+03
2.668738450358127466e+03
2.762017048714130851e+03
4.013721026129500842e+03
6.597111965296862763e+03
5.033150343721315039e+03
4.475703081143848976e+03
4.766552841676412754e+03
6.741660709095470338e+03
6.002936129899740081e+03
8.119598179705171788e+03
8.129161620286949983e+03
6.638259468512086642e+03
5.389586595713978568e+03
5.939771758264924756e+03
7.769145309455595452e+03
4.703689342727026997e+03
5.207614401743454437e+03
5.062408041728942408e+03
5.719593275210886532e+03
5.124081325380519957e+03
5.022622667836759319e+03
5.951827340792914583e+03
9.588867479129701678e+03
6.812135612381367537e+03
6.710931818375916919e+03
6.503203366343640482e+03
7.190074480968639364e+03
5.116089675683958376e+03
5.329337629193715657e+03
7.147555848685696219e+03
8.206706496349652298e+03
8.151822247185699780e+03
3.462221921925712650e+03
4.065695832092315868e+03
4.740000537812767107e+03
4.536241237205504149e+03
4.623163495443138345e+03
5.483786356693182825e+03
6.198772179758685525e+03
5.392706586171561867e+03
4.182554484573410264e+03
4.772525950231586648e+03
4.542306062185964038e+03
6.406714437776247905e+03
6.602202203768921208e+03
5.476598459667652605e+03
8.091308031996194586e+03
6.950281400174631017e+03
7.291378125872628516e+03
5.743084544971893592e+03
3.514752701899870317e+03
4.866761951736247283e+03
3.716617580673122575e+03
7.449221957171479517e+03
6.618729348979444694e+03
4.753644571412067307e+03
3.861551283856884311e+03
5.064280711827259438e+03
7.348820667594862243e+03
4.348348145452421704e+03
5.413294229318727048e+03
5.501065887468585061e+03
5.858512964336448931e+03
4.412087012663461792e+03
7.330156207283383992e+03
4.355672914625308294e+03
4.128531313402000706e+03
3.236080065631943853e+03
5.553967354743714168e+03
8.224473426813268816e+03
8.021602308687424738e+03
7.150293209546995058e+03
8.223865967268868189e+03
7.837551645883784659e+03
5.018242218060285268e+03
5.383720735659202546e+03
5.082927192757949342e+03
8.400101164068990329e+03
7.862862212976882802e+03
1.015319030426355857e+04
5.505272826564081697e+03
5.963127259279915961e+03
5.727888976190854009e+03
4.190544457094279096e+03
6.331923392944534498e+03
4.524550082075536011e+03
3.156214812730896483e+03
7.996471751259237863e+03
4.583832183485404130e+03
4.695326649580541925e+03
6.263756603366149648e+03
5.285355495069297831e+03
5.331723158476809658e+03
7.687603887902826500e+03
6.685118986349499210e+03
6.157648958703028256e+03
6.741677042861039808e+03
6.953167496280540036e+03
4.429112545702316311e+03
9.764583374391286270e+03
5.541208740696605673e+03
5.173063839164296041e+03
5.846241405938633761e+03
4.281007832754788069e+03
7.231661579030514986e+03
5.229345772848841079e+03
4.729305739878916938e+03
5.150101744510072422e+03
4.380552395014014110e+03
6.224517625670903726e+03
7.540201980872971035e+03
4.139340344505004396e+03
5.008729898901929118e+03
5.378657045110960098e+03
4.318486912280020988e+03
5.688549885067610376e+03
2.745963428879217190e+03
7.247299599226080318e+03
6.179211189029637353e+03
5.921088208245424539e+03
5.892203868382200199e+03
6.781466754894607220e+03
3.855668288315933751e+03
6.391237523211347252e+03
2.539191219042895227e+03
4.062791945295169626e+03
4.282549781253249421e+03
1.129062462412483910e+04
1.623612207189139008e+04
2.612297367076374485e+03
4.930174223282226194e+03
6.444413509516100021e+03
6.297980513380598495e+03
6.459957778607011278e+03
3.930375180860586624e+03
4.729535843482753990e+03
3.012875407472972711e+03
2.767215839657960714e+03
3.604135737511223851e+03
2.797089572865244008e+03
5.436626451656339668e+03
3.726956834917621563e+03
3.316169588231899979e+03
3.823293996919906022e+03
5.100850418531163086e+03
3.580048740882574748e+03
5.587561382134840642e+03
5.608220023601269531e+03
5.322368076883372851e+03
5.356639725598720361e+03
8.080585716708910695e+03
9.797561093657312085e+03
7.001106565925476389e+03
4.944108806398971865e+03
4.733086244538983919e+03
4.431185714087880115e+03
6.145193476240901873e+03
7.204567798331752783e+03
4.326765760513895657e+03
4.703719250138595271e+03
4.961613532144640885e+03
5.632470952314291935e+03
3.606844837090535748e+03
3.756177527965572153e+03
4.729708750805370073e+03
5.258684022504884524e+03
3.823781177879261577e+03
4.470307124753433527e+03
4.342175345400783954e+03
2.674248695967372441e+03
4.278567037397776403e+03
7.434672294993405558e+03
4.627766518858986274e+03
5.885931819669686774e+03
9.914304434617419247e+03
5.589461978749748596e+03
5.511612426002823668e+03
6.313815205762647565e+03
1.028013709562431723e+04
6.752827805215792978e+03
3.457926457285811011e+03
6.804628671095476420e+03
5.341529527527398386e+03
6.635565981408162770e+03
7.940873627801930525e+03
6.987851425213529183e+03
8.563406368675243357e+03
8.089049554968904886e+03
7.518392889216397634e+03
5.942133695350603375e+03
5.504353045109664890e+03
1.055502356939733181e+04
6.445592062376458671e+03
8.548277131463848491e+03
5.291753571246050342e+03
4.599542275623484784e+03
7.447401100754818799e+03
8.292897748909646907e+03
5.800730439130558807e+03
9.195687654866156663e+03
5.872455823568259802e+03
6.412590480471448245e+03
6.418135215228539892e+03
8.197833465817580873e+03
7.814602317372161451e+03
7.955383934166309700e+03
8.027517053530681551e+03
9.359231935837333367e+03
9.776340928478601199e+03
1.047644698047126803e+04
4.498999865209535528e+03
4.230278434501805350e+03
3.871096422270987205e+03
5.722412892171108979e+03
5.564674432652228461e+03
4.529203371315536060e+03
2.430416763439091028e+03
9.346279837285983376e+03
7.085839532088048145e+03
5.800556060019150209e+03
7.830162101181830621e+03
8.861710288258014771e+03
7.378398760785414197e+03
7.155625868883398653e+03
6.460454138651080029e+03
7.888202640602562496e+03
5.442901148952236326e+03
8.106963896317232866e+03
3.150344361398960245e+03
5.724893278709575497e+03
3.760009139915894593e+03
6.450129350563432126e+03
4.758166847367200717e+03
3.539999452008115895e+03
4.208426227931722678e+03
3.339773737463476209e+03
2.487931947371101160e+03
5.717460230541790224e+03
3.378137305742326589e+03
3.457365688009961104e+03
4.281914086868921004e+03
3.302036198530943238e+03
7.487887568739500239e+03
3.067261317126063659e+03
8.939458596265141750e+03
1.003272812939365394e+04
8.738204010016726897e+03
8.471718835834413767e+03
8.347772800964803537e+03
7.283235322820777583e+03
6.857843646563210314e+03
8.174322004737514362e+03
6.654216088156873411e+03
4.711362261069099986e+03
4.907306643202296073e+03
4.505234698123297676e+03
5.271486661596015438e+03
5.785978510170345544e+03
5.721367192883751159e+03
4.411018246189599267e+03
2.375961255620165957e+03
4.411947737274011160e+03
2.931372209349799505e+03
4.116433130275525400e+03
3.811565638278721508e+03
5.467791432687001361e+03
9.894158312662342723e+03
1.058433276702801231e+04
8.279402549002847081e+03
7.706619655950310516e+03
5.617917622482511433e+03
9.624411109734848651e+03
6.735775885235942951e+03
1.115895528132418804e+04
5.997925391382269481e+03
9.791288907763511816e+03
6.087856474946133858e+03
3.861777859370702117e+03
3.497136772173075315e+03
7.621933518415726212e+03
4.207616649128626705e+03
7.723767901277888996e+03
4.162489357369921890e+03
3.878687803372751659e+03
4.232525479077527962e+03
3.900495002456166276e+03
5.374831550355426771e+03
4.529850281139901199e+03
2.566176194246015257e+03
4.981037325616490307e+03
4.034457473306540123e+03
3.708266776965883764e+03
3.889936902879825539e+03
3.216410099738748158e+03
4.221819962312462849e+03
3.370682549899818241e+03
6.052678253535485055e+03
2.795520547418045680e+03
4.733655197616473743e+03
9.214084183365846911e+03
9.922048750991943962e+03
6.793619440157048302e+03
4.947399718753707930e+03
8.097481415250880673e+03
7.570272885979082275e+03
8.229139534864116285e+03
6.168781880127212389e+03
5.982713416483537003e+03
4.533029815742108440e+03
4.347357186600583191e+03
3.506547160305930902e+03
6.296980997877802110e+03
4.038705522321744866e+03
3.660482547175656691e+03
5.816682445385240499e+03
4.905319482920239352e+03
4.167961917086936410e+03
5.241282753840994701e+03
7.664721996384154409e+03
7.420965313280948067e+03
7.826066506773368928e+03
8.726392689046273517e+03
1.038117651359602496e+04
6.351282469343582306e+03
7.765515254570097568e+03
5.484754470974086871e+03
8.349042351588608653e+03
7.792923099641177032e+03
5.825580999188969145e+03
8.776408548989653355e+03
7.257001264219509721e+03
5.683910594387778474e+03
6.376816990450345656e+03
8.121666045916798794e+03
6.203181990508341187e+03
6.314908018282097146e+03
5.606852046169701680e+03
6.794448359252409318e+03
5.767827629125289604e+03
6.013902322227060722e+03
5.243589965136644423e+03
6.386216848016437325e+03
5.397865757397730704e+03
7.716119865010792637e+03
7.245997293582723614e+03
4.343882218084613669e+03
5.581525153381280688e+03
4.578550506784791651e+03
4.180737810342064222e+03
3.090362858492384021e+03
4.883111487498039423e+03
4.421763192989840718e+03
5.835865306117038926e+03
6.165156463348833313e+03
8.274659456605480955e+03
4.783937552269679145e+03
7.010804179894868867e+03
5.564204518047250531e+03
4.933280854214328428e+03
4.797357256510918887e+03
4.354518904165301137e+03
6.349509370906519507e+03
6.037788018937064408e+03
6.651607846850750320e+03
6.596748187420839713e+03
4.324142292016242209e+03
6.467588589908447830e+03
5.150324448374166423e+03
4.816048598857870275e+03
5.607779984470485033e+03
4.670521401467875876e+03
6.748005571980354034e+03
7.186597216946455774e+03
7.466741745095019724e+03
6.822768333886908295e+03
9.352932765948622546e+03
8.535220513881586157e+03
6.539586499481571991e+03
8.443367623430669482e+03
9.519692980048948812e+03
6.813041098602069724e+03
9.050996820791071514e+03
1.005938590424703216e+04
7.785396972164712679e+03
3.666604310677905232e+03
7.444079603846020291e+03
4.962622376620839532e+03
7.417966804968404176e+03
9.776310153996195368e+03
4.272590832382374174e+03
2.753678024086328151e+03
4.653761998943219623e+03
4.925051477191559570e+03
7.125522096095270172e+03
5.967369383771510002e+03
9.378417051478134454e+03
4.958240811106630645e+03
6.813426002246599637e+03
3.228313270473947796e+03
2.584102290773656478e+03
3.849084472181699766e+03
3.900993839287672017e+03
6.593825139424328881e+03
5.373775947807715966e+03
6.167340308140934212e+03
4.782477282097963325e+03
4.749446751516902623e+03
6.062898367301315375e+03
6.380705528105178928e+03
5.896635725102439210e+03
5.704936355122063105e+03
6.625858423722783300e+03
4.230466883783484263e+03
5.768677661713119051e+03
7.500968867968600534e+03
8.150750637357674350e+03
8.128682217754558224e+03
9.206949794483814912e+03
7.528066559455259267e+03
5.866053511393133704e+03
7.452907194013733715e+03
7.187362731223728588e+03
8.488274674091813722e+03
9.022892113432561018e+03
5.685202627489637962e+03
6.500375739077504477e+03
4.787401375791861028e+03
7.116850280803313581e+03
4.636977302789157875e+03
4.998265600036538672e+03
9.225746406581769406e+03
4.191449554281123710e+03
6.346161294876229476e+03
8.053472794826749123e+03
7.082919371667930136e+03
5.881712237745329730e+03
5.710256399468190466e+03
6.966988265882061569e+03
4.726593336709122013e+03
5.605500418408628320e+03
4.069142078093209875e+03
6.529954398998505894e+03
4.082812065594457636e+03
4.494919347871506943e+03
5.547004173124591034e+03
4.870269871402788340e+03
4.696913385245084100e+03
3.522441546181553804e+03
4.084586579415642518e+03
3.795700083729450398e+03
5.061880292868841025e+03
4.139411776830687813e+03
3.128997880448027900e+03
4.187115592526302862e+03
4.398690861341769050e+03
3.493160714705864848e+03
4.051820504945681023e+03
6.215496532711991676e+03
5.835860576027463139e+03
5.777539801128503314e+03
4.530213295663154895e+03
5.593401446517020304e+03
7.665908561866784112e+03
6.259400692466674627e+03
7.903266710858288207e+03
8.030148463509774047e+03
7.224699072188616810e+03
5.692124479902622625e+03
5.085017431154844417e+03
3.866202350896079679e+03
5.694310365089198967e+03
6.734183751355839377e+03
7.204823234257581134e+03
5.506935003060683812e+03
7.378743943961678269e+03
6.277286033090394994e+03
3.983156059812903550e+03
5.384779519292220357e+03
7.036621548780812191e+03
5.834096774433242899e+03
6.284230444448365233e+03
3.141097367379534262e+03
3.899616069214383970e+03
3.748319007982854600e+03
2.817554316194206422e+03
9.583312292031918332e+03
5.882652168803427230e+03
2.834859417629994823e+03
4.339382512182383834e+03
4.436154206423502728e+03
5.003828642548518474e+03
4.014390552676024527e+03
5.636112178445229802e+03
4.051432180417050859e+03
9.742299666225122564e+03
8.003268511980707444e+03
7.537046188073747544e+03
6.914795294144321815e+03
9.037726533620365444e+03
7.706823280086697196e+03
6.032352361916619884e+03
4.245773937510451105e+03
6.484555175125995447e+03
1.019504101206263840e+04
7.182475619314880532e+03
5.867491453870511577e+03
4.708093298372669778e+03
4.658624959386809678e+03
6.658369965022572615e+03
6.887036406479573998e+03
5.588332113290898633e+03
6.558650703989836984e+03
7.955464093644496643e+03
7.595684650353303368e+03
4.868990681477092039e+03
5.736283021749950422e+03
1.009863876294117472e+04
6.385130419554941909e+03
3.682243508778302839e+03
5.718148340889485553e+03
7.799605709179135374e+03
5.894473082061521382e+03
4.414543811237310365e+03
4.294415566038927864e+03
7.408952467993165556e+03
7.239014997692611360e+03
7.592813118469607616e+03
6.425417328106449531e+03
4.408090502013998048e+03
5.936280720170690074e+03
5.881978592679582107e+03
4.238562631431045702e+03
6.532421003443689187e+03
5.984684326111655537e+03
6.272751947786845449e+03
5.572269589657070355e+03
4.004150667250877632e+03
3.557164942964589045e+03
3.239224657697578095e+03
4.562884225891541064e+03
5.816690648854734718e+03
5.042596367792695673e+03
2.395864298363198941e+03
4.961215181388010024e+03
3.808736241016771146e+03
5.169550905549112940e+03
4.257208335805220486e+03
5.233430616281028051e+03
4.876539567209948473e+03
6.537875588327920923e+03
4.999408637379333413e+03
7.678249928336088487e+03
4.797431030708779872e+03
4.070251926063122482e+03
5.589338000486493911e+03
7.600365633128651098e+03
6.749007897626297563e+03
7.990330096353211957e+03
8.362072438741930455e+03
3.967844102688600287e+03
8.192977652234019843e+03
3.348647161113568018e+03
6.134278555315879203e+03
5.081011669616540530e+03
6.159575829756893654e+03
4.122604534560764478e+03
4.111674782708504608e+03
4.263301601198673779e+03
5.906898603159499544e+03
6.333593211434740624e+03
6.182729533774991978e+03
4.499206279583022479e+03
6.281150522278961944e+03
5.643241458987095029e+03
4.538252617153568281e+03
3.356851339335717057e+03
4.127162487069876079e+03
4.755847045440181319e+03
5.584014802202469582e+03
3.253700959095449889e+03
3.082200641706627266e+03
4.068726377636748111e+03
3.722056457257109287e+03
3.060382465723043424e+03
3.831313233703323021e+03
3.645117364185305178e+03
3.119061309458424603e+03
3.835593152320307127e+03
8.936858769488515463e+03
7.713703830721093254e+03
5.750654998031383911e+03
8.081897040445526727e+03
7.545589688693271455e+03
1.121476421355850289e+04
9.418130738214336816e+03
1.025905452522510495e+04
6.733680941315968994e+03
4.120480123567831470e+03
4.927893047096315968e+03
5.363658036100086065e+03
6.371304517516015039e+03
4.093227348110985076e+03
3.495704963468275309e+03
3.843842800591196010e+03
2.668890628970596936e+03
4.837833419740950376e+03
3.742810709752353432e+03
4.846507980540352946e+03
3.226345082576131063e+03
2.898168195615749937e+03
3.147094679593058572e+03
3.644632111017490388e+03
3.728299632914834547e+03
4.649466230484627886e+03
3.149318101297611975e+03
4.173519884678374183e+03
3.039510825237270183e+03
5.502213825314727728e+03
3.196904084886328292e+03
5.320689628228657057e+03
3.884539650947770497e+03
6.024665046597816399e+03
3.551096646424545725e+03
5.283680398116970537e+03
6.077126436068179828e+03
5.802609712519779350e+03
4.473677038417893527e+03
4.864272107983817477e+03
4.618757083696673362e+03
4.602876487542610448e+03
3.475209072739653948e+03
8.170159636854950804e+03
1.199998276506510774e+04
5.958140254098018886e+03
5.017018478130688891e+03
7.392519199379781639e+03
6.363276821203619875e+03
5.685073753412290898e+03
3.463135122442766260e+03
3.452645042396572080e+03
4.780029217070656159e+03
5.889700678760911615e+03
4.758134616545960853e+03
5.379605474790655535e+03
3.918910496445623266e+03
3.707201493154755099e+03
3.146425262672868030e+03
3.585063808625407091e+03
4.459903557342406202e+03
5.222813912095172782e+03
5.951516821244998027e+03
3.861804415197946582e+03
4.955040149764052330e+03
4.025359040648446353e+03
4.875519072361434155e+03
5.483057461356567728e+03
6.148320884269389353e+03
4.132959030719744078e+03
3.955285119901374856e+03
4.250053938022151669e+03
6.528671800283721495e+03
7.192179483253488797e+03
5.721950202769068710e+03
6.345152567176111006e+03
6.529825419045709168e+03
4.260226294338797743e+03
4.351141253605210295e+03
4.544348247646474192e+03
3.968049853749278554e+03
2.946890529969939962e+03
5.596804394024484282e+03
3.669053781844594141e+03
3.591478014604198506e+03
6.183896671171798516e+03
5.471810795915162089e+03
6.465617698365035722e+03
2.929844346611260789e+03
5.706509435445983399e+03
4.526038587845071561e+03
3.068512236014845257e+03
3.887430283898241669e+03
3.282056023350148735e+03
4.571992267106921645e+03
6.613125305818992274e+03
5.175189290171457287e+03
3.700767847083574907e+03
5.837630349691064112e+03
1.070073941851992276e+04
9.889338043737730914e+03
5.197843498852385892e+03
4.779045737967169771e+03
5.753493898342817374e+03
5.322478669604155584e+03
2.559067290271925231e+03
6.427413793120985247e+03
3.054241203879701970e+03
4.021925881256847333e+03
5.777722004069512877e+03
6.074227972273194609e+03
5.373715361423815921e+03
5.316749157874711273e+03
4.332323795752558908e+03
3.811215339377689361e+03
9.107824989054037360e+03
7.398562562627395891e+03
6.356643696632360843e+03
4.864360773383904416e+03
5.398042231156638081e+03
1.285235751895546673e+04
1.027060010332128513e+04
7.315132929029659863e+03
5.285762213041501127e+03
1.130450106878848237e+04
9.221774637493377668e+03
6.105564505109933634e+03
1.003153279999480947e+04
6.150635703981799452e+03
6.991415365025541178e+03
8.759368818532109799e+03
5.696150678668900582e+03
3.444154671834515284e+03
4.166097035112155027e+03
4.840442544594125138e+03
7.152575715733129982e+03
7.819671942706429036e+03
4.435777448871034721e+03
5.235543369677809096e+03
8.291525587373462258e+03
9.165100033501548751e+03
8.838282100608397741e+03
8.113283958658630581e+03
4.659320057667293440e+03
5.373773918355300339e+03
6.736590647304799859e+03
4.455154494362610421e+03
3.339576178804113624e+03
3.290732121651545640e+03
3.472487219382319381e+03
3.590331929825881161e+03
2.596113186199250777e+03
2.918364255231096649e+03
2.779904823400708665e+03
3.193580019135692510e+03
3.804875908850264750e+03
3.691597504387778827e+03
3.755852558141211375e+03
3.634473605445486101e+03
3.515420334621152506e+03
3.610606249910150837e+03
3.824434160580475691e+03
3.665458700848706940e+03
3.292561473933789330e+03
3.261301447633971293e+03
3.599803219658010676e+03
