9.652013777659218476e+02
1.191113157683002328e+03
1.192438301684146609e+03
1.361930522016852137e+03
1.228234152142605808e+03
1.846859706789268330e+03
2.154680624384386647e+03
2.103340701714957959e+03
1.504599982754267330e+03
1.270496848920339971e+03
1.186754088638192343e+03
1.180663833955592054e+03
1.151256161443218616e+03
1.628252571689018851e+03
1.577950342758244460e+03
1.490461646153037236e+03
1.195743754703393506e+03
8.174868756849588181e+02
6.602769401809571264e+02
8.296142706365352524e+02
8.314960991199158116e+02
1.072390794935564372e+03
1.350380171687148959e+03
1.486222941478783923e+03
1.938859724144209395e+03
2.520971257359157335e+03
2.156021681890322725e+03
1.585564578805875271e+03
2.441384389801564794e+03
2.191143074552930557e+03
1.653732778456309006e+03
1.139494673417930244e+03
1.549460934340936547e+03
8.683995011615656949e+02
1.215386870694731897e+03
1.708029732383883584e+03
1.788861699716046587e+03
1.332079032544104848e+03
1.032479919608689215e+03
9.314398864721549671e+02
1.117457553981145338e+03
1.221011240325886092e+03
1.174232963223798606e+03
3.251992491301984955e+03
2.925471806238763293e+03
3.025045688970752508e+03
3.274277542761245513e+03
3.857665919703060808e+03
2.735261811102213869e+03
2.168080874876478447e+03
3.125324450269531553e+03
3.158408802618575919e+03
2.426527482464447530e+03
2.760861117823824770e+03
1.915211743221662118e+03
2.077540700201651362e+03
1.697954050611404909e+03
1.933979171756955111e+03
1.691730783341564120e+03
1.650070586649879260e+03
1.826097639579933457e+03
1.592887875416852694e+03
1.737049851226621740e+03
2.164403561448407800e+03
2.478055257294814965e+03
2.984518490786749226e+03
2.716914495815947248e+03
2.172227396491284708e+03
2.141241777573510262e+03
2.027805329572392793e+03
1.690810024141403119e+03
1.589888969066128311e+03
1.139509623427819406e+03
2.999692837558914107e+03
3.174743533195852706e+03
1.962102515897714284e+03
2.635012227970987169e+03
3.643192422584796986e+03
3.690522171622764745e+03
3.862422152142698906e+03
3.723654457771566285e+03
4.331054099668953313e+03
2.678895040447834617e+03
2.655580289790568713e+03
2.868444740325127441e+03
1.984373408841888249e+03
2.091122792336228486e+03
2.157348767111166580e+03
2.286366435972352519e+03
2.634306766193130898e+03
3.454568307662187181e+03
5.426103409290721174e+03
6.666146768544319457e+03
5.152257385665646325e+03
5.949591038050844872e+03
5.344698405744371485e+03
4.777693858767331221e+03
4.163076788985254097e+03
2.932767289914679623e+03
3.039166189664103058e+03
3.433461974621895934e+03
3.197244374967945987e+03
1.594048577899560541e+03
1.395678008613671182e+03
1.350166302878901433e+03
1.872274420455535846e+03
2.338341245213011007e+03
1.926835969354727467e+03
2.447707327592828733e+03
2.764498511378006697e+03
2.519947419631947923e+03
2.816398435577318196e+03
3.355826807374034615e+03
3.225840315881715469e+03
1.880169099026516051e+03
1.319722274145477058e+03
3.205662326909531203e+03
3.902030848960009735e+03
4.068860260396018930e+03
3.713547793314703995e+03
3.936697720587046206e+03
5.659575438056064741e+03
5.243460015260614455e+03
5.367328649461152963e+03
3.868396717268227349e+03
4.874677348979857015e+03
3.632102830306150281e+03
4.775865065023572242e+03
4.748239357995290447e+03
5.575289674772218859e+03
4.865731960736366091e+03
5.526005351715261895e+03
5.153460775726895008e+03
4.001024212723557412e+03
2.925756373621637067e+03
2.584448467119406814e+03
2.614496216213096886e+03
2.281766610713135378e+03
1.636040172603553174e+03
1.512177709649475446e+03
2.520064075314835463e+03
3.082667769695189691e+03
3.856473948459519306e+03
4.744691801261039473e+03
4.725254352281882348e+03
4.622872875733763067e+03
3.942898047325651987e+03
5.244089481440196323e+03
4.002517420994216081e+03
3.739636593456496939e+03
3.477287311370878342e+03
3.100019968619492829e+03
2.909820160418019896e+03
2.582931523524252043e+03
2.031643919158093922e+03
2.318969136054971841e+03
2.870585690660012006e+03
3.033185310678189580e+03
3.706555119022104464e+03
2.858471010057297917e+03
4.292302491467070467e+03
3.128384276897739710e+03
3.646282685407885310e+03
3.213818305735939248e+03
2.259742220536776586e+03
2.258758400457389598e+03
1.272160614787127315e+03
1.562759299766200002e+03
1.613011094729297156e+03
1.598093695501385582e+03
1.486859599559943490e+03
1.487008086118533356e+03
1.677031576462109115e+03
1.395582079791225851e+03
1.689398320090197785e+03
1.628733876713203244e+03
2.060716075348195318e+03
2.358432984406872038e+03
2.739429398240205501e+03
2.588505955559976428e+03
2.830575246979844906e+03
2.608277715216301203e+03
2.409703888799567267e+03
2.739690919863536692e+03
2.420124057253233332e+03
2.524506742427692188e+03
2.622173150965925288e+03
1.957404171529436098e+03
1.610240760536782091e+03
2.385268759676743684e+03
1.979017846609753860e+03
1.798091446647621524e+03
1.772944518184626759e+03
1.968928477676439343e+03
1.427930213714756064e+03
1.088886241815219364e+03
1.249139127688610188e+03
1.203531749319905202e+03
1.217160357885323037e+03
1.102024479377821763e+03
1.610852892302789996e+03
1.763488125954206225e+03
1.328531430950919002e+03
1.355019151976333205e+03
1.229257951493047130e+03
1.125112932327036106e+03
1.424201794346761744e+03
1.579992911266820784e+03
1.535202838144572524e+03
1.521801323707094298e+03
2.516589447317913255e+03
1.967132795989353554e+03
1.807208654884748512e+03
1.494014309939342866e+03
1.399625504740724637e+03
1.146806605597842236e+03
1.429344569241282215e+03
2.080540661114893283e+03
1.263943922403793977e+03
1.155217301053277652e+03
1.122764046575313841e+03
1.184252762528393987e+03
1.389689329999908523e+03
1.671779974873143374e+03
1.387253718590439121e+03
1.211141342381218465e+03
1.276072511109402285e+03
1.616374566101297660e+03
1.980845028264649500e+03
1.552065202478441279e+03
1.689104221399481276e+03
1.832039749223226181e+03
1.948059729889901973e+03
1.945321911874495981e+03
1.720496409094925184e+03
1.879556198373955795e+03
2.026988383405456489e+03
1.633673675468611691e+03
1.154952766508027480e+03
1.093866523228273536e+03
1.679758093676116459e+03
1.328004466904291121e+03
1.118205335904621506e+03
1.352233979631599595e+03
1.426165894109900819e+03
1.420421387856268439e+03
1.510475357512515529e+03
1.605416674663597178e+03
1.592439014212881375e+03
1.700483478023015550e+03
2.306918142752511358e+03
1.793290546068610638e+03
1.889721299455639837e+03
1.935974756426292515e+03
2.133917081820597559e+03
1.366311515557841403e+03
1.687206556199498891e+03
1.667450681945360429e+03
1.637171972635581596e+03
1.215257357752430153e+03
1.342672257779056054e+03
2.836449701403372728e+03
3.005602421770300225e+03
2.364894860587830408e+03
1.902962140928980943e+03
1.546550794655677237e+03
1.907226498114722062e+03
2.024097748533740969e+03
1.203176587975106486e+03
1.555057111007295134e+03
2.151995156306207718e+03
2.896245097036511652e+03
3.693186188363667952e+03
3.464763404273294782e+03
3.474831920089506184e+03
2.700517047164262749e+03
2.387200303534189061e+03
2.855953233784897293e+03
3.026508935116221892e+03
2.104948188476357700e+03
2.150650681260107831e+03
1.872307263722437710e+03
2.637574897709745528e+03
3.926659125931569179e+03
4.714854082608117096e+03
4.737773498184243181e+03
4.624882016581525932e+03
5.148317285439205989e+03
4.584008839015459671e+03
3.026619773514409189e+03
1.527481072255236313e+03
1.415119475341101406e+03
1.233229800005193738e+03
1.174262050176781941e+03
1.665573420950677473e+03
1.787794751656398375e+03
1.863043939619734147e+03
2.688334407779432695e+03
2.224138986323045629e+03
2.427915939069142951e+03
8.966140036426183997e+02
1.514759855482982402e+03
1.382983911708730147e+03
1.359527291634197354e+03
2.233356218973640807e+03
1.660313700285534651e+03
1.570228067519326032e+03
1.490816222159849076e+03
1.731833120516372446e+03
1.573229526811878713e+03
1.668732273681766856e+03
2.006913896647246020e+03
2.044536189189121387e+03
1.752064747721229651e+03
1.707208144162049621e+03
1.844376719915728017e+03
2.018670580990843064e+03
1.965256175425394531e+03
1.595067776426275259e+03
1.536553948616906609e+03
7.908287561358463336e+02
2.171508117575473079e+03
2.809369965396128009e+03
3.004592062796206847e+03
2.627377041583347363e+03
2.574014780131000407e+03
2.092481841648110731e+03
1.839580623371461797e+03
2.633712774846298544e+03
3.993130083283435397e+03
4.194329154787636980e+03
3.411453241205234008e+03
4.511386376094013031e+03
2.930866313147475921e+03
2.215182209650028653e+03
3.406340233695875668e+03
3.076104264505000174e+03
3.094004351213006430e+03
4.117871875156846727e+03
3.293054217715122377e+03
3.896534732746118607e+03
2.395101968779092658e+03
2.582391463629950977e+03
2.705582602115706322e+03
2.439333454901744517e+03
2.214654192043266903e+03
2.039983745991399019e+03
1.754082222540000430e+03
1.800390262216812062e+03
1.458135328745345987e+03
1.525815608484354243e+03
1.874845424017971709e+03
1.878594208674365973e+03
2.249064672810901811e+03
2.418548132821010313e+03
1.500143298321947668e+03
1.924529000629830989e+03
2.435215216634105218e+03
2.796855616241572989e+03
2.769077184125063013e+03
2.596644467234285457e+03
2.393943964587231676e+03
1.569152645623060153e+03
2.006518188070547694e+03
2.005138774609077927e+03
1.314396205608505625e+03
1.669873900841502291e+03
2.087339541970953178e+03
2.161604846049629487e+03
2.018387861557154565e+03
2.254106814181053778e+03
1.836756528661441735e+03
1.736367735265897636e+03
1.137813654797568461e+03
1.011057877323303615e+03
2.055036165190907923e+03
2.341481504698048411e+03
3.472321882430945607e+03
3.643295299031871764e+03
3.544113264636129315e+03
2.221045576146646908e+03
3.922196488116325781e+03
3.785603826544766889e+03
4.512513554975116676e+03
3.180521649239016369e+03
3.369799333998907969e+03
2.909904495435622266e+03
2.862855692538203584e+03
3.371567420372038669e+03
3.125698728539982312e+03
2.725382999067245237e+03
2.525746669608299271e+03
3.095929914757168717e+03
3.288037882712664214e+03
2.271985662843177124e+03
2.481421273276200736e+03
2.530815501285166647e+03
3.117315699040199888e+03
2.682551291594797931e+03
2.485214954100621981e+03
2.117858420001710329e+03
2.186097985413164224e+03
1.840504390802584794e+03
2.156173904435558143e+03
2.069990797227012536e+03
2.602710673878559646e+03
2.140695346486807921e+03
2.241981292285430754e+03
1.862747367437081266e+03
2.102833372120206150e+03
2.024244298822316523e+03
1.795301971053984516e+03
1.908800294544262442e+03
2.176749229630178888e+03
2.455197308775210331e+03
2.079226334460369344e+03
1.990086167533613889e+03
1.847714791299229091e+03
1.609312031657720581e+03
1.321845255907251158e+03
2.873935741355196114e+03
2.680512228420556312e+03
2.986106671050136356e+03
3.027734558490701147e+03
2.221411167206320442e+03
3.457207673656062070e+03
3.202360965891275100e+03
3.060546937702252762e+03
2.185139055511032893e+03
1.349711189560222920e+03
1.644730763542435170e+03
1.730858400701053824e+03
1.713741996008379374e+03
1.492433983512997429e+03
1.586796603080784507e+03
1.839704900691350304e+03
2.160138619834406654e+03
3.207941268293084704e+03
4.247849582367414769e+03
6.192889713887163452e+03
5.564481864806464728e+03
5.011586263927400978e+03
4.558558842018680480e+03
4.488516675800629855e+03
4.607729075582053156e+03
4.821596579906523402e+03
4.853412534196753768e+03
6.793553829865280932e+03
5.229311638253824640e+03
3.107502237258863261e+03
1.377178704049803400e+03
1.773630822953786947e+03
1.468104714542645979e+03
1.846928069548431267e+03
2.103324953026389267e+03
2.447165238001412035e+03
2.165749077951301842e+03
1.746066059450076182e+03
3.107664361683535390e+03
4.433357322547228250e+03
4.558391379078591854e+03
4.143257814582668288e+03
4.076975131352475273e+03
3.671777368484998078e+03
4.134932086066738520e+03
4.137688681800332233e+03
4.062202884414978143e+03
3.916764368221554832e+03
3.158781437460439975e+03
1.971621472167455977e+03
2.544676019204704062e+03
3.430885855592677217e+03
3.503301210115161666e+03
2.841873558965031407e+03
2.555364988192334295e+03
2.638215592104700136e+03
2.394335908336745433e+03
1.981848550648533319e+03
2.248186780463083323e+03
2.570883462629438327e+03
3.260636865056062561e+03
3.468331912795128574e+03
2.920475472062154495e+03
2.105415054098093151e+03
1.624853754774383788e+03
1.577811030159537950e+03
1.074243061472648833e+03
1.243832368902778171e+03
1.495413899456422769e+03
1.378590193123093513e+03
1.601614785065822616e+03
1.797382349186358852e+03
1.758712622494591642e+03
3.551286566123621924e+03
3.763095184463245459e+03
3.016854313135929715e+03
2.799997042041603891e+03
2.750682883814474735e+03
3.773220668674459830e+03
4.172674601869171056e+03
4.005187764812897058e+03
3.778266494229456384e+03
3.831439925459460937e+03
4.049123222892092599e+03
3.048328636301758706e+03
2.834550139711666361e+03
3.010576811986066332e+03
2.482533269908479724e+03
2.381631732729350460e+03
2.425173712987507770e+03
2.477242847610205899e+03
2.188584519841457677e+03
1.419452190473268047e+03
1.904926072976004207e+03
1.678161013366765474e+03
1.469289624611345971e+03
1.327862027905054674e+03
1.756993170611745882e+03
2.362918782691005617e+03
2.557434406322136056e+03
2.569418198390164434e+03
3.284785647753841204e+03
2.399044398553226529e+03
2.733159148599238961e+03
3.131404633975646902e+03
2.227934897337614530e+03
1.809996002146027649e+03
1.618591430436138126e+03
1.665622091492754862e+03
1.291589056295513728e+03
3.447380585920982412e+03
3.478750076420766618e+03
3.303708123224128940e+03
2.700191442276363432e+03
2.458863045968036658e+03
2.256936863642294156e+03
1.989002002508524811e+03
1.778054840772950001e+03
1.482671842337547560e+03
1.880206102521457296e+03
1.845223185293381675e+03
1.250306464190757197e+03
1.152866801346202919e+03
1.549934365850420363e+03
1.607151538562660562e+03
1.442810043530691473e+03
1.811352120450826533e+03
2.140164669458585649e+03
2.138568482340875107e+03
2.095512809791164273e+03
1.478060005878262928e+03
1.304731650261748882e+03
1.191039826697914350e+03
1.617127952452945010e+03
1.421963882586840327e+03
1.507426470561350698e+03
1.612283727716291423e+03
1.538606783618964982e+03
1.386356940361967190e+03
1.590298421488634176e+03
1.108903971109336908e+03
1.481628851050887306e+03
1.701781524225724525e+03
1.273573177950473791e+03
1.424756723382743530e+03
1.383263373468095097e+03
1.407304897238914236e+03
1.473265761512987865e+03
1.813018168620809547e+03
1.411434095132370203e+03
1.370308980020968875e+03
1.880048378583352132e+03
1.554506783683085587e+03
1.519298320774821832e+03
1.405788857244100654e+03
1.295506608008904550e+03
1.773395711515501489e+03
1.900371241054163875e+03
1.527984843733514481e+03
1.850838864488620402e+03
1.583315690653530055e+03
1.837509584538017407e+03
1.588137215374572861e+03
1.965328878384408654e+03
2.032010774913272371e+03
1.887708052301778935e+03
1.658171059000096648e+03
1.612751387556257896e+03
1.656080439351547511e+03
2.116098837018536869e+03
2.352861853668191088e+03
1.800959682242503732e+03
2.055981331985128691e+03
1.717541905653100912e+03
1.353369234127122809e+03
1.019139648544808779e+03
8.825094221154132583e+02
7.769187758365251284e+02
1.034963933606954470e+03
1.044196684157617710e+03
3.149256740772584180e+03
3.141975344737548767e+03
1.927559514539548218e+03
2.128627770854183836e+03
2.409965802875613008e+03
4.161004894083362160e+03
4.678025107992110861e+03
4.070026470747497569e+03
1.728793289397890703e+03
2.571505259405216293e+03
2.483989698901327756e+03
1.956464437244342207e+03
2.376745096206519520e+03
2.126301927225894360e+03
3.688011662681650705e+03
3.381242626582340108e+03
1.669925729457408352e+03
2.643625716920651485e+03
3.135307350178681190e+03
2.735586446427027568e+03
3.158406692546143404e+03
4.367471392020162057e+03
3.822414323978113771e+03
3.797124142255440802e+03
2.541806309862035050e+03
2.247140451875899089e+03
1.775090647676840490e+03
2.325537923826923816e+03
3.262779320468861442e+03
2.614955259957309408e+03
3.231951407463868236e+03
4.619172760324416231e+03
4.636134317459112026e+03
5.047808086675245249e+03
4.060242983175794507e+03
3.481092521210139239e+03
2.761459050753925112e+03
3.389245171742497405e+03
5.367133202489613723e+03
4.503764377160859112e+03
3.872073197606747271e+03
3.251939622638202763e+03
3.772352581372440454e+03
3.070016184465928745e+03
4.265375160800951562e+03
3.457553770236077980e+03
3.167992296175828415e+03
3.116769318274343732e+03
4.484189799810244040e+03
3.062903015186770062e+03
5.713833026901348603e+03
4.959435119926795778e+03
3.311696920661853255e+03
3.134516024207637201e+03
3.072320826842087627e+03
2.957804039726043356e+03
2.274082738757447260e+03
2.251078498660431706e+03
1.822175372142057313e+03
2.099863656587898731e+03
1.885505680159916437e+03
2.535771967507221689e+03
2.662131598318042506e+03
2.732678836528422380e+03
2.496445271558701279e+03
1.837446491120651672e+03
1.629299207210952318e+03
1.891892433975777749e+03
2.319498927990661286e+03
2.300695679436757018e+03
2.937111211519668359e+03
2.857080120856705889e+03
3.160669913528504821e+03
2.724066733753834342e+03
2.319099405369585384e+03
1.793898427066469367e+03
1.708268268464164294e+03
1.864591334272660333e+03
1.923581268974523482e+03
2.139632238459782457e+03
1.812477029737059183e+03
1.642083322573149417e+03
2.035852456265115279e+03
1.772207758871150872e+03
2.015369539121454181e+03
1.567584425107952256e+03
1.688903631016352620e+03
2.151382097803806118e+03
1.969322478338971905e+03
2.221351244665520426e+03
2.467659008433221061e+03
1.945815688873320141e+03
1.650461231081178994e+03
2.188622439328360088e+03
2.912570840600355496e+03
2.417244377273464579e+03
1.990742373890409453e+03
1.976944592487559021e+03
1.924487557601289154e+03
2.593570343775490073e+03
2.026664751044559125e+03
1.704572858548788872e+03
1.428615908654535815e+03
1.666501041850733145e+03
2.227003094078044796e+03
2.494209871789017598e+03
2.755811349376241196e+03
2.438776364813663804e+03
3.463261073311969994e+03
3.520781943026501267e+03
4.911553000898477876e+03
4.381560304891720079e+03
2.652404647857104919e+03
4.815423251812781018e+03
5.024834928686254898e+03
2.246687628305844100e+03
3.314449831695287685e+03
2.736717788182168533e+03
1.998559250132028410e+03
2.006366275979909915e+03
2.148884378427806951e+03
2.063746279458036042e+03
1.889497811088699564e+03
1.867150294882997969e+03
2.167596875457482838e+03
2.471201813615517494e+03
2.720944309891093326e+03
2.347649034778683017e+03
3.344925410644921158e+03
2.764618708186148524e+03
2.196224408115449933e+03
2.467990333668261428e+03
3.131565370098461699e+03
2.890848252383163981e+03
2.158501276917727409e+03
2.101330491038823311e+03
2.536093799179886446e+03
3.045273017411233923e+03
2.915509514700536783e+03
2.636967497034642292e+03
2.085095049426973674e+03
2.002007336136742651e+03
1.813276059263908564e+03
2.040756265500123845e+03
2.354381465971946909e+03
2.091356561243517262e+03
1.942017956659964511e+03
1.670524011534513647e+03
1.613539345147255972e+03
1.931255037108441684e+03
2.616547081915758554e+03
2.917023630091768609e+03
2.359098675844084937e+03
2.090459052833994974e+03
2.255115774291641628e+03
2.670890396446252453e+03
2.472788749051614559e+03
1.309790082449258080e+03
1.122776678596299917e+03
1.142634095527053205e+03
1.832531580600695406e+03
1.333385905993691722e+03
1.453706940789979171e+03
1.444695935162291562e+03
1.836824961910608863e+03
1.227655231461908443e+03
1.240419079309413064e+03
1.199402771334534918e+03
1.898839752423688424e+03
1.311819475164406185e+03
8.908365556723231293e+02
1.003831262937379051e+03
8.099667756834282955e+02
9.743781346868609035e+02
1.167513193455966302e+03
1.058867556979378151e+03
1.005333914163287204e+03
7.569565904042103739e+02
1.098092049278599006e+03
1.383495093784456458e+03
1.415027573790344377e+03
1.170114996673288488e+03
9.946417203801842106e+02
1.514834511803675468e+03
1.938487300117096538e+03
1.958709077413670684e+03
6.999695615642467601e+02
1.059514805397523787e+03
1.657288014017712612e+03
1.113804678544666558e+03
1.241124741914882634e+03
1.559708509831449874e+03
1.723895834742540501e+03
1.514528999726191159e+03
1.563437749802814551e+03
1.543154132745829202e+03
1.608643304198735450e+03
1.368435181796749021e+03
1.287268318898007010e+03
1.595112405579589677e+03
1.293469198459324389e+03
1.311901240905505347e+03
1.747448166587043033e+03
1.374955810118770614e+03
2.269582651433281171e+03
4.380941961070463549e+03
4.328958504831306527e+03
5.817729045531390511e+03
5.177601456015348049e+03
4.825502314762360584e+03
3.958571951248237383e+03
3.862792326634332767e+03
2.932540975650565997e+03
4.357276435492093697e+03
5.025492307849376630e+03
5.355130796903229566e+03
2.943549013010145700e+03
4.107845596197861596e+03
4.886198547492120269e+03
4.027672347726233966e+03
3.969102906224791695e+03
3.676381614335154154e+03
4.388879188945736132e+03
3.104490419924499292e+03
4.535642294323667556e+03
4.657409788852904057e+03
3.169434474834419689e+03
2.753383595086874266e+03
2.516051661872814748e+03
3.598088079685667253e+03
3.809644537688234777e+03
3.587167963472206338e+03
2.968397233158342260e+03
2.037273737018684415e+03
2.865804232471171417e+03
2.795612096832485349e+03
3.509369499432819339e+03
3.924294534728392136e+03
3.095256239567718694e+03
2.535316477947258591e+03
2.435621963523567956e+03
2.766622804757060749e+03
2.891467532684162052e+03
2.359286571225690750e+03
1.330912181159474358e+03
1.437246090149085148e+03
1.714387616519142966e+03
1.710212775030799776e+03
1.642793977640540334e+03
1.629201475888580944e+03
1.384979725818074712e+03
2.032956656447444857e+03
2.492777021747386243e+03
2.471086323965971587e+03
2.432155559147065560e+03
2.102521108649668804e+03
1.755249065682105993e+03
1.393955648393445927e+03
2.438016697835122159e+03
2.209556456885059561e+03
2.205710849254723144e+03
1.698580279103781550e+03
1.358356904337993910e+03
1.500445064732197352e+03
1.359106528165516011e+03
1.970384819879923953e+03
2.180813269463830693e+03
1.635246284919610389e+03
1.626741019366284263e+03
9.831221771304918775e+02
9.654485305712114496e+02
7.325185818609066928e+02
9.641862995000066121e+02
1.089398103199954903e+03
1.088189775393522041e+03
8.979161704836438957e+02
1.073088087223475895e+03
1.124397308217534601e+03
9.676811171405630603e+02
1.408116812349364182e+03
1.227531654423489954e+03
1.355684057615882466e+03
1.155680683302651005e+03
9.330938882544045327e+02
8.285241819790038562e+02
9.170416852071958829e+02
1.153637143543865932e+03
1.446396309051720209e+03
1.126268127243124582e+03
1.003341491010811183e+03
1.095752785396000263e+03
1.038684339821851609e+03
1.028270815442198227e+03
1.410549907961306644e+03
1.190977272670266075e+03
1.316292735360299957e+03
1.103541307723096679e+03
9.902630976551300819e+02
9.754651934442922538e+02
1.149258929487745945e+03
1.168952627678143017e+03
7.729057839672569798e+02
6.495891594643140934e+02
8.299344016226608574e+02
8.985961238582710848e+02
1.197667831355941189e+03
1.042677831728864021e+03
9.465164458914497345e+02
8.614095756499873460e+02
1.277150269587404637e+03
1.371492270620640056e+03
1.293728593760907188e+03
1.456041248373768212e+03
1.667421135771552599e+03
2.488051143908561244e+03
2.848395248207429631e+03
2.804334882031163488e+03
2.670957520285909141e+03
2.182520828969468312e+03
2.639336400284457341e+03
2.675053964335098954e+03
5.498314950543449413e+03
6.005413099006701486e+03
5.400358609602011711e+03
4.912958703747475738e+03
3.984054399699801706e+03
2.118480297518405223e+03
2.470460335237909931e+03
2.929864535492853065e+03
3.747098122744569991e+03
3.262430133980879418e+03
3.616769527305434167e+03
3.529996489633742385e+03
2.799971324791108145e+03
1.509395397974409889e+03
1.422557929049241466e+03
7.351552302198696225e+02
1.309616144569965854e+03
2.208177211182542123e+03
2.192187490771476860e+03
2.350917489169806231e+03
1.608717175364500463e+03
1.184850651693125201e+03
8.827973096784924110e+02
1.422343383872383356e+03
1.845472939137657931e+03
2.362169496863144104e+03
2.911452746314079377e+03
2.860945125837760770e+03
3.165201183269452940e+03
1.804702409735577930e+03
3.669594090060478720e+03
4.902568095653559794e+03
4.697896811295776388e+03
4.397440554935130422e+03
3.703511698212955707e+03
3.194729047124396857e+03
3.409731476569940241e+03
2.921787728121072178e+03
3.088393848976994377e+03
2.829806683100068767e+03
2.163197276897028587e+03
1.531870543980729735e+03
1.839616007806773268e+03
2.863977473903441478e+03
2.220667758311883063e+03
1.913186682281551839e+03
1.736763988661870144e+03
1.705288438126951633e+03
1.346506589567576384e+03
1.826181157073545364e+03
1.810749671264391282e+03
2.096494068848846837e+03
7.465477294889376935e+03
6.698021518532147638e+03
2.988146790721948946e+03
3.781216686222522640e+03
2.418969267860363743e+03
4.015165178543821639e+03
3.847245804500997565e+03
3.634033300571162727e+03
3.826944862579734945e+03
3.248252123754595686e+03
2.452058258137520170e+03
2.052030073943550178e+03
1.193745035575949260e+03
1.660853550638270917e+03
1.777647107700138577e+03
2.037566957817803541e+03
1.897134070511702930e+03
2.580488539575249433e+03
2.347991772465250506e+03
2.048811846766702274e+03
2.162964933325101811e+03
2.028839947923667523e+03
1.987442093990341846e+03
2.159548786353797368e+03
2.798799742769891509e+03
2.838951190071803012e+03
2.315405287280201719e+03
2.096581049526971128e+03
2.986912730872405973e+03
3.961755009692309159e+03
4.147301244651362140e+03
3.880928774092133153e+03
4.123870196904628756e+03
3.954942345305051731e+03
4.397186919669026793e+03
4.214066087216853703e+03
4.471731748404440623e+03
3.794713762820427291e+03
2.405541595109859372e+03
3.958640572052052448e+03
3.460589099374737089e+03
2.919833013943404239e+03
3.223260714836370880e+03
2.842261118402027023e+03
2.397835163351333449e+03
1.399472013640908699e+03
1.638983136607748065e+03
2.296030410665962336e+03
2.712472607657948174e+03
1.881297851428908871e+03
1.854123377919679115e+03
2.071876847391833053e+03
2.224399760712184616e+03
1.567333710900169990e+03
1.807778950840375956e+03
2.478408371834149875e+03
1.887730236624429608e+03
1.518070859563500335e+03
1.361352206395359872e+03
1.745980518298802735e+03
2.057600436980221730e+03
2.040532653610514217e+03
2.168267539432264584e+03
2.567873173799645883e+03
2.744051318442657248e+03
2.804664511568683793e+03
2.318870073454622343e+03
3.187418630207724163e+03
3.445378593120806272e+03
2.079548541668443249e+03
1.259799274451231440e+03
1.333275588221984663e+03
1.426989888663185411e+03
1.226460628560136229e+03
1.353202242990309742e+03
1.600036201977197834e+03
1.480389471693457153e+03
1.468464156899008231e+03
1.895474229073411607e+03
2.340497207138861540e+03
2.413045858071961447e+03
2.696782636894817642e+03
3.777343791089196657e+03
3.746851046034311821e+03
3.756157918283447543e+03
3.000210728845005633e+03
2.045747687554230424e+03
2.480612113053997291e+03
2.113495634664714999e+03
1.453979139860517307e+03
1.207123951111481119e+03
1.358607770657934452e+03
1.309121823350032855e+03
1.114385551215773830e+03
1.109396918865867065e+03
1.425668810805861995e+03
1.258978152695754034e+03
9.023271549303749453e+02
1.113685337917176867e+03
1.549858888244271384e+03
1.403336987606633556e+03
1.740651747047316576e+03
1.929929599188549219e+03
1.742905620660331351e+03
1.216154924873578921e+03
9.694579364681749212e+02
6.513462168603593909e+02
1.019811424343499084e+03
9.271751694965853403e+02
9.091949838106428388e+02
1.048620528342708894e+03
1.676717516607816833e+03
1.849887704462546708e+03
1.242143743291774172e+03
9.530207983021784912e+02
1.049068084968661879e+03
1.125441327264363053e+03
9.158876044648405923e+02
1.074601031685902853e+03
8.779723438754770086e+02
7.057192654866288422e+02
8.369362914869038832e+02
1.083205230427710603e+03
1.723261480423005423e+03
1.922520075108758647e+03
1.587594714490142678e+03
1.063867619869479086e+03
9.808830508702387760e+02
1.209565007340597731e+03
1.060583108751068949e+03
1.124829934867714428e+03
1.257803435129774016e+03
1.595431391930413611e+03
1.586359811188023059e+03
1.418721349239380970e+03
1.870405481393707987e+03
1.531301302667820892e+03
1.308699402041725989e+03
1.716141858261631796e+03
2.144248520743926747e+03
1.943501536322008860e+03
1.399508750458651321e+03
1.045381286687182637e+03
1.812885607311936383e+03
2.552872235248034485e+03
2.282151520413896378e+03
2.820538611899222360e+03
3.162829236926670546e+03
1.970215288778558033e+03
1.283192905612408140e+03
1.253425745559166671e+03
9.142672036283738635e+02
1.009611269004230053e+03
1.098472282184699907e+03
1.185440537062727117e+03
1.415700408657869275e+03
1.512704428072114752e+03
1.614847773569631954e+03
2.218524010100852138e+03
2.572389200847425855e+03
2.360702373722398988e+03
1.801986205108747754e+03
1.875232899895431956e+03
1.516713759525012620e+03
1.451827416073428594e+03
7.576831312733953609e+02
1.151660697422920975e+03
9.692152311991260376e+02
1.536297780955481358e+03
2.045786657003446862e+03
1.852303537783295724e+03
1.171151318478425310e+03
6.522628145882810031e+02
1.255629048745980299e+03
1.473310521261642180e+03
2.258572708330555542e+03
1.828807819040687036e+03
1.921877234084377051e+03
2.978469843612081149e+03
2.956113250615515881e+03
3.257302693702552915e+03
2.145270398997870871e+03
2.923970485716676649e+03
4.271668996558620165e+03
4.849120031495072908e+03
4.861838050383422342e+03
4.861906239539713170e+03
4.156874467202943379e+03
3.155811516597056197e+03
2.938286014653098846e+03
2.842228756865613377e+03
2.605359272114984378e+03
1.607430482571153107e+03
8.544683831505950593e+02
2.259098419543037380e+03
2.860166722791283973e+03
1.606024938962070337e+03
2.118075464857996849e+03
2.121321621948550273e+03
1.906564138020266000e+03
1.740272659956921643e+03
1.598798571318151289e+03
1.853752120816543538e+03
2.906645224320120633e+03
2.488081292027081417e+03
2.596645844612194651e+03
2.097074891744116940e+03
2.658805489436701464e+03
3.893801909215206706e+03
3.492635149791945878e+03
3.020620065610032270e+03
2.361839271512806135e+03
2.377263174662134588e+03
3.337762216249616813e+03
3.429724014491941034e+03
3.422115290707803979e+03
2.836460523015973195e+03
2.736589027254983648e+03
2.688629798310460956e+03
2.739007049907971123e+03
1.379222697595630052e+03
1.693780661584498603e+03
1.608721465746178183e+03
1.666590589343680222e+03
1.245908841465135765e+03
1.691243098411036499e+03
1.121264459989423131e+03
1.399499703994790934e+03
1.855712550991721855e+03
1.382005419444646577e+03
1.459695631364848623e+03
1.526221476170946971e+03
1.643427335287032520e+03
1.593392287166850338e+03
1.275354620753819063e+03
1.544146109927154839e+03
2.037607848212002864e+03
1.829331650185234821e+03
1.261049820272311763e+03
1.637407613911021144e+03
1.874856488020814368e+03
1.282280622696132014e+03
1.347292616529478892e+03
1.231269274840310800e+03
1.538955690626872411e+03
1.641023192496888896e+03
1.754157725160948985e+03
1.550040408742816908e+03
1.328885947810323160e+03
1.128736252545395246e+03
1.162670930505335036e+03
1.101352864288669252e+03
1.094493307668200941e+03
1.099661806260839285e+03
1.014880254479477117e+03
1.061711833503426760e+03
1.357012716949353717e+03
1.768777883146836530e+03
1.384673660948770248e+03
1.045765774942361986e+03
1.265928260202557340e+03
1.321446014679850123e+03
1.377468685700631340e+03
1.133756119839981238e+03
1.543746136616377271e+03
1.622175360664192340e+03
1.137030714410484279e+03
1.090640645329992594e+03
9.112036018480440589e+02
1.020837097368760169e+03
1.088054893379930718e+03
9.970292397354799050e+02
1.007329269153910559e+03
7.139630847726241427e+02
1.164005622112737683e+03
1.040538856435330672e+03
9.366872777037148126e+02
1.021420212729587206e+03
1.965673283633804886e+03
1.974138662029577972e+03
1.717487530483925411e+03
1.464322301717760638e+03
1.442161826151634841e+03
1.321438403026814740e+03
1.083628367001816969e+03
1.520355178449599862e+03
1.419523738878341646e+03
1.369961589854360682e+03
1.395930622702594292e+03
1.847142984380169764e+03
2.376759873800184778e+03
1.587489975549607834e+03
2.147816254362770906e+03
2.269598117882995666e+03
2.090464964153064102e+03
2.032216630948603324e+03
1.473583841428793676e+03
1.854281249040107923e+03
2.120067099554395099e+03
2.233976904026246757e+03
2.402561173700123618e+03
2.779830715782374682e+03
2.488406599918379470e+03
2.059709296758735036e+03
1.392462974103210399e+03
1.435741617855238474e+03
1.463692951462968949e+03
1.350691174129497085e+03
1.520668824624771105e+03
2.074032211822601312e+03
2.329611246075246072e+03
2.647337033042387702e+03
2.733342981142910958e+03
2.628994308272870057e+03
2.240660501294223195e+03
1.533940151087313779e+03
1.325765528561064684e+03
1.776683332612081131e+03
1.296117286753979215e+03
1.176031251177666718e+03
1.165010091149923937e+03
2.022086832086968798e+03
3.152482365956178910e+03
3.380820150535391349e+03
3.468498404084664799e+03
5.424203553813363214e+03
4.978914216545075760e+03
4.575402400377474805e+03
5.411535243411947704e+03
4.970812548224241255e+03
3.481743971673365195e+03
2.278193694333710482e+03
1.977546236772335078e+03
1.816388871612854018e+03
2.630374715841474881e+03
2.559980473747392352e+03
2.631292082022156137e+03
2.609204488482158467e+03
2.896555288674916937e+03
2.208319828091081945e+03
3.937528121176884270e+03
5.548625353030480255e+03
5.422671606799998699e+03
4.382387638742335184e+03
1.851085307947301771e+03
1.864448719707325608e+03
2.262785087547476451e+03
2.131469391590829673e+03
1.844514806834387400e+03
1.970266532884106709e+03
1.803209554072364881e+03
2.174351263009769355e+03
2.002251017693084350e+03
1.651197999621438839e+03
1.487058510282432053e+03
1.510195125879131410e+03
1.644228988372991580e+03
2.193980102383672147e+03
2.848533625328474045e+03
2.992457086453676766e+03
3.293687184818940750e+03
2.952276851718936996e+03
1.795165027838434298e+03
2.026125032484341091e+03
2.563509046248915638e+03
2.562987065780746889e+03
1.430999318528022513e+03
1.825793979041307466e+03
1.522000472056363378e+03
1.574956184132825911e+03
1.309798385776779924e+03
2.779036147059958239e+03
2.123779208516798917e+03
1.361228806384562631e+03
1.763350523640239544e+03
1.744947364546657809e+03
1.519193556904215939e+03
1.094121714876640226e+03
1.063380770821251417e+03
9.585727740875628342e+02
1.056101392235661024e+03
3.802456594892519206e+03
4.017775368629883815e+03
2.526700198354900294e+03
2.510082822481711446e+03
1.658305270139892400e+03
2.678888653320159392e+03
2.687146049837631836e+03
3.179515987151750323e+03
1.979440154608538705e+03
1.315073641297752147e+03
1.332081647059311308e+03
1.083462163531455644e+03
1.387890305837091546e+03
1.347970970470433258e+03
1.064540911293029012e+03
1.349672741487190933e+03
1.330943188582841685e+03
1.614429340403814422e+03
1.547485195724145797e+03
8.207755615173211936e+02
8.812861443356537166e+02
8.579214056455798527e+02
6.904435728256253242e+02
1.294579370148180033e+03
1.700896933383732403e+03
1.273210952577511762e+03
1.270688843907062392e+03
1.707870480171882718e+03
1.949516480050140444e+03
1.682682160796408880e+03
1.826901748411843073e+03
2.488674066017782934e+03
2.626129371246292976e+03
2.527365559447825035e+03
2.415971263369002827e+03
2.247288532156749625e+03
1.903423372407090710e+03
1.703931733514718417e+03
2.223434533161868785e+03
2.991376593829390004e+03
3.213840015643942024e+03
4.017788370344516807e+03
2.908795450651724877e+03
3.803226133926806597e+03
3.326882535549963450e+03
2.577395573247284119e+03
2.913485564253121993e+03
2.097676121096195857e+03
2.233823829093240874e+03
2.276906310671678057e+03
2.134283377603409008e+03
1.456017028053499871e+03
1.158905244565005205e+03
7.944081975062081256e+02
1.285599870068369000e+03
2.047415901427659946e+03
2.055499737819549409e+03
2.165166523264068928e+03
2.461053116972316730e+03
2.948163890962365713e+03
2.543251084302754862e+03
2.941413593788626258e+03
2.587209920715250973e+03
2.932915771312061679e+03
2.999759331229070995e+03
3.175711137019037324e+03
2.930615373057064971e+03
2.256058710472573694e+03
2.754178467146242838e+03
2.043698586074240211e+03
1.011378244262141379e+03
1.801283140387275580e+03
1.856523558838370946e+03
2.032917721471301320e+03
2.206458157201602717e+03
1.914665814640052531e+03
2.154097249323999222e+03
2.050101389163242402e+03
1.824959573145936020e+03
1.887130389429320758e+03
2.006015949834593584e+03
2.032873449143030712e+03
2.013985213421546177e+03
1.680285894173174256e+03
1.764814122456587484e+03
1.945997028639266318e+03
1.776496554569248474e+03
1.569302635257970678e+03
1.696999607992485153e+03
1.828472601868034644e+03
1.829199442774806357e+03
1.198524575666603141e+03
1.237364759987247908e+03
1.481132422025546020e+03
1.230000100419029195e+03
1.031484590484885985e+03
1.005735304595292178e+03
1.128313639179951451e+03
1.392882566312365952e+03
1.597904286597385635e+03
1.713037785807003957e+03
1.725701846015070714e+03
1.989895572824017563e+03
1.569681794870056365e+03
1.580342345521225980e+03
1.589880480630391730e+03
1.230824783587002003e+03
1.244287295074025906e+03
1.406595458520227794e+03
2.105708031348324312e+03
3.999876797318519493e+03
2.912071834405644040e+03
2.934964052940688816e+03
1.904967669308576433e+03
2.621054754937510552e+03
2.072004623721655207e+03
1.410955911588096569e+03
1.890872945731361369e+03
1.644101267286069969e+03
1.510021100766382688e+03
1.032754735321783301e+03
7.439821940745451911e+02
1.453537321041557789e+03
1.850620496754928581e+03
1.585110993970608433e+03
1.240161101535447870e+03
1.845454631707649696e+03
2.358284464614491299e+03
2.900859600149017751e+03
2.815600002814290292e+03
2.873227253866192314e+03
2.783984012109935065e+03
2.908459224520306634e+03
3.176130151259733339e+03
2.377117804068876467e+03
2.729780320462610234e+03
4.356328174381481404e+03
3.996030323930827308e+03
3.593959411406457548e+03
3.086164179656396755e+03
3.073422563985163833e+03
2.952633715332392057e+03
3.181468934249232461e+03
1.889544935297637949e+03
3.373265194762810097e+03
3.661541391084447241e+03
4.140950001993228398e+03
4.041439058763890444e+03
2.845887233709036082e+03
1.969796948705041132e+03
2.122128306066466394e+03
3.113068436510428000e+03
3.258958853622455081e+03
2.347290143238473320e+03
1.892206212296641297e+03
2.376002281824976308e+03
3.091839381581864927e+03
3.236619576390808106e+03
3.227712198025993530e+03
3.879877097458407661e+03
3.814747528892484297e+03
3.927388517768652491e+03
3.282792657787039843e+03
3.709302149249064314e+03
3.095944733356361667e+03
1.867768050430463290e+03
1.886663373331131652e+03
1.258401777077631550e+03
8.773671003977611917e+02
1.323158397736070128e+03
1.380390822494391159e+03
1.303420338506272856e+03
1.121481051534373137e+03
1.238928147098218005e+03
1.399083949462345117e+03
1.400316601970098645e+03
1.478879442194396233e+03
1.211542455169419100e+03
1.192414832399035049e+03
1.211409539034848422e+03
9.765729742153157531e+02
8.672818775026129288e+02
1.174005174634388823e+03
1.600042191986479793e+03
1.524795622372675552e+03
1.590074383857441717e+03
1.700396545431117602e+03
1.643364001016134580e+03
1.425491515516121126e+03
1.212880619071226420e+03
1.022546109256814816e+03
1.121157729522418094e+03
1.386183481817304255e+03
1.400811507531332154e+03
1.290676232168773822e+03
9.590665699594808302e+02
1.091876909399788929e+03
1.167743298527674824e+03
1.366809958279632610e+03
1.097072549990304196e+03
1.070125409542501529e+03
1.232154854835334163e+03
1.169593435842091367e+03
9.516744252128893322e+02
9.875287043694620479e+02
1.204054157140095185e+03
1.343128616379402274e+03
1.472316309790064906e+03
1.451107313294985943e+03
1.009606084824944332e+03
9.207805941342074902e+02
1.172149800455444165e+03
1.416890478803222777e+03
1.159660201392169483e+03
1.094146802554558008e+03
1.169435694329727767e+03
8.263119052882436790e+02
7.486755327501178954e+02
7.273384393958334613e+02
6.458018748082145066e+02
9.515315226796104753e+02
1.382898396549361678e+03
1.364018946567097373e+03
1.372794224093159983e+03
1.629835779345610263e+03
1.837787302354700614e+03
1.148590574501783976e+03
1.536527841723578831e+03
1.719543939000298224e+03
1.964067342525147978e+03
1.901509385780738057e+03
2.909263673223844307e+03
3.399076045867931953e+03
3.148592408216194144e+03
3.127447137474794090e+03
2.635882496654523038e+03
2.070241114355663285e+03
1.740273167668456381e+03
2.794087121809060136e+03
2.777393873077006447e+03
2.926371624133986188e+03
3.159205985226570647e+03
3.412303560805166853e+03
2.372373023804825152e+03
3.296858290320783453e+03
3.673011370500276826e+03
3.461300782063325642e+03
3.081565886210656572e+03
2.645553221884697450e+03
4.368446972819398070e+03
3.575125627168120445e+03
3.617316877511992971e+03
3.482768346574293901e+03
4.104098088245666077e+03
4.437620104661430560e+03
3.432798021774408880e+03
3.860615514482268736e+03
3.010991994168380643e+03
3.794828208677058683e+03
3.388774708716950499e+03
3.708659787790023074e+03
2.849750015437564343e+03
3.699802326668307160e+03
3.401314098885966359e+03
3.695907129268464814e+03
3.954042686810828400e+03
3.479366961360017285e+03
2.872542352566644240e+03
2.899256635630871187e+03
1.875475323507080020e+03
1.563010465236239725e+03
1.625767190474252175e+03
1.643743374909614886e+03
1.782796322733025363e+03
2.062367914949566057e+03
2.356378918208100458e+03
2.249414661581869950e+03
2.926336063820192066e+03
2.878861931676848599e+03
3.082234636753493760e+03
3.594372051212824772e+03
3.952948330226335656e+03
3.010384969961921797e+03
3.606953132112828371e+03
3.029227090451840013e+03
2.995342354764716674e+03
2.837977236378392263e+03
2.206355176725283400e+03
1.917555027812448770e+03
2.637705756122529692e+03
2.560499436350304677e+03
2.270816616957700262e+03
2.142495998822995716e+03
1.870874782659100902e+03
1.384201710395739610e+03
1.665694872016797035e+03
1.851017773474117575e+03
1.671498980088462986e+03
1.983179255167533938e+03
1.671566524326351100e+03
1.722201365141107772e+03
8.200298081658401088e+02
7.888700712950223988e+02
1.501831240376227925e+03
1.859886320418093192e+03
2.231512825454014092e+03
2.722506119694316567e+03
2.992025222543052678e+03
2.745887068533686488e+03
2.881343143494993001e+03
3.401088514801533165e+03
3.771456136493821759e+03
4.067230890896496021e+03
4.084458003540199115e+03
3.724055267190475661e+03
3.596596793817263915e+03
3.656445646559091983e+03
3.006772863661782594e+03
3.833119815848596772e+03
3.777422683784311175e+03
3.491519550605916265e+03
3.245463642149836232e+03
2.922499071275803999e+03
2.310766684570279267e+03
2.190570750366021457e+03
3.226798452663441822e+03
3.298148105019418381e+03
2.197862384943709003e+03
2.188901647265852262e+03
1.952148687940095897e+03
1.846120237338333936e+03
1.567243764072163913e+03
1.631514909260518152e+03
1.345882013045680196e+03
1.028220060354847874e+03
1.044446652161384918e+03
9.930452132376578902e+02
1.014752433500692860e+03
1.803356197351611172e+03
2.145588543021177884e+03
2.151794794524452755e+03
1.970086764438276987e+03
1.934743298813713864e+03
2.117914997330768983e+03
1.877708680362311270e+03
1.856367456886027412e+03
1.553406475801365787e+03
1.542479557304423452e+03
1.427934380761512330e+03
1.604967713959493267e+03
9.319733538418117860e+02
1.213197600332654247e+03
1.313895172828030354e+03
9.871582452851914695e+02
8.339995281551082371e+02
1.016889080350024869e+03
1.073672057115358257e+03
1.061679434331598031e+03
1.025022878130218032e+03
1.020173590397383464e+03
7.009460077629668149e+02
8.187535158072762442e+02
8.061936165162719590e+02
7.665981614826208670e+02
1.209307483736055701e+03
1.156764512186343836e+03
1.013235333700340902e+03
1.220624490659571620e+03
1.090715285051454202e+03
1.052623334514588123e+03
1.163234135382213253e+03
1.407808783190839904e+03
1.625119477138548291e+03
1.697721162527072693e+03
1.769204021070293493e+03
2.070466596086575464e+03
2.071574201154657658e+03
2.100321177854390498e+03
2.430967300236274241e+03
2.036389631714860798e+03
2.692920692912191498e+03
3.334356132846509809e+03
4.336416352473307597e+03
4.133123768899019524e+03
3.561879959018362570e+03
3.093362946394678602e+03
2.525985038851365971e+03
2.505712507685467244e+03
2.617062854036552380e+03
2.596628405841138374e+03
3.383313168236953516e+03
3.354220410762064603e+03
4.033393353791306254e+03
3.046999822721678356e+03
3.272984946420517645e+03
2.814954485892410503e+03
2.332307354240019322e+03
2.167407006207597988e+03
2.413641534782701456e+03
2.574173793979513903e+03
1.642647828031012295e+03
2.664112692867598071e+03
2.606656747949254623e+03
1.910995258557529269e+03
2.266279092600643253e+03
2.876411017658104811e+03
3.031111756036248153e+03
3.741628132303536404e+03
3.558937041587137628e+03
4.299202247134212485e+03
3.259901957250654050e+03
2.568600221000014244e+03
3.176309253850910864e+03
2.449360187125905213e+03
2.461696857758339320e+03
2.217076863003283961e+03
2.098529884504481288e+03
1.650554925794278006e+03
1.998413977839760491e+03
1.155218335295195857e+03
1.509154854203481591e+03
1.994451055339240611e+03
2.934138731551402088e+03
2.889684000935380027e+03
2.767799627284020062e+03
2.603130440606605134e+03
2.209993105042143270e+03
2.044154031728837708e+03
2.143091350313542534e+03
3.200994871931139187e+03
3.463806484393520350e+03
3.347007164906990965e+03
3.270130517709726973e+03
2.204460935713822437e+03
2.013829528021340366e+03
2.187471362921476612e+03
2.165287065118229293e+03
1.838283784029042636e+03
1.379039999761560239e+03
1.458770075751375771e+03
1.402030211878709224e+03
1.665730453554090445e+03
1.939305728162938976e+03
1.343843352598584033e+03
1.421455718900723241e+03
2.014935418176210533e+03
1.576498067407004783e+03
2.471753147449674998e+03
2.919373868378853786e+03
3.138226461663330610e+03
3.780691963652133836e+03
4.014107962763415344e+03
4.091076414117979766e+03
3.929137893705754777e+03
3.674623614619339151e+03
4.672425941316749231e+03
4.085614945861721935e+03
3.584167633518631192e+03
2.726524451345062062e+03
3.058112019019290528e+03
2.511838023488194267e+03
3.522743400274470787e+03
3.962842009340223740e+03
3.780190173565558325e+03
3.616731497535406106e+03
2.449331261785943752e+03
3.344392271547741075e+03
2.369732551353211420e+03
2.775242215863488127e+03
3.927032335316024728e+03
3.295554587517425261e+03
3.679351092682682975e+03
2.797651141828590880e+03
4.433501623562813620e+03
2.717032946671793979e+03
3.539668344094963231e+03
3.717681797544789788e+03
1.715821319055287631e+03
2.591250265101190053e+03
1.992370391718600331e+03
1.822476880633409564e+03
1.302442926137140603e+03
1.241662654870577626e+03
1.583465368023953943e+03
1.940139112198955900e+03
1.870962384167186428e+03
1.855595162704494669e+03
1.757558448892955539e+03
2.231949711891722473e+03
1.534416577084429264e+03
1.657048043940251318e+03
1.640835028424096663e+03
9.846937392018398896e+02
1.576647635349261463e+03
1.818212676187629086e+03
2.000581315924830051e+03
2.230872146722029356e+03
2.321733167906232211e+03
1.396745300688923408e+03
2.100646366673877765e+03
1.767573244176175876e+03
2.244069990190105727e+03
2.125259810960586037e+03
4.390417809256166038e+03
3.599431907607466201e+03
3.896113758322330341e+03
2.915450726565735749e+03
3.887959559199299747e+03
3.950824792189247546e+03
3.578860443947986369e+03
3.132122467797030822e+03
2.664148428935006450e+03
1.894030117541964501e+03
1.844709211479001169e+03
1.653144984152714187e+03
1.617442990970087067e+03
1.909570408550404409e+03
2.093271488153779956e+03
2.005647474638584526e+03
3.044543463139974847e+03
3.712559038719441560e+03
2.746398865658309660e+03
3.370005499895068624e+03
3.853831715207891193e+03
3.398626730383157792e+03
3.578198515917958957e+03
2.171588075147689779e+03
2.502256479460607807e+03
1.979450546474491830e+03
1.892748239175251001e+03
1.811166461099310254e+03
1.821145451921251606e+03
1.826099035558299420e+03
1.377355361784299021e+03
2.141286176691097353e+03
1.401097310775533288e+03
1.755204113986163975e+03
1.877213868424661541e+03
1.482695533264621190e+03
1.945739257692275260e+03
1.842723330563520904e+03
1.582960355196336650e+03
1.105975103029341199e+03
7.930185986253233068e+02
1.058680547044398963e+03
8.855104453841053100e+02
1.696659612804879998e+03
1.652400722747715236e+03
1.096370234716796404e+03
1.261404657393831030e+03
1.242795946728712579e+03
1.526319473520792371e+03
1.196386339112014184e+03
1.546597966934586111e+03
1.264934016504140345e+03
1.618846313964911815e+03
1.470735955505053198e+03
1.330319855061547059e+03
1.290437220042452054e+03
1.355268515333519190e+03
1.353968938782914847e+03
1.686903822988591173e+03
1.734552993295665601e+03
2.102087420917050622e+03
2.313861944111049070e+03
2.052799807484995199e+03
3.026369969391675568e+03
2.797752646301157256e+03
2.014020916330582850e+03
1.384465375938668103e+03
1.721412079043454014e+03
1.813175094596326062e+03
1.697497487218763354e+03
1.850530311096627656e+03
3.140424133815592995e+03
3.764146536925274631e+03
4.549172842246305663e+03
5.602013783824879283e+03
2.484474106823637158e+03
4.750028858701112767e+03
2.425904300080013400e+03
3.007931936841057450e+03
2.321994809847677516e+03
2.104104931063031017e+03
2.027042970120877726e+03
2.226702787892078959e+03
1.955085116803593792e+03
1.709885958164592921e+03
2.041954266009754974e+03
1.861041599075309023e+03
2.008353240979671227e+03
2.554289449898332805e+03
3.213662338945752708e+03
2.866235983773171029e+03
2.382621438410956216e+03
2.079604714227107252e+03
2.383125831925750845e+03
3.445637106071766539e+03
2.675982985355899928e+03
2.458219238286629661e+03
3.791855289104230906e+03
2.776257040353124466e+03
3.722261788893775247e+03
4.088778771604234407e+03
3.701722079023293190e+03
3.886784850459572226e+03
1.905144535060468570e+03
3.177469256321379817e+03
2.185825842501303669e+03
2.014250571297288388e+03
2.360843549091981004e+03
2.239939940153225052e+03
2.127461259023009916e+03
1.927208919126625005e+03
2.197613156720898132e+03
2.016892263588002379e+03
2.363052347482130699e+03
1.938092530510289407e+03
1.794121810819905249e+03
2.470870239647370909e+03
2.436103775331812813e+03
2.158682565883328607e+03
1.814857487378445740e+03
1.646986669026396157e+03
1.356237897524520122e+03
1.644129039385557235e+03
1.405561614513506584e+03
1.037298395435504290e+03
1.269329407653649469e+03
2.039569802601872880e+03
2.214629575476439641e+03
1.712910465127157977e+03
1.741226097596238560e+03
1.442222083391133083e+03
1.607337886185233856e+03
1.882828761247817283e+03
2.518359099991434050e+03
2.782099397215143199e+03
1.969573769917018808e+03
1.518156408174687840e+03
1.243058591856333351e+03
1.505479169972869158e+03
1.350902433491468855e+03
1.182051486225398548e+03
1.118482864227918071e+03
1.159554947951332679e+03
9.631675409235559755e+02
9.694616681467616672e+02
1.164728309596942609e+03
8.937681583390107107e+02
9.315788515489336987e+02
1.057327703593641218e+03
1.261203588431375692e+03
1.160145796932152734e+03
1.516579779501900703e+03
1.726325262577154263e+03
2.154537729591900188e+03
1.717905490354885842e+03
1.962096911278428024e+03
2.293312412064099135e+03
2.421965400303995921e+03
2.686236810496836370e+03
1.638578323085024294e+03
1.689113543392212250e+03
2.077301041867191543e+03
2.055148613391706476e+03
2.168298180736994254e+03
1.820263912010842887e+03
2.254437262587029636e+03
1.773624222773658175e+03
1.616198798266220138e+03
3.037129980771370811e+03
2.967637746471757509e+03
2.704930787480473100e+03
2.272382037017748644e+03
2.496212036159029140e+03
1.875683943608791878e+03
2.202992064173042309e+03
2.573081925455433520e+03
2.500968845315101589e+03
1.850382570348508580e+03
2.241527955862612544e+03
2.220857610542599105e+03
2.073200760396067380e+03
2.067180010316736571e+03
2.476624578414064672e+03
2.187252707402406031e+03
1.839059321705350612e+03
1.619084044936584178e+03
1.279268168359447827e+03
1.238163209144971233e+03
1.537588802240072710e+03
1.452856724086206668e+03
1.947330812414357069e+03
4.366413702692966581e+03
2.940238265721935477e+03
3.960515595503081840e+03
3.270987721464719016e+03
2.477497499004044130e+03
2.437723661693451504e+03
3.305576705106063855e+03
3.340130091857083698e+03
4.296776828101389583e+03
4.336322680078355916e+03
4.344103448448210656e+03
3.982533249811656333e+03
2.502278513262795968e+03
1.887740778980416508e+03
2.657063429226327116e+03
2.131649779234644939e+03
1.756030524430106198e+03
1.237675407226513471e+03
1.247050157761155560e+03
2.352224736300123368e+03
2.033916253391139662e+03
1.757153763606358098e+03
3.254003675530099372e+03
2.833365789524562842e+03
2.185134464904791002e+03
2.195063582188191049e+03
2.035236866740268397e+03
1.472536070274467875e+03
2.423738853319180180e+03
2.354866692794321807e+03
2.068912747887922706e+03
2.264015693973377893e+03
2.521362351257429964e+03
3.870825036926618850e+03
3.165124010325651852e+03
3.427277732895179270e+03
3.474735082923160007e+03
3.961263729004554079e+03
2.955207051485894226e+03
2.249053358031689186e+03
3.201063173668782838e+03
2.555993469408985220e+03
2.129279084877022797e+03
2.267736601751369562e+03
2.376742760890788304e+03
2.214109898385922861e+03
2.181313311234554021e+03
2.573254807793937744e+03
2.462748568892152889e+03
1.675715863639955160e+03
1.577963339294866955e+03
1.207058075950163129e+03
1.403402168485692982e+03
1.743167957981788277e+03
1.849088148337382108e+03
2.218724072183202679e+03
2.417850916248344674e+03
2.283922696096055461e+03
1.596266797414016310e+03
1.403511706389180745e+03
1.986846871679110336e+03
2.747787944085050640e+03
2.845858099236361340e+03
2.384441497980930762e+03
2.718634666142245806e+03
2.403761334261525008e+03
2.271400042791647593e+03
2.048741191524416536e+03
2.086040681466635306e+03
2.393055417237716483e+03
2.489308856465969711e+03
2.447660243788143362e+03
1.748178040617375018e+03
2.277986110655311677e+03
1.247115147032009418e+03
1.591742955859726635e+03
1.354782271339835916e+03
9.812034123981020457e+02
7.082560999554059435e+02
1.060311671632071921e+03
1.144992325313394986e+03
1.099538459756567590e+03
1.540133567087737219e+03
1.200880001521634767e+03
2.133538492616119129e+03
1.406330861487656193e+03
1.057469180594930094e+03
1.143250404808743951e+03
1.130858025760089049e+03
1.057073648920673577e+03
1.144537360657289355e+03
1.153490778108903442e+03
9.323671383307608949e+02
8.011428035095324276e+02
8.657680554667715569e+02
7.771563672677159502e+02
8.311602873487722718e+02
1.048277182586232811e+03
1.682472039075973044e+03
1.646645860183657760e+03
1.502370935621938997e+03
1.411828425580550629e+03
2.381675903956365801e+03
3.341561265606474080e+03
3.445904798569566537e+03
2.597115970343745630e+03
3.186056418913836296e+03
2.481301689049557353e+03
2.489520587828032603e+03
3.292050051288122631e+03
3.031225782654159957e+03
2.589261356938126937e+03
2.494293066856297628e+03
2.136266532929228561e+03
2.333141112885103212e+03
1.914622013263536928e+03
1.988873004009653414e+03
1.977171260878262956e+03
1.929651868176053313e+03
2.120703766243589598e+03
1.828875701084481989e+03
2.790343237203088393e+03
2.610575374268446467e+03
2.139875894103254268e+03
2.681380655639610723e+03
1.682577005525128243e+03
2.095024057385375272e+03
2.049916785420344240e+03
1.820480965837472922e+03
1.864282026047077125e+03
1.789662395802994070e+03
1.269739572776316891e+03
2.898466159812065143e+03
3.520865415732578185e+03
3.914214489293535735e+03
4.548868364297949483e+03
6.326238192875742243e+03
5.029666555395324394e+03
4.695533906424594534e+03
4.896581583310296082e+03
4.148579360205886587e+03
3.759819180897402475e+03
2.843131252013740323e+03
2.179238421867677062e+03
2.655635465790134276e+03
3.072236679484600700e+03
3.174743758910405177e+03
2.772968065660150842e+03
4.443190408830083470e+03
4.550035712311707357e+03
4.296696023090053131e+03
4.367276203307614196e+03
4.491857108608364797e+03
3.666435034758109850e+03
3.000349365435117761e+03
2.521261275575483523e+03
1.833200593345084144e+03
3.321439164740760589e+03
3.852899558713633269e+03
3.821773283511366571e+03
3.091687479644775067e+03
2.593767765847740520e+03
1.666888607616231639e+03
1.694856335708042707e+03
1.770387241228976109e+03
1.678112264104501037e+03
3.419656913646045723e+03
3.394493670801022745e+03
2.298988610269297169e+03
1.899606770409726778e+03
1.854631075975773228e+03
1.329378443151344754e+03
1.922444976898583491e+03
1.891787300198096546e+03
3.152483712967365591e+03
2.702372729743087348e+03
2.112855406034222597e+03
2.534893210852756511e+03
2.981829716671692040e+03
2.783658383008324108e+03
2.505718535266446906e+03
2.888189777054446040e+03
4.960203839701153811e+03
5.338099963745879904e+03
4.836009316230209151e+03
4.698742153284628330e+03
4.264505276935487018e+03
4.321656164694551080e+03
3.950160334929933015e+03
3.365220479167903704e+03
3.244028028084391735e+03
2.380698208548183629e+03
2.952014716486932230e+03
2.308419722171705416e+03
1.717822268302193152e+03
1.546869413105040394e+03
2.029482119604869695e+03
1.941143440773072825e+03
1.221175326506448528e+03
1.618354663383141087e+03
2.052611717331372802e+03
2.144388674499794888e+03
2.538411014042767420e+03
2.155570323264618764e+03
2.174278458487889111e+03
1.643518281055986108e+03
1.590318616101466432e+03
1.411077280727137349e+03
1.498669942260054313e+03
1.870048653900637419e+03
1.883260667750700804e+03
1.538746674856199206e+03
6.917626652218091294e+02
3.376389883127360918e+03
3.567403940013892225e+03
2.482585701105143926e+03
2.939697297099279240e+03
2.811688884356412927e+03
2.646198045977040238e+03
1.845824036448029801e+03
1.861965463325706878e+03
1.879764985424011456e+03
1.840514847639166192e+03
1.550151169810486863e+03
1.704142992965953454e+03
1.475279430289494712e+03
1.210487923386046759e+03
1.172259512867657349e+03
1.412781461794930692e+03
1.401470849648069134e+03
1.354738399023301554e+03
1.343992149946372592e+03
1.195296908963552369e+03
1.439863193473401680e+03
1.999301798205617160e+03
1.620140681471135849e+03
9.820364804304283552e+02
1.234346107709089893e+03
1.549300658689501233e+03
1.485221621438338161e+03
1.461885525002821169e+03
1.341360045465904705e+03
1.269821049813139552e+03
1.363406702941852018e+03
1.230956807156415152e+03
1.071770361957115483e+03
1.612976317360164330e+03
1.866854094906765567e+03
1.874649585071605316e+03
1.419520733450828629e+03
1.374772573542150212e+03
1.137636865589310673e+03
1.000291847268922425e+03
9.098160214463097191e+02
1.299717985169326539e+03
2.038183630757464016e+03
2.585161732208337980e+03
3.054443553459639588e+03
2.859712016554244656e+03
2.822529220412285213e+03
3.306362430291434521e+03
2.147864846244382079e+03
1.539351816881715649e+03
1.592652718868529064e+03
1.464936263654092272e+03
1.597925657634695881e+03
1.492311854065132366e+03
1.607817953327181613e+03
1.707422160875886902e+03
1.498515766092269359e+03
3.623426649068022471e+03
4.419748685233281321e+03
4.730461310786301510e+03
4.347159808297059499e+03
3.605562074576748728e+03
2.738413022756662031e+03
2.885619424619559595e+03
2.441651848848780446e+03
3.029571356516800734e+03
3.208119390859833402e+03
3.419882636711634404e+03
3.392896394126725681e+03
3.443968692034591641e+03
2.859272736728526525e+03
2.408179317442328738e+03
2.342555536556384595e+03
2.704160905667522911e+03
3.227680997099952037e+03
2.926634133736093645e+03
2.817413945840226461e+03
2.476638270605981688e+03
1.685019106761397779e+03
2.441987556843425409e+03
1.023668323025883183e+03
1.817454269215282693e+03
3.241129911371454455e+03
3.515392708320550355e+03
3.407029160165119720e+03
2.967625131805573801e+03
2.714103054797188179e+03
3.364231531906873897e+03
3.115879845668212965e+03
2.728297652384543198e+03
3.162209453874934297e+03
2.245621193848303847e+03
2.454635008112708874e+03
2.387862659912785148e+03
3.470026436009594818e+03
3.533277010515430902e+03
3.131535520314506357e+03
2.223999086755519329e+03
1.891130558756566643e+03
2.167286911366487857e+03
2.332365031266809183e+03
2.446855174715476096e+03
2.007946057462778754e+03
2.032664481079586039e+03
1.820815630329176429e+03
2.271521821295444170e+03
2.299963662763980210e+03
2.126345007447525404e+03
2.019474891477653273e+03
1.984651714311930391e+03
1.101111731588124940e+03
8.793660606845712664e+02
1.558534238961237406e+03
1.178496045035398083e+03
1.042991817065048735e+03
7.903190548896945984e+02
8.907300639720117488e+02
8.848553829395348203e+02
8.583852298549998068e+02
1.088412808972193943e+03
2.080094814209549440e+03
2.911649906401022236e+03
3.068946175563953602e+03
3.115466198682371214e+03
4.610204106254446742e+03
5.730966962914110809e+03
5.964798290693635863e+03
5.585648153669898420e+03
3.206628403425417218e+03
4.703991068933709357e+03
5.848265113414267944e+03
5.789533071938067224e+03
5.222277527333769285e+03
3.167960438448134937e+03
2.471896287369365382e+03
2.568691318464194865e+03
2.101723820734208402e+03
1.489196665977500743e+03
1.660596698982110411e+03
3.277438517741269607e+03
3.270084364486232971e+03
3.184335562729060257e+03
2.248873208811496625e+03
4.110156159723152086e+03
4.451399774252864518e+03
3.605115902895628551e+03
3.997379458865095785e+03
3.746394469483936518e+03
2.239698082783030713e+03
4.247938297375886577e+03
3.841326917498463445e+03
3.318544510425678254e+03
2.874566932533889485e+03
2.614352692949796619e+03
3.486969954571773542e+03
2.701617899997984750e+03
3.069581605548072730e+03
3.604784033404566799e+03
3.123453554676052136e+03
3.334025732754309502e+03
3.618746360598805495e+03
2.840823205351473462e+03
2.436579049823084915e+03
2.135067828346250280e+03
1.930517035295308915e+03
2.844340243405836191e+03
3.465486116628674608e+03
3.779688680012409804e+03
2.762678856447756061e+03
3.084926647105522534e+03
3.322993703578464647e+03
2.421032723363831792e+03
2.946385496313150270e+03
2.559777007933843834e+03
2.232400383530856288e+03
1.931488202569883015e+03
2.075818276507938208e+03
1.943716286952976816e+03
1.835432487433756933e+03
1.638526802464850107e+03
1.490351273541986757e+03
1.005298149023039514e+03
1.542395610031327578e+03
1.666198941309526390e+03
1.541446162592437759e+03
1.272914134766876032e+03
1.672990121888920385e+03
2.205626777457461230e+03
3.454486744468580127e+03
3.232956904054818096e+03
3.251632337568128605e+03
4.085772701899618369e+03
4.680360737147991131e+03
2.305988656124023692e+03
2.893055613552413888e+03
3.723897439969383413e+03
2.499846631543534386e+03
2.818487359199830735e+03
2.977820701394701700e+03
3.808044732006225331e+03
2.112475224898964825e+03
3.195088969663780517e+03
2.964821000079333317e+03
2.564840335073815368e+03
2.875225239884801795e+03
2.678107161269493190e+03
3.016794865728836612e+03
2.165903720224621793e+03
1.923626056581464354e+03
1.591361160032732414e+03
1.701260454362125984e+03
3.058977069692547047e+03
2.578815484078509144e+03
2.551515271815685992e+03
2.346067116650729076e+03
2.052473860414118462e+03
2.068143057934365515e+03
1.927491955641960885e+03
1.797475227841899823e+03
1.773447213667664755e+03
1.767573670722916404e+03
1.486803267658610821e+03
1.266931441712459673e+03
1.274488090875545367e+03
1.239747846994544034e+03
1.037856254589351693e+03
8.788177445413546138e+02
1.007558320379120346e+03
1.039541930865947734e+03
1.001413005868530718e+03
1.001983351637984015e+03
1.281103431624159384e+03
1.403726271861935402e+03
1.502363225011851682e+03
1.690024559541457847e+03
1.709353475638493364e+03
1.632828092475617041e+03
1.815650702135737447e+03
1.595128142667755128e+03
1.193474739419084017e+03
1.326025158478410503e+03
1.312659128015578062e+03
1.225502441331775344e+03
7.917390125555843952e+02
9.848459579450455976e+02
1.393051252343547048e+03
1.113664239576610953e+03
9.724730424396974513e+02
8.282307764919363535e+02
1.140396208841710177e+03
8.964567310460927274e+02
1.094601395431641777e+03
9.315231734900585252e+02
8.865215858087622109e+02
6.635098031711718249e+02
1.053562355645539810e+03
1.195848991801012517e+03
1.319613584869204942e+03
1.431847152326794912e+03
1.609947137083928283e+03
1.061768305382388235e+03
1.597624632363926139e+03
1.791525901665548645e+03
1.627746964900957437e+03
1.382727576721672222e+03
1.096117931840549318e+03
1.954701034095515070e+03
1.474898436498862793e+03
1.453589914284200631e+03
9.778571432730651622e+02
1.376994380298167471e+03
1.100189726613029961e+03
1.514842350709657239e+03
1.097464368716264744e+03
1.026093546469380954e+03
8.614999257267830899e+02
1.299078877000686361e+03
1.267388510771233996e+03
1.781576158064276797e+03
1.728912164441847608e+03
1.376298844245266082e+03
1.404308625265858154e+03
1.630721238005729447e+03
1.672511118171183170e+03
1.750825126443170120e+03
1.799332763741097096e+03
1.872998321358049452e+03
2.644291788550256115e+03
1.848052022795128778e+03
1.293803101424567785e+03
9.928518513485606718e+02
9.760741132960255300e+02
7.938532984115047384e+02
8.887358409203484371e+02
8.412469221982164527e+02
7.173956038155387205e+02
1.119342039274859189e+03
9.664218918906863109e+02
1.123207522944252560e+03
3.208781692250310243e+03
3.410426341523904739e+03
3.240217105104800339e+03
3.609701673089047290e+03
3.496187686750329704e+03
3.509556912427173302e+03
3.657835375785701217e+03
3.169946800865255227e+03
3.729721487764081758e+03
3.360305739710911894e+03
2.503061454141925424e+03
2.400095917674793327e+03
1.481840583854145962e+03
8.806965974766552563e+02
1.284227113637648699e+03
1.244364923164008360e+03
1.154568074437998348e+03
2.110166736433482583e+03
2.127472397765059668e+03
1.716759586223034603e+03
1.902639755132561504e+03
2.274879943131980781e+03
2.229456017585389873e+03
2.355993384028248784e+03
2.051774321509887159e+03
1.467575116376674487e+03
2.046049432800974728e+03
2.196833720075164365e+03
2.292410848436149536e+03
1.843342687001116019e+03
1.959043886464294019e+03
1.493565242625879364e+03
1.523155418290343732e+03
2.967954657859058443e+03
3.502680876979584809e+03
3.595260046777640582e+03
2.855150126141239525e+03
2.744571126666497094e+03
3.058716182027488230e+03
3.800297962655292395e+03
3.560829549612025403e+03
4.702025345936557642e+03
4.229300954783697307e+03
4.257050279175084142e+03
3.713316396945844645e+03
4.279413177550119144e+03
3.953317121816435247e+03
3.797848582957597955e+03
2.532556894415565694e+03
2.635235058759019012e+03
1.099213169823607814e+03
2.257811205049986256e+03
1.440854993903187278e+03
1.673393554765784984e+03
1.306524650986632196e+03
2.533830580348702824e+03
2.140180607145417525e+03
2.284091979638985322e+03
2.046265581369481197e+03
1.903791714521571976e+03
1.847182025518435239e+03
1.557105598518510760e+03
1.238981879766836528e+03
2.048346551910383823e+03
3.387166227777467611e+03
3.229758240355556154e+03
1.427569253423869213e+03
1.803447366985408735e+03
1.848517280514522781e+03
2.006091176416217195e+03
4.208092937865345448e+03
3.210104258652129374e+03
4.079507347762380050e+03
4.357451147480397594e+03
3.674015863652101871e+03
3.943697240932106070e+03
3.093958048591707666e+03
2.982430116176115007e+03
3.611123301541937508e+03
2.778654522814184020e+03
2.706664348497640731e+03
3.108506573569800821e+03
2.693924555414784209e+03
2.417038538863664144e+03
2.800806661892969714e+03
2.496510501708587981e+03
2.325715948540278987e+03
2.516395142153135112e+03
1.785542069550270071e+03
1.404344148840934849e+03
1.370869500687412028e+03
1.651842516584344594e+03
1.902547238064939393e+03
2.191006061121949188e+03
2.021850180981321046e+03
1.995546193435974374e+03
1.325311574302896361e+03
2.641317190719254540e+03
2.628977297393352728e+03
2.396340522123918618e+03
2.060291798181221566e+03
2.072205727817828119e+03
2.058120960911542170e+03
1.763199619349375098e+03
2.340019769000784436e+03
3.281614645538820696e+03
3.271246643440876596e+03
4.087028010588259349e+03
3.773905159664538587e+03
3.474415938852734143e+03
2.859340887182348979e+03
1.910390101577219866e+03
4.131818754149784581e+03
5.008442061222429402e+03
3.383839861678447960e+03
3.086599018469952625e+03
4.872771383073295510e+03
4.953408278052375863e+03
4.184428615842426552e+03
5.118698442210295070e+03
3.972726686985906781e+03
2.463647438512131430e+03
2.501493222612653426e+03
2.309219770356374283e+03
1.917574245177491548e+03
1.987048767814633266e+03
1.949613786649565554e+03
1.546902750265582881e+03
1.776835775174034779e+03
1.416947666821799658e+03
1.692069885190389414e+03
1.591334252533303015e+03
1.758007207318307792e+03
2.391981740240151794e+03
2.536512860194910900e+03
2.957102111032810626e+03
3.222333592439340009e+03
3.185970485890408781e+03
2.677041651557761725e+03
2.104960006836905450e+03
1.617793095147789700e+03
1.115433722642511157e+03
1.582342049206158663e+03
2.224832120347140972e+03
2.830520994045031784e+03
2.881352251929741215e+03
2.995888611042935736e+03
4.047424366708553407e+03
2.706512467298466618e+03
2.922555967785468511e+03
3.210739290079552575e+03
3.559623871213328584e+03
3.624958668492789002e+03
3.841250721462715319e+03
3.707175510996824869e+03
2.835120319224819923e+03
2.257527780976767644e+03
2.796792783763261014e+03
2.729405766114036851e+03
3.011225200524500906e+03
2.774798466284835740e+03
2.666484955158996854e+03
2.783497393716709666e+03
2.629748244821423214e+03
2.042274616542547392e+03
2.399254632124038835e+03
2.375725537744420762e+03
1.960085416129781152e+03
1.643461328699239857e+03
1.854957073612839395e+03
1.744507910025851743e+03
1.579322958270957770e+03
1.461447367955458503e+03
1.587849462165560453e+03
1.467709713578296714e+03
1.438694730036560031e+03
1.439917917670748011e+03
1.175222711337376495e+03
1.279531848131304059e+03
1.162934256887458787e+03
1.243044990865384989e+03
1.651674850329702849e+03
1.827555007259050626e+03
1.820594616491815259e+03
2.151821199140475073e+03
1.695131750731606189e+03
1.394305986836245665e+03
1.655814182255955529e+03
1.502531368273361068e+03
1.419293727618232424e+03
1.469900318161511677e+03
1.255187696244137896e+03
1.630604178720691834e+03
1.982234614721789967e+03
1.359516005491731903e+03
1.183386007107218347e+03
1.019404828159941303e+03
1.259004343344740164e+03
1.084311896836346705e+03
1.111511904405077530e+03
1.180776189837365109e+03
1.149969252578237047e+03
1.483669284299812034e+03
1.843463926439962279e+03
1.420728624884459805e+03
1.335154423147808529e+03
1.143534607441054277e+03
1.249881347967781494e+03
1.082409675410536011e+03
1.150060013603133484e+03
9.905275594790856530e+02
1.680040385442267507e+03
2.515067503783199754e+03
2.269874811970598330e+03
3.495712749075224110e+03
3.223499338135273774e+03
2.708647365526932845e+03
3.148182077690983988e+03
2.736890425328068432e+03
3.694161681286108887e+03
3.641758278932113171e+03
3.320314561240390503e+03
2.634011051325756853e+03
1.555087450892089919e+03
1.057428517730816338e+03
2.502496125605603083e+03
2.726616899817094236e+03
2.922340688025147756e+03
1.981510444553342040e+03
1.891997264994843363e+03
1.602171900405877977e+03
1.512738442171666065e+03
2.689987864487623483e+03
2.956902674731994921e+03
3.861260973682351960e+03
2.757257657744801236e+03
2.522799373188949630e+03
5.057912469060584954e+03
5.475075903532159828e+03
6.002415861013818358e+03
5.851659373499096546e+03
6.233236679865008227e+03
3.737810047686782582e+03
2.675311106822593501e+03
1.538145338809648138e+03
1.787402380570427795e+03
2.447844080430494614e+03
2.898408031810196917e+03
3.437276031762508865e+03
3.615761001747987848e+03
3.534016821437287035e+03
2.845978217849022712e+03
1.581895468126137757e+03
2.180573611149555745e+03
2.405507409083269977e+03
2.274096279227585455e+03
2.001487362815181768e+03
3.392234737202310953e+03
3.492166138857297028e+03
2.259813801766779306e+03
2.513352010173583949e+03
2.550892105747770984e+03
2.645973948577802730e+03
1.468213584937656833e+03
1.730174623591808995e+03
1.639195006986949011e+03
1.667606714068396059e+03
2.778009440183897823e+03
4.021381859911404717e+03
4.615280955127286688e+03
3.013863885612400736e+03
4.643922928984309692e+03
4.526333953167567415e+03
3.344431786321766594e+03
2.074349073425703864e+03
2.601254251414047758e+03
3.087100979394069782e+03
2.443490949756737336e+03
2.479587602794114900e+03
2.323484473786218132e+03
2.150093264338988320e+03
1.503144697173743225e+03
1.015043551835402127e+03
1.282564296879563244e+03
1.217276971466023497e+03
1.098934013681964416e+03
9.619289460797710944e+02
8.951549022704564322e+02
1.360217201102165745e+03
1.213003576094115033e+03
1.279123120322117529e+03
1.444116125143532827e+03
1.590401775432650766e+03
1.195352370102696568e+03
1.081761140681715233e+03
9.278473283225575869e+02
9.588106943078296354e+02
1.076047875137477604e+03
1.995924235001012903e+03
1.913113044061183473e+03
1.641796408138987999e+03
1.447545135887220113e+03
1.216114569203554765e+03
1.567400135826598898e+03
1.804202024535832379e+03
2.610031335204480001e+03
2.880179325598629475e+03
2.265945560441856287e+03
1.715527110309970794e+03
1.686353756239628183e+03
1.485124837470134025e+03
1.747705684389220323e+03
2.005550157563917082e+03
2.609579208692409793e+03
2.831048100032213370e+03
2.478724364665443773e+03
1.965020212579125655e+03
2.760136192800099252e+03
1.551936750779254453e+03
1.106259731179774690e+03
2.340132510118282426e+03
3.696955821389763969e+03
4.188420620516663803e+03
4.681440089880591586e+03
3.164234648171509434e+03
3.954043644973529354e+03
3.254093417104873879e+03
4.736229325055608570e+03
5.334817024681025941e+03
2.569657077752720852e+03
5.011388415866416835e+03
2.811944629275526950e+03
3.081828697820363686e+03
2.929162778633620292e+03
2.592861639976211791e+03
2.337387032239535529e+03
2.430878971094606641e+03
2.328490921487267769e+03
1.838921940279042019e+03
2.417282597065728623e+03
2.331155059629733387e+03
2.308805729918796715e+03
2.317771946849136839e+03
2.779377235952667434e+03
2.747004644736020964e+03
1.984801848484272114e+03
2.717286597928222818e+03
2.773398418540706643e+03
2.740238950327150633e+03
2.580113767867688239e+03
2.591135292927470346e+03
2.594178456478069620e+03
2.247035506548440026e+03
2.446418194213841161e+03
2.614589483903346718e+03
2.432783114491231572e+03
1.718112282612234367e+03
1.373982326727355485e+03
1.595538084837207634e+03
1.726589988680411352e+03
1.777458189903956963e+03
2.370284865052663918e+03
2.893652337611438725e+03
3.203191985321791890e+03
3.360901140947634758e+03
3.440874399501371954e+03
3.598974753204561239e+03
3.729002695488097743e+03
2.788284723333076727e+03
3.505802541305454270e+03
4.443714044800176453e+03
3.813594698756331127e+03
3.333945134223737114e+03
3.202548256586104799e+03
2.028627408543560932e+03
1.141602242381761698e+03
1.588742358429684373e+03
2.129695072990793051e+03
2.242925265836957806e+03
2.234283753846098989e+03
1.948820706515002257e+03
1.716944813574595173e+03
2.189520442961247682e+03
2.083910521524357137e+03
2.866851020629605955e+03
2.424864855283236011e+03
2.889766032464912769e+03
2.879236446495395739e+03
2.421818755657074689e+03
2.914914455019332308e+03
2.028748732153193941e+03
2.154080935700360442e+03
2.083078292151976257e+03
2.227224224010969010e+03
2.277467495781080288e+03
1.626605179248822878e+03
1.393927768813198782e+03
1.579814481364302083e+03
1.490620107676435737e+03
1.923324268393590501e+03
2.012165011499054572e+03
1.479732485572779069e+03
1.297661378009372129e+03
1.251388544281126315e+03
1.187106243131426481e+03
1.726985399854728030e+03
1.704031260231806300e+03
2.035246474353959911e+03
2.093527136224087371e+03
1.666021753409905841e+03
1.039166690810771343e+03
1.297706815728077345e+03
9.927633146993047148e+02
1.151371566310574053e+03
1.291501642033182179e+03
1.328198161868263469e+03
1.694126634134189317e+03
1.523049962854825480e+03
1.248729834299625736e+03
1.406398074116238149e+03
1.489747850106118676e+03
1.131104695797676186e+03
1.167328346253434574e+03
1.061578839220462214e+03
1.106421791042643690e+03
1.428136314007566853e+03
1.196592253880544376e+03
1.470853899667514270e+03
1.241286853037365518e+03
9.422671569490325965e+02
1.215693556779721121e+03
1.036422075889282496e+03
1.036473580202777839e+03
2.145108905935698203e+03
2.602769473603242659e+03
1.796925983631964073e+03
1.219293478940270916e+03
9.617338064613982169e+02
1.084831772860814226e+03
9.459408521027213510e+02
1.312172800347086422e+03
1.677861015884159087e+03
2.055197864305121129e+03
3.254175103352756196e+03
2.938486231263487298e+03
2.792603446905903638e+03
2.786905239228353366e+03
1.517977726438665968e+03
4.655681421516945193e+03
4.512609751405987481e+03
3.637913559116453598e+03
2.656799860283123053e+03
2.483892098224616802e+03
3.020087129340789943e+03
2.888670244584126522e+03
3.265537736504360055e+03
3.622238492897855849e+03
3.190264161987343869e+03
2.884879211784885683e+03
3.030680079512247630e+03
2.563493809920757485e+03
2.550571024548009518e+03
2.688828013752543484e+03
3.344193674811967867e+03
2.548217497594899669e+03
3.093787383413651241e+03
3.202078237975253614e+03
2.825630242187894964e+03
2.658487747497500095e+03
1.639484807889698459e+03
2.005775653601488557e+03
2.093437708885842767e+03
3.281022168676996444e+03
3.155735541526384623e+03
3.964798734261019035e+03
4.846552813427950241e+03
4.122516822433010020e+03
4.494572386818895211e+03
5.294122365214493584e+03
5.059704742667948267e+03
5.069087159164813784e+03
5.040164506948781309e+03
3.578672986548232075e+03
2.441135646386563167e+03
2.149722434591938509e+03
2.162616119981865722e+03
2.053166206253568362e+03
2.176005916276393691e+03
1.727730509596973661e+03
1.632607647544476549e+03
1.780539605269846561e+03
1.961293071423561742e+03
1.841582230727984552e+03
1.820114955453205312e+03
1.825279159473834170e+03
1.947834903001955126e+03
1.900593272861680362e+03
1.533733478215587638e+03
1.173458860365147984e+03
1.145481759209171514e+03
1.284397900428879666e+03
8.638119655613882060e+02
8.600959341735220960e+02
1.369051035071321621e+03
1.490647217613616249e+03
1.553047557709268631e+03
1.357273322863880821e+03
1.451531034177476158e+03
1.657948803614518283e+03
1.663439595644783594e+03
1.657916123973850745e+03
1.411251206677168511e+03
1.070034567253041132e+03
1.705788295930879485e+03
1.918294298312118372e+03
1.816880389653640577e+03
1.196229974270406274e+03
1.368930099430076325e+03
9.251259619623541539e+02
8.225695840646815213e+02
1.117764790395710634e+03
1.116283513522399517e+03
1.259126252391093885e+03
1.246543471075976413e+03
1.181862985309011037e+03
1.841871553642669369e+03
2.133556676714937566e+03
2.799085852060358775e+03
2.176882279199103323e+03
1.631917137998063936e+03
1.344190114916353195e+03
1.907077316590036617e+03
2.182869367337517815e+03
1.921386685900770544e+03
2.318289363113507989e+03
1.836508959230107621e+03
1.993303818271884666e+03
2.143262453183799153e+03
1.895657235339868976e+03
1.747000393215123040e+03
1.817286635602727983e+03
1.811746093140024641e+03
1.913774177983311802e+03
1.845315435482895964e+03
1.994491372124663258e+03
2.105650459332427999e+03
1.967736121953896372e+03
2.105126162886693237e+03
1.864143710891731871e+03
1.721859413402858081e+03
1.712146601738547361e+03
1.355271326739755978e+03
1.621113436429697231e+03
1.887830139214354631e+03
2.156442486168666164e+03
1.546801371015783616e+03
1.405309417739668561e+03
1.997630351424887067e+03
1.849797376190929526e+03
1.734095060182695306e+03
1.390660960399312899e+03
9.767078504204466753e+02
1.316305826558789931e+03
1.429300568725145467e+03
1.099885738246742676e+03
1.222042176374963219e+03
9.854840557898778570e+02
9.408062697377495169e+02
7.003079161132498029e+02
8.452976227877378506e+02
1.111216577726840569e+03
1.203866755533279047e+03
1.460132644343030734e+03
2.586846358882519326e+03
2.697235729574151719e+03
3.763756701437067477e+03
4.313416679538991957e+03
3.347128882361218530e+03
2.533366193539702635e+03
2.396756944714320525e+03
2.929290079594723920e+03
3.399700567087959826e+03
2.658635092373689531e+03
2.596923484129462395e+03
3.066167676560709879e+03
2.988531850734193540e+03
3.594008940968816205e+03
3.825167511884984833e+03
3.092669227771793885e+03
3.527450428063817981e+03
4.453888277813943205e+03
4.174140527719417150e+03
2.661322484407360662e+03
1.947957146726037990e+03
1.946560357552945106e+03
2.209599674857624450e+03
2.101401755534558106e+03
2.668920169068601354e+03
1.710746292402088784e+03
2.351024612328472813e+03
2.578726498237784654e+03
2.097075093022401688e+03
1.345203673624544763e+03
2.853977497396236686e+03
3.111542882657469818e+03
2.479264491964327590e+03
2.158782644773444190e+03
1.707020728271172175e+03
1.709550535186058141e+03
2.257537589935134292e+03
2.366393410170153857e+03
2.330287376855587354e+03
1.749649554151430038e+03
1.857271978973789146e+03
2.773345678441045038e+03
3.160729475729033766e+03
2.082559263965720675e+03
1.383116378235084767e+03
1.127627639771600570e+03
8.358428930885430646e+02
1.153294508291661487e+03
9.574358432224171338e+02
1.084020821134634161e+03
1.788043795079670190e+03
2.096904177986454670e+03
2.034068313663212621e+03
1.308766517844804639e+03
1.642539181350538911e+03
1.441443127152660963e+03
1.223363738005157302e+03
8.557659920624263350e+02
1.620040880278942950e+03
2.214556690725794851e+03
1.821651694393488924e+03
1.437519350133533862e+03
1.138560547971419510e+03
1.088066223151580971e+03
