-3.604365338911715355e+01,0.000000000000000000e+00,0.000000000000000000e+00,0.000000000000000000e+00,0.000000000000000000e+00,0.000000000000000000e+00,-3.432169450445465983e-14,0.000000000000000000e+00,0.000000000000000000e+00,0.000000000000000000e+00,9.640286916519939396e-15,0.000000000000000000e+00,0.000000000000000000e+00
-3.604365338911715355e+01,0.000000000000000000e+00,0.000000000000000000e+00,0.000000000000000000e+00,0.000000000000000000e+00,0.000000000000000000e+00,-3.432169450445465983e-14,0.000000000000000000e+00,0.000000000000000000e+00,0.000000000000000000e+00,9.640286916519939396e-15,0.000000000000000000e+00,0.000000000000000000e+00
7.385496091506269067e+00,-2.164307158698199984e+01,-3.727950171542820268e+00,-1.818098064688356441e+00,-1.090556557052645381e+01,1.681581840846432740e+01,7.484325442786786908e+00,2.225993363999931307e-01,-1.321424916637978164e+01,6.267960015571236276e+00,-4.447566493136658039e+01,9.558104042180199045e+00,-2.461922884175952930e+01
1.191973234234831480e+01,-1.037722690751292731e+01,-1.410464474438438920e+00,2.078120765035878037e+01,-1.006989273329698342e+01,2.182969988769621139e+01,-1.767189042821829403e+01,2.063497576042456316e+01,-2.574474635178059856e+00,1.098871849582721794e+01,-1.062787540194998925e+01,1.478378973479943959e+01,-1.041907888716703745e+01
1.311993290614305430e+01,-8.349699958164503499e+00,-9.405182557581669656e+00,3.533140477006773494e+01,-1.961349336866666349e+01,3.818818124862779939e+01,-2.906672406578667989e+01,3.937865332668628326e+01,-1.764689660823784578e+01,2.577972800668835518e+01,-1.356728182983687780e+01,2.064347931962375071e+01,-6.109069937026151642e+00
1.318439209937862699e+01,-1.077856679561477549e+01,-4.412064084632619121e+00,3.847994580786268415e+01,-1.276977540944396416e+01,3.669151149358180675e+01,-2.775646103409281551e+01,4.348534770680529249e+01,-2.174387007444216380e+01,2.416019170822191597e+01,-2.116755558190022057e+01,1.573130989563417614e+01,-8.091254646717274568e+00
1.321130947840433301e+01,-1.283360990126653434e+01,-7.336664870022437945e+00,3.198239520470052000e+01,-1.292159282503555318e+01,3.958356550262384133e+01,-2.691113136413370910e+01,3.668298572941272795e+01,-2.135989757236652409e+01,2.295467539765429166e+01,-1.338821785876275250e+01,2.219838339511962744e+01,3.095899564999923026e+00
1.313546102128879411e+01,-1.002145387440507385e+01,-1.144667886047233463e+00,3.001574725700685065e+01,-1.018220720291684955e+01,3.633625633977914759e+01,-1.603145222758881161e+01,2.982786399375586228e+01,-8.119645117757439579e+00,2.316996918450965026e+01,-1.534843272213080390e+01,7.292884407278469538e+00,-1.618581601456314800e+00
1.315726510843907171e+01,-9.284088539456679001e+00,-5.387419155625690514e+00,3.112737453091910922e+01,-1.151085178391224773e+01,3.534091820718430199e+01,-2.085070535221335675e+01,3.940749965123481502e+01,-1.378218434783049240e+01,3.108140082603008025e+01,-1.652309280459850171e+01,1.512050878626507888e+01,2.172159594365380419e-01
1.288875377633256214e+01,-1.212020180505981237e+01,-5.014243530657539694e+00,2.246311081441799118e+01,-4.405221549273029780e+00,3.498590815885943073e+01,-8.170461701438579638e+00,3.896861050252710612e+01,-5.613589271052266128e+00,2.207231818748969232e+01,-6.776706623916103567e+00,-3.239112418893407508e+00,-1.283010792056781568e+01
1.279144823270975628e+01,-9.802006808314125408e+00,-1.092568420260779760e+01,3.167000510398503366e+01,-2.045797088747642078e+01,3.612955635758488881e+01,-2.072502820933771162e+01,4.333697386903077842e+01,-9.653448091534105657e+00,2.518023990719573746e+01,-1.200927400750744312e+01,4.015502274476494549e+00,-9.538772193826218881e+00
1.271928841656317744e+01,-1.139123967801486792e+01,-8.980879926143000347e+00,2.358513414515470430e+01,-2.320287599597661909e+01,3.217472720628381921e+01,-2.274124670017264904e+01,3.815074570320964398e+01,-1.389663110363137655e+01,2.245937964576112478e+01,-3.100580550929852297e+00,1.491071254784160161e+01,-9.609621842092461730e-01
1.272772214907255162e+01,-1.330999434236748513e+01,-1.141721877988500466e+01,2.086521465079618665e+01,-2.278038203254963179e+01,2.944139105478868501e+01,-2.052382221556594288e+01,2.948913589367911925e+01,-2.144864007998772948e+01,1.436046151300131335e+01,-1.948960325599646026e+01,1.067706741172683049e+00,-1.288983622048983690e+01
1.270481892745856101e+01,-1.246285050550482865e+01,-1.126809942022560662e+01,2.111025574336394683e+01,-1.902885450550913760e+01,2.265352221542565303e+01,-2.187287957689202500e+01,2.545388079268983006e+01,-1.352657419738467404e+01,1.866001558846855701e+01,-1.402447009699884184e+01,1.128567485966145645e+00,-3.734340983784587564e+00
1.297766134306142227e+01,-1.313823076744650464e+01,-6.136661496058399834e+00,2.385672403673781261e+01,-1.644746915358291872e+01,2.713202187104953467e+01,-1.758547588780244197e+01,3.019644365531839725e+01,-8.432276039960513003e+00,2.485825539862484845e+01,-8.499565488869885499e+00,-4.632128803588098087e-02,-1.504730541513236197e+01
1.316199409506698892e+01,-1.196465771290021607e+01,-9.331870784618914172e+00,2.802865182726755933e+01,-2.585052871031719945e+01,2.801722030332774338e+01,-3.185551160270801674e+01,3.758162078752152979e+01,-2.839679041242536073e+01,1.944789860503023959e+01,-1.187635672145625243e+01,9.626343988216694569e+00,-2.143573880600215986e+01
1.319066692017955589e+01,-1.686741172783015941e+01,-1.235193314026000699e+01,2.123584575248310102e+01,-1.835633682514703935e+01,3.132277302568894228e+01,-2.420597562105821865e+01,3.551985514063480309e+01,-1.239680515438866237e+01,2.486674867509355380e+01,-1.302711003865744388e+01,1.438551615675386053e+01,-1.172717059732585909e+01
1.319631553740157948e+01,-1.963372720977114128e+01,-9.759521766880812521e+00,1.785190201914312524e+01,-1.227618931462382612e+01,3.052479468879921853e+01,-2.138214687763440480e+01,1.707971880398411102e+01,-1.615650379374040924e+01,5.635656018703023129e+00,-2.337367133781993545e+01,8.395599441208561942e+00,-8.283407386463334632e+00
1.323329974885903582e+01,-1.794274229060765435e+01,-1.313570524450454080e+01,2.360888939103822182e+01,-2.013068370344092273e+01,3.572034823804482784e+01,-2.708309390790684290e+01,2.508038387310947215e+01,-2.952226467977146385e+01,8.116507967796517953e-01,-2.371529975250842881e+01,5.505400048801295299e+00,-8.072406052790070063e+00
1.314368608687553497e+01,-1.564839784671895195e+01,-8.452833851033163981e+00,2.324684554031574635e+01,-1.739970346596128437e+01,2.907569921407557345e+01,-1.882048167774050285e+01,2.584234120530117096e+01,-1.775383408821619113e+01,1.051988920806358685e+01,-1.622367551071558722e+01,3.808270662370454751e+00,-4.372536587303881284e+00
1.304110466563137827e+01,-1.526811161900295488e+01,-8.940792248296135725e+00,2.147064817897304323e+01,-2.153813241486487229e+01,2.418998533018063668e+01,-1.783698465150371604e+01,2.442744323228133041e+01,-1.184754412484828734e+01,2.242631516700535954e+01,-8.022972062151506378e+00,1.139085134694747126e+01,5.285562380833892071e+00
1.324658730715430011e+01,-3.778548690685455735e+00,-5.569526342147450571e+00,1.531017576419946202e+01,-3.070366614131575034e+01,2.529703376589224817e+01,-2.587570609601236882e+01,2.012695305159512671e+01,-3.132101889035908826e+01,1.418690640394905067e+01,-1.605549057183669248e+01,5.619562432610475611e+00,1.193662341799208049e+00
1.341717999723323018e+01,-2.736114570410762781e+00,-3.610019317170957143e-01,9.250320026146592767e+00,-2.901403421329038679e+01,1.023768952848555536e+01,-2.098749565109802617e+01,1.252736541591243835e+01,-3.118976851673782846e+01,2.556666390433889546e+00,-1.070549094240097610e+01,7.488340519298008147e+00,1.309645024747600317e+01
1.319018090322434311e+01,-3.632673553418188206e+00,-3.592382608757517026e+00,2.235311267505212030e+01,-2.806312518667229483e+01,2.300989012445947779e+01,-2.516535529956623307e+01,2.052676935942513481e+01,-2.800266767450607475e+01,1.443636827627421404e+01,-1.541838022246200479e+00,1.421973245164790889e+01,9.655808823158389842e+00
1.315188347602258112e+01,-1.218012244526494570e+01,-1.437056783668857385e+01,1.562376975727237038e+01,-3.470109192208094129e+01,2.764098049066619467e+01,-2.582649172123154457e+01,3.114973991771201511e+01,-2.117267183215933102e+01,1.637156441925393580e+01,-1.673402539493497798e+01,2.053566167474896176e-01,-7.305171262396956244e+00
1.311162592243643310e+01,-1.209100560524040979e+01,-1.291466983865262108e+01,2.535310422796688457e+01,-3.121975628451333051e+01,3.496132746164259686e+01,-2.827259261120407530e+01,3.340084186148398970e+01,-2.091367875358130135e+01,2.624133083492629126e+01,-1.628008025826923344e+01,4.680748704308248520e+00,-4.911097340876993123e+00
1.312087670263716355e+01,-1.591054845916534788e+01,-9.812074279790191866e+00,2.818144759404161803e+01,-2.502350835810682028e+01,3.404826477344202829e+01,-2.051713718607070902e+01,3.275138738136403305e+01,-1.348636716511342115e+01,3.422728317747981208e+01,-1.501979580854535179e+01,1.318259118353454440e+01,-7.510316070643424879e+00
1.315922247230422393e+01,-1.524034095714699255e+01,-6.308751344608023004e+00,2.637382001899479178e+01,-2.763527867041013408e+01,2.387498237534519774e+01,-2.313217658286554723e+01,1.903956524416357254e+01,-1.504332735336278404e+01,2.127819372922137831e+01,-2.639537674662551403e+00,1.107816197918716838e+01,-8.744928702857691860e+00
1.302284432129661162e+01,-1.618140186855336893e+01,-6.084067395734576777e+00,1.988190779382439644e+01,-1.870686604630796168e+01,2.344511639444058204e+01,-2.112659186218474971e+01,2.013836895462089771e+01,-1.100608752992102701e+01,1.558223451561629425e+01,-2.537753192373080502e+00,9.369610469750243809e+00,-4.031331618913446491e+00
1.309183085138539404e+01,-1.359855307174600547e+01,-8.999115428262873806e+00,2.070743931967559703e+01,-1.965766406057727522e+01,2.809867587372242426e+01,-2.083730046272693670e+01,2.900707854129093732e+01,-1.383280017701103937e+01,1.854720368758535187e+01,-7.453641814225988149e+00,7.746592872593818235e+00,-8.872543939383724876e+00
1.313498618068011403e+01,-1.383635491008211638e+01,-1.355020964875095224e+01,3.121283939832191123e+01,-1.961638796510405669e+01,3.759817922266531554e+01,-2.407615421629813213e+01,2.779267674869111460e+01,-2.120790898550800918e+01,2.010617493545209911e+01,-1.365502407125365814e+01,1.391461546288641671e+01,-5.430835939758992481e+00
1.294691013069523144e+01,-2.030858446991278754e+01,-8.715341427954861331e+00,2.203933239463730942e+01,-9.132942202703723922e+00,1.863258958214733241e+01,-1.485465023801226359e+01,2.234214445960695983e+01,-1.004596767332684948e+01,1.809601818586775224e+01,-1.203944218558432055e+01,3.348193329793741846e+00,-8.267916897253305919e+00
1.304913484422199410e+01,-1.837055942295064881e+01,-7.989903642546310358e+00,2.482668628203747474e+01,-1.303092180635344377e+01,2.057902860382895582e+01,-2.127529111110852611e+01,1.997765221482747222e+01,-1.336561669435455357e+01,1.443376190971226691e+01,-1.231122194283567062e+01,1.476575507746773042e+01,9.123029814138666538e+00
1.304475780157006426e+01,-1.556622344691261084e+01,-1.223431231934162966e+01,2.459969055846982400e+01,-2.334370794175481478e+01,3.089502925520114474e+01,-3.021941743941688330e+01,2.774716955144533514e+01,-1.441640947962053509e+01,2.355552139266868039e+01,-1.797319379682484808e+01,2.247583167954760341e+01,1.064873499114789013e+00
1.309531780438116577e+01,-2.125386230130341758e+01,-5.229472213871172670e+00,1.527138511287098765e+01,-8.730220581682250014e+00,2.509803603880110145e+01,-1.420140272921254265e+01,1.684038524427310080e+01,-1.017679014942616789e+01,7.247511544154735752e+00,-1.727505597157909634e+01,4.146067959069479336e+00,-2.930530397483230409e+00
1.311513833359082604e+01,-1.509691304014289415e+01,-1.197627717928230595e+01,2.222530332121568719e+01,-2.283434042752325510e+01,1.933754754362632866e+01,-3.086123377431190917e+01,2.364311523155566874e+01,-3.154220522783106517e+01,4.617275716184032319e+00,-2.749118150624989809e+01,-7.250978952694765667e+00,-1.747149711342209244e+01
1.286399990907547242e+01,-1.232746000279632881e+01,-6.389916596601485921e+00,2.439804166463964208e+01,-1.639062325977316092e+01,2.285419021279725271e+01,-2.087466299675096337e+01,2.884173419515688863e+01,-2.098470748092025673e+01,1.383207905892898459e+01,-1.474110386273172146e+01,1.398895512434613408e+00,-1.327489808279652017e+01
1.289404427864715963e+01,-1.509445597043203513e+01,-8.018470399516900216e+00,2.394167594811211686e+01,-1.537496992984169886e+01,3.168292340963616738e+01,-1.950515867365636424e+01,2.453010933691842865e+01,-1.976414415898510057e+01,1.979908458299286522e+01,-1.013293558272275874e+01,1.444851401965732407e+01,4.920209272299384651e+00
1.304949846119637513e+01,-1.374525131248438470e+01,-9.703498779991898360e+00,2.734039804945597041e+01,-1.608099447078945587e+01,3.645068078844278858e+01,-2.000033262965914815e+01,2.560089462118669346e+01,-3.002732530873405636e+01,9.781954958818495527e+00,-2.968513764088849527e+01,4.543146209790604573e+00,-1.196260597596840114e+01
1.300225139122191642e+01,-1.689573253667904851e+01,-5.459616730159330800e+00,1.609194266419643427e+01,-1.163106332152320554e+01,2.152633786905063573e+01,-1.273589137185149234e+01,9.225753087741203728e+00,-2.357826820251113276e+01,1.418185321624652273e+00,-9.296898153256069719e+00,9.120558466333710257e+00,-6.182869672013588058e+00
1.299610320198083713e+01,-1.073877030312748815e+01,-1.481301646270071970e+01,2.431126875231460716e+01,-2.231660331563059074e+01,3.640529141449862749e+01,-2.501160046281484739e+01,2.234902514708931776e+01,-2.132459028230665510e+01,2.084632988847184620e+01,-1.318549623087327483e+01,3.760191672838560706e+00,-2.588597116082858918e+00
1.311104202041451572e+01,-1.489247120431796390e+01,-1.184179971407363396e+01,1.946515447568575041e+01,-1.491191934160850785e+01,3.226006198098749422e+01,-2.323470496505024130e+01,2.331662936787312290e+01,-2.251344412803747019e+01,1.737085661656305646e+01,-1.358791862981063581e+01,2.158951168897310424e+00,2.428771932219822460e+00
1.311123019791026856e+01,-1.311968183637300811e+01,-1.189491912657423889e+01,2.442506448240041905e+01,-2.065441913348013614e+01,3.914469063044020913e+01,-1.676552766528323346e+01,3.273704270476557809e+01,-2.589143433670366434e+01,1.590703336353262287e+01,-1.889867811818217902e+01,7.366164239424923821e+00,-1.074311658769326527e+01
1.312623690952111843e+01,-1.284658775154256105e+01,-1.007708659845837929e+01,2.272475012424187213e+01,-2.725760593858867509e+01,3.891739122059210132e+01,-1.773138574893197372e+01,3.326418041126525793e+01,-1.363105910347657357e+01,2.194551620262871694e+01,-3.007198928758811896e+00,1.755175612666853624e+01,8.509156913631745311e+00
1.321831979251556177e+01,-1.382660693032309318e+01,-6.289587808718010820e+00,2.227754381674736806e+01,-2.246213601025612050e+01,3.045347482708746867e+01,-2.876183911603886401e+01,2.943035209882453884e+01,-8.704255181464244373e+00,1.933070877560621526e+01,-8.192004939474980318e+00,1.105971756249478233e+01,-6.759315011716958699e-01
1.329119666499181029e+01,-1.174879035226272173e+01,-1.013742825566128758e+01,2.641772555642187470e+01,-2.556149898957334443e+01,3.594630664842294010e+01,-2.460650292512226045e+01,3.373285718050288295e+01,-1.649547090295317275e+01,2.069816335006846941e+01,-8.987413578791199953e+00,1.007894775441285518e+01,8.506043265037596668e-02
1.329189041334737276e+01,-1.378751572059523589e+01,-3.806525295214929994e+00,2.222494357786194641e+01,-1.824587746659411280e+01,2.580345177632814924e+01,-2.020695643390455487e+01,3.536427153606470597e+01,-5.328143628919657537e+00,1.555209600985936724e+01,-1.010658613988633014e+01,6.720201364980778358e+00,-2.586320348862075846e+00
1.302940213463542740e+01,-1.457154617093512705e+01,-3.893061633884971062e+00,1.814745472071729893e+01,-1.817347070657918451e+01,2.048756948614829554e+01,-2.289970722836906347e+01,1.895385814098992228e+01,-2.188158497462833196e+01,1.041407128985884434e+01,-8.300073712551441218e+00,2.619413081798302123e+00,-6.579023766226209879e+00
1.276885815824175907e+01,-1.118871803087028738e+01,-9.728700868247415201e+00,2.276352499135467511e+01,-2.321863855115666198e+01,2.809112373690722819e+01,-1.936864385031261193e+01,3.206062691369830020e+01,-1.996467384818291180e+01,3.057073312530175713e+01,-1.506872669584741642e+00,1.263576995755806465e+01,-8.333648499496062456e+00
1.293146412349282848e+01,-1.417030097304415648e+01,-1.555815268955403141e+01,2.443518341932002258e+01,-2.868794101690415133e+01,2.908000745146705412e+01,-2.208363914111547288e+01,3.575219306156564869e+01,-1.875810465654217651e+01,3.283266854740925567e+01,-4.200372189725853467e+00,1.878792443364596920e+01,-3.071092404505177953e+00
1.324075885426710997e+01,-1.974425622279500558e+01,-3.840197804225496725e+00,1.317669653853679534e+01,-1.395581045935981557e+01,1.643603520865915613e+01,-1.003357458650143208e+01,1.551474864387957098e+01,-2.341937430719701041e+01,8.512533593201023763e+00,-1.083140791869540109e+01,-5.009287124702634930e-01,-1.420851048865809929e+01
1.332889536637772210e+01,-1.305189023621002953e+01,-5.750046833850794847e+00,2.353687930281838803e+01,-2.045334470357962076e+01,2.893331887174206329e+01,-2.327256608533059890e+01,1.880069813294946002e+01,-2.933032698748036537e+01,1.839113108200668378e+01,-1.492023020266374189e+01,7.502033833888381409e+00,-6.875350557941653840e+00
1.314188401030074971e+01,-1.263429820733524345e+01,-5.363949934937232378e+00,2.508069943304437999e+01,-2.488864649217335412e+01,2.865156508108328381e+01,-2.456691646981617438e+01,2.370110581738446243e+01,-1.290709651982761308e+01,2.153939984367269389e+01,-7.911780397246403140e+00,1.266471529937368246e+01,8.098714903704543389e+00
1.315328380149170151e+01,-1.165282108157482277e+01,-8.327523259652148013e+00,2.859832563986256204e+01,-2.598761453377663244e+01,3.512847429368142826e+01,-2.874960045307862799e+01,4.042092328132863344e+01,-1.496218976913024790e+01,1.837203617589425875e+01,-1.977960270374677521e+01,5.481451995920698650e+00,-1.145573460968603641e+01
1.317477881126888484e+01,-1.271187347291414049e+01,-7.737443056637665961e+00,3.379001870321258139e+01,-1.919537128108943946e+01,3.124484764644604695e+01,-3.164478731792075195e+01,3.351095001193880307e+01,-1.552511754536420518e+01,2.151532312735522012e+01,-1.564208495927946529e+01,-3.455789992044955738e+00,-8.045735116572547696e+00
1.319424034439237481e+01,-1.566970110124942828e+01,-5.731889584745804456e+00,2.822338826862217331e+01,-1.223129961857335424e+01,2.733563918780637891e+01,-1.834244209493127542e+01,2.590171572315811233e+01,-9.640406773868027912e+00,1.525344212445064329e+01,-1.684674675710786573e+01,1.354089580120290348e+00,3.575631074409725940e+00
1.309447756738062729e+01,-1.569667412541760498e+01,-3.691795769347893330e+00,2.044055355811653030e+01,-1.532856114372217071e+01,3.491381061037007782e+01,-1.267621669202512003e+01,2.317875793393201889e+01,-1.841929689906990220e+01,8.905614337517530288e+00,-1.382127097478635847e+01,1.022457105710952341e+01,1.057479575549053941e+01
1.304590939375018444e+01,-1.340813843235009806e+01,-6.582905720394887972e+00,2.096828426051663286e+01,-2.384011298126683442e+01,3.124641356639128276e+01,-2.782394417154177901e+01,2.872696966893336779e+01,-2.796791612236345159e+01,1.528875689568668683e+01,-2.618109092085523315e+01,9.748975413242188637e+00,-1.321333511118769977e+01
1.296088384070002242e+01,-1.291857766090630477e+01,-5.214179066242777161e+00,2.491271861786037078e+01,-1.491908691719080338e+01,2.789034435890179964e+01,-2.433564985578804496e+01,3.069204361162906380e+01,-1.400717874534332452e+01,1.601991949668856563e+01,-1.366304162873543149e+01,4.761448887939361718e+00,-6.222654450364811574e+00
1.277428002136891472e+01,-1.343499157615146977e+01,-5.922920995075076078e+00,2.843229275630043773e+01,-1.234906921159368309e+01,3.711720101014012840e+01,-1.285767759754132733e+01,3.444363995149262792e+01,-1.536869017369546064e+01,1.286486657961408042e+01,-1.394810338296582408e+01,1.153637304049993872e+01,-9.422531773580734571e-01
1.291814604872453209e+01,-1.304481994494979880e+01,-4.861279842509003579e+00,2.707411924199152509e+01,-1.498719326005757502e+01,3.327779300512373339e+01,-2.085663225969148726e+01,2.840553788944183111e+01,-1.948376194334260703e+01,1.423862505239514320e+01,-1.630357986458382058e+01,8.000807281372614987e-01,-1.082480206380261478e+01
1.294664948322560427e+01,-1.280475397376416247e+01,-1.035824632163259018e+01,3.073080868930840737e+01,-1.383111564633663626e+01,3.984903823217806007e+01,-1.939553537555714868e+01,3.818332745766288383e+01,-9.630824098952192713e+00,2.750235608909947871e+01,-1.055249792277635379e+01,8.240086243324478588e+00,-1.830638064912407614e+01
1.320394947057230617e+01,-1.136973302732745594e+01,-5.773778657426547944e+00,3.111354092790414327e+01,-2.065895073949247163e+01,3.917338965954427721e+01,-1.820439203257877736e+01,3.699895598121204188e+01,-2.259531797010042098e+01,1.812356115536661250e+01,-1.052881678752640582e+01,1.010584455742281307e+01,3.091199315759463495e+00
1.324257339870880834e+01,-1.515115190939412670e+01,-1.051957176596986843e+00,2.682377787268945468e+01,-1.703196732958904747e+01,2.513610685578006354e+01,-1.089712755626188390e+01,2.992886184846505060e+01,-1.137505297097216506e+01,1.902670387757695991e+01,-8.061105028183032317e+00,1.976224348654426199e+00,-8.380258959652765682e+00
1.308099983301435287e+01,-1.148471300227682868e+01,-6.330010190810794413e+00,2.699623678617655642e+01,-1.550012162456567921e+01,2.648618752567072931e+01,-2.189846858948311592e+01,2.144860395816123955e+01,-1.802698983062045457e+01,1.195026673114199411e+01,-9.817466586320504618e+00,9.088181367815453271e+00,-2.130080123906452072e-01
1.320915129660725107e+01,-1.352510204329512256e+01,-8.479228195602258822e+00,2.957729055539212837e+01,-1.215824275799170273e+01,3.252659230042203831e+01,-2.247368379516704096e+01,3.085731078979932818e+01,-1.452517950891553689e+01,1.371588782586943367e+01,-2.034959168112708383e+01,7.798381754587730086e+00,-8.503747453082253216e+00
1.309891459818747883e+01,-1.164353878230229000e+01,-9.603126470356672328e+00,2.942183468119509726e+01,-1.957309677879818466e+01,3.245757249783265763e+01,-2.707527670544484266e+01,2.510030217980642320e+01,-2.905481268473727496e+01,1.300797192000686842e+01,-1.957255804688099232e+01,1.000996653254819346e+00,-1.262954831086356933e+01
1.284387607859450853e+01,-1.243160318916611118e+01,-1.144928420837344341e+01,2.291087975047855352e+01,-2.032331834479042598e+01,3.506050436087581090e+01,-2.314944175570067486e+01,2.495098050942955226e+01,-2.620105458750764171e+01,1.874925207077398781e+01,-1.623429630657375355e+01,2.391527853974681150e+00,-1.784041459416273412e+01
1.295247504050585441e+01,-1.389903768811780793e+01,-1.370918172631392373e+01,2.269221122363513388e+01,-2.594104988794261502e+01,3.383235215351808023e+01,-2.902885933886778247e+01,1.575841179713787987e+01,-2.908511105449217382e+01,1.523911135865910360e+01,-2.009709440161764249e+01,2.887600104126787137e+00,-1.124183852899306046e+01
1.298416005776573812e+01,-1.329936654792301454e+01,-1.605968777587873575e+01,2.493113463484569081e+01,-2.515766124972493145e+01,3.376907108784878631e+01,-2.702476888354823004e+01,2.862748420193735299e+01,-1.902415538406673434e+01,2.546603116109593046e+01,-3.469773608053686065e+00,1.625980126849356111e+01,2.193408151739223655e+00
1.299112996757225602e+01,-1.448357928512132986e+01,-6.750887340911807755e+00,1.775901672632815220e+01,-1.168912732769219964e+01,3.165951108588419771e+01,-1.949048814808010732e+01,2.335120495595153045e+01,-1.862666126578524484e+01,9.090565189735258400e+00,-1.180899358927897502e+01,5.302597855994061860e+00,-1.808127272729566304e+00
1.293397948935111152e+01,-1.276988284936936857e+01,-7.748901283602023682e+00,2.182499012068883459e+01,-2.032055008358721082e+01,3.051898687913909924e+01,-2.686235332504054796e+01,2.659698908092899927e+01,-1.899263710169696395e+01,2.473160389491392408e+01,-1.393892690926917410e+01,1.587876021053036268e+01,4.202944004849132331e-01
1.295841779602814903e+01,-1.349473172625228479e+01,-4.150208448245463977e+00,3.030310008214709327e+01,-1.185890314264698908e+01,2.888693523187055590e+01,-2.047039057437945075e+01,2.589919813960058903e+01,-1.266482867857434869e+01,1.583427523632556522e+01,-2.182853957497848185e+01,6.759511875129721403e+00,-1.650944513467749619e+00
1.320974745172401121e+01,-1.099504359322086700e+01,-1.065410371404950496e+01,2.685043265848076999e+01,-1.537031582882760539e+01,3.817954719327204316e+01,-2.744300749592434840e+01,1.851077162260945386e+01,-2.884678513312912784e+01,2.257319184668115852e+01,-9.798332613874100261e+00,2.374854397690698704e+01,1.365607717954722133e+00
1.329069593880756095e+01,-7.339874087082725929e+00,8.988593572445301438e-01,2.586976100725032524e+01,-1.170532180595282945e+01,3.572520523252856606e+01,-1.537179095366336590e+01,1.498163485667543249e+01,-2.337766195338371844e+01,1.645592914002978446e+01,-8.522862616402901992e+00,1.290942975492203004e+01,-5.389294473300084043e+00
1.325919572350313835e+01,-6.574051390487823276e+00,1.231233517474674688e+00,2.493657390242757899e+01,-1.349663220170925193e+01,3.107285014582377158e+01,-1.350408484148799104e+01,2.588018419681986870e+01,-1.709882366635561368e+01,1.604164275818906304e+01,-6.646702431613899620e+00,3.358934676139249120e+00,-2.464084963039027798e+00
1.327383877123988754e+01,-1.275498526023907964e+01,3.816485235743852927e-02,2.479476862374887958e+01,-8.798471846958795695e+00,3.304432816186629651e+01,-1.249691204183784343e+01,3.473166869564536086e+01,-5.400151529342037904e+00,1.380204242134473169e+01,-8.894182537468335426e+00,5.347936360950329870e+00,6.445816586348328443e-03
1.304326480968453872e+01,-1.375028015395764847e+01,-4.394197410394924397e+00,2.412338406913884015e+01,-1.239394256380501069e+01,3.579213706028367881e+01,-2.128420312791108415e+01,2.698704300836443437e+01,-1.550594218960485549e+01,1.846708309560333205e+01,-1.790902511979944833e+01,1.772472498694444454e+01,1.015330739211494325e-02
1.301921196439275796e+01,-1.444227907246798992e+01,-5.585335116513009623e+00,2.293034093861768241e+01,-9.557092895011768618e+00,3.252744913725234710e+01,-1.409375769083051644e+01,2.805187230178135138e+01,-1.518708202894098669e+01,1.829148513890944727e+01,-1.220058433030375866e+01,1.249514356432206519e+01,2.836710533284990010e+00
1.299033630200296052e+01,-1.611463064074247953e+01,-9.311406520927342001e+00,2.163909290851693612e+01,-1.610865326174144840e+01,3.234644668743761287e+01,-1.566500950053721475e+01,2.288733747661873252e+01,-1.754485380007117712e+01,1.890367387159661305e+01,-1.835456267144974163e+01,2.904246369506152003e+00,-2.806390865714385452e+00
1.312334982561130658e+01,-1.989077815847513264e+01,-6.431405980113653165e+00,1.518406665259848509e+01,-1.922101138025054112e+01,1.566065873869465541e+01,-2.339581392851490094e+01,1.191264218040310041e+01,-2.374281919613541803e+01,5.696205942352542628e+00,-2.675846348914459227e+01,-6.175798011795171405e+00,-1.740207094714020286e+01
1.324314345621596978e+01,-1.607466804453337161e+01,-1.115998120614704803e+01,1.861253975882387479e+01,-1.983283728312806460e+01,2.837062019185001915e+01,-3.309918941988183860e+01,1.800070575878167745e+01,-3.216553903041811679e+01,1.143361674112049542e+01,-1.768223181043267545e+01,4.780999514719241006e+00,-1.803570321087008566e+01
1.323598198913354373e+01,-1.664343522175717993e+01,-9.354481468172073377e+00,1.388322145353955150e+01,-1.439736820299093978e+01,2.516398654276264324e+01,-2.085687485721878787e+01,1.812566178577903031e+01,-1.854658150726648103e+01,1.077191449822483982e+01,-6.039829957399216021e+00,8.870418398701110263e+00,-7.750836328181290646e+00
1.326960098900316609e+01,-1.185648821309006884e+01,-1.163290896106060579e+01,7.742821761534258052e+00,-2.281131626548793889e+01,1.357316649444030787e+01,-2.342057171630984413e+01,1.256346136668807567e+01,-2.163503574880217428e+01,6.538290450685364519e+00,-9.783989601390825186e+00,1.720636522236680577e+01,-4.188426247369534394e+00
1.543401871532690350e+01,1.129119947762937226e+00,-2.895427841453253848e+01,2.472908624381034759e+00,-4.209208688399862552e+01,2.620165820921017286e+01,-3.496454260190314045e+01,1.298871999733434279e+01,-3.114435000917452356e+01,1.283475271229659320e+01,9.520377606994799180e+00,3.909835958091127850e+01,-3.256958311124666050e+00
1.570754831996316625e+01,6.362573072153972831e+00,-2.218025113513693469e+01,1.498477710074396363e+01,-4.116003844500772857e+01,4.105490523155238236e+01,-4.310933884123137716e+01,1.543154988906673530e+01,-4.363340573170694370e+01,9.583487649331623004e+00,4.290027609563250799e+00,2.455260401441070428e+01,-1.455708327925431078e+01
1.786988021324645004e+01,1.848713779343624708e+01,-7.561038593634313187e+00,9.006182351980470679e-01,-1.722137676205442958e+01,1.535015350347127772e+01,-2.814179027881899842e+01,9.313830650854489690e+00,-1.540765087698061109e+01,-2.521900009720053148e+01,-1.851410522176512430e+01,7.795058321607216456e+00,9.016858789571809751e+00
1.886121896234763540e+01,2.489097204707302780e+01,-8.908195267764515535e+00,1.598377375564631775e+00,-1.360154997541492072e+01,9.376088360627132801e+00,-3.539247438623660713e+01,1.284141060882855534e+01,-2.059722872396324433e+01,-3.136046257685330829e+01,-1.722022960284075310e+01,1.296133529842590448e+01,1.422641190557828850e+01
1.881762373547137557e+01,2.863058381695969246e+01,-1.293317669706811834e+01,7.202089971115462674e+00,-1.828508219274278801e+01,8.014814202232205531e+00,-4.836200860789350031e+01,2.922564705729611134e+01,-3.608997893555761749e+01,-3.293314370763830823e+01,-2.275361673840184551e+01,1.162130198040843077e+01,1.008927440919680230e+01
1.844233483549158592e+01,2.729725568146520231e+01,-1.016765840323188641e+01,1.598539463767704660e+01,-2.105049731514577616e+01,1.238399727824797303e+01,-4.204236661902702821e+01,3.158696471164771324e+01,-3.577012163083335849e+01,-2.792376873711865670e+01,-2.330231850043709940e+01,1.260611691293520309e+01,1.098324610254242906e+01
1.794474882758675705e+01,2.147751495825643886e+01,6.095106891883341760e-01,1.533794117783634725e+01,-1.740088821892267035e+01,6.740359852465753754e+00,-2.418352530519873866e+01,2.304196817282084453e+01,-2.221130035621406762e+01,-3.101928690123829568e+01,-1.904072269392152705e+01,5.974779489385872999e+00,5.108235238139828382e+00
1.750250771568211761e+01,2.039468341101887106e+01,-3.521806108445988404e-01,2.502373639809222539e+01,-1.989407299656103589e+01,1.536861582246817015e+01,-2.251387047008359943e+01,2.355277234266825914e+01,-2.434815666441181392e+01,-1.345381222675423949e+01,-1.928848040907369921e+01,6.861011883175339499e+00,7.408194395660792964e+00
1.725376112025746167e+01,1.024741929423569431e+01,9.720480537329246218e+00,2.901115247221415316e+01,-1.529365832860998076e+01,5.154481380734132756e+00,-1.246296465394915742e+01,2.276609395905852296e+01,-2.363062584949441103e+01,-5.329967853547334933e+00,-2.334949987527939541e+01,6.772954091963704570e+00,9.422768622442665887e+00
1.718065388409151240e+01,6.760468528508213337e-01,5.073723134162727355e+00,4.257216937289261693e+01,-1.970871783575423564e+01,1.495454575699740474e+01,-7.408619698626702998e+00,2.456411700897285755e+01,-2.727427641372430145e+01,3.933991736242063553e+00,-1.886096123252890777e+01,8.085164980265615142e+00,5.133692129563783624e+00
1.772296166128695916e+01,-8.624148194616058305e+00,3.980327091989865895e+00,4.215588486219216691e+01,-2.864267614980505172e+01,1.363135174169267039e+01,-9.964471582893198454e-01,2.028472622225313771e+01,-2.808955860824393724e+01,5.309756734821668545e+00,-3.965613330649809587e+00,1.681065700395585694e+01,9.066854539263296431e+00
1.819498657730366631e+01,-1.237888178166856790e+01,1.315789860361220143e+00,4.455938309241980022e+01,-2.920786546282926466e+01,7.756500406216377819e+00,-1.198461412592161768e+00,1.649035259396942976e+01,-3.318912808778449630e+01,-8.386329580262062322e+00,-6.411210403233795319e+00,6.243228277018269878e+00,6.850728544686845112e+00
1.802984329406458741e+01,-6.287244034708492357e+00,-4.116493217529614057e+00,4.540351038314186383e+01,-3.401180545184377024e+01,2.666259944078055710e+01,1.055060943563738141e+00,1.813104679776509798e+01,-6.144367898451354648e+01,-1.173228475485547229e+01,-1.434106473827758954e+01,-5.438818947132101123e+00,-2.703321862387443986e+00
1.757773406530171911e+01,7.029220324929904784e+00,9.521323779633087625e+00,3.238536475475076060e+01,-3.774323611118057897e+01,1.344905655086302865e+01,-1.063013276388071127e+01,3.004965250397691889e+01,-3.499622113859678052e+01,-1.340914805231314588e+01,-2.039293891922123336e+01,5.153683444250797052e+00,6.587052683932276054e+00
1.811346621710350391e+01,1.470604587751875769e+01,1.096985006439344268e+01,1.385061093546938338e+01,-3.327787119003021843e+01,7.140355460046482250e+00,-7.526932975293096462e+00,2.923391674073497271e+01,-2.339186509514185985e+01,-8.029276356769997847e+00,-1.992974647074581540e+01,1.285521326752584237e+00,7.929214038924396135e+00
1.807337308855917968e+01,1.875959241476810746e+01,9.706924707912463646e+00,5.666073858550308096e+00,-2.751687825295696754e+01,7.623465074942913589e+00,-1.075115187118849214e+01,2.313485470563770363e+01,-1.384192449106556921e+01,-7.404319218528232938e+00,-1.986823090617865617e+01,7.518208392922423045e-01,7.735646667312302327e+00
1.823389568180822806e+01,2.763881271900601888e+01,-1.670104323491611531e+00,1.391512504262466265e+01,-3.937620872251939375e+01,1.930683519925918645e+01,-3.194118633946420260e+01,3.697116982812706709e+01,-2.090537988102190425e+01,6.148064386861590513e+00,-2.787927076146022642e+01,1.706120508218502607e+01,7.092713440248551215e+00
1.819227180311078840e+01,2.763169753407474261e+01,-9.551582572132351956e+00,1.603116926590798030e+01,-3.528751163501085841e+01,2.027712920789526763e+01,-4.000388502881472164e+01,4.229465347467370151e+01,-2.147809455320799543e+01,-6.831728532046293267e+00,-2.791999689119917960e+01,2.246994724922864961e+01,3.850259181274349629e+00
1.832058733549650142e+01,2.277310634257348099e+01,-2.731965009568216196e+00,2.970059878575217915e+00,-1.631042243495448929e+01,-3.500436301111893855e-01,-2.348295342968119215e+01,2.628701702109396976e+01,-8.951134664708950694e+00,-2.536374318262170746e+01,-1.868085521348793776e+01,1.995540153529102056e+01,6.179457886014725787e+00
1.802698849521885549e+01,2.228575478621441874e+01,-2.699500086899585316e+00,7.616311754567045789e+00,-4.912032580598000742e+00,-1.000870637546946051e+00,-2.305509690170573833e+01,2.497027853558669719e+01,-1.780987240428199669e+01,-2.181482892895954606e+01,-2.120345214687457869e+01,1.448595373088485871e+01,-8.383346008866519039e-01
1.770404629167314070e+01,1.987034116879065948e+01,3.403570136139255187e+00,9.514715606159468209e+00,2.470137080138179453e+00,6.806561139536705163e+00,-1.767247568816750913e+01,1.501672181069073631e+01,-1.711992380858557183e+01,-1.214872994585826582e+01,-1.612568991793348516e+01,-1.667097327817090413e+00,-1.138269812819505411e+01
1.767977806038554078e+01,2.505678423604769733e+01,3.609267223197760277e+00,1.611096318277510875e+01,-1.210349628403030664e+01,1.676987520281963029e+01,-3.123404090158645019e+01,3.034874900475923454e+01,-3.231591786666582777e+01,-1.897844608026239754e+01,-3.661852103977196293e+01,1.049623975393792819e+01,4.594875689762124793e+00
1.790777458899926344e+01,2.344381473374948754e+01,8.586108885475404406e+00,8.124833971971378688e+00,-1.492732574842432669e+01,6.128919367873433721e+00,-1.525914869214120628e+01,1.056646977266279031e+01,-3.132564369637040969e+01,-2.805316541673816033e+01,-2.443410046061754315e+01,1.423550145794242106e+01,2.092194084881621663e+01
1.776909856544633470e+01,2.846102814277394444e+01,4.684330983840414575e+00,1.021759470211657472e+01,-2.801342496176890506e+01,1.566052982987507036e+01,-2.381540955313467833e+01,1.955086183363418684e+01,-3.593440949656139338e+01,-1.801087130688204851e+01,-1.740726492275522830e+01,2.363034275422258901e+01,1.060207935021820091e+01
1.772199812828396404e+01,2.356255584981996165e+01,1.039206254298626320e+01,1.645617463319395402e+00,-1.718608917623587828e+01,1.030002892912716916e+01,-1.525482997533828566e+01,6.914252467287536952e+00,-2.700406773127899029e+01,-1.949315281560929236e+01,-8.144753073990196768e+00,2.080055836975490280e+01,9.322477386079558670e+00
1.771914042415026103e+01,2.187065471042895481e+01,1.150685031785767265e+01,4.507919372761068466e+00,-1.169060285441395308e+01,1.953055949604759434e+01,-1.376643687024670193e+01,-6.988326417569882265e-01,-3.816326638121127957e+01,-2.172764542746169880e+01,5.262192456328678603e+00,2.272705275596838348e+01,6.245960133968563532e+00
1.744504910646485385e+01,1.795879995353629610e+01,5.633437870513406054e+00,2.794089636419217815e+00,-5.982327458934359576e+00,1.796713941819894345e+01,-6.973522754775035359e+00,6.560459332934032162e-01,-2.457106142636808244e+01,-2.319926443261463689e+01,5.454039123639391473e-01,1.566730920864972987e+01,1.205562178200053225e+01
1.729043849952114442e+01,1.807454326726951521e+01,4.574626253964608757e+00,6.121098976217812293e+00,-8.544881275135114862e+00,1.946256072581638463e+01,-1.441179767425311375e+01,5.077770592509689429e+00,-1.906828271221672821e+01,-1.718806883631772919e+01,-5.107254443996399829e+00,1.583471492197172026e+01,8.229449243159379535e+00
1.701915333678555342e+01,1.325263262881243520e+01,1.413495749613183605e+01,1.025674133934546362e+01,-1.379766369732366194e+01,1.869143012155879546e+01,-3.995794172822804136e+00,1.155920508975054339e+01,-2.275350933500486050e+01,-1.779670109848477111e+01,-3.415169302070772073e+00,1.581296422707163885e+01,2.971583420341720405e+00
1.694166449036418243e+01,4.321738537985867268e+00,8.667410241866432941e+00,3.238914122457014599e+01,-1.633936879089557692e+01,2.356412340935328231e+01,-1.303810153817828166e+01,2.374733570374522529e+01,-2.938335878819929547e+01,-7.879532623575466133e+00,-1.905687739083510746e+00,1.042169764918510388e+01,-3.041608099087236727e+00
1.784844691254110671e+01,-7.372159678415104445e+00,2.981821600705522268e+00,4.522463681818356207e+01,-2.413116682363968479e+01,2.352415223084542006e+01,-1.151178597095574041e+01,2.344902047682504787e+01,-2.504197554998673070e+01,-9.680147615960437157e-01,-1.719847142366636716e-01,1.340221049618946836e+01,-3.711699764694855297e+00
1.892054342751922746e+01,-1.773156469916197153e+01,1.334170729678816780e+00,4.951352214958382802e+01,-2.742222138358890504e+01,2.967274463862134226e+01,-7.557804894959800457e+00,3.236736563442200065e+01,-3.084620169821017299e+01,2.117808092165904821e+00,-2.377121877051993626e-01,4.594550014624363854e+00,-7.911062116592174398e+00
1.939112391901644017e+01,-2.519309289636359139e+01,5.064967506225666938e+00,4.714011797778973545e+01,-2.076238766146427395e+01,1.249659749167150302e+01,-8.686600480176299044e+00,2.114640665799169739e+01,-1.753530681461559837e+01,3.845615675086648255e-01,-1.012234909750504741e+01,-5.678916310173345749e+00,-6.837775598597541915e+00
1.964067888050249877e+01,-2.378887615060290628e+01,-4.789211148296879550e+00,5.011867929818247092e+01,-3.442034241954491591e+01,2.955277160015516102e+01,-2.204999420374325325e+01,2.004580700470076948e+01,-3.504678383872379044e+01,5.770524067874173824e+00,-2.071136559818394574e+01,4.885688462742221461e+00,-1.069794326466608858e+01
1.973153820676469650e+01,-2.672360505273661602e+01,-2.729827937106639180e+00,5.493280768216087040e+01,-2.696402006214056257e+01,3.980991842516463208e+01,-1.911758050960761324e+01,1.320097713046359900e+01,-3.210937542006688972e+01,1.143093708658343743e+01,-8.649737192294844945e+00,4.693677554025518006e+00,-6.272532836150427116e+00
1.932980595663026691e+01,-2.540298905794439577e+01,-1.440890093096876434e+00,4.421459730008660216e+01,-3.164422559337497276e+01,3.406232904289857544e+01,-1.164461499777910802e+01,1.210764838514041841e+01,-2.961907797315089041e+01,1.145419872711434017e+01,-2.188745016139947153e-01,1.277206423526470624e+00,-6.920577723185675545e+00
1.840159591663998029e+01,-2.455787131861475814e+01,-2.367971967812422029e+00,3.489702171111947848e+01,-2.113303783826489379e+01,3.479694851337205108e+01,5.632140607692537770e+00,7.146007805860151940e+00,-2.529445386266240092e+01,-1.313454724374548910e+00,1.011905172536554431e+00,8.963585459846963310e-01,-1.679554021010372100e+00
1.738995036083836965e+01,-1.764176271084724945e+01,-5.042245120433150873e+00,3.024682852049642179e+01,-1.980137514541219801e+01,3.815139736193838615e+01,-5.632054598798688083e+00,1.154896396827855121e+01,-1.960290504645593401e+01,9.466277249700883800e+00,-2.214882424553790585e+00,9.294095673824475767e+00,6.202932488347486562e+00
1.656872348764325409e+01,-4.427506447208767959e+00,8.235217512241661098e+00,3.039099242144454038e+01,-2.345062948400761016e+01,3.006924786863259058e+01,-4.115413772679588078e+00,1.584057204710811106e+01,-2.409544306078663212e+01,-1.703717830145594858e+00,-1.038362067676473721e+01,-2.248269418424030608e+00,-6.072204322317016789e+00
1.780439534477871177e+01,1.111286835504469117e+01,1.501218055956026909e+01,3.010984758043296594e+01,-1.634922347919830088e+01,2.165716698200630574e+01,-3.807358842645675168e+01,-1.145224504650725628e+01,-2.623699143324547123e+01,-3.021553622428867936e+00,-1.717637833032693351e+01,1.768144708735205128e+01,1.535015006297113871e+01
1.785165072711489032e+01,1.646439013129895912e+01,7.511296434459335813e+00,1.300969496122985269e+01,-9.891120224014866125e+00,2.579723133037868266e+01,-2.830130478197883193e+01,-9.596833698814112523e+00,-2.388245083797324497e+01,-1.576104001441335445e+00,6.594216243978991088e+00,1.934071307494054182e+01,7.287099944468209856e+00
1.789157610033366197e+01,2.604145113762139729e+01,-3.509103976290674165e+00,3.298576318331427615e+01,-2.424501021377721699e+01,4.335046658788175478e+01,-4.348862105182193716e+01,9.710103003908818309e+00,-3.802684313406917482e+01,1.163671344348287562e+01,2.670615904696380660e+00,3.105821490287111430e+01,3.753069798855764638e+00
1.785293436845065074e+01,1.822794406791915023e+01,9.494645284207091862e+00,1.904275093393765772e+01,-8.154135992465333160e+00,1.279161250412485806e+01,-2.229688992361977640e+01,7.582339024230299707e+00,-1.480462412673893802e+01,-1.175177774210423465e+01,-3.622456774161957771e+00,1.405520512879651562e+01,1.167549858761509363e+01
1.776496186239524278e+01,2.049216849572880150e+01,6.839480209595304672e+00,1.342618705420979097e+01,-5.029116064674776787e+00,2.521486187627522213e+01,-2.697478253497174450e+01,5.179823806558041532e-01,-2.819392108163548016e+01,3.892398547004917386e+00,3.867089175924346645e+00,1.016794550843855660e+01,2.850582714392107420e+00
1.774501163425274797e+01,2.602453006850445405e+01,6.900010995968587357e-01,2.250041018977044871e+01,-1.042273836765819439e+01,3.433886874588917948e+01,-4.198587152124385113e+01,8.747278979257167464e+00,-3.292940392458204002e+01,1.490092468433724981e+01,-1.076903119364716277e+00,6.249201791956819463e+00,-6.566279878349250865e+00
1.768648368181446529e+01,3.095083940910592446e+01,-7.526676690955557802e+00,3.007427915337255797e+01,-1.179732681654676085e+01,4.305332576138209077e+01,-4.048704495434752459e+01,3.805468023882656592e+00,-3.162901773822652984e+01,1.798828743406031450e+01,2.146032882785707807e-01,-2.994586607089837482e+00,-6.539529305683222660e+00
1.753614926815818720e+01,3.070408239038145837e+01,-1.331405441680706625e+00,2.442977508728285230e+01,-1.795540425222945657e+00,2.723075762635719599e+01,-1.817945737504029680e+01,-1.855420172030851944e+01,-5.896879198989467774e+00,-9.772685019744494994e+00,1.047136617192379582e+01,-7.040123617110009668e+00,-8.574661924435728055e-01
1.747361718199286074e+01,2.763376796334446794e+01,6.066762336469701644e+00,2.711435661299173816e+01,-5.264636314456090815e+00,3.151163637751654534e+01,-1.475554537107046471e+01,-1.477915855028183856e+01,-2.690453117857688259e+00,-1.212362829781043949e+01,2.826060238129820407e-02,-1.493043595019139680e+01,-3.919669803453567525e+00
1.744636453419716915e+01,2.173646389192068185e+01,1.904613014054225673e+01,2.487517161851087977e+01,7.524113764746914734e-01,2.046114117577812763e+01,-2.133607381302561379e+01,-1.135854129188345718e+00,-1.194321283784257304e+01,-3.704894098138496461e-01,-9.152658376295606857e+00,-1.084615790661154300e+01,-3.065568056712645983e+00
1.734888520317498362e+01,2.196694618661747356e+01,1.973718457597295739e+01,3.449956313911431494e+01,-5.978194062223742833e+00,3.357228095402387424e+01,-2.972014121748252080e+01,1.055205939893591172e+01,-3.945643384093585837e+01,1.325163414525462535e+01,-1.494073136875833718e+01,1.102155336438993105e+00,-1.208152982120904362e+01
1.738935659397066757e+01,2.153070694409628061e+01,2.279632643844136553e+01,4.132762654166202765e+01,-4.964766131609702704e+00,2.989860876860548089e+01,-3.089544732291530238e+01,6.209600692682896828e+00,-3.618985534738762766e+01,1.376931135010072182e+01,-7.316088058156918095e+00,-2.082892228275792679e+00,-1.153483126160143257e+01
1.740667065384221956e+01,2.407531732516015666e+01,2.053147445794883552e+01,3.674263785050079179e+01,-2.422079292037160769e+00,1.971635585575640448e+01,-1.629566683174267183e+01,-1.191612062269985373e+01,-2.229359627317831283e+01,7.987598260092180213e-01,-6.676834361786042615e-01,-1.266822492091520047e+01,-9.503832514855272251e+00
1.747728819931511524e+01,2.598547223769669401e+01,1.093746294543291597e+01,3.015567587077386591e+01,1.119082712030198223e+01,1.929014529738505246e+01,-2.159810853407946496e+01,-1.719206869818686911e+01,-1.426370731346303877e+01,1.621343011116766819e+00,-1.892799330915623912e+01,-5.554933637877489616e+00,-1.195865305707050119e+01
1.757541198594165976e+01,2.052158793393908098e+01,6.249973175480343812e+00,2.106210246606540792e+01,2.380969920616420055e+01,9.024105414335090725e-01,-2.869735903598611415e+01,-6.698699303081271594e+00,-1.668643597300662806e+00,-5.482186357087821982e+00,-2.686691520911473674e+01,-6.871947743789089458e+00,-2.074429806684872091e-01
1.782763022529112007e+01,2.501505211652468574e+01,5.033350493040675389e+00,1.230671162708902244e+01,1.466155042954724053e+01,1.614234893297984286e+01,-5.078479701344699748e+01,2.252587639952102982e+00,-1.207803133241377003e+00,-9.809615898672729983e+00,-4.017506122485784914e+01,-1.862476484353603245e+00,2.709786940154880197e-01
1.808233728287254749e+01,1.847170827034025464e+01,1.170805927092073517e+01,2.059599907995424672e+01,1.925350772415489331e+01,8.039316434553020585e+00,-4.821776685423260744e+01,-6.926149119603046689e-01,3.737854462450953541e+00,-1.181542422692860761e+01,-4.186250621395720373e+01,-1.556493368854407677e+01,5.529757701066836395e-01
1.814426311906958844e+01,1.759536460941560065e+01,1.047565447541159322e+01,3.320838129576601716e+01,2.861808696755161563e+01,2.214339162239668468e+01,-6.384115376580085410e+01,-2.168795754030220735e+00,-6.069479126731033958e+00,-1.547309741926466131e+01,-3.783456644386677681e+01,-5.613558077705682159e+00,-7.615499441666476521e+00
1.817962025643008417e+01,1.585549904021861067e+01,7.738358423635333772e+00,3.790705342011781909e+01,2.481425094978929025e+01,1.984449280079325817e+01,-5.748731781370493366e+01,-1.093463478067664862e+00,-1.193362437472090143e+01,-1.785101776224315984e+01,-4.834711732261985873e+01,-1.181958092822489803e+01,-1.238445267427533913e+00
1.817932359541489618e+01,1.767226116585759144e+01,7.623875274069478181e+00,4.124643848539339785e+01,1.642042482402257164e+01,2.945147833182884511e+01,-7.479533310345136954e+01,-2.503698667282836965e+00,-2.413846997674551886e+01,2.811299423862794633e+00,-4.950649385087704246e+01,-6.110988278210093050e+00,-1.911166187120181092e+01
1.806539250747989911e+01,1.340376714554435544e+01,1.618040663219839459e+01,3.748229680564610078e+01,2.824021024405867308e+01,2.012978925497804639e+01,-5.875056244211057077e+01,-1.283649976324178965e+01,-1.475890635668220696e+01,-8.953694239495700202e+00,-3.497652222933372457e+01,-8.581355054521884185e+00,-1.534086015869372410e+01
1.800244936611765212e+01,2.014782335201524077e+01,7.408988767465599423e+00,3.964683428315246516e+01,1.114187277296414003e+01,3.362052463203039565e+01,-4.472002063458404564e+01,-4.186840314092596493e+00,-1.372293128190831979e+01,-9.532243107384777758e+00,-3.500333755574336436e+01,-2.066843491544614508e+01,-2.008822641775592288e+01
1.789344175822300897e+01,1.786165093392967407e+01,1.152799103249016710e+01,2.975094129452198999e+01,8.575271240721098920e+00,2.680040753637962325e+01,-2.583130379104401797e+01,4.661875189159197852e+00,-1.619592521927084761e+01,-9.108180705638941888e+00,-3.199138275456759928e+01,-1.252145483061953257e+01,-9.540202754211522418e+00
1.776197668477726310e+01,1.675785461722436764e+01,1.491228153918162391e+01,3.939878245188370443e+01,6.470424586219923890e-01,3.782771609851270966e+01,-3.221965543767716866e+01,2.231197136909269929e+01,-2.413168446913765308e+01,-6.569736836560363891e+00,-4.257008806726945238e+01,-3.460575822840077809e+00,-1.007570281922441069e+01
1.761430471352281302e+01,1.418395342883900767e+01,1.647968027253569900e+01,2.998312084091610075e+01,1.024910690857489870e+00,2.793393064944066495e+01,-2.559304931737387179e+01,1.082648583406823306e+01,-2.270053612806088594e+01,-5.699110177190889637e+00,-2.672992123225359506e+01,-1.401192298517227108e+01,-1.371174244449135138e+01
1.732042214320780360e+01,1.647471105294846438e+01,5.562026040666329330e+00,4.591581322291710165e+01,-2.580750093752509855e+00,4.238294515936908624e+01,-4.397862627306290051e+01,2.454251156372755815e+01,-4.236475411516774869e+01,-1.202223009851406399e+00,-3.216749722891471919e+01,-1.346049393472658551e+01,-1.070874911760999204e+01
1.660393126552630250e+01,9.024855971850993086e+00,8.841632437073158712e+00,3.644181531942167851e+01,1.316398909880146384e+01,1.760274676268128502e+01,-3.105443802795544173e+01,8.865985634099953216e+00,-3.260545244613433624e+01,5.860769716974159493e+00,-2.205583753720233631e+01,-1.838956297841297882e+01,-2.752638341563425683e+00
1.611574570541950280e+01,1.713861750445014875e+00,-5.427348295331837491e-01,4.413651012088162418e+01,6.037923677876888995e+00,2.411862169801239375e+01,-2.780558375344101307e+01,1.148178802368799900e+01,-4.155089852553376062e+01,-7.094498345177444598e-01,-3.388067505469349072e+01,-1.478395534345806617e+01,-1.206460110888918535e+01
1.645845638522590804e+01,-6.747416363926816096e+00,1.449004734682641793e+00,4.829691029677363190e+01,-1.258531982095508894e+01,1.973800172954794618e+01,-2.692846971533108658e+01,1.126296418706831171e+00,-2.204025863227352744e+01,-3.785302142163217809e+00,-3.798626551083882674e+01,-4.787607204403123706e-01,-8.904763982345864193e+00
1.789095663112060919e+01,-1.539176160105718516e+01,8.696022924900503881e+00,5.797916009579083862e+01,-1.788687094842430625e+01,2.715296597263944278e+01,-1.891250860715984317e+01,-5.010659702316270225e-01,-1.214025498097585931e+01,-7.599159674354170946e+00,-3.375208440396512799e+01,3.882986487430374112e+00,-8.459146114855062848e+00
1.851933663437470656e+01,-2.111245463396871358e+01,3.289510229503664007e+00,5.665795086834281591e+01,-1.154149694698821094e+01,4.408941824208697113e+01,-5.786856887262016080e+00,1.081262294484325182e+01,-9.304423834636207147e+00,-9.448054133751858430e+00,-3.300278471559503402e+01,1.826544059363937933e+00,-4.140293127406923013e+00
1.873535404463482479e+01,-2.479628312815236768e+01,-4.488440348712772199e+00,4.765411413584642730e+01,5.989868591320400171e+00,6.005241261666495944e+01,4.015198840747325804e+00,3.347060038927621717e-01,-9.518354222236947493e+00,-2.394378714565753352e+00,-2.003067026486727542e+01,-7.472842897337026891e+00,-1.411106508903916712e+01
1.869609706714697950e+01,-2.125343647303007799e+01,-9.469443035567149280e+00,4.467835989982532396e+01,8.672707198012578056e-01,5.470995702781475245e+01,-5.002850942904721876e+00,-1.830333282853006338e+00,-1.260000492677205486e+01,9.478543512060213061e+00,-3.047831070981089852e+00,1.523240451527830164e+00,-8.544865909914287627e+00
1.851004948069004996e+01,-1.910179624947943111e+01,-1.387613495920188456e+01,4.529501712953619119e+01,-5.869095160216869722e+00,5.497826236726518090e+01,-8.180704792317422758e+00,6.892951715888010256e+00,-2.385420978133258174e+01,1.636478080472243946e+01,2.496064781757403761e+00,4.446473391388359175e-01,-1.114735661423417845e+01
1.818211963275031096e+01,-1.733138394095189483e+01,-1.580032625849879757e+01,4.409308738957087570e+01,-9.759814340418969891e+00,5.197354647463369304e+01,-1.339096696426267030e+01,5.864669925288897190e+00,-2.915571919331384265e+01,1.238355780616904056e+01,-1.789105092505295591e+00,-6.748977422454448316e+00,-1.072635874302392089e+01
1.713895560239452109e+01,-1.302612581538587655e+01,-1.357130538449107426e+01,4.071395667268976837e+01,-8.699551939124974709e+00,4.700490433514309530e+01,-3.205867882806096958e+01,1.728987985927015858e+00,-2.314334411046933582e+01,1.889182528872466094e+01,-8.880676211930104813e+00,-2.147541159649940301e+00,-5.486057515169711074e+00
1.650216923686013004e+01,-1.109384463334363780e+01,-1.775486063078759713e+01,3.827052535194462735e+01,-1.510663446604612581e+01,4.930101066599487325e+01,-3.523333352963556564e+01,5.003200037095310471e+00,-2.894748006287084507e+01,2.367409138440444138e+01,-1.385922764767680171e+01,8.016047234229507268e+00,3.796742964537200393e+00
1.578163605507433331e+01,-1.633475382203732451e+01,-1.547835515429189890e+01,2.488084270845073576e+01,-1.877694154659036718e-01,4.201754908633455443e+01,-2.123686707190964285e+01,8.169579177263347702e+00,-1.465700538800921215e+01,1.743113513845223750e+01,-6.007180233325191132e+00,-4.089169483074512890e+00,-7.850365518246602115e+00
1.574118141270635540e+01,-2.973436619285419358e+00,-4.936633041709044711e+00,2.753306622987104646e+01,-9.170098988200358292e+00,3.176623370301661353e+01,-5.575394699348590422e+01,-2.421822680420542895e+01,-5.556451490406617921e+01,2.622227906539161157e+00,-2.802199988120244711e+01,-4.846571646072339590e+00,-1.819828667160410873e+01
1.753007920726526692e+01,1.563490574304865355e+01,-6.292855169560079842e-01,3.352930549409740735e+01,-1.181821554238125849e+01,3.708487459344934933e+01,-6.706311592673030475e+01,-1.139254326462169331e+01,-5.247400103485393430e+01,1.088097559715624740e+01,-2.730928441712587684e+01,7.480148589481744992e+00,-1.688996294590276648e+01
1.774542165945982930e+01,1.538672707138263718e+01,8.133384520629128644e+00,1.281145769660274070e+01,-6.128602908775601099e-01,1.008961418034236424e+01,-3.858565172715731251e+01,-1.033985340855525870e+01,-1.052317711767966912e+01,8.611006791569457697e-01,-1.657937902261425478e+01,-8.355596705763812082e+00,-1.704073492395217493e-01
1.793370972440563094e+01,2.074935183742870493e+01,4.496437919498696978e+00,3.569903038932943673e+01,5.312135652185920875e+00,3.880951176033798333e+01,-6.686163431181459771e+01,-1.573271670627143681e+00,-2.799097917149261505e+01,1.227344309201679451e+01,-2.095421169816629714e+01,-8.737170279883777368e+00,-6.720770776307940508e+00
1.796365419844204681e+01,1.532325654359862099e+01,1.543592207677739658e+01,4.050169606717678050e+01,1.377876903054146851e+01,3.152450488432111797e+01,-4.872185633431986673e+01,-1.529930326506049099e+01,-2.915084949896824540e+01,-3.593726653624989886e+00,-5.569283623132662342e+00,-9.693193246044691236e-01,-1.520567217504009028e+00
1.804160139115305839e+01,1.812322382886020833e+01,1.277805809033501916e+01,3.789690966793423854e+01,7.578601275691926098e+00,2.109816114317941782e+01,-4.715481850781456785e+01,-3.761456151768300393e-01,-1.422074038696719711e+01,-8.567564867823335817e+00,-1.999265324663744181e+01,-1.039367156218672683e+01,-1.188477646766699891e+01
1.809144727840479661e+01,1.979639027977486876e+01,9.884495329334638924e+00,4.994691600306592250e+01,8.913815069641595201e+00,2.624105474257208925e+01,-7.366990655693058443e+01,1.252987470681427418e+01,-2.554852830117027906e+01,-3.149762996606239263e+00,-3.005852091768830547e+01,2.074893895601793048e+00,-6.214638356043513667e+00
1.809388553063114813e+01,1.751558749392522429e+01,1.378403817456881875e+01,4.677380856308547408e+01,1.226985022678933746e+01,2.533910887394631573e+01,-6.832364830847708959e+01,5.465720868519640341e+00,-2.746730860319654255e+01,2.152319587213649577e+00,-2.455122790798485966e+01,5.270761286197744866e+00,-6.923818196024901006e+00
1.808637577428138599e+01,1.701817021781632633e+01,1.839913353366394588e+01,1.872815748078035725e+01,2.381108382090120656e+00,1.587776261460239802e+01,-3.319635096047464629e+01,3.913129496047655476e+00,-1.692189487524128211e+01,-4.116698163827184231e+00,-2.189595675334255986e+01,-9.892007558923490151e+00,-5.885499803777613614e+00
1.794457349032638760e+01,2.047949354732455518e+01,1.264697762162341910e+01,1.947278539789131457e+01,-9.016807064655818493e-01,2.524095771892750761e+01,-3.246054662174932304e+01,5.281728632023726888e+00,-1.961628080205917612e+01,-4.851795247456250237e+00,-1.927497200583357539e+01,-8.229991059617209004e+00,-6.119144676195254817e+00
1.792672901123558304e+01,2.044406920350916934e+01,8.153584446850976164e+00,3.724247782009584995e+01,9.898334218213387103e+00,3.609888965560225671e+01,-5.934250314798855186e+01,-1.031205065858885561e+01,-2.988941644352555116e+01,3.551538137020663122e+00,-2.117762158686012253e+00,1.355215949462742486e-01,3.075953487812534526e+00
1.792520042856903473e+01,2.456997796637370968e+01,5.677310071587329254e+00,2.222182649605656479e+01,3.809609340320441628e+00,3.187427085107702851e+01,-4.629303195772275359e+01,-2.152127748968787202e+01,-2.624243165745595263e+01,-4.216728762406307673e+00,6.189071056422625894e+00,-1.861867372959354228e+00,1.147768997204799390e+01
1.780676534801719768e+01,2.920255893109391465e+01,9.496426582051090692e-01,9.514034109232014202e+00,-4.450160439091344955e+00,2.773421969642033602e+01,-3.041972034143760695e+01,-2.373167144753739777e+01,-2.138613834813700620e+01,-1.281177952157386279e+01,2.833879037819090119e+00,2.688678981319842620e+00,1.642998925340996408e+01
1.804704040416179112e+01,3.265269621971062719e+01,-4.693167636984329150e+00,2.531062783069601974e+00,-1.894734941787529792e+01,3.477440477878202074e+01,-2.708027409750373593e+01,-3.833888337501452970e+00,-2.538779692388568776e+01,-1.928802388266809587e+01,-6.015584769120416730e+00,9.702918792329040087e+00,1.762590018163314554e+01
1.821137669272295057e+01,2.506215855218967903e+01,1.343411568418009239e+00,-5.890224968120088889e+00,-1.682405588640775207e+01,1.164983546244976687e+01,-1.753317212028085237e+01,-3.010789336347536427e+00,-1.774341860899639300e+01,-1.791382490356262380e+01,-6.061066691464795042e+00,6.782564588477615786e+00,8.338101443724960760e+00
1.836426467812972163e+01,2.357569826866477314e+01,5.086225353447413333e+00,-1.263773760578701122e+01,-2.144683407118638385e+01,4.904330100059579145e+00,-1.163871305741487205e+01,1.097971281887424411e+01,-1.955597085806672908e+01,-1.292667057602617220e+01,-2.596848026386640473e+00,1.841126266058745742e-01,4.667950223617250316e+00
1.870141220917259872e+01,2.769729273278390025e+01,5.796257892529674827e+00,-1.099437205382607985e+01,-1.718252545760391570e+01,3.184760906247357415e+00,-1.573039897062488102e+01,1.951512641597312125e+01,-6.496855156697120215e+00,-8.245248326512180981e+00,-1.115238945659583791e+01,7.034915031809081398e+00,1.011132560509225975e+01
1.862890680604551719e+01,3.372895518784374502e+01,-1.894565186251677968e-01,-3.043195183355059896e+00,-2.777854357899697391e+01,7.790900588469026999e+00,-2.651447715317935305e+01,3.141524312602479796e+01,-4.831485147304500849e+00,-3.154829988916486805e+00,-2.757405342572101503e+01,1.129636584224479989e+01,8.640825039799302942e+00
1.851880450518388699e+01,3.571691310305548228e+01,-1.584444002893468539e+00,-1.007006447834345009e+00,-3.104663213869620009e+01,1.647986320307528985e+01,-3.522173867945380721e+01,4.319193550554832228e+01,-7.571069290661102791e+00,-4.105467592831865686e-02,-3.603439253228971495e+01,1.218986829761782964e+01,6.342502211937809165e+00
1.859072228175459429e+01,2.801444192438815151e+01,2.453170374738799175e+00,-8.464388871584462848e+00,-1.866539803581167689e+01,3.167935757465010216e+00,-1.731710013292752137e+01,2.526905276017977897e+01,2.003485633463265359e+00,-1.171723258778080634e+01,-2.457516017482912218e+01,-2.112106093192502421e+00,5.057748953198155206e+00
1.829260107844566008e+01,3.090009000391590632e+01,1.000209796204548196e+00,2.955166925143078327e+00,-2.728766747878171017e+01,1.634863897368054708e+01,-2.499523064619667068e+01,4.564572403466001305e+01,3.728937467171411502e+00,-3.686634875246915577e+00,-3.771540330195744417e+01,1.364890544727757060e+01,7.323282637796970640e+00
1.814634897826951487e+01,3.231801617178658859e+01,1.249957066112850290e+00,6.586650617537795682e+00,-3.311111107701771772e+01,1.987618020990148082e+01,-2.071836256140595367e+01,4.717971476345636006e+01,-1.055813774182953146e+01,-1.120276931009234200e+00,-2.949103810132184478e+01,1.015164889899549649e+01,-5.004073335348001583e-01
1.806964050473447259e+01,2.889077333340217990e+01,7.573986617290128898e+00,-6.742590832098513953e-01,-3.234113349099197876e+01,6.089873924162863439e+00,-6.312316589042587189e+00,3.894650332718553187e+01,-4.316424843769117281e+00,-7.775807919409984947e+00,-2.470786669428063931e+01,1.207703378523450688e+01,-4.185415069543958033e+00
1.817006844414271072e+01,3.042978868938207171e+01,8.202792437914444790e+00,-4.259763126595815130e+00,-3.584578225860350642e+01,1.477390655044572654e+01,-1.123915929353405474e+01,3.468245447922906521e+01,-8.379437207871955451e+00,-2.776249818696961746e+00,-2.931727804107591240e+01,7.693085731259644788e+00,2.042078923944598279e-01
1.807903892787356170e+01,3.324320519060840695e+01,5.118359470738298000e+00,-1.821726384554217537e-01,-4.089117620272823928e+01,2.532265542099434086e+01,-2.170051391765555238e+01,4.493339642506825271e+01,-2.356388565496343190e+01,1.046396914972460301e+01,-3.029083021396518660e+01,8.828067597036845626e+00,5.096237190205742396e-01
1.839764236073887460e+01,2.802415898778633974e+01,1.347247796668559161e+01,-1.268996527261510998e+01,-2.283246612389130448e+01,1.085438257983271448e+01,-3.733781006388140256e+00,3.036361781442377961e+01,-1.069661242132558776e+01,3.699811366128152201e+00,-1.833477629068855208e+01,3.650267006949081683e-01,6.136791333714453067e+00
1.855770135358466533e+01,3.338552884997998405e+01,1.031688576761739817e+01,-8.693666019062071815e-01,-3.705353495164210642e+01,1.747396311927471402e+01,-9.242913760085917474e+00,4.690626875636425552e+01,-1.543012381115944187e+01,8.692423939605260941e+00,-3.286269567921225843e+01,3.842837566106980240e+00,8.047472533473834844e+00
1.844511470192110991e+01,2.373642696835338128e+01,9.612652047357945762e+00,-8.948473285959140711e+00,-1.495208571318394597e+01,9.073777676239428658e+00,5.047815270482735706e+00,1.845934219443522650e+01,-4.032445630387646140e+00,-3.384072145985413727e+00,-1.545259079834151272e+01,-3.800722301004960890e+00,4.621114615620866672e+00
1.828511868427596454e+01,2.465241713498695830e+01,1.823130572533606752e+01,-3.266061020978463958e+00,-2.428054520866542276e+01,9.898055596448916305e+00,-2.608996786733690065e+00,1.983430611596268633e+01,-5.184033220737851444e+00,-8.868825127233938233e+00,-2.311256541865884273e+01,-3.279850312037749127e+00,5.824236164076182831e+00
1.799866763789026081e+01,3.125783110308917401e+01,1.018679894619635995e+01,1.141320070783179297e+01,-3.625167118328151616e+01,3.513224055905035925e+01,-2.525905807624884147e+01,4.083062799132744658e+01,-1.340905540665612961e+01,8.889561286226500769e+00,-2.553587867823746649e+01,1.405300246296197741e+01,1.544478356465202484e+00
1.804235579909037668e+01,2.935368281291190229e+01,8.699346543759256534e+00,1.271910828591956033e+01,-3.271700815071766755e+01,3.909569605404318082e+01,-1.520848772806109928e+01,4.349111389611323375e+01,-2.399482654544576121e+01,-5.026758729325091934e+00,-2.655071895249516700e+01,3.048872274785286152e+01,8.466928706878537270e+00
1.792437097264613044e+01,2.168562047119833736e+01,7.740404469607991444e+00,6.347084780517051605e+00,-1.158153171205912457e+01,2.830698686124574692e+01,-1.206687195838852134e+01,1.420208997132902873e+01,-8.488976552722673929e+00,-7.011353414119316341e+00,-4.702136153616121916e+00,1.747598424081392920e+01,5.853181952745387662e+00
1.767691555493720657e+01,2.240223623738171810e+01,7.936531608526794734e+00,1.089697774716459300e+01,-1.947382516092444149e+01,4.021902856229443302e+01,-1.949223967261108115e+01,1.627854679339045774e+01,-1.215395727858413366e+01,-5.853602263258068206e+00,-1.780424902806553078e+01,2.352318935088611340e+01,5.421462108232407928e+00
1.729848816529909072e+01,1.639186619338589068e+01,9.627695103630131257e+00,1.642922805749634207e+01,-1.356157111195377318e+01,3.620380699121398749e+01,-4.607537815243057722e+00,1.524202402648313637e+01,-2.437783217224827581e+01,-9.143338530715091617e-01,-1.195206649422289047e+01,1.614139848372484565e+01,1.620085627797795969e-01
1.658660051047329631e+01,1.347381819905938194e+01,1.558809037650725138e+01,1.059940147382910425e+01,-1.573587790177897539e+01,2.452421876066957296e+01,-7.957635845935217001e-01,2.250571755118436812e+01,-1.589613745817147183e+01,3.017367497880306448e+00,-8.393495514504072830e+00,5.830055321610150720e+00,3.696657510721785389e+00
1.583173978621597655e+01,9.096184653946979282e+00,1.297159020787889006e+01,2.535510502799631993e+01,-1.669722596067331111e+01,4.001739682421779776e+01,-1.265410637861311116e+01,3.172958520853561737e+01,-1.768551711335088683e+01,1.991550807697675296e+01,-6.341730387465140062e+00,1.917795145777597554e+01,1.134477931445767807e+00
1.547752127622192297e+01,8.400784356206935755e+00,1.121310444316146793e+01,2.229262670503929655e+01,-1.315904762872320077e+01,3.290134185826273239e+01,-9.437126215407038998e+00,2.907600705018139919e+01,-1.517018948642802201e+01,1.956807658170350095e+01,-1.013246766337886662e+01,1.540108881104514715e+01,6.221083562296596092e+00
1.564497697721401437e+01,7.154480476899190755e+00,1.555395371623001566e+01,2.420064273915997433e+01,-7.942898495199750997e+00,2.737831367200699617e+01,-5.837691863125566094e+00,2.758204705976005400e+01,-9.021736792557963014e+00,1.540534510517213818e+01,-1.522839064785580909e+01,6.847924181379316799e+00,4.397821567887175043e+00
1.608577530384718557e+01,3.957281880428916931e+00,6.071899569192201085e+00,3.117740066747192884e+01,-2.059236917145315715e+01,2.025050517428823582e+01,1.994707884682840771e+01,1.367668808769035493e+01,-4.518690261099958860e+00,6.813121368542073952e+00,-3.658114085947884231e+00,1.397101241649318304e+01,4.472106214025006743e+00
1.666626530754867730e+01,7.775584169709026661e+00,-3.923015635072927498e+00,4.097023697039576717e+01,-3.405216973184934659e+01,2.918907973093998010e+01,1.464831608359089765e+00,9.464449707845781767e-02,-1.381819019064693421e+01,2.839343500716114477e+01,-1.156905973595714521e+01,9.789305461805845709e+00,3.945291205979252425e+00
1.585752220123090162e+01,-1.757917325763478367e+00,8.482745660867294646e+00,2.886668049471084885e+01,-1.161514410704379330e+01,2.433743188058381079e+01,-7.054828977267511902e+00,2.954991760149487945e+00,-6.362221942333156299e+00,2.457550082666903890e+01,-1.159195048534008343e+01,1.300919581882029608e+00,-8.612773799602761571e+00
1.621413011430690432e+01,2.653327536458800928e+00,6.852879735613781165e+00,3.026502239477346734e+01,-5.677670049784697248e+00,2.690060614878452938e+01,-1.158465497172471537e+01,3.205160820793206078e+00,-2.312378694831928172e+01,8.652814329639179292e+00,-1.514291513977739534e+01,2.101446723243098058e-01,-1.896821874542966802e+00
1.704550384400569740e+01,5.337294754836236166e+00,1.564660732934931708e+01,4.129201583553365396e+01,7.051019753815943147e+00,2.221136992180845837e+01,-3.194358352379831700e+01,-1.031224933918199405e+01,-2.535382631505867579e+01,2.804727527331954740e+00,-2.789330262299446517e+01,-8.403669707792879251e+00,1.717024198899031573e+00
1.593620268713423727e+01,6.754288730880027458e+00,5.565783189298742606e+00,1.883907254678104692e+01,-2.019669275065642466e+01,1.191262149687314320e+01,-3.439129030822687128e+01,-9.823283589401963667e+00,-2.435037430073812459e+01,6.142579851656838841e+00,-2.505453052299052530e+01,-8.805224428234476264e+00,2.052272176138828730e+00
1.643867566369854671e+01,1.298492040930721103e+01,1.147982532421113699e+00,3.032542752711218270e+01,-5.685389682354689889e+00,2.432393725902291948e+01,-4.334736745557081150e+01,3.348313617593461800e+00,-1.771241243569431134e+01,7.455635319312644782e+00,-2.673690559204142758e+01,1.096321893073276099e+00,4.629355925610801670e+00
1.687896454812598179e+01,1.016310580359085236e+01,-9.233931975166191908e-01,4.029657967382598827e+01,9.438593971320671017e+00,2.459025789506173965e+01,-6.075654801108967007e+01,-6.494313837127168476e+00,-3.226514010660830678e+01,-1.024518166880971970e+00,-3.385772779670793398e+01,-7.331196178624639792e+00,-6.026154644113750791e+00
1.730251235203406068e+01,9.781160521558749821e+00,-4.180899170688053168e+00,4.187141631964151856e+01,7.991398443943756646e+00,2.664059644921360359e+01,-6.377130536565265828e+01,-7.660199341988565891e+00,-3.785233908905492939e+01,-1.867754156858392278e+01,-3.064770590022042995e+01,-1.017049948828040762e+01,-9.394733918055399258e+00
1.735650400677781136e+01,1.495873359305297257e+01,-5.658063493881890921e-02,4.712482319658271024e+01,4.742732417664683453e+00,3.239144685638665777e+01,-6.937866586085009146e+01,7.772188872614327337e+00,-2.611621830087332441e+01,4.050271932267415664e+00,-1.960717855400213594e+01,7.933778489032367709e+00,-1.346188721226678453e+01
1.728719637637551898e+01,1.217365033209341618e+01,6.176033454337291673e+00,3.124709291989333337e+01,9.054600485353528683e+00,3.123448754449288600e+01,-5.842501790597486888e+01,-3.836245343484516179e-01,-1.084973445533334058e+01,-8.383576987448739359e+00,-2.842008565047856905e+01,-1.514976151771578294e+00,-1.946043469838049933e-01
1.739783580896433435e+01,7.225474001401350321e+00,7.291764469396369464e+00,3.223686901830750173e+01,1.609622975528597522e+01,3.324673500257690506e+01,-4.937279209356577070e+01,-9.598940252054305233e+00,-7.672592325870872365e+00,-9.260409236321551774e+00,-2.659610640049264774e+01,-1.146706252339254206e+01,-5.903274942897958510e+00
1.712967323855992419e+01,5.496219848945816722e+00,5.369976326678838063e+00,4.202622610649315504e+01,9.706835125437853762e+00,4.526851093308252416e+01,-4.663078142596902609e+01,-3.271484463741593185e+00,-1.785717429936805445e+01,-2.350095416324923026e+00,-2.200958887340877013e+01,-1.751123394533418143e+00,-1.832127561506832336e+01
1.700781290136863788e+01,3.284852828837960370e+00,1.020937660132882385e+01,4.618647797627217244e+01,5.700721811685624196e+00,4.763407572564376835e+01,-3.086749361877132358e+01,7.006976612251696324e-01,-2.974842151943140323e+01,-3.196513235098621952e-02,-2.919459956504778120e+01,-5.481172818073811293e+00,-1.181117207409740821e+01
1.680574366257376440e+01,2.550994884115691086e+00,2.910585484532724365e+00,4.658048024636806872e+01,-4.297669847982865221e+00,3.548362158127781640e+01,-1.859945023524412022e+01,1.960924289794156783e+00,-2.974265064188504226e+01,1.120392662965778996e+01,-1.594416107417090345e+01,-1.741939390788568298e+00,-7.105651256608177313e+00
1.709155010291319243e+01,-3.173343842952405236e+00,-2.516647932592311676e+00,4.196260668272370253e+01,-1.563302255227109505e+01,2.221638660777860963e+01,-1.749691682083346222e+01,4.871878176441628128e+00,-1.163104673559089797e+01,1.822377374004993555e+01,-9.027161841417926880e+00,6.613862188902638550e+00,-5.445332709417376016e+00
1.832701777053767600e+01,-1.584435313217386465e+01,-1.281922117569943786e+01,5.079349658141485691e+01,-1.527458382446946494e+01,2.723082556996917702e+01,-2.669267035841266633e+01,-1.032339232775994020e+01,-2.569629123595035480e+01,8.156148301182195581e+00,-1.873818008053887141e+01,1.490415420791563417e+00,8.780764964621602386e-01
1.898470521928283006e+01,-1.697755596121193733e+01,-1.802890791612521326e+01,5.082309527968470775e+01,-2.561349037642066762e+01,3.014187054707755919e+01,-3.015433388041558516e+01,-1.396996270296858889e+01,-4.410991190571201770e+01,5.644318299603378719e+00,-1.590997755399706470e+01,5.562031589922615815e+00,-7.975506312850655810e+00
1.888802787857315479e+01,-1.607024544813992506e+01,-1.427860699883266804e+01,4.175865435664936598e+01,-2.055240961751407269e+01,2.153634957725522625e+01,-1.389747128902480355e+01,2.997420752373504360e+00,-2.158017653262890079e+01,-6.358533712080230438e-02,-7.646212817703189835e+00,8.760511416633296022e+00,2.774442395823495833e+00
1.864891554380459837e+01,-1.605635709240898024e+01,-8.549302745728896369e+00,4.476680394914007621e+01,-9.278286775555544708e+00,2.062776637524486034e+01,-1.938753427705434262e+01,-1.897827736997355741e+00,-1.349975092680015365e+01,-5.667866960015041089e-01,-2.202289259769018570e-01,3.261103100187723758e+00,4.795986389897649360e+00
1.808479668689654929e+01,-6.848035157064039424e+00,-1.098169453518100802e+01,4.397341414281677885e+01,-1.738996173202457030e+01,2.260938045637929150e+01,-2.619505506010365181e+01,-2.265302826920235102e+00,-2.112677219610320734e+01,9.773599820348468636e-01,-1.358853968358452180e+00,5.358264214684778537e+00,3.515651358580329955e+00
1.760681620636135492e+01,-2.424233608196380441e-03,-1.924383675948488914e+00,3.591785934139993230e+01,-1.874864324611205646e+01,1.799640644528303923e+01,-2.871971333815992722e+01,-2.317534529587452141e+01,-3.482418481504604557e+01,-6.191322511377575388e+00,-3.960395276043886081e+00,-2.126835572252427475e+00,1.697630895715227961e+00
1.784987467657555626e+01,1.136012099255594165e+01,-1.091816715003149696e+00,3.454826808184503051e+01,-2.579226473448038703e+01,2.937878707904645026e+01,-4.341848423505444998e+01,-2.066126064984172928e+01,-4.145948872765947613e+01,3.709446962434705508e+00,-5.104284931599449848e+00,2.587055730450668278e+01,-3.592693373177819449e+00
1.787930377357158918e+01,1.231642089372690307e+01,4.818090261834854005e+00,1.486500475604107940e+01,-2.515965989202970121e+01,1.872046369241956754e+01,-2.324092194203881689e+01,-1.849744223585440039e+01,-2.414107907914908324e+01,1.298589158054979986e+00,-3.428864694821765813e+00,1.884978356392032239e+01,-6.762301464186838196e+00
1.800460386768364884e+01,9.412362315964834636e+00,3.265681071463033547e+00,1.313825330516569778e+01,-1.710770739245198158e+01,3.513507860951860096e+01,-2.387465811675500760e+01,-3.593645319071526956e+01,-7.349889971829534296e+00,4.280295073602378153e+00,-1.420151308650585698e+00,3.310936913620008681e+01,-1.696102709315968626e-01
1.822953725536770264e+01,1.413690976914533515e+01,-3.174858389592516872e+00,1.228983111364679814e+01,-2.498224168601187145e+01,3.263086019983251163e+01,-3.193799316176371050e+01,-3.526725432174224295e+01,-4.977868272079358114e+00,-8.382678981902055071e+00,-7.994094038180976192e+00,2.771254456691534429e+01,-3.384037929549589485e+00
1.818104477804468999e+01,2.381550232120950383e+01,-1.116169538492312974e+01,2.170717628187392734e+01,-3.919674023266696850e+01,4.114444878158204233e+01,-4.919905071140667729e+01,-7.139958715810382550e+00,-2.225185507265796758e+01,1.217653086682907571e+01,-1.195495646349021079e+01,3.609746852128564854e+01,-1.888726736479553692e+00
1.854913389874210594e+01,1.879848716355857263e+01,-6.660487426857159221e+00,1.422465415274802680e+01,-2.208927930634631664e+01,3.685049662187977049e+01,-4.140437627294798517e+01,-2.497149175342254068e+01,-1.964240074814702863e+00,8.392556119456918040e+00,-7.136441528077368091e+00,3.586999471734478107e+01,-1.678049874783924977e+00
1.854500504419753781e+01,1.364072230642380745e+01,-4.157513059685637558e+00,3.742827224020888188e+00,-1.376459124142923862e+01,2.595750192341678186e+01,-1.643232820780915304e+01,-1.356623917980932958e+01,1.269695087792331023e+01,-1.975322208269414681e-01,-9.244323375598838766e+00,3.182649854875779738e+01,-9.914574617257800426e+00
1.894848761626982636e+01,1.297237621864218582e+01,-9.670790493118138542e+00,9.134666963928733452e+00,-2.425431818886212199e+01,3.394603244264035879e+01,-1.553817156913283881e+01,-1.463786964052706274e+01,1.506167719469340049e+01,-5.157154151474517834e-01,-8.830318619811990288e+00,3.353147634609435102e+01,-5.394572531254924641e+00
1.906611020427893877e+01,5.377267861515796277e+00,-1.309948559621827213e+00,1.202259298016810973e+01,-2.676010659170155748e+01,4.613813898766910171e+01,-3.496166471070173998e+01,8.606640806559644474e+00,-1.610821691265498856e+01,1.384572977205396072e+01,-1.478326946130457209e+01,3.778356490156737379e+01,-9.885154300608602895e+00
1.867086835615787166e+01,6.691978676656511915e+00,5.661069747092284388e+00,1.537231977330088739e+01,-2.926607513406580452e+01,4.550200921983257274e+01,-4.029533813374976603e+01,1.983371620306423111e+01,-2.642263152408779803e+01,1.306368189461680629e+01,-7.892707881847216278e-01,3.519768016850363779e+01,-1.308909038995247442e+01
1.779142515494148924e+01,1.739106360666731277e+01,5.009520306525004685e+00,9.906046928413548613e+00,-2.399374566635436423e+01,3.324952340106845128e+01,-2.155142747237923118e+01,-8.312699060974345855e+00,-2.395074271338075267e+00,1.344520363289903919e+01,-1.084283121971766306e+01,2.574805338804360133e+01,3.018122116871368998e+00
1.792039303529711347e+01,1.704100427768431203e+01,7.116266707021082993e+00,-5.698963264477649560e+00,-1.820281991002062227e+01,3.120969749841827579e+01,-8.499615109629200305e+00,-6.472085276385164399e+00,8.934820536778512734e-01,1.266229495523426962e+01,-1.811457175291949495e+00,1.165346009831823793e+01,-9.053333882607367045e+00
1.811330389200275448e+01,1.982553581217135985e+01,8.147327107374330302e-01,5.688664895077350181e+00,-2.398097631725360657e+01,3.939525890070805048e+01,-1.908608805368012895e+01,9.914854876712400511e+00,-9.729798678417417079e+00,1.321154573845612568e+01,5.583047695659441700e+00,3.300941708617244075e+01,-4.245302911686160918e+00
1.795666097183185528e+01,1.801259706960105333e+01,2.949671892370018256e+00,1.297945357094270058e-01,-1.902715230395413926e+01,3.762584112764383093e+01,-1.546216780222802711e+01,1.411375881766207918e+01,-1.625008213171919902e+00,8.117413168948461433e+00,1.550647121239750570e+00,2.892092214787020765e+01,-3.631310685570626529e+00
1.762335202336042883e+01,1.602079180620581766e+01,5.137529361145332985e+00,4.754726923835166374e+00,-1.223525543265724203e+01,4.194949207219488585e+01,-1.818159667974270732e+01,1.051183570026744896e+01,-2.847746390098120362e+00,7.625915831253502475e+00,1.117161114601384453e+00,3.640325326985337995e+01,-3.925209523764409791e+00
1.705946331777040115e+01,1.615100005047670351e+01,3.828414729198795552e+00,8.373092802259332501e+00,-1.803942306171275334e+01,5.175142095700424250e+01,-1.764157653034490281e+01,1.478718159751049832e+01,-1.943083029756828850e+01,7.190689444301891164e+00,-3.540399888916489157e+00,3.274538505175124925e+01,-1.551822132826395251e+00
1.673421789000178705e+01,1.384420327648165028e+01,8.153737164927976622e+00,1.140545608469340166e+01,-2.240472874849267626e+01,4.533356656397425155e+01,-1.140229333784493093e+01,2.354620964431317631e+01,-1.656508672311253960e+01,1.374492854994636204e+01,1.892584360367656160e+01,3.643062975745485232e+01,-8.528564961478044992e+00
1.647947046077395683e+01,9.678838966332442340e+00,8.956385147955522541e+00,1.150994447657906861e+01,-1.010661212551540622e+01,3.407805016723647640e+01,-9.881089426427704936e-01,2.221172835640844667e+01,-1.051308271938987282e+01,1.401237625791878161e+00,6.394781285916084634e-01,1.016259185113319674e+01,-6.591614815052169618e+00
1.613410729640053987e+01,8.203357705621755258e+00,1.351901428038091346e+01,1.602294091898217232e+01,-5.834737340793171079e+00,3.398900938957660856e+01,-3.538537421573582087e+00,1.965271719294708319e+01,-1.228741415828267414e+01,1.188685050338995630e+01,3.531799472676449891e+00,4.441466393987942851e+00,-3.598306599227174996e+00
1.573566716339953864e+01,7.924173687201776062e+00,9.559746487934692283e+00,2.618499960404753679e+01,-1.580301710735261622e+01,4.706463515221188487e+01,-4.857403397967715447e-02,3.207053857754173265e+01,-2.898629654725274563e+01,1.965480413112944191e+01,-3.657832847522519970e-02,1.815932331791099230e+01,5.837388649685489206e+00
1.505316576299102493e+01,3.701157093078330629e+00,-9.193715092931984412e-01,2.952294490829956075e+01,-1.005544598687228586e+01,4.915724253352796325e+01,-1.150195247238594831e+01,3.897896541601519260e+01,-2.807739167021122384e+01,2.536319190957503622e+01,-2.096472107292595144e+00,2.871524254886999827e+01,-3.665551331519167899e+00
1.447340982522594643e+01,1.458122371537570849e+00,1.269283540107179198e-01,2.352933059546476358e+01,-5.291060260580613850e+00,3.256001151322564624e+01,-8.461544712270821833e+00,2.554204097293750664e+01,-2.117223449766979471e+01,7.599587247156185832e+00,-1.837946421196200164e-01,2.315650695443094165e+01,-1.718925969844825374e+00
1.413455588070172375e+01,-5.620630667730590335e-02,-1.733431098434648376e+00,2.563369498255627121e+01,-9.426282405619568650e+00,2.951372822097198423e+01,-1.463894803230294706e+01,2.870593974197014475e+01,-2.079923201480391626e+01,3.593773515405819796e-01,7.219424542723515970e+00,3.091278914274363743e+01,6.192899564218829589e+00
1.425791127607934428e+01,-5.144538455027211299e+00,2.765474936879114054e+00,2.222396056064074088e+01,-2.501137905055422994e+00,2.747646783076743660e+01,-9.537825992257081609e+00,3.583860911859918730e+01,-5.233207669323139299e+00,5.217164913998184161e+00,4.851442639884104402e+00,2.379906069007556724e+01,8.150068492143532239e+00
1.419835109962248865e+01,-8.940554936944902220e-01,-3.549826533564304221e-02,3.212241089156371032e+01,-1.131767021832615860e+01,3.562330936868724507e+01,-2.588051290593275766e+01,3.799410789815384248e+01,-3.077991332444449668e+01,2.008127738679427843e+00,-1.221420803795755639e+01,2.576919867449970880e+01,1.466718800447940296e+01
1.414831608059459356e+01,-3.053113289921150830e+00,2.077110051959181747e-01,2.351877403106190911e+01,-1.812707865807725582e+01,3.155546870722468356e+01,-2.246496495672667137e+01,3.937745909953120105e+01,-2.487248626306057986e+01,1.616557206339941999e+01,-7.104756650756006486e+00,2.783875329539241505e+01,3.726614688803182029e-01
1.417134048161496196e+01,-9.465295076847320743e+00,7.185989591133159493e-01,1.371728587765518981e+01,-1.601815531078304033e+01,1.008572019543117371e+01,-2.856497187968526674e+01,1.914898920367440027e+01,-2.396139762250674821e+01,8.394935859567137726e+00,-3.278364057183862812e+00,3.321318822784960645e+01,7.799827141239766171e+00
1.418491826094895814e+01,-6.251224692362733926e+00,3.771456699813552582e+00,1.676880449445171095e+01,-1.786274111379935903e+01,-1.337225241971732981e+00,-3.255609213269354996e+01,2.371092635130348114e+01,-1.791199389984452139e+01,1.081804006927739970e+01,-1.367043351364096937e+00,3.060971424012956277e+01,1.290049772466070088e+01
1.399686748826388971e+01,-4.221265614541412248e+00,-2.705297634795738926e+00,1.272756742236830085e+01,-3.088841606561904385e+01,7.208812734185017668e+00,-3.412958825288495035e+01,2.486790363711855534e+01,-2.829503342289980949e+01,1.103613428197459534e+01,4.067372106339545823e+00,2.744474127926509510e+01,6.698977010307153535e+00
1.387487967100802244e+01,-6.606710076739682691e+00,-6.913728814675012657e+00,1.726940001857878926e+01,-2.799811235427549150e+01,1.515035642248200176e+01,-3.732924281399024835e+01,3.605573910031456109e+01,-1.537029514225534754e+01,3.281716788786131644e+01,8.697960600910453977e+00,3.545087738727276871e+01,2.665492270637975558e+00
1.371332025512190711e+01,-8.629463252715952493e+00,-9.215005510393536881e+00,2.122681225557793638e+01,-2.694510698938364968e+01,1.700148072998105420e+01,-3.666185374124857788e+01,3.098670540364249604e+01,-2.312127690508798494e+01,2.311140134088987708e+01,-1.015692309533189963e+01,1.938834696542392422e+01,1.086033642960871148e+01
1.362561402093199092e+01,-1.000029080866038989e+01,-1.001341504022645879e+01,2.077926052310771254e+01,-2.170845322733312344e+01,1.940495917785859703e+01,-2.943215250169142294e+01,3.223000810519187809e+01,-1.071251505639573232e+01,1.631250116023548813e+01,-1.318317149824621382e+01,1.648269222897659603e+01,1.034350459955805235e+01
1.375032886697480983e+01,-8.138196190276877573e+00,-4.483668585815734353e+00,1.444057208187830632e+01,-2.723754622397991554e+01,6.272070979936714252e+00,-3.767234749869855648e+01,1.791422281105027281e+01,-1.011844310379081691e+01,1.302535999431484903e+01,6.537775271167864943e+00,2.614453986587517065e+01,1.580984041704801157e+01
1.379296190557569091e+01,-4.691364769782837563e+00,-5.909263208283592306e+00,1.836046099232564899e+01,-3.411990213227300472e+01,1.034918030117367138e+01,-4.269827240177890815e+01,2.009599210507835920e+01,-1.296046208864227012e+01,1.610208575713134138e+01,-6.529722807189033418e+00,1.940721108756023483e+01,1.044246513815391530e+01
1.380021556414347472e+01,-7.792442964059118182e+00,-2.891818105201981570e+00,1.728930916685123975e+01,-2.869640302361228024e+01,1.040393913646593482e+01,-2.931181689193064344e+01,1.819932864870473921e+01,-2.318606831285307734e+01,1.572552391627473511e+01,-1.243146139913666959e+00,3.003083764086775531e+01,1.799034874251727345e+01
1.375387558677634736e+01,-1.021180351085352989e+01,-2.493810972860786290e-01,1.375026695836739066e+01,-1.873511489074622460e+01,9.870678682070042953e+00,-2.341261569842787438e+01,1.655710348197617421e+01,-2.297810913913307829e+01,8.864207334668783744e+00,-2.676169698142010223e-01,2.189359444995521997e+01,1.765087207634289967e+01
1.344259272967927821e+01,-3.411335765192439418e+00,-9.140732433873630214e+00,1.998569913060926950e+01,-3.769202904979024993e+01,7.905159355588352810e+00,-4.332841675317348518e+01,2.624464301157431478e+01,-2.371516181646684274e+01,1.343904007295231295e+01,-3.311057278087653710e+00,2.316827946608598410e+01,1.023671139793206208e+01
1.348230968444314470e+01,-7.348036137345419050e+00,-8.249013229236386024e+00,2.517013014003854465e+01,-3.220811692923886227e+01,9.321655995788413307e+00,-4.849070882590233822e+01,1.715836834998944482e+01,-2.104190452282919566e+01,2.279743568833121969e+01,-2.427229241089042588e+00,2.136293732274389967e+01,1.466344217578210518e+01
1.359450516702718303e+01,-7.037956627893811046e+00,-5.118932167229446328e+00,1.692684120512947743e+01,-3.833606103676979870e+01,-1.711088541892483050e+00,-4.824967949979004089e+01,1.108444980036129834e+01,-1.710578548896451068e+01,1.728814315897910348e+01,-3.888963643723259977e+00,8.285816185747878038e+00,2.623164039435754713e+00
1.384674316321840770e+01,-5.520242087089553884e+00,-7.751059350324371877e+00,2.601372197280862864e+01,-4.583629337284273930e+01,8.009319351881080351e+00,-5.222464844774654580e+01,1.953296224425975325e+01,-3.378620396276529192e+01,1.291075861835736305e+01,-4.655696224685762274e+00,1.853414156315101025e+01,2.517991212712983540e+00
1.371325478526163266e+01,-6.337997097344909569e+00,-5.528260711476377764e+00,2.118557910884262796e+01,-3.656134283724082223e+01,3.936400114988616306e+00,-4.522679964783225870e+01,1.213752352981764560e+01,-3.057158260008905160e+01,8.206457309787998256e+00,-1.213433805332085491e+01,1.383920410800049439e+01,-3.199274610260406160e+00
1.382310342779829604e+01,-6.131945219763458965e+00,-7.894201879983754999e+00,1.733256386074776856e+01,-4.184321045461826571e+01,1.686305075297049427e+00,-4.568364898420994535e+01,1.180175857042883791e+01,-2.597134141493114257e+01,1.864397182839300626e+01,-1.357356581186198063e+01,1.408501474156156696e+01,-5.722621593580035082e-02
1.382281027024261988e+01,-3.698532511497187425e+00,-4.847922800575469537e+00,2.227702126568671659e+01,-3.831412264895126185e+01,-3.451848163784401624e+00,-4.834289448915879461e+01,1.192058644563195102e+01,-2.878263264576952452e+01,2.640721775666981586e+01,-3.912001079300998274e+00,1.696480647279728871e+01,7.370516258631593098e-01
1.356019877570914822e+01,-5.743038923720272138e+00,-2.352488797063869264e+00,2.102656748309213697e+01,-2.705751458624889239e+01,9.223694106730942366e+00,-3.459112792046704499e+01,1.629764703883013865e+01,-2.058319571341024101e+01,2.939604303247226014e+01,2.644981752788152285e+00,2.093017539197052912e+01,-7.376772690162952673e-01
1.332795145295213501e+01,-9.936033604476595116e+00,-2.777459246599498055e+00,1.956610305307713915e+01,-2.255888363209626490e+01,1.072608556575784000e+01,-2.791925266341332090e+01,2.377983822983062723e+01,-6.494454770664717991e+00,2.217693625407886415e+01,-1.723451869965911154e+00,1.511174114351520359e+01,7.100111215952751298e-01
1.330549481760110808e+01,-1.141514960459902817e+01,-6.487100807258624258e+00,1.664551385893129876e+01,-2.823867936451432570e+01,9.423109799075676918e+00,-3.151721623607722833e+01,2.496234985095885506e+01,-6.716948210900320682e+00,2.387076894181129205e+01,-1.132502498989442774e+00,1.648464483324912067e+01,3.481550458072969700e+00
1.349098189347701471e+01,-1.074781309027926746e+01,-2.017247720155837865e+00,1.675277095527024684e+01,-2.581736012196292762e+01,9.989750466042451649e+00,-3.143797966617942308e+01,2.103716231253309488e+01,-1.341348253320543549e+01,1.980174353432991552e+01,4.544790692344459870e+00,1.823338672786962178e+01,2.022837170920027017e+00
1.351622534412154053e+01,-1.339686971527860671e+01,-1.173231607632255091e+00,1.694606266494673363e+01,-1.860258670864453734e+01,8.921875629433669630e+00,-2.281038626274597547e+01,1.055045742348657178e+01,-2.485384083288035129e+01,1.262648300219839292e+01,4.100702415707230486e+00,2.816903833706274085e+01,2.033990792083936228e+01
1.345919116310316710e+01,-1.076352036863526074e+01,-7.387834508439054204e+00,2.332743269442570622e+01,-2.716946135927912565e+01,2.236924436434492947e+01,-3.701362122958989431e+01,2.099759066295848342e+01,-1.969755205231136586e+01,2.731958667806055630e+01,-6.849909980339605298e+00,3.380770968204831206e+01,2.044020780730623343e+01
1.348766976761899272e+01,-9.742519940912556464e+00,-1.305674044759794983e+00,1.727026648993057378e+01,-2.476914218480625962e+01,1.462139225822065747e+01,-3.995288228928777130e+01,1.224912514314728895e+01,-2.441991802423109093e+01,1.610916614873891817e+01,-1.646421727942312074e+01,2.607519650084093144e+01,9.620022379019692593e+00
1.331107764667619264e+01,-1.098313007516745898e+01,-6.886929691249221719e+00,1.296184361923471151e+01,-2.711304725313187447e+01,1.177140144247021603e+01,-3.253405643581685780e+01,1.823252668079815564e+01,-2.199134051315443372e+01,1.134046580810660743e+01,-7.435394342821820324e+00,1.620438886012012958e+01,1.021715675003467716e+01
1.324906305863103739e+01,-1.065853010660839395e+01,-6.868873883663592750e+00,2.040331425247402919e+01,-2.524916847055295932e+01,2.156006432733520128e+01,-2.371038192865063721e+01,2.449663106989527961e+01,-1.842415416571695275e+01,1.305688530148251481e+01,-1.537141357499481220e+00,1.927845755968745323e+01,1.662143367391510296e+01
1.329393600261197328e+01,-1.045386709368482236e+01,-2.861193662914120139e+00,2.022095869963756343e+01,-2.125248137972462459e+01,1.269968515864144898e+01,-2.490716189301370775e+01,2.373799609564995805e+01,-1.419873709926757854e+01,1.504891226855476560e+01,-6.446224088275998909e+00,1.308455850776199014e+01,4.828507787328006451e+00
1.340092436426602873e+01,-9.369163803084477493e+00,-6.611131695797141106e+00,2.133371208989000678e+01,-3.051694473514606187e+01,1.265976042238697552e+01,-3.773149067505927690e+01,2.241553143585622365e+01,-2.114229256088471942e+01,2.276473754752462497e+01,-1.394688215631919626e+01,9.012217670202469222e+00,-4.423357679380329754e-01
1.328452243134731958e+01,-1.071009041483787350e+01,-1.048763270264151082e+01,1.729029873821558994e+01,-3.074981896471771137e+01,1.553707551827223377e+01,-2.758361176445264462e+01,2.461530078202088845e+01,-2.316796834478562062e+01,2.384127357661242286e+01,-9.914985200387009812e+00,1.007583234087370982e+01,6.649529883059877022e+00
1.328220610807793634e+01,-1.146203389385681781e+01,-9.355706719043482167e+00,1.869377380996311189e+01,-2.819350838367701684e+01,1.992736690534272981e+01,-2.698624185243365403e+01,2.021667942456881661e+01,-2.122985354250740286e+01,1.854667198018423946e+01,-7.981779295555430309e+00,1.478405036457431621e+01,1.279192996925885772e+01
1.347084097851961815e+01,-1.217112099876425724e+01,-5.816089261067294736e+00,2.361828192241122792e+01,-2.271027138105024790e+01,1.921563927761804180e+01,-3.758453335188116995e+01,1.306480110403968986e+01,-2.706440130790910814e+01,6.547048804059871330e+00,-9.078128401978593942e+00,1.801472669880971011e+01,1.021561159133269392e+01
1.358809758793596600e+01,-1.344341017027769247e+01,-1.246380373509490092e+01,1.267858813093582171e+01,-4.232210428845586847e+01,2.019605917409367790e-01,-5.544455981787105259e+01,5.558338860384626656e+00,-3.855659418719898923e+01,-3.486004658291812497e-01,-2.599699077913500744e+01,4.266961889446074352e+00,-3.263648912455408890e+00
1.357059781126843312e+01,-5.144237293777234932e+00,-5.388488810486657066e+00,2.628074750201156462e+01,-2.733644877002911500e+01,1.168727112488823749e+01,-4.410849912895078262e+01,1.528320069266186110e+01,-2.320380115686877076e+01,1.837353158627908911e+01,-3.998922528667910203e+00,2.250960931429602141e+01,9.262312828879032622e+00
1.379879914488341441e+01,-3.435202841112342753e+00,-1.131371819063314277e+01,2.582851052283681881e+01,-3.556893545740353346e+01,1.254990388400781853e+01,-5.607787490057848601e+01,1.768408997224609180e+01,-3.057835362938031309e+01,2.854888508135932312e+01,-9.157423662114787533e+00,2.313367999281129883e+01,6.139144814422543561e+00
1.378243551474889550e+01,-1.181302744334081822e+01,-1.355446782815669948e+01,1.531429297989220650e+01,-3.939311084219587400e+01,5.430793330790611328e+00,-5.787923882322836988e+01,3.502988268009162187e+00,-3.901815714998407003e+01,9.650746707080390507e+00,-1.899783136972765618e+01,1.832022239686475729e+01,2.740091391449902769e+00
1.369444578433639137e+01,-8.166135418670886992e+00,-7.325374906142666731e+00,2.249899771028484707e+01,-3.115979988477167950e+01,2.001672734121767405e+01,-4.291479766695180587e+01,1.788562554133428506e+01,-2.335612911065600628e+01,1.605310028557151369e+01,-1.262490941132239186e+01,2.319106017147854715e+01,1.067624210065750567e+01
1.352496681460847583e+01,-8.326227402425969260e+00,6.883811686763775528e-01,1.995104122622101883e+01,-2.071756040222780371e+01,1.503826762721616639e+01,-3.186149821966295903e+01,1.324903657637546495e+01,-1.104529206125793372e+01,1.674916567260845213e+01,-5.227102910250457590e+00,2.116248462156061549e+01,1.627721916523659829e+01
1.358611592877743846e+01,-5.952880464543543582e+00,3.868165047387726041e+00,2.565065629193544794e+01,-1.897043680536779675e+01,1.676744888699188962e+01,-3.523034324234328807e+01,1.076168352974388576e+01,-1.796345518279418840e+01,2.401583191339344125e+01,5.334823038633385472e+00,2.372177807412523265e+01,1.575252270161324830e+01
1.367390327916928427e+01,-8.857195104771346195e+00,3.324050044186857900e+00,2.961313989229433830e+01,-1.302208606486763998e+01,1.674605187505012083e+01,-3.505006958980483489e+01,1.329614553540987210e+01,-1.160522325373508323e+01,2.945181529075345850e+01,1.724908552132810158e+01,3.115206242839350637e+01,1.403764498363585567e+01
1.351415239217850406e+01,-7.343679577260009417e+00,2.089018240678023608e-01,2.199768876488705871e+01,-2.004506986273583280e+01,1.732131754646645305e+01,-2.462454445503220057e+01,1.967252870409605592e+01,-1.182504291809465435e+01,1.950553638257752453e+01,-1.645933117011846858e-01,2.629111631598023635e+01,1.402587396513209406e+01
1.350095330207254918e+01,-8.129131440633321048e+00,-7.918758254951252518e+00,1.878514993637340069e+01,-3.638209949348629380e+01,2.570769029857476085e+01,-3.489437818019285942e+01,1.258932559946789631e+01,-1.757794057049911274e+01,2.018138395238474203e+01,-1.263241434515157735e+01,2.978286758018298030e+01,1.144940756796264303e+01
1.345317861253708713e+01,-9.291224030294458203e+00,-6.700725661419232537e+00,2.315600843979557055e+01,-3.495567577581143581e+01,2.428070060941677610e+01,-3.680828159243835529e+01,1.280440222562476826e+01,-2.365920594062566096e+01,1.052539619564161200e+01,-2.266956032039973579e+01,1.022014191072579337e+01,3.282618778537923721e+00
1.330822527625278795e+01,-8.128268888731945196e+00,-2.170998647187190489e+00,2.604475781792247702e+01,-2.633927382212237234e+01,1.748954936114257208e+01,-3.426867705195981273e+01,1.464358185066433116e+01,-2.881222425094645345e+01,9.325017149416639839e+00,-1.616830576960359167e+01,2.110778831524635279e+01,7.147941541409927879e+00
1.305963210103278982e+01,-7.119082771090062600e+00,-5.637167849463102343e+00,2.701075644009029020e+01,-2.400680269008404721e+01,2.690597033008803152e+01,-3.714472729291737352e+01,1.842937913205792810e+01,-3.245000870398063597e+01,1.992358352809684874e+01,-5.012922674342205731e+00,2.651118686441234829e+01,2.992644059377309151e+00
1.305028739546322747e+01,-1.272845019773664355e+01,1.198243220992023517e+00,1.937005417244044381e+01,-1.212243292740644485e+01,1.705542078110507376e+01,-1.511408839648559166e+01,1.742256222773277941e+01,-1.910988106484745330e+01,6.906365861978973619e+00,-4.462959068818699748e+00,2.052063851000198014e+01,1.491197556495947651e+01
1.314802793922497059e+01,-7.757214460215058338e+00,-1.157199669828156363e+00,2.689433887723645000e+01,-1.585426161167665704e+01,2.855899495829006085e+01,-1.977945244309017170e+01,2.413256361577479936e+01,-1.685998613710962957e+01,1.884351025386222034e+01,-1.117434957419596486e+01,1.839229852388309538e+01,9.560389003910069405e+00
1.319381537083734202e+01,-9.043393072649029918e+00,1.507986321005190478e+00,2.465096466125192265e+01,-7.991811017136245532e+00,3.126769689479681347e+01,-1.277414881092513532e+01,2.055692614781755623e+01,-1.522334231377766578e+01,1.752488623227453246e+01,-8.007730410360974105e+00,2.139736254731728948e+01,1.040743336114984174e+01
1.322152674482481061e+01,-9.808274717640633966e+00,-1.044489145844294198e+00,2.673009409452589580e+01,-6.852726008736665264e+00,3.493398413082999809e+01,-1.387609057509996191e+01,1.983896390789599096e+01,-1.372560736649777269e+01,2.145018171775542015e+01,1.810810807055733385e+00,2.820219659210641083e+01,1.494157656532997613e+01
1.322260061486781169e+01,-7.939948871655373885e+00,-3.867299767950262424e-01,2.873750637906280403e+01,-8.980944195616633152e+00,2.548674933731091485e+01,-1.913041253371863348e+01,2.337047617919466447e+01,-1.411500346692358576e+01,2.129755769002707666e+01,1.348100840379108378e+00,2.421870222727966393e+01,1.551299592067079658e+01
1.336086359900744114e+01,-9.107327416041544055e+00,9.957417713930938330e-01,2.690658940979284708e+01,-2.088972173707425739e+01,2.309119360689796352e+01,-2.748534682773519222e+01,2.398315128490131087e+01,-1.633842610853736943e+01,1.952788219900706324e+01,-8.729703691757672246e+00,2.377209556372558552e+01,2.280493034066102265e+00
1.314259795352685245e+01,-1.375450711353987465e+01,-4.929018682963193676e+00,1.862987676719275498e+01,-1.840908043796817140e+01,1.926567456677041434e+01,-3.383027638730842312e+01,1.815197654410891914e+01,-1.197721836067812973e+01,1.945562034965097808e+01,-6.534115209320762396e+00,2.421687412542000573e+01,9.911274512225679345e+00
1.307649187034793847e+01,-1.195625512565652393e+01,-7.501239616463432291e+00,2.240909846801226024e+01,-2.121702085418910144e+01,3.192222936627552343e+01,-2.350787488586610507e+01,3.195105637026164658e+01,-1.784812193703651673e+01,1.941365145885493959e+01,-1.438392167630257568e+01,1.789621036290341038e+01,2.585191871627184224e+00
1.304354719942003982e+01,-1.239431168728083676e+01,-6.959783261586124148e+00,1.702804775677974547e+01,-2.092123999108633825e+01,2.886915319111707134e+01,-2.270726262139048046e+01,2.597941234858082638e+01,-1.589417913368673929e+01,1.294973876043749250e+01,-1.679846193118962816e+01,7.482059345134743467e+00,4.286574307873907586e+00
1.314284490087190349e+01,-1.255266813410132620e+01,-1.705730768761276295e+01,1.722876087712798210e+01,-2.987660936936643097e+01,3.723671499947598562e+01,-3.475132012798189862e+01,2.208410576779146695e+01,-2.563124518908546179e+01,1.729528437767431370e+01,-2.205306964854053930e+01,3.559998917372800165e+00,-9.550996361294862069e+00
