-3.604365338911715355e+01,0.000000000000000000e+00,0.000000000000000000e+00,0.000000000000000000e+00,0.000000000000000000e+00,0.000000000000000000e+00,-3.432169450445465983e-14,0.000000000000000000e+00,0.000000000000000000e+00,0.000000000000000000e+00,9.640286916519939396e-15,0.000000000000000000e+00,0.000000000000000000e+00
-3.604365338911715355e+01,0.000000000000000000e+00,0.000000000000000000e+00,0.000000000000000000e+00,0.000000000000000000e+00,0.000000000000000000e+00,-3.432169450445465983e-14,0.000000000000000000e+00,0.000000000000000000e+00,0.000000000000000000e+00,9.640286916519939396e-15,0.000000000000000000e+00,0.000000000000000000e+00
2.455429847927822262e+00,-4.323681331799706840e+01,-2.067587716458356439e+01,-1.534571971814263236e+01,-1.281115368130937071e+00,-1.954421606124422617e+00,-1.887043074917160945e+00,2.717029340790011460e+00,6.800453403455375856e+00,-3.906170044483586512e+00,7.512427028193934930e+00,3.928372425943771340e-02,-5.816756620911834652e+00
5.817809745183293302e+00,-1.351765439446239370e+01,-2.491050691131408712e+01,-1.148973025340722209e+01,-1.849652496540837854e+00,1.258206396044480790e+01,1.166382031557398946e+01,-2.031459938137117049e+01,-1.234330317887295081e+00,7.386798982730150565e-01,-2.160651867864037470e-02,5.495500412683923308e+00,-1.217710988053503485e+01
6.676270376188040423e+00,-2.415319013666148606e+01,-4.170609820861775319e+01,-1.715341545421466662e+01,-6.604278216479376518e+00,1.083754381577751147e+01,7.535002989362324932e+00,-2.234286807319348256e+01,-4.946147164316441192e+00,-8.741571224423922981e-01,3.667162708197529319e+00,8.040626622445968152e+00,-1.684145340165833815e+01
6.394310722619110265e+00,-2.424346513412477577e+01,-4.177403284993349075e+01,-1.865157269347966107e+01,-1.429387047839923319e+01,-2.384672726681031030e+00,2.820178952053726373e+00,-1.268987057568590515e+01,2.722394931455248468e+00,5.645997736236891384e+00,6.122920011767936030e-03,7.531115925475515560e-01,-2.119368867710335991e+01
6.789814264563586832e+00,-2.482966693559755100e+01,-4.156556268482415817e+01,-1.532945643266672064e+01,-6.583313312427693020e+00,6.587263418034917883e+00,9.143769460725811982e+00,-5.806014348495781796e+00,1.600729393634160758e+01,1.499649303218620311e+01,8.088341651297431767e+00,-6.663393122305306449e+00,-3.580595441809788326e+01
7.356248753905085813e+00,-2.246921855617490493e+01,-3.981030432252606488e+01,-7.960298975788218989e+00,-4.127964258013158805e+00,1.600348002316320262e+01,1.317678302336133278e+01,-2.388187486741951915e+01,-4.908450657345743373e+00,3.328404079191970677e+00,8.174381352370142295e+00,1.242067942258745106e+01,-2.546319968616249341e+01
7.614286550744098214e+00,-1.111174518608720518e+01,-3.421174081744890572e+01,-3.424620055932180662e+00,-5.349018173837020385e+00,7.911106211751634198e+00,9.102072149459139894e+00,-2.315446199181787890e+01,-2.537644622190656563e+00,6.673537052827803073e+00,1.197955220268648624e+01,1.861290317193539323e+01,-1.377820911438238305e+01
8.508151908363652538e+00,-1.400163512830933543e+00,-3.345811550901481013e+01,-3.848776029956953337e+00,-7.813349540205016375e+00,1.140283418553461026e+01,1.465372899263521411e+01,-2.556860167064536427e+01,-1.109644778067099935e+01,-4.118238842760935547e+00,3.776127691086434091e+00,1.688043681671207707e+01,-1.282415195558373355e+01
8.625983928452347627e+00,-7.477391901821359155e-02,-3.524800391751471551e+01,-4.145846688904821775e+00,-8.157896720297673099e+00,4.724205376835077352e+00,7.237302093751782905e+00,-2.713781487897033529e+01,-7.213972926405126884e+00,-7.059388986543120303e+00,2.840087398953640818e+00,1.676475730305226008e+01,-8.663170660016833224e+00
8.768474281966968320e+00,4.363503256717071732e-01,-3.693624752917015286e+01,-4.214975023916997188e+00,-2.255682450575527742e+00,4.275711876259650879e+00,2.260528908008445914e-01,-2.954289605864240897e+01,3.667033258065936163e+00,-8.197039947103066382e+00,-2.920200122156674016e+00,1.441651670610349356e+01,-2.521701176696721447e+00
8.750323451263524177e+00,-9.227078352771753700e+00,-4.763559105993807918e+01,-1.570730119106205791e+01,-7.461921729033232253e+00,4.310149321930035526e+00,4.096885276589174119e+00,-1.523259398711074120e+01,1.555558022032703569e+01,-6.823890539225303975e+00,-2.519175438438376435e+00,5.748764024955050900e+00,-9.246133964043384168e+00
8.867626004727094724e+00,-1.457285869365701814e+01,-5.350632809110767596e+01,-1.786752010557234627e+01,-1.520273600459683827e+01,-6.713624707823634630e+00,-9.139605039188035462e+00,-1.103412870084690134e+01,1.427942049011013204e+01,-1.225256589640849469e+01,-1.135977153767504610e+01,4.441848876783197397e+00,7.567052214585919812e-01
8.855041002538831307e+00,-1.311509559112310264e+01,-5.825138217734826185e+01,-1.681759059495509234e+01,-1.650373859210110794e+01,-5.232361843219001329e+00,9.397789012265651110e+00,-8.353956487906376793e+00,2.655188652819446204e+01,-4.249993002759691940e+00,3.320235976148251833e+00,9.904018430399393225e+00,-6.112296277196977101e+00
9.229512035263324421e+00,-9.117877184761114862e+00,-5.614100414622007662e+01,-1.396399174129982335e+01,-1.480157300911460716e+01,-7.327765646930168852e-01,1.288039690173031637e+01,-9.839624970988090524e+00,2.375080029243747148e+01,-6.949781437034660669e+00,1.079430091898765154e+00,2.928479604347625109e+00,-1.590793874652148787e+01
9.614069069711161930e+00,-9.617270294748550441e+00,-5.967880794182084259e+01,-1.897958292864366570e+01,-1.478436561370070379e+01,-7.758196197886313428e-01,9.730407859771673884e+00,-1.044684657035983300e+01,2.498093207503208646e+01,2.307608215334370882e+00,9.712715237143159541e+00,6.601245940487992847e+00,-2.095573125755048238e+01
9.781168473942397412e+00,-3.942962398713147021e+00,-5.290001102936853528e+01,-1.781401161966043034e+01,-1.022096136655693321e+01,-8.973780591163811327e-01,1.309689580728116276e+01,-4.258482267481796590e+00,1.849584579054074140e+01,2.332758611005315785e+00,6.116262692301659420e+00,1.009779303958190866e+01,-1.221142563615988230e+01
9.972544612060639579e+00,-2.485193419915707747e+00,-4.669121890318079693e+01,-1.183140503912201424e+01,-3.759385337686416140e+00,4.698156140927030933e+00,9.897794118843798117e+00,6.173764934451969610e-01,1.904898099495517627e+01,-6.615436984681021926e+00,-7.229174421592987620e+00,-3.785878815967739897e+00,-1.537468885448466160e+01
1.025433955768020944e+01,-3.346490352656101841e+00,-5.912084947403153024e+01,-1.431237266499431549e+01,-1.044074969858478497e+01,-1.179242315016643339e+01,-7.285519521470683602e-01,-1.264418631622513978e+01,1.802201283252110642e+01,-1.071305288385006094e+01,-5.169238510403156184e+00,1.716102229009137448e+00,-1.508218851838293872e+01
9.897816228485655898e+00,-4.178597173022084554e+00,-5.486628121845855333e+01,-1.115182024499550018e+01,-6.943398463066797532e+00,-1.136855805017738064e+01,2.118862883872860259e+00,-1.385365147868943225e+01,1.216370642538243096e+01,-1.184782147421203824e+01,-5.819630533898275532e-02,8.880017693894282971e+00,-1.209796113829150954e+01
1.008697391551874745e+01,1.816492522229799844e+00,-5.111674898346351625e+01,-7.532392092492088409e+00,-3.711457617278251409e+00,-4.488826995958108412e+00,1.673418459188693808e+00,-1.452143954768626521e+01,1.512256069685287230e+01,-1.784984105806819699e+01,4.287305841322139877e+00,1.890034859936179856e+01,-1.345797959666629851e+01
1.058455577447320550e+01,6.201198767534367162e-01,-5.898648653750748849e+01,-1.654348124392819130e+01,-1.395368565900159119e+01,-1.639016421702445214e+01,-7.162540624715465931e+00,-2.254789052841339725e+01,5.156079881580738267e+00,-2.499539122129996116e+01,3.091153605899256807e+00,1.116375526995917511e+01,-8.255085818917379470e+00
1.035036736600176965e+01,2.372544448631640268e+00,-5.085312141744260117e+01,-1.019353850302734621e+01,-1.264451643815639947e+01,-5.086875288883994983e+00,2.579710234336360042e+00,-1.009710483641361201e+01,7.821062523738437022e+00,-2.375999243000913097e+01,8.452799418170461321e-01,9.059045974560179459e+00,-1.334710058563305424e+01
1.068180064138812924e+01,-1.296146152902136084e+00,-5.365938639993984083e+01,-1.123613358624839265e+01,-7.153735753077778980e+00,-5.089370222093725360e-01,-2.916369037895602201e+00,-1.629030484485714680e+01,1.118015764125658151e+01,-1.525675596695413816e+01,4.271581167654484368e+00,6.884967762146008141e+00,-1.797914441602702951e+01
1.061184399163062864e+01,2.781075598937130966e+00,-4.887501920745500428e+01,-2.575040127053247474e+00,-2.422885093858822891e+00,-3.133412027169952374e+00,-3.790329660462475325e-01,-1.475212820422439108e+01,1.175443178987127446e+01,-2.027678146546407589e+01,2.496988595326528060e+00,1.092916696041915614e+01,-2.141567170954152388e+01
1.048990709696696833e+01,2.802974386648509064e+00,-4.517351824363092305e+01,-6.825804422412767636e+00,-4.265631853842109855e+00,-2.418840095104387800e+00,2.265324733843686378e+00,-7.599570771623836762e+00,1.178542213578816344e+01,-2.119240280592780223e+01,-3.271173236881513846e-01,9.549658172843248138e+00,-1.300402665610454456e+01
1.038527796710747175e+01,2.669165395752053360e+00,-5.099016675610950244e+01,-4.050011981432606767e+00,-5.857143075131808097e+00,-8.747905997040618331e+00,1.639217959901013488e+00,-1.994105930852320085e+01,6.397983981483955418e+00,-2.221256046159772879e+01,7.979193464336006292e-01,1.273371609655242409e+01,-1.857434860823829936e+01
1.008309765835487859e+01,-6.780582563224679671e-01,-5.524704780508260882e+01,-9.784761835820397380e+00,-1.566211866380276518e+01,-1.382619615600685137e+01,-8.416534849378432881e+00,-3.335836395805387156e+01,3.268158702957513650e+00,-2.324421197473069967e+01,1.855503080052053333e+00,3.625334460021116367e+00,-2.481455978916640248e+01
9.916186121620988558e+00,1.272809768235144690e+00,-4.631599633996736998e+01,-5.506931066069387093e+00,-1.772790823631074986e+01,-1.206898543522315315e+01,-7.554024081008391178e+00,-3.532279230060579778e+01,4.187750236219696554e+00,-1.386480523923130548e+01,1.410131366315930279e+01,1.034142650207122216e+01,-2.864754187171876154e+01
1.003507426568218897e+01,9.556206774126193570e-01,-4.882163470584722376e+01,-4.233276079292931371e+00,-1.874872197726451262e+01,-1.471505822488167681e+01,-9.765767785794833955e+00,-3.468811282015673925e+01,3.774797577267131610e-01,-2.169788421277915447e+01,8.560538063795846142e+00,8.201337156927817063e+00,-2.391069376835496030e+01
9.654581232528528290e+00,3.941745648762705057e-01,-4.750952367999388315e+01,-7.275429447788209103e+00,-1.127636786391102497e+01,-1.248269068342506394e+01,-1.236212721792459668e+00,-2.301676651837428977e+01,9.154899328732858166e+00,-8.416804626936027489e+00,1.495172197738915365e+01,1.652233772528519395e+01,-1.202974476398930470e+01
9.579019994785504366e+00,-3.378847741989117193e+00,-5.333290962610545449e+01,-1.749541612422505210e+01,-2.083602155298907732e+01,-2.119057867235598636e+01,-1.033699970805197133e+01,-3.621158737994476695e+01,-1.263498717903379642e+01,-3.381088525890475438e+01,-1.003074745606968321e+01,1.281710143909364952e+01,-1.407368704181557462e+01
9.633233801259759588e+00,3.336588259756370078e+00,-4.256318237451948505e+01,-4.320482210407771362e+00,-6.178293545508811491e+00,-7.266513418778035138e+00,1.446303960425521451e+00,-2.528520493883127074e+01,-1.035024447928745772e+01,-3.287172794941314180e+01,-1.168464835707624161e+00,2.432839912403807858e+01,-8.276353616205707198e+00
9.491895574837480254e+00,2.245304803914324743e-01,-3.767966221671117921e+01,-2.174386070269739513e+00,-6.804285498618258821e+00,-7.841998043374899474e+00,4.972173875000134302e+00,-1.131073012048067916e+01,-9.567206275770191226e+00,-2.302719130610208609e+01,5.410812394508065282e+00,3.045350320398160804e+01,-6.426604551695421996e+00
9.517290605450519081e+00,-1.439383794461055910e+00,-4.670664769421451012e+01,-1.289723416207338325e+01,-9.114234036872066014e+00,-1.483334849735949312e+01,-7.323331582087809544e+00,-2.566130317413958295e+01,-3.735753380960009640e+00,-2.231523166857743590e+01,1.269802915163389478e+01,2.788813121435768139e+01,-9.414778776329626453e+00
9.371039840035727764e+00,-2.246317921964399389e+00,-4.499610890728716583e+01,-8.698037414313626314e+00,-1.781269782901008236e+00,-4.158991936962392444e+00,-4.086055080335231793e+00,-2.169318732682891238e+01,-2.007983962109014975e+00,-1.865776224360651625e+01,3.963025659060384953e+00,1.075736892010137069e+01,-2.330880737974177919e+01
9.288730303166589763e+00,1.673567869358412841e+00,-4.104143430159732731e+01,-6.792226289019779983e+00,-2.355702772496579112e+00,-8.584251769347879257e-01,-1.367882387988649917e+00,-1.068921096893771860e+01,2.205583238880742591e+00,-2.146523060675450267e+01,5.788996674114698315e+00,1.211035513080675941e+01,-1.936578517387671994e+01
9.155382541436042132e+00,5.540925092501348459e+00,-3.471170289100366801e+01,-6.855669900532133099e-01,2.052711165231394741e+00,2.603448013480354817e+00,2.160610593893173448e+00,-6.871457676027071138e+00,2.703149522800131876e+00,-2.852525308658829317e+01,-6.578846904976130006e+00,3.642862505377850724e-01,-3.319820181641694035e+01
9.363518696334002911e+00,7.389708152810620767e+00,-3.327965674312850552e+01,7.771092420930348688e+00,8.379377880743781759e+00,-4.106284182196281662e+00,6.635535382139478244e+00,-1.080376769517969926e+01,-9.390214883478508412e+00,-3.890616447407090561e+01,-6.130623538773020798e+00,8.169113213834892306e+00,-2.813769010212214638e+01
9.478030261898283015e+00,6.756498106171510365e+00,-3.366609169349680286e+01,3.094507992901901261e+00,1.011713392018130797e+01,2.774200562777064949e+00,1.279153684350603548e+01,-6.466928104955846024e+00,-1.113113835879277147e+01,-3.937985204352256829e+01,-5.359898356591837221e+00,1.972050496848731171e+01,-1.633558759634197699e+01
9.031435978235442974e+00,2.443547798364563484e+00,-4.044168883290564764e+01,-8.886030694431960697e+00,4.230749515223762636e+00,-7.665127375424518164e+00,-5.053590576923348010e+00,-2.337360435804709979e+01,-2.317036964392038456e+01,-4.756826589346415801e+01,-2.386232304761692902e+01,7.535050913176823961e+00,-1.268126404072038760e+01
9.252107270721298349e+00,-9.779226893764970674e-01,-4.642711491029130855e+01,-1.687542957254128595e+01,-1.660727019139728533e+00,-1.089098485981382503e+01,-8.102972343743857664e+00,-1.833119275589859498e+01,-1.298103878553202861e+01,-3.432951176102661606e+01,-1.463736543401033074e+01,-2.023724121920885022e+00,-2.174247751855177313e+01
9.496801523371930287e+00,6.803415787932395986e+00,-4.137554444137479948e+01,-8.307007195942876621e+00,1.062470116937087461e+01,-1.336654502933628752e+00,3.673615368781683266e+00,-1.054436274316863908e+01,-5.510153466317723847e+00,-2.035533935320066945e+01,-1.130913217209865174e+01,6.384652634906606838e-01,-1.261799997475498358e+01
9.466909162217998386e+00,7.073370822712448103e+00,-4.267772045708668571e+01,-7.220047730871387515e+00,1.045729393902804460e+01,-6.641925220099842875e+00,1.514312958475843685e+00,-1.861361085527813231e+01,-1.474951064062764994e+00,-1.771786989757434938e+01,-1.629122503741406902e+01,-1.481412150395994054e+00,-1.760852810512449551e+01
9.272328745537546268e+00,5.014142031885343798e+00,-3.871094259061155185e+01,-1.209317301927727861e+01,4.679144321392328720e+00,-6.625018819258651881e+00,-2.677067993921040667e-01,-1.717134242282477530e+01,-3.029601328720943343e+00,-1.785020213062973582e+01,-1.401246239630989976e+01,7.430562184501156686e+00,-1.303059472277799102e+01
9.309892378048244765e+00,8.466945716340084971e+00,-3.915308592939808818e+01,-7.848348973219755109e+00,2.330905526786005932e+00,-9.652967865583001128e+00,2.287415157380256581e+00,-1.478164733480033100e+01,-8.361533478550619236e+00,-2.073232186389461873e+01,-1.414133454462399087e+01,-8.476085931694392173e+00,-2.286219201322954575e+01
9.614409679128620212e+00,7.743063443067082829e+00,-3.910975711936072230e+01,-5.065547921372344220e+00,6.360078989979880859e+00,3.596658578175794263e-01,4.538431933820221253e+00,-7.307265767231843512e+00,8.256254047268861029e+00,-7.736032685905160911e+00,-1.414486654827469825e-01,4.710988723012270896e+00,-1.997013135318371013e+01
9.581285449690126299e+00,5.644203009906919810e+00,-3.832616276939413069e+01,-6.829873022081216050e+00,4.241791905878005586e+00,-5.648898549119427681e-01,4.261160640037291447e-01,-9.180305837207216157e+00,6.975843216858924833e+00,-1.217611157675573352e+01,-6.865345838108150467e+00,-2.339597986278376673e+00,-1.914993246144438999e+01
9.412356039994964618e+00,1.062089473858616095e+01,-3.521102346855100507e+01,-1.525220062648395158e+00,5.959632483932812974e+00,-6.038848290488689763e+00,4.985957809969187693e+00,-1.425635200334055064e+01,6.314195032574611233e+00,-1.040975381373701758e+01,-1.705512614622866607e+01,-9.077374293533226890e-01,-2.457661915253828155e+01
9.525017643169709558e+00,1.039737077457323622e+01,-3.688944653072581303e+01,2.169954571159451895e+00,6.870983661339299609e+00,-8.235027767817188149e+00,3.954938045677637515e+00,-1.372095411647161534e+01,-5.888329963994090033e-01,-7.428631439194424146e+00,-1.991974128254449994e+01,-8.925667556252312451e-01,-2.331574418552094485e+01
9.365440766251071025e+00,8.651245202249773669e+00,-3.669194882525915347e+01,1.461155307928679870e+00,8.797448742916078146e+00,-2.756508248444522469e+00,1.031655626251782287e+01,-1.086482896291246902e+01,2.933229064453404256e+00,-8.963382852414689239e+00,-7.302189069142162481e+00,1.442764350391442818e+01,-1.324202592473349505e+01
9.534303990774573023e+00,6.364554916697224840e+00,-4.251264533141520729e+01,-6.591341705242730775e+00,-7.079799296836748468e-01,-1.413388864685946977e+01,3.248334513762737075e+00,-2.233724699938382585e+01,-1.101808706931964998e+01,-2.273672776885698710e+01,-8.566229156309605131e+00,7.053360829314573976e+00,-1.964724864035879293e+01
9.476473273632265659e+00,7.416825491714261531e+00,-3.730306515459525940e+01,-3.193892453996021175e+00,6.311489275363642903e+00,-7.999736058366887725e+00,-9.440774163980485412e-01,-2.413300762740359673e+01,-4.860872198368955566e+00,7.808411980029371646e-01,-9.488099190214941414e-01,6.653987562768390873e+00,-1.167254114113609731e+01
9.357591860761738545e+00,4.625622193486461420e+00,-4.190248114694346526e+01,-3.278075107203411331e+00,5.438981042389546161e+00,-1.559963651166632737e+01,-8.690172510000024886e-01,-2.724723528266151007e+01,-4.543633111084258047e+00,-3.779339251183579051e+00,-9.676639585130461185e+00,4.630959020167936480e+00,-2.077403862673844515e+01
9.357296583513910804e+00,5.943527285790543679e+00,-4.082698717480997885e+01,-1.672500314559910162e-01,7.417102942492398654e+00,-8.504560246549710101e+00,4.493570463253408143e+00,-2.272441643722089921e+01,1.316842571392446315e+00,-1.191767739116473407e-01,-1.041507644082440009e+00,1.589609254081171130e+01,-1.069154991211974703e+01
9.413892114285474122e+00,2.955938176405444207e+00,-4.509405304215228227e+01,-8.735144969089468248e+00,3.846810182637752984e+00,-5.789880308999817871e+00,1.839938711396753579e-01,-2.036626216881626306e+01,-3.725666448995942348e-01,-2.963327960912049974e+00,-7.240669686226101298e+00,9.451466313378963591e+00,-1.106349444486125400e+01
9.525542173685533243e+00,3.232886933558834830e+00,-3.779394275466374609e+01,-9.879184229908739567e+00,6.679632894067514925e+00,1.727707641716642817e+00,-7.240257282639980474e+00,-1.941273628332346135e+01,4.453341325374433168e+00,-1.408802211976061036e+00,-5.479927373114304778e+00,8.579313652604156459e+00,-2.762205468444294709e+00
9.377823895195657400e+00,5.296197158194653198e+00,-3.382513105687340982e+01,-7.658012682036734908e+00,9.759764104824533604e+00,8.781676760719811625e+00,-1.906812678194532928e+00,-2.499146061091360593e+01,8.825396665241770577e+00,-5.013482306710569603e+00,-6.785769994229452706e+00,9.203158348239618647e+00,-4.812599928749447642e+00
9.147852738080914037e+00,2.775043820085738577e+00,-3.407376220262783306e+01,-7.408694467186860422e+00,7.244341553885856655e+00,5.808661002855456168e+00,-1.440834428876095696e+00,-1.204128622284989092e+01,9.380700199379594650e+00,-3.941042499197180971e-01,-3.766830995265026405e-01,3.384226132321460412e+00,-8.225699174178902950e+00
9.328432512649825981e+00,1.030263222930002387e+00,-4.237283711270652731e+01,-1.039767725514081320e+01,2.781858639815995016e+00,-7.066211068443312149e-02,-7.123071241747244819e+00,-2.410622200737991960e+01,1.246328858564280218e+01,-2.464673671269026034e+00,-9.810813339776938591e+00,-5.730844546123105232e+00,-1.414055857599526433e+01
9.376425049452056015e+00,1.478199064442300203e+00,-3.994690050311802310e+01,-8.003440245457154489e+00,1.082832246881754834e+01,5.779854638066161066e+00,-4.524776126570909107e-02,-1.372990718111205410e+01,1.384805058762880137e+01,-1.860277186065917299e+00,-2.915983220955406185e+00,3.346964386192907703e-01,-7.749207154525889152e+00
9.653268720926311275e+00,1.890531839788555324e+00,-4.197717395439285326e+01,-1.204177540089122722e+01,1.981949659895247073e+00,-4.754240315551484741e+00,-7.992691020536065061e+00,-2.533916916245177120e+01,9.093697494819462435e+00,4.256971406965919691e+00,-7.565006526600959624e+00,-6.727662124988071923e+00,-9.214350473380854112e+00
9.398140817616869924e+00,4.161158772585165089e+00,-4.233333093203572162e+01,-7.682615451859152955e+00,9.306625191639222194e+00,-1.146200828786926706e+01,-1.507100060625269577e+00,-1.946920493827554921e+01,1.226395842288196647e+01,8.030897691417452577e+00,-4.200484687932944716e+00,1.768009324369083313e+00,-1.451835006620208546e+01
8.934306554038883519e+00,1.506580891395256971e+00,-4.136524877612204421e+01,-7.028848084103209715e+00,5.518823866110861509e+00,-1.991194392141717628e+01,-8.675097238223193230e+00,-2.093572437097378369e+01,9.112817095812742352e+00,-6.339259670906912447e+00,-2.049147036518833787e+01,-1.936302295156173692e-01,-1.469184859192870185e+01
8.640170253068582440e+00,-1.771315684670572155e-01,-3.808562874181919966e+01,-6.270743787752690146e+00,-3.861115369487896576e+00,-1.504793037388615495e+01,-1.245642841064520923e+01,-2.622557925465851980e+01,9.368452839015818157e+00,-1.075794541347495858e+01,-3.277731721693577782e+01,-9.001589071155914112e+00,-1.557392403891340571e+01
8.783148808205272218e+00,1.473510503051929765e+00,-3.733507467054782580e+01,-4.304505576312212867e+00,-1.353069969654474791e+00,-6.105855731597160663e+00,-4.524678934871905867e+00,-1.692470953627861974e+01,1.881434932488908274e+01,-7.110091865418587176e+00,-1.532267518497912029e+01,6.070169998653533128e+00,-1.104890866720894671e+01
9.036783066126076847e+00,4.166708801209100699e+00,-3.446744642491062649e+01,-2.695617541348042101e-01,7.046884192319638807e+00,4.193926464561288370e+00,-1.435327389436619194e-01,-1.937010355475992895e+01,2.302885034392817332e+01,3.027725728046742226e+00,-7.668594014825116822e+00,4.786546462738228591e+00,-1.629258301410862231e+01
9.410379194702491290e+00,5.656873347296762944e+00,-3.754487165397807047e+01,-5.473663412668273942e+00,6.353674450963830544e+00,6.253885438483722581e+00,1.945901546049333630e+00,-2.878154770339845925e+01,1.974989805609440907e+01,4.916581118096285952e-01,-2.676169000796880582e+00,1.458031742702251599e+01,-1.572746712466460295e+01
9.438770495988890730e+00,-1.488956897910294508e+00,-4.619441876255004331e+01,-1.582295960444047367e+01,-2.752552921012622278e+00,-7.338242693449775755e-01,-2.432070945254269478e+00,-3.168129060838208488e+01,9.421341312597270701e+00,-1.507470418039274618e+00,3.429182433918711581e-01,1.839020523056003498e+01,-2.194455610472300222e+01
8.923708609838698180e+00,-3.161197173325559717e+00,-4.656405553738880343e+01,-1.818567777544209463e+01,-6.089648053845139408e+00,-5.015949135413204196e+00,-7.567801696970613889e+00,-2.717634736004378126e+01,7.279399936908319546e+00,-1.185870251152937271e+01,-6.608813190940754367e+00,5.455789698414667654e+00,-2.065233532828838392e+01
8.885508438629864614e+00,3.795398178235253717e+00,-3.619567810425737520e+01,-8.985515413511892646e+00,6.251004507554465128e+00,7.681843782721706759e+00,4.189651514648548236e+00,-2.357233889747642053e+01,7.176410496880512468e+00,-1.240746434388488240e+01,-9.753495450677663214e+00,-9.534744992093191485e-02,-1.304094604835340299e+01
8.882546102652984388e+00,9.310862923161061788e-01,-3.990181246869379805e+01,-1.630142619550594674e+01,-3.328153300380307655e+00,4.554206169827994977e+00,-3.164179771758201531e-01,-3.077767267141467755e+01,2.579384146067641215e+00,-1.286520019075483034e+01,-1.653415623443682492e+01,9.315907881022820192e-01,-6.689107285120490687e+00
8.767650898754034472e+00,2.061362044442930141e+00,-3.860611451556394513e+01,-1.151348980288793022e+01,-1.862209897415332494e+00,5.610534428970214371e+00,6.184131359221697544e+00,-3.386834545808188324e+01,-3.010457434772136676e+00,-1.655873293753622377e+01,-1.048513395831523098e+01,5.614588460110732981e+00,-1.085137135474294112e+01
8.874886769519424234e+00,7.822552238575066319e+00,-3.152682362131300309e+01,-1.494029004957538209e+00,5.276713831387849218e+00,-4.869767652956939585e+00,-9.944301925338367099e+00,-4.427770147727682115e+01,-1.218754580000722676e+01,-2.626240108019332808e+01,-1.769712966752218719e+01,-6.396467221434902761e-01,-1.402080417201788975e+01
9.109361213756905329e+00,1.075745138617529051e+01,-2.993638967412518070e+01,3.712089986696217814e+00,8.441880463008738289e+00,-2.500609183445275385e-01,-8.740772586074365691e+00,-3.369529697876242125e+01,-6.323729833586957838e+00,-1.728146807025033738e+01,-3.125882043052670145e+00,5.827508319095874967e+00,-1.067703247734825567e+01
1.009408199013557450e+01,1.759214332509183265e+01,-1.234864752020253853e+01,8.660497164366679712e+00,1.176856752553684338e+01,5.549940996603982768e+00,-1.932276085689657563e+01,-2.516710087635758697e+01,2.207855026066252169e+00,-1.285503891665606346e+01,-3.799565051415455752e+00,-2.436011040912444692e+00,-1.009612099451801370e+01
1.363970002210658627e+01,3.287385942349153112e+01,-2.011363680820401711e+01,1.359670715789386009e+01,1.960907954957329125e+01,3.775190089828369899e+00,-2.446466268754125295e+01,-3.159932370964065740e+01,2.601297415045019434e+00,-2.832327190067146105e+01,-2.993959794215827941e+01,-4.608847258366877142e-01,1.213731965549398106e+00
1.487751065083919855e+01,3.177840426666608664e+01,-2.064200648000427307e+01,8.738221660665558943e+00,2.656218327768308285e+01,6.094220534080259100e+00,-2.174169976060027309e+01,-3.464801013665539386e+01,-2.503117359420608068e+01,-4.266615538569759281e+01,-2.817758701330114945e+01,-1.504811960334149212e-01,-1.176779832909058676e+01
1.561131733036987335e+01,3.116823454602226207e+01,-1.456780766608982525e+01,1.019825199510220237e+01,2.806841456802592205e+01,1.779480172016265627e+00,-1.745590788717723285e+01,-1.855553923960829010e+01,-1.697756422305822710e+01,-3.736837945664973404e+01,-2.218762826497158613e+01,-3.009409063815785323e+00,-1.668744792476312355e+01
1.609945410669519106e+01,2.945043018482235908e+01,-1.180164544282752992e+01,2.222139864242075902e+01,3.664062406317253817e+01,7.999907951115186044e+00,-1.470297478258826729e+01,-1.759133705246145496e+01,-1.423449250870868710e+01,-2.968172821753370627e+01,-1.339468799088237283e+01,-5.925964014506847732e+00,-1.969778228784257124e+01
1.648707487752164624e+01,1.890091418935653422e+01,-6.867436065653527599e+00,1.170181546972362518e+01,2.812401601424696196e+01,3.504902507335726725e+00,-1.853454000577505667e+01,-1.500045725837501109e+01,-1.181282489848491402e+01,-1.955023533737326247e+01,-1.852916648327153482e+01,-1.611097910685847623e+01,-1.525145904062778790e+01
1.666209048253998048e+01,2.516904704320986852e+01,-8.706150177890819464e+00,5.247418729208293442e+00,2.427864415772932460e+01,2.415193292991050900e+00,-1.712054614086051885e+01,-1.505744727634549029e+01,-1.243918171359214675e+01,-1.775813561549277608e+01,-8.748587027310938069e+00,-1.495238438499772560e+00,-9.643288020447400299e+00
1.646836367097289511e+01,3.683880296336501914e+01,-2.006773713370215972e+01,1.828936026587184216e+01,3.234608951368846874e+01,7.684152881377157573e-01,-1.832428111365091539e+01,-2.386535647415171013e+01,-1.039994136517986512e+01,-1.997447050500207055e+01,2.761191414869163196e+00,3.253882590781361550e+00,-2.397873486165476820e+01
1.608011563677371214e+01,2.380066857541042680e+01,-1.552150706169524774e+01,1.175168352421332330e+01,2.424463197325291830e+01,-3.429645314175136850e+00,-2.498851297030457275e+01,-2.484361140069008300e+01,-1.721308711017896798e+01,-2.264488895968638360e+01,4.555535421262091877e-01,-4.497588270236767549e+00,-2.896473810780375402e+01
1.718864974531497936e+01,3.407574396970785102e+01,-4.885515793826645847e+01,2.912985249478430916e+01,8.971846602526039050e+00,4.068366264868969573e+00,-1.757693582483910788e+01,-3.669358425374800703e+01,-1.230208329682871415e+01,-2.896093430823416881e+01,-2.794220935664771943e+01,-8.630542042746279563e+00,-2.807088099376696277e+01
1.779705230552193029e+01,3.003817299370658489e+01,-3.744282039670792273e+01,2.859932805101898978e+01,2.221285177165238878e+01,-6.552838531733196525e+00,-1.678661698239702105e+01,-3.170022329782779025e+01,-1.484948492887583349e+01,-3.191560124631830675e+01,-1.847408548647574733e+01,-6.369398025788933992e+00,-2.924352742265963201e+01
1.808282859485082028e+01,2.704103328887583757e+01,-4.032596449285684770e+01,1.126445636859518551e+01,1.614101881772071678e+01,-2.216188939896212062e+01,-3.762509562399364427e+01,-3.891779035096283934e+01,-3.138965649071233699e+01,-4.677733777150099570e+01,-3.850380952796410128e+01,-2.898703846632379921e+01,-3.099794615539987674e+01
1.854690798599759205e+01,1.618865372507671196e+01,-1.926008007462691296e+01,8.699308162736993921e+00,2.961385879245717234e+01,-2.254992583409674456e+00,-3.159871492229900625e+01,-3.194826775654703255e+01,-2.296818937393031845e+01,-2.477940160083785770e+01,-2.545881976232026744e+01,-2.369699427294298033e+01,-2.075198452175376573e+01
1.878782175040380054e+01,1.392051494599118300e+01,-2.211918013126604876e+01,9.577677308312663840e+00,2.466808795376312702e+01,-1.379098173177264108e+01,-3.965012650023007268e+01,-3.539492151705285750e+01,-2.651963993739868641e+01,-2.433006361296429887e+01,-2.348942553702629965e+01,-3.368236630793452946e+01,-3.012400993491150913e+01
1.910592083400162267e+01,2.716074488289964961e+01,-2.471787629512276041e+01,1.639720311257811147e+01,4.244488896058018668e+01,-1.489206786846256136e+01,-4.089869064345329264e+01,-1.595163853316848446e+01,-1.964223086089160741e-01,-1.249474054976341542e+01,-1.228178815952207259e+01,-1.653096497156465006e+01,-2.448167842512582482e+01
1.927552855225291495e+01,2.968794782045823410e+01,-2.988904301800667085e+01,2.993266409728132960e+00,3.504165523531759874e+01,-2.248720257780123077e+00,-3.824471127405692528e+01,-2.933569047646041383e+01,-1.230474736956227844e+01,-1.464509483085872432e+01,-1.003405243174828598e+01,-1.017913129814213491e+01,-1.814325445333501108e+01
1.847799735587841141e+01,3.056003954038169468e+01,-3.662581864151279376e+01,-1.790545765307712811e+00,1.346223477647525435e+01,-7.667169802709044468e+00,-4.805200851642767645e+01,-4.421048558530333139e+01,-3.364789933554664003e+01,-2.700874279145718759e+01,-2.119640515292536520e+01,-2.554811566443888537e+01,-3.075050459117732515e+01
1.766534390511434438e+01,4.045394133940197179e+01,-1.455599603940197184e+01,1.260062225321801677e+01,2.592416711342671931e+01,-1.300358945205095296e+01,-2.822236552057143300e+01,-1.785652571060910532e+01,-7.588021274288473172e+00,-2.150513202111042688e+01,-1.492076880193763344e+01,-6.974059118847851124e+00,-9.408284087079046287e+00
1.760451829684584268e+01,2.623660810484531325e+01,-3.543258315504024925e+00,4.179868363685863564e+00,1.905747109539125361e+01,-1.966225865702301068e+00,-2.545105863233961685e+01,-2.190214433672378291e+01,-1.512618053631546644e+01,-2.160397408214437931e+01,-2.127946675193398463e+01,-1.942941542721753123e+01,-1.318497110220066482e+01
1.737314882444049147e+01,2.965327252288751936e+01,-7.928551121631704390e+00,-2.288175991936107323e+00,1.905954562957128218e+01,5.479561380519376357e+00,-2.200542153459738159e+01,-2.688289474254730393e+01,-1.495959508157978668e+01,-2.126336899689567872e+01,-2.451767211910673794e+01,-1.632625017018511571e+01,-1.232768603935658547e+01
1.748234236758884563e+01,4.072971804756924996e+01,-2.154174296594236182e+01,3.742980962396559086e+00,1.565265821011322700e+01,-1.089771893431097638e+01,-3.002293431900409360e+01,-2.748564091096559281e+01,-1.815932819491499473e+01,-3.610975469032162266e+01,-3.437066478250600454e+01,-2.929898792363347582e+01,-2.113123880360097928e+01
1.767937777559102130e+01,2.690193785797376336e+01,-3.851752092743626843e+00,8.063872144466811831e-02,1.245018912744024675e+01,-6.733220932553525273e+00,-2.735859259951485356e+01,-2.949700776021052206e+01,-2.830843866708261558e+01,-3.233083843472127938e+01,-2.689485204654197048e+01,-1.706694911433466544e+01,-1.012701441462001384e+01
1.754398269437769287e+01,3.119604582945810733e+01,9.454204748587501372e-01,-2.562906851019828292e-01,1.092610571737748693e+01,-1.068061738676215677e+00,-1.921871107567568515e+01,-2.110068153839435823e+01,-1.699680430842153811e+01,-2.404996032701839681e+01,-1.869708677995006951e+01,-9.538524116426753352e+00,-7.029074843792191274e+00
1.781399612045569469e+01,2.505435949247994287e+01,3.312409733404246270e-01,9.333138033405565803e-01,7.444657001943339125e+00,-4.110811302484478347e+00,-2.171161738903962757e+01,-2.698099883288882950e+01,-2.073076023145523550e+01,-2.508765270550362914e+01,-2.813665598307721183e+01,-2.308644882663403664e+01,-1.436378005192885965e+01
1.813023953753612361e+01,3.842398873645804258e+01,-1.188567278194508781e+01,-2.279490196970898719e+00,1.085766943050264821e+01,-7.073017513669869416e+00,-2.793340295431863041e+01,-1.741608025794369041e+01,-1.689376557760169462e+01,-3.870586738168970697e+01,-2.099263580133958840e+01,-9.196087011241040443e+00,-8.026755340798347405e+00
1.829346018394798890e+01,3.147523046462865182e+01,-1.775109859167316628e+01,-9.312497554074044004e+00,5.153577516982883466e+00,-1.682163623582363243e+01,-2.995273631942108139e+01,-2.295941461738568989e+01,-2.383256957817596700e+01,-2.848068132241789030e+01,-7.816843116147754067e+00,-1.468593022434823148e+00,-7.708139164358147610e+00
1.851806567819660287e+01,3.187631529333742364e+01,-1.635775521811905264e+01,-1.897902541868568660e+00,8.148365617239830883e+00,-1.008685402204147863e+01,-2.043845856987002918e+01,-1.742743296102896622e+01,-1.980160539152056032e+01,-1.620738092200674885e+01,1.260837596017218942e+01,1.547928270218472768e+01,2.968420948349471900e+00
1.857483576152419857e+01,3.106818934007323918e+01,-2.011745932160850359e+01,-5.242111860642074461e+00,5.114058190516182378e+00,-1.204397999680656284e+01,-1.877685722739512286e+01,-3.221414308879951705e+01,-3.183178189055886875e+01,-1.369113420352731580e+01,-1.239517171827928976e+00,3.846258798175778981e+00,6.567138491957356550e+00
1.850295180851533416e+01,4.639671588868902319e+01,-3.868430506883720454e+01,1.365180536366465525e+01,8.666286943118850061e+00,-1.369615468840769168e+01,-1.669945539346461061e+01,-2.979727584174067800e+01,-2.208353809736411577e+01,-1.398544307588104907e+01,1.106043217561366809e+01,8.368771589657864496e+00,6.537818889700179881e-01
1.868604993670911441e+01,3.676334912228264074e+01,-2.848366362066543900e+01,1.122072454225190308e+00,5.580456517515661297e+00,-1.832804335231388393e+01,-2.225459337992744580e+01,-3.240817307498912214e+01,-3.671360091687831328e+01,-1.976313714193375048e+01,1.742911043333953103e+01,1.099206863715502358e+01,-7.423449335184708175e+00
1.877373898783037376e+01,3.221983956994027665e+01,-1.709936752147177330e+01,-4.984382959636517452e-01,2.200298465396022252e+00,-1.125264310047035821e+01,-1.234471221948183484e+01,-3.051222558456293754e+01,-4.015816893670534427e+01,-1.906930384496271103e+01,1.142317873112051885e+01,9.172311242406058440e+00,2.525549453630350438e+00
1.864993179179682414e+01,2.315101861822691376e+01,-1.971915123828826921e+01,-8.016115789649322920e+00,-2.292931419427667983e+00,-1.009416782436361970e+01,-8.508436172468977432e+00,-3.358670743603190090e+01,-4.553202340903789036e+01,-2.292601452237629545e+01,-4.153466643338647124e+00,3.868764312660588622e+00,9.057707314842437185e+00
1.667169002730808103e+01,1.751960154878591069e+01,-1.087221861391045152e+01,-2.796214898951405181e-01,6.613031715824823742e+00,3.225003541132075213e+00,-4.494724385458066518e-01,-1.886861493408121149e+01,-2.195961671456872821e+01,-8.517536733958735340e+00,3.395880226157629855e-01,9.256437552439395589e+00,1.082347385682116858e+01
1.556887461910716652e+01,2.360193975017355683e+01,-1.017830386701479028e+01,1.958064668299319688e-01,-2.688432500624064581e+00,-7.450677500150880483e+00,-7.813805919960191915e+00,-2.324697148479248554e+01,-2.014138147036642579e+01,-9.808209189110959514e+00,-1.647384526540679683e+00,-3.842146172585239050e+00,-7.037493616106123895e+00
1.553747072245000460e+01,3.652452284843851515e+01,-1.154118193544619686e+01,1.279129763551652310e+01,2.211532436835007775e+00,4.250516427535875330e+00,-3.616842909387015137e+00,-3.439878282304283630e+01,-1.709945538068478044e+01,-2.243789832035182386e+01,-5.861096298922109149e+00,1.906627796873988245e+01,1.223589865191261783e+00
1.572491220926800004e+01,2.305182760742030368e+01,-6.876680167624780182e+00,5.893773870728363562e+00,8.894294530090144590e+00,5.185167754299829096e-02,-1.085058753580987378e+01,-3.143009752616983121e+01,-2.775304270302704523e+01,-2.651542405291514726e+01,-2.109749905158396999e+01,3.623242429861423197e+00,1.453016321642267128e+00
1.511171860241895892e+01,2.004400909557570287e+01,-1.711726317694450827e+01,9.701181089342401975e+00,2.305847948850341389e+00,-1.276291100404591461e+01,-1.626463975238286253e+01,-3.102852836746703602e+01,-2.589213717358545708e+01,-2.469836701539475499e+01,-8.385337356878581616e+00,-3.290915416837869145e+00,-1.702291962323677055e+01
1.665877536093105604e+01,2.765819717785389997e+01,-4.196321138083868618e+01,1.615473411552603267e+01,-1.582265753605817515e+01,-9.931780549778428835e+00,5.830157716337836860e+00,-3.288335390714422601e+01,-9.957522680657012515e+00,-1.710384778133944650e+01,-2.931626282894515256e+01,2.064696488562344445e+00,-6.192092966971883605e+00
1.694320095995546183e+01,2.090597689836694073e+01,-3.925282223109260116e+01,1.596154394818818290e+01,-1.765584428026424391e+01,-3.295908859590268136e+00,5.173911354645726490e+00,-3.563970206275271124e+01,-7.548601444313083775e+00,-1.796656032692335714e+01,-2.983739149894652343e+01,-5.546388691176623809e+00,-1.096300155489371342e+01
1.627198201281408885e+01,1.196532311670740434e+01,-3.410149952757017644e+01,1.533703298344296506e+01,-9.367374834818738449e+00,5.931193837679098468e-01,7.387657544806451426e+00,-2.608928944025122476e+01,1.567143573693845715e+00,-1.013218719911115606e+01,-1.476881986491610377e+01,2.373944590856226444e+00,-1.350327969084146318e+01
1.690239548460101204e+01,2.017254854316347235e+01,-3.333124346970384266e+01,8.567391605300247903e+00,-1.708301058678607731e+01,-1.371461858389095845e+01,-1.947465802161904014e+00,-3.813734447236931402e+01,-1.583664159196270127e+01,-2.855033348329043008e+01,-1.461790692510956902e+01,4.639439337922504514e+00,-6.660672250241172598e+00
1.771163308073020204e+01,1.969833795789104869e+01,-1.004006233477342747e+01,9.302718409176859993e+00,-2.141205207252168563e+00,-9.455253542492469521e+00,-7.696305488324970412e+00,-2.140077035546766382e+01,-1.695302499065448387e+01,-1.928105582607063440e+01,2.102119725506420345e+00,1.876583707049852734e+01,6.361202626830841034e+00
1.824874411985815215e+01,2.215193491922151381e+01,-1.042626772363589360e+01,9.367372516588998721e+00,2.440232314044119111e+00,-1.265149538751112601e+01,-1.783756428416901230e+01,-2.639693858888674072e+01,-2.339310414794715953e+01,-2.460713654303743070e+01,2.779934399321688510e-01,1.986429122925729018e+01,9.464576132470099878e+00
1.807652448988774196e+01,3.894577413409322730e+01,-2.828119471405711849e+01,2.264766007163741079e+01,-2.749568582406128225e+00,-8.496958300064211045e+00,-3.838301995116584209e+00,-2.507158135087841089e+01,-4.301013165937302318e+00,-2.783073604659095679e+01,-1.548972182941223963e+00,1.880241550815926388e+01,-1.300378481754414839e+00
1.774841414114639804e+01,2.967424047281297206e+01,-2.077074848839845345e+01,1.809681917919189686e+01,-1.838263108227751852e+00,-1.263398233090326350e+01,2.583626060414961234e+00,-1.695804814758867707e+01,-1.254898556646048924e+01,-1.988524160760958637e+01,-4.909594101573221181e+00,1.131983568885934588e+01,9.742069191331155231e-01
1.703509783405227651e+01,1.963659559501681784e+01,-2.498690284528088768e+01,1.136673323631171506e+01,-5.343329660665159686e+00,-9.527834814510102390e+00,1.311085544749088561e+00,-2.631772250612722885e+01,-1.759199649703670687e+01,-1.999579915599266045e+01,-1.274026507199350355e+01,4.246544650810582411e+00,-6.664000707271086732e+00
1.668517012518886133e+01,1.557716380822254720e+01,-3.444538772763645795e+01,2.055895003134146037e+01,-1.220412932986988075e+01,-8.399844330978988083e+00,6.943461532125620117e+00,-3.709831673634529636e+01,-1.393413904367610456e+01,-1.975392600599721149e+01,-1.244998796139522490e+01,1.024197726932834129e+01,-6.870920969463007566e+00
1.701699202784110909e+01,6.618491409694827077e+00,-3.226110224718844677e+01,2.757073310193979054e+01,-1.426256028581856938e+01,-1.197820142234381358e+01,5.043481355890303774e+00,-3.716772443826570083e+01,-1.693511860049935791e+01,-2.092058186656500496e+01,-1.956688517206387701e+01,1.269354471299722231e+00,-5.437068855956768587e+00
1.798121731562894254e+01,-1.945183767251694062e+00,-3.240182682841540895e+01,3.188664962014743409e+01,-2.038633422289246511e+01,-2.010690151980394447e+01,3.562482841817566470e+00,-4.578736777103166133e+01,-3.141077805357030073e+01,-2.464861098998771993e+01,-2.760713076139839472e+01,-1.536808463079289311e+01,-1.428939871920814575e+01
1.841972252477660632e+01,-4.528062824398548791e-01,-3.783936911399936065e+01,4.659082586152382532e+01,-2.636419004065807670e+01,-1.304692223947784235e+01,7.652180505944639499e+00,-4.849957431977566813e+01,-1.880292520877712192e+01,-2.043174591516736882e+01,-2.007377260238430594e+01,-6.155509489007748414e+00,-9.151268593872678991e+00
1.889584452484359289e+01,-2.798334432841085295e+00,-4.101565498112518071e+01,4.295979567594563520e+01,-3.635549943658715932e+01,-9.688046454834564614e+00,2.804760098477803609e+00,-4.011912511479533805e+01,-2.210207459038741362e+01,-8.966601451549268020e+00,-2.168996334870540466e+01,-7.349387972017096260e+00,-2.024151735014783782e+01
1.890118235129494195e+01,-3.548089591515423802e+00,-3.379136769279432428e+01,4.620959766167322158e+01,-1.122738360206474262e+01,-2.163817556600390324e-01,2.874050636189845775e+01,-3.979481590237426758e+01,2.086034239688105141e-01,8.053980042550870522e+00,-1.025558021069851122e+01,9.892915166565016127e-01,-1.544646358461564795e+01
1.842605146961621188e+01,-4.391189995785161670e+00,-3.728487848202669142e+01,4.640243707321383226e+01,-1.464699484240635918e+01,-2.325761316724656691e+00,1.922012992607294635e+01,-3.905210306461300007e+01,-3.063982592750758904e+00,-5.332406124615674869e+00,-9.725851502674805360e+00,-9.149753648642603210e+00,-2.034069060637885684e+01
1.861396576907001332e+01,-1.218832772385951557e+01,-3.406259735648134068e+01,3.294242170396687897e+01,-1.715996461035482312e+01,-7.199141979615194309e+00,6.458098949037128556e+00,-3.995529288918655908e+01,-6.479170504395880492e+00,1.867256313760858322e-01,-1.376622939212070129e+01,-1.379892536841087036e+01,-1.257413752452679567e+01
1.910378603924510799e+01,-1.415358213394329923e+01,-3.665939155517106940e+01,3.057144023031126423e+01,-2.686904047823387387e+01,-9.746615872309499551e+00,1.778399790983179685e+01,-4.535980085627559788e+01,-1.664377784337833788e+01,-1.228532576914498575e+00,-7.609833226778066617e+00,-1.296918341744672531e+01,-1.735068628440685146e+01
1.910486465870769734e+01,-8.797174376317467903e+00,-3.745342125142710188e+01,4.254883238174512883e+01,-2.404347648620382216e+01,-4.505540408343943426e+00,2.603276584154065532e+01,-4.071840598464168437e+01,-6.478375694217987757e+00,4.087541406001410138e+00,1.803158948824238772e+00,7.179439944201541079e-01,-1.020270716651249998e+01
1.795351023945492130e+01,-1.300054605490610449e+01,-2.633729506283713917e+01,2.887981141676909047e+01,-1.525112849249309654e+01,-8.840756095152316973e+00,1.126243765935839036e+01,-3.256459502989269339e+01,-1.504591218331236036e+01,-1.076392798663994910e+01,-1.669981963383763102e+01,-3.797770743773515978e+00,-8.195259646500050010e+00
1.590497306970509150e+01,-3.464879722531979400e+00,-2.818883201238204705e+01,2.594548793082643456e+01,-1.934697632176372650e+01,-4.524619974401907108e+00,4.503781307260895872e+00,-4.691094926805072163e+01,-2.064180586206362733e+01,-2.460093727723108259e+01,-1.856102237287438328e+01,6.767957145899599070e-01,-1.040522050037695401e+01
1.427310959801524959e+01,1.227817398378337543e+01,-3.478448749672063656e+01,3.314579783626317777e+01,-2.436486233556843928e+01,2.615861688089858639e+00,7.809932434241400934e+00,-3.631677170391824916e+01,-7.216695739016014244e+00,-2.132832852885761810e+01,-9.248363212028532843e+00,-5.960453729601244532e+00,-1.957043136313428278e+01
1.332671661079795022e+01,1.754459680304592695e+01,-3.741954184491579838e+01,5.070123250650279090e+01,-1.346756529545021763e+01,7.901106873356972038e+00,5.593521372453111873e+00,-3.412062396658482299e+01,1.797651561908236317e+01,-1.794922436623923545e+01,8.699699943551792103e+00,-5.251822890682428024e+00,-2.320450386860648706e+01
1.323150062912902492e+01,5.803193956613979410e+00,-1.963782192033824003e+01,3.828312274698037498e+01,1.281379729536640921e+00,1.394530957962067141e+01,2.935273269169351273e+00,-2.122476050651174972e+01,-6.869020104111072555e+00,-3.132197886890232041e+01,-9.658335683635116409e-01,2.736874249832346617e+00,-1.538937563617165694e+01
1.355582395321668798e+01,1.150242278378997263e+01,-3.608259382754771138e+01,3.248822447948749215e+01,-1.246119977931018141e+01,7.189979733563886199e+00,-1.265874670192203011e+00,-3.379285275195029925e+01,-3.909777927120323682e+00,-3.958987224818061890e+01,-7.641027217385714110e+00,3.861991676242999105e+00,-1.196234660323082721e+01
1.539170288364848460e+01,1.742208829775636758e+01,-5.198109024040533654e+01,1.290633762261666817e+01,-2.992420202357348558e+01,-1.080837388521273112e+01,-9.670497294634781582e+00,-2.348321736651666214e+01,7.155413210740316110e+00,-4.186368896394299099e+01,-7.131637171731772362e+00,7.868888120233621386e+00,-1.830093800755788891e+01
1.670915295012268231e+01,1.014251961425252979e+01,-2.412218216264476922e+01,-5.369034565541527471e+00,-1.829226401428257986e+01,-2.123422333092727143e+01,-7.759290434025155392e+00,-1.088354586013377912e+01,-1.331821634924332898e+01,-2.958244464130682516e+01,-1.283516594113240217e+01,8.555545221958807289e+00,5.440146932498529653e-01
1.789742705373830844e+01,1.906903294677885441e+01,-3.526360576903412891e+01,-4.300366992773401620e+00,-7.161012961585161207e+00,-3.024672388891293195e+01,-1.712190368618561465e+01,-1.045571590751123203e+01,-1.530029202777371289e+01,-3.281334354701832012e+01,-1.636965633880874549e+01,1.057030143653987153e+01,9.842836563679574269e+00
1.859630242659821064e+01,4.215525032657809135e+01,-4.899214341928626482e+01,1.485372982767695405e+01,-8.898438492551749235e+00,-1.057381905547123857e+01,-4.615662894930501636e+00,-9.861205129992452356e+00,5.897796567322336259e+00,-1.484732776070459614e+01,5.083406171235415272e+00,2.036993817507002547e+01,8.772895580500501111e+00
1.912973441015382292e+01,2.039931438496401839e+01,-1.784141895374740727e+01,-8.070166791394191463e+00,-4.411833712503834271e+00,-1.898046741513026703e+01,-1.701057006909909575e+01,-1.461880439266473886e+01,-1.724979976654997671e+01,-1.976462403095561271e+01,-6.777389059748576194e+00,1.419723574683624356e+01,1.530500913316696376e+01
1.979626256655570060e+01,1.804841729657095328e+01,-2.899791751845195975e+01,-1.616971600865386449e+01,1.374072460845507104e-01,-2.760705440605414651e+01,-3.658762733107891307e+01,-1.715910545555664513e+01,-7.675533335479389763e+00,-1.879461979859842913e+01,-1.759295089387018507e+01,1.200021159373307000e+01,2.585972692579991872e+01
1.994520387326388544e+01,2.614948236134398485e+01,-3.667201358254191490e+01,-7.773760723160688002e+00,7.675519426896359576e+00,-3.513012592242142063e+01,-3.430559780532620806e+01,-3.746036132326143520e+00,-7.800257176239381529e+00,-3.319747751930920288e+01,-1.492650476479975374e+01,1.380846411162844234e+01,1.843941380212269721e+01
1.946187105245885718e+01,3.242539347715150200e+01,-4.216798670267723992e+01,-3.509020859595254560e+00,-6.512825579743179105e+00,-4.014543342735201747e+01,-2.702180914503972176e+01,-1.030873315145085556e+01,-2.636133661369082049e+01,-4.826163321433173081e+01,-7.860274066880933219e+00,1.197731774486105571e+01,6.001074612315187906e+00
1.881171895412792239e+01,3.281942229704955594e+01,-1.616108994804793753e+01,2.329387864909088890e+00,8.101377045283062017e+00,-1.181988209019345248e+01,-1.077604664780071708e+01,-8.889508087289645033e+00,-1.886335546749625891e+01,-3.276235370866503160e+01,-3.409797594608277471e+00,1.950071711259794682e+01,1.351438337779637955e+01
1.767926411658766739e+01,3.109388858832308600e+01,-1.608335903028507019e+01,5.867166927610967253e-01,7.582936816232722421e+00,-9.718582972531430997e+00,-1.824050793721115582e+01,-1.572638477013006941e+01,1.023283297012336446e+00,-1.581011104908875886e+01,-1.731817125207036767e+01,1.102680729205722798e+01,1.303688436409443696e+01
1.743010125659092324e+01,2.162740034042433024e+01,-1.692775611565367555e+01,-5.007894973728273413e+00,4.698924168906930987e+00,-2.066298627630285267e+01,-3.903618766698074438e+01,-2.655079312230736832e+01,-1.885352771026004248e+01,-3.790491412245613390e+01,-2.971555535023329142e+01,-2.430155217213985974e+00,6.407764563585125472e+00
1.751530036311832106e+01,2.896764777090553267e+01,-2.260489144407539897e+01,-5.812711957983947464e+00,8.907460384441005630e+00,-1.585834243923195963e+01,-4.050230921199823086e+01,-3.057828518150118313e+01,-1.485632862580155589e+01,-4.424574419058166086e+01,-3.750710205609652803e+01,1.214725666577326946e+00,9.397499460814884742e+00
1.747298672535102071e+01,3.332400689123394955e+01,-3.108159466950219851e+01,-9.532882668752512556e-01,7.912757796747117212e+00,-1.252913866470794169e+01,-3.061865198317722303e+01,-2.858417498782802113e+01,-1.732515340718657981e+01,-4.879312120138177278e+01,-3.916981243703605031e+01,-5.468976625693955818e+00,3.492594582815632176e+00
1.737695012491846214e+01,3.344698849456749201e+01,-2.663686310688004610e+01,-2.676520444723981207e+00,9.774347695868405239e+00,-7.333292600517284932e+00,-2.839353329596687558e+01,-2.967950347638296549e+01,-1.690070004214906518e+01,-5.089374486170980560e+01,-3.300881711713099520e+01,4.733234986375705944e+00,7.204166116972855249e+00
1.708543827316745478e+01,4.094588147750475571e+01,-3.008594721957628337e+01,1.129291437745549054e+01,8.542225501905935658e+00,1.476157551108019161e+00,-1.972189942312161648e+01,-2.680495327070442357e+01,-6.721480120703634320e+00,-4.718839498027249135e+01,-2.727518131053283668e+01,1.239261608249537083e+01,1.337156720679550936e+01
1.658687878515567604e+01,2.870888174399505743e+01,-2.117349705061720044e+01,-3.205512804340702626e+00,1.111551988619325115e+01,-1.097889147930940901e+01,-2.921875593259422033e+01,-2.171473070069782452e+01,-2.713667921474884892e+01,-5.575734723286829109e+01,-3.620042190628610257e+01,5.846698330084351802e+00,1.394528397632418404e+01
1.611906686511439446e+01,4.008137859395756664e+01,-3.447262406021852854e+01,1.178426605620373202e+01,7.496408262096657671e-01,-7.215536516172404546e+00,-1.632164179167360274e+01,-2.709933385058723943e+01,-1.874627454156946271e+01,-5.939877180798194445e+01,-2.880439217261792706e+01,6.932753360148973698e+00,-3.665244856024482356e+00
1.552708233004978844e+01,2.270836348283009798e+01,-1.576795575963388885e+01,-1.605914197788081976e+00,9.721212025813835922e+00,-7.081854713261855672e+00,-2.367573432152138935e+01,-2.595561778349561877e+01,-2.216359570073394281e+01,-3.902457994982067646e+01,-2.824103036166961544e+01,-7.099915374722651773e-01,-1.081774918328497481e+00
1.524507231281221920e+01,2.954717711606625841e+01,-2.899287015546314095e+01,5.712100614129505871e+00,3.463562765459588189e+00,-1.576071916122519134e+01,-2.719570282546597895e+01,-3.631518138070616430e+01,-1.651752283480087868e+01,-4.091936980208532049e+01,-2.913899566730876955e+01,-3.125593505820631890e+00,-6.485060185347303552e+00
1.496103234563403106e+01,2.828706176219191804e+01,-2.914363493799231009e+01,1.495876838037694689e+01,1.091669396119698732e+01,-7.577272361320915195e+00,-3.171363496232948265e+01,-3.165124909853521373e+01,-1.022964987839656636e+01,-4.209329890025868082e+01,-3.021228355319494696e+01,-1.698562178667835987e+00,-2.670749803614649753e+00
1.454512969941939815e+01,3.010447947893146292e+01,-3.470481090668526036e+01,1.787013255756465213e+01,7.492843206376620380e+00,-4.467777909145667969e+00,-2.642725809677644477e+01,-4.348141513468444685e+01,-1.128901823151729111e+01,-4.846074520005446828e+01,-2.808204746773803961e+01,-6.001281635093085320e-01,-7.344138356241575849e+00
1.434433899798141532e+01,3.172960971199261238e+01,-2.846076702884636234e+01,2.808535452712337843e+01,1.409036741671190285e+01,-4.885357562136152687e+00,-2.009781225049964704e+01,-3.297027044194317824e+01,-3.355936303000651710e-01,-3.406249276992155472e+01,-1.949819712969125263e+01,6.024557885409535629e+00,-8.270886288431084310e+00
1.431859875647743507e+01,2.420578064606214141e+01,-2.825184163325652875e+01,1.728798689911145203e+01,6.619328867696180119e+00,-1.597206483182990944e+01,-3.035661709094527083e+01,-4.625127021158890983e+01,-1.117444747872790778e+01,-3.712224188544383452e+01,-2.868459903443105929e+01,-2.783959617811881060e+00,-2.508783493466051695e+01
1.381933897350741347e+01,3.029882297771911226e+01,-3.462305831728777150e+01,2.583695885374390144e+01,-1.934278037312117782e+00,-1.346054958272192792e+01,-2.253283430788142283e+01,-4.645533489323573662e+01,1.285669012890504392e+00,-3.435468852937633955e+01,-1.286380339598218114e+01,4.128423002208062798e+00,-1.806680410432529982e+01
1.357850610261335866e+01,2.572537971655830447e+01,-2.946069721055196666e+01,1.858341895891875239e+01,-1.478963401459594040e+00,-1.280508193255696625e+01,-1.652146400922088887e+01,-3.741856117106306812e+01,-1.513142828175294241e+01,-3.407978224637068365e+01,-1.546256247211313983e+01,1.121118374094809411e-01,-2.098480274857790207e+01
1.357980820671512667e+01,3.351555914280704940e+01,-3.117964738466024954e+01,2.875001374185222147e+01,1.905855287297788303e+00,-9.250985880531061412e+00,6.970680930407114673e+00,-2.582772969142330410e+01,8.439962251317494335e+00,-3.171046546148397383e+01,-1.180391365180687480e+01,5.974712017786391272e+00,-2.661126889081460689e+01
1.313888391327997596e+01,2.454340379382310644e+01,-2.781610306798680554e+01,1.573963006091247863e+01,-5.979567324278486140e+00,-1.141141460700450594e+01,-7.788376004872697322e+00,-2.521602524683476432e+01,-1.433225808675853408e+01,-3.398041475040893289e+01,-1.695047898202623671e+01,4.225593862158821601e+00,-1.131095919277679407e+01
1.285207262383261906e+01,2.530730436071980449e+01,-3.741730697826739771e+01,1.460771030090766409e+01,1.707992458132304936e+00,-1.215622226486725133e+01,-7.274154123513862480e+00,-3.534879107809717880e+01,2.969429718555860909e+00,-2.169689673239795624e+01,-1.630230811674874758e+01,3.352103301335913166e+00,-1.534176910873380884e+01
1.328433985936796446e+01,3.021257703720755572e+01,-3.869897750987865237e+01,1.233216324145454834e+01,-9.159888713828539863e+00,-6.791639576257157529e+00,7.895929729023305477e+00,-1.294457493429913697e+01,4.754078186834488129e+00,-3.217960095014099409e+01,-1.148755406597444129e+01,1.294287247058607093e+01,-6.927360212569942277e+00
1.332378608301014289e+01,1.976704735742727337e+01,-2.824288889625841747e+01,5.282060508856621928e-01,-9.514158903643577858e+00,-9.218580874819268800e+00,8.491326672663728203e+00,1.236599638666559947e-01,-1.858020661839511201e+00,-2.862321261326951927e+01,-1.382234311445806973e+01,5.779573589221610241e+00,-5.122517249847212462e+00
1.214679265626784144e+01,2.117734380859040044e+01,-4.201264001717876795e+01,1.602570978510924604e+01,-1.060354993697631620e+01,-7.057623941469260309e+00,3.299545527539286649e+00,-1.581107022501064563e+01,1.306646449212754035e+01,-2.608948543864946146e+01,-1.244732059476829278e+01,3.827053423000604582e+00,-1.102294949623592579e+01
1.245874018512510517e+01,1.840107270019521124e+01,-3.315113544627000408e+01,1.451967997323796666e+01,-3.137311026281478288e+00,-4.126760277495202800e+00,-1.251639471608100296e+00,-2.181090784088331702e+01,1.083757195070858970e+01,-1.977208118864125908e+01,-1.315561240334530346e+01,-5.320938889341453759e+00,-1.620814514276948870e+01
1.260904993482398950e+01,1.279844950692592853e+01,-3.517817027987732104e+01,9.441859382300442860e+00,-8.083182100689569438e+00,-6.110375162229871648e+00,-1.256434283742077085e+01,-2.886480769801178781e+01,-6.841687292390830066e+00,-3.312570835488195797e+01,-1.702130488268775110e+01,-9.433838005398005322e+00,-1.659815135330871527e+01
1.251669787863398398e+01,1.486442357895453092e+01,-3.864668039895847329e+01,1.230254144702877817e+01,-1.646892123236498406e+01,-5.856933021522239713e+00,-1.155666380696914786e+01,-3.293319977709109736e+01,-3.209437959141277830e+00,-4.755067686046501052e+01,-2.019999798381937950e+01,-1.376527440998487606e+01,-3.293164381475600777e+01
1.242784638308165412e+01,2.320936807234512145e+01,-3.298249238848177356e+01,2.471345226339413514e+01,-1.325522984846828578e+01,2.637515624632245093e+00,4.887123354622842974e+00,-3.602188154808312959e+01,1.398943330022025400e+01,-4.611379432441814430e+01,-1.252876296138085621e+01,-5.850617364897495065e+00,-2.391285188558495989e+01
1.245986637161256994e+01,1.415870760178590437e+01,-2.881505227277918735e+01,7.776034186201322917e+00,-1.520757664194712966e+01,-4.541207178597849392e+00,-9.307515043611047645e+00,-2.877712868917292965e+01,-9.518556191439113690e+00,-4.371921933353042533e+01,-2.278733778856421566e+01,-4.739404284019980373e+00,-1.590763928343338307e+01
1.258263385927108935e+01,1.367545885800789129e+01,-3.291292843031882143e+01,3.321276146379303462e+00,-1.394647660725925142e+01,-9.268631168385542907e+00,-1.237573253627028258e+01,-3.077168782839195416e+01,-2.208704482414121628e+01,-4.862161962951044814e+01,-2.618074005317222230e+01,-1.000050385352432514e+01,-1.391798621390642943e+01
1.237059706125295833e+01,1.624658968275738147e+01,-2.571397494634014436e+01,7.463835100563897207e+00,-1.254323418087744635e+01,-9.503010579626366194e+00,-4.797947498865605453e+00,-1.778250579304487999e+01,-2.223637855424524190e+00,-3.807724297738128882e+01,-1.752346047305495702e+01,3.141017286601414771e+00,-7.582402770862870511e+00
1.223310627167104414e+01,1.829332420034935680e+01,-3.297233649087393559e+01,1.200858073898935885e+01,-1.565991480881798559e+01,-1.261085715132212748e+01,-5.962744755177886269e+00,-2.431994186499739286e+01,1.142127436311274913e+01,-3.323759434799141843e+01,-1.741783340643746314e+01,-3.085484662125965727e-01,-1.705394120945671332e+01
1.203792711944049820e+01,1.638648225785021495e+01,-3.500970834808724419e+01,1.395026427475582054e+01,-1.947790415935740072e+01,-1.555058227855510999e+01,-1.614450762290552177e+01,-2.830228097070533622e+01,2.794423562613569167e+00,-3.706567207875592374e+01,-2.192360748711813656e+01,-1.400588729500857532e+01,-2.378709600712551264e+01
1.204692007070750925e+01,1.048778352802602321e+01,-2.557591972177411677e+01,7.390622595266653327e+00,-1.208959536197837004e+01,-1.674922371586670877e+01,-1.390674517105457930e+01,-2.071870656580488657e+01,9.927338348656391531e-01,-2.323376133503078478e+01,-2.119709833675868538e+01,-1.102809839472601894e+01,-2.334410585757747469e+01
1.200474784707460252e+01,1.295539514837550144e+01,-3.857425666538252074e+01,6.268142419443611502e+00,-1.836863140859029286e+01,-1.899013202601749484e+01,-1.370034945737795873e+01,-3.186715005549784152e+01,-9.272662159421255268e+00,-4.226735743046956628e+01,-2.680321637161955906e+01,-1.184428878649412376e+01,-3.377930113515880350e+01
1.235854545653223902e+01,9.478057454136243010e+00,-3.910273183613473691e+01,7.064582092450104156e+00,-6.718999176411073471e+00,-1.218587602891701493e+01,-1.137556896752304247e+01,-2.454550368393477555e+01,-7.169690328021362191e+00,-4.574756172874297278e+01,-2.385134168034220181e+01,-8.001435269039683718e+00,-3.051331676275370697e+01
1.240768316421450201e+01,1.524660147275527322e+01,-4.344553163372901849e+01,2.047027339666085055e+01,-8.568465257408172775e+00,-7.723193515027397815e+00,-1.174046984959593587e+00,-3.146960051834386007e+01,7.159841464615813500e+00,-4.225175970503438805e+01,-1.510350952478317410e+01,8.463135428377997371e+00,-3.343367336032255821e+01
1.231115811621679512e+01,1.200630269298201291e+01,-4.251016784785945646e+01,2.097432572217360658e+01,-6.418031678760484304e+00,-1.627901803714895790e+00,3.706457214024168945e+00,-3.450611145996226270e+01,-7.869895928708807276e+00,-3.844512302834874617e+01,-1.310635292975509358e+01,4.041006454496018918e-01,-3.819684724011830212e+01
1.211095937099410591e+01,4.104045588887770712e+00,-3.349026815057405315e+01,1.122167986228746450e+01,-3.091132320399630817e+00,-1.347434043616061894e+00,-8.942672495705373592e+00,-3.184728639997029020e+01,-1.306568624725541738e+01,-2.921949895608294767e+01,-5.285534789200826644e+00,5.175482161774989098e-01,-2.433043014839690699e+01
1.178773282123915855e+01,7.691714815979520559e+00,-3.733650808641717589e+01,2.403023335912526903e+01,-6.875065770227867246e-01,8.087163256529626310e+00,1.900796151696742431e+00,-3.914473945585798731e+01,-1.456357646943401862e+00,-3.413482417468050301e+01,-3.150090412497622339e+00,7.881628363586336228e+00,-3.337453686055480517e+01
1.193561159453004272e+01,1.029624638059771691e+01,-4.547344279338343398e+01,2.415323315027579554e+01,-3.844502268858393190e+00,1.788892575091851400e+00,-3.700691757890802513e+00,-5.190962119142434972e+01,-1.237894634421244255e+01,-4.935995955067346586e+01,-8.430656381128308396e+00,3.258114354412886549e-01,-3.958159866367875424e+01
1.184883739478980225e+01,4.741137513261294067e+00,-3.490877163298706876e+01,1.822308251246535704e+01,-1.001551544029909202e+00,1.030716019832545349e+01,-1.004199393414964092e+01,-3.359315950489649083e+01,-9.975675836696915155e+00,-3.036763482961366378e+01,-2.955523372015394834e+00,-5.503400148148493543e+00,-2.855221180646972456e+01
1.188512922655830906e+01,7.745260218966358856e+00,-4.343904778905549335e+01,7.342086096767251213e+00,-1.320195543850913644e+01,5.961923849713354207e-01,-1.655509805522634537e+01,-5.680581927630429107e+01,-1.353154738764686726e+01,-3.780469946452831209e+01,-1.555197293465431407e+01,-2.989871665371137244e+00,-3.331871321997024182e+01
1.189604973258685128e+01,1.243255370252757608e+01,-4.612111431569226738e+01,1.552453313054311934e+01,-1.499372939475720123e+01,7.004507452529868061e+00,-3.480885873211479353e+00,-5.027592062513865301e+01,2.680834471807678643e+00,-4.139526383019632050e+01,-4.364729598897906016e+00,6.675599018637575099e+00,-1.946444495509958728e+01
1.183676877618716361e+01,1.022296387828245656e+01,-4.962170738278835813e+01,1.071217812229147270e+01,-2.282835346772793628e+01,4.382077798070431740e+00,-6.978646081489131570e-01,-4.304313753737870485e+01,1.365678305756427591e+01,-4.356540157296876714e+01,-1.689377026984337959e+01,-4.485601219344045321e-01,-2.475798740722300906e+01
1.192490853794474326e+01,5.642356092524352995e+00,-4.385463506782408416e+01,1.346022515458009217e+01,-1.911370613282282349e+01,1.167347841436911260e+01,-4.415107272843224351e+00,-2.003343577064229919e+01,1.950038228689061270e+01,-2.375849399219726976e+01,-1.612556052666098472e+00,3.439535453950480992e+00,-8.655991544419306294e+00
1.318401014543841931e+01,-4.887536381309374178e+00,-4.918814525061560516e+01,1.154913977311037954e+01,-2.046591079640334954e+01,1.080142137328209806e+01,-9.163169633328100971e+00,-3.043352024965732738e+01,2.295121188153710179e+01,-1.454539148853085884e+01,3.829187466681770680e+00,1.238258327089454092e+01,-1.563626205374378664e+01
1.666999783407148783e+01,-2.034372161413469993e+00,-4.531509162526076295e+01,1.268625424936634438e+01,-5.463760054732353488e+00,1.071033023012829943e+01,2.526141942807690999e+00,-1.070293728413621537e+01,2.543437895075354049e+01,-2.237315571889965682e+01,-1.262172078288188004e+01,6.761960850123488243e+00,-1.968435469709709551e+01
1.925598728133151027e+01,-1.415675814173066271e+01,-6.112715221041446512e+01,-2.232496828876779027e+00,-1.346922093029833967e+01,-7.354256811258442772e-01,-8.296513122638686788e-01,-7.621606286092678317e+00,2.847776063460035090e+01,-1.229021036948479662e+01,-1.269358305863868175e+01,3.660958142441993468e-01,-1.298310237993734972e+01
2.062201349940492889e+01,-3.120323618061382032e+00,-7.511488857006973774e+01,1.145078223446210153e+01,-1.734515040570939703e+01,5.969928689962576307e+00,1.507569247008945013e+01,-6.443823692171172901e+00,2.871659575035356937e+01,-1.984522126897229555e+01,-9.528717986604114287e+00,6.403061055296450643e-01,-1.533453762642256635e+01
2.074547558381227574e+01,-1.161657213355554852e+01,-5.323594114350514417e+01,1.736156972475801696e+00,-8.298949725638786745e+00,1.739557221417191046e+00,1.266595412014677180e+01,-7.945543864757771413e-01,1.591631879049210774e+01,-1.532031691986937538e+01,-1.166784372440107909e+01,2.470781583203408793e+00,-1.022773187867851519e+01
2.055833755121562945e+01,-6.285591235975038771e+00,-4.915756239600511890e+01,4.567304096946112502e+00,-1.174569933957734236e+01,-4.425131011576551643e+00,1.353617841217703344e+01,-2.898265457625543995e+00,1.973345140892680760e+01,-8.622670288592004795e+00,-1.290760489032315306e+01,1.705162431633154618e+00,-9.292014965333551757e+00
2.073804723988614995e+01,2.493160612803039022e+00,-8.039315338979089631e+01,1.726426902037449196e+01,-2.420580166621274643e+01,1.177912603736737296e+01,1.698940069381335150e+01,-8.754518554938570674e+00,2.493523480914937096e+01,-1.830640657651872161e+01,-6.294383262343600904e+00,-1.559128204783745808e+00,-1.661579666700947655e+01
2.068228027859480989e+01,-4.573150085592423864e+00,-6.387603701810039780e+01,3.376372678265708860e+00,-8.375073670175970264e+00,-1.988130813548442566e+00,1.097006303369056468e+01,-8.794576047467797864e+00,1.875796351144052210e+01,-1.764253335530222699e+01,-6.916866771135385505e+00,2.314214632347820100e+00,-1.728274527009072514e+01
2.081423696406018564e+01,-1.126754119088650619e+01,-7.615009728196828576e+01,-1.617978163081226128e+01,-1.789893098974715002e+01,-1.305353458287658874e+01,-3.876109744930197110e+00,-1.573694609251342857e+00,1.870353516731049126e+01,-7.154909237900213270e+00,-3.478130751987511537e-01,-5.901177140603886428e+00,-1.640500331997096950e+01
2.089034613535810792e+01,7.904523781148182771e+00,-6.417377957641411967e+01,1.646450463409452070e+01,-1.112458639065978616e+01,1.273442170249471417e+01,-2.753554163388971077e+00,1.321425212686853090e-01,1.694900455363104541e+01,-1.112825130140793206e+01,-9.303748173022443169e+00,-1.306808197895550361e+00,-1.936237930751500613e+01
2.075351141884965500e+01,-1.587697550629255971e+01,-7.167755038325701378e+01,-1.147318028558445135e+01,-1.667489213773942680e+01,-8.060580652565150217e+00,-2.091275888390553561e+00,-6.595163196687888529e+00,2.096488511855143599e+01,-1.263045182455917370e+01,-1.101225108078743276e+01,-7.534712163194672740e+00,-2.510044660293436181e+01
2.017310318574607209e+01,3.998399054669410368e+00,-6.205210985366952769e+01,1.862598185494435299e+01,-5.840187751323446363e+00,6.429764279737472110e-01,1.090717821412877520e+01,-1.296076519579286135e+01,2.715180707056583032e+01,-2.147708177346790492e+01,-6.729608024485221662e+00,8.046493858617123962e+00,-2.179989241516986809e+01
2.008085772001850700e+01,-6.470126398083236197e+00,-6.147324620271511009e+01,-1.093223466783638020e+00,-7.331375517124627095e+00,2.641811224661576585e+00,9.564791903418266017e+00,-2.363537151965138250e+00,2.490627145201338877e+01,-8.034306436940498841e+00,-8.112509251427924895e+00,3.614406282125016467e+00,-9.272944753191081801e+00
2.023743297990221990e+01,-3.434756855151359201e+00,-6.587846216761570872e+01,-2.367776357313050806e+00,-2.810952620650188916e+00,1.203576601402394974e+00,1.203901943121510421e+01,-1.002631067352724870e+01,2.422620845184870930e+01,-6.695072062271737678e+00,-1.283391361519662688e+01,-1.740954624185542254e+00,-1.583143594401239262e+01
2.008231589311041887e+01,-6.451905400909877741e+00,-6.717404536535518389e+01,-2.715502501688118464e+00,-4.037995766342947768e+00,-1.073057220440920290e+01,-2.116592548365253457e+00,-8.021060982392047123e+00,2.251720027414666703e+01,-3.276008003959555825e+00,-1.521797598179419175e+01,-6.031464167464382520e+00,-1.170556144158408785e+01
1.995179111818899287e+01,1.156885764534421712e+00,-7.560267057055152407e+01,2.148137431053394497e+00,-1.581825522652741256e+01,-8.826709077843792883e+00,4.109143825331347699e+00,-9.570218367589653496e+00,2.571021222224854341e+01,-1.590531183560973005e+01,-8.530932366752381313e+00,1.070622825040486337e+00,-1.638991546486681727e+01
1.963220200922687653e+01,5.092686461260605313e+00,-7.938895685555723958e+01,9.425694870140747028e+00,-1.738583620090455995e+01,-1.411020176477547849e+00,1.067488128492140653e+01,-1.459487491855023578e+01,2.800378179339354645e+01,-1.882408537568116813e+01,-4.100740646538729273e+00,3.107872899806289002e+00,-1.766059141261775167e+01
1.948897235079850887e+01,-2.592121937756409533e+00,-5.228929442788860626e+01,1.111065111527093308e+00,-2.065805943153224411e-01,-7.403139700622419106e+00,2.743574427422426076e+00,-1.129742342545309447e-01,1.007945271870680415e+01,-9.856158909804500823e+00,-2.165465059120730285e+00,-1.855939454050735904e+00,-1.967438155880183714e+01
1.922945278935482349e+01,-2.103779214750562510e+00,-5.344931451633176778e+01,1.044322979645403882e+00,3.014656274217300425e+00,-3.932964856088864369e+00,4.726437690434928562e+00,-1.493178775283843462e+00,1.004048078960965995e+01,-7.992182157171185075e+00,-4.131137598492503393e+00,6.097923707311001529e-01,-1.607132183939624070e+01
1.892132787960804308e+01,-7.274545753673736792e-01,-6.937292253092738292e+01,7.745465905926739225e+00,-4.505223677591620124e+00,5.548883755009653695e-01,8.754562927706372122e+00,-5.676404398034359255e-01,2.324881069653559251e+01,-8.090893586861710673e+00,2.300442550281017073e+00,1.177430123356365854e+01,-1.440514654118679516e+01
1.883228967195026726e+01,-8.648552872703783478e+00,-5.560475609344300096e+01,-6.230397351131039763e+00,-8.366786456505043157e-01,-4.576918599305944468e+00,7.962902665311293759e+00,5.246158040022774749e+00,8.818444286653628339e+00,-1.087274239427443234e+01,-4.139893720244501196e+00,6.533192253996999099e+00,-3.040864797426666044e+00
1.882820759065201344e+01,-4.512159483382305325e+00,-5.419508153176306564e+01,-8.038859032043868424e+00,-1.458005161710474118e+00,1.924157607273239368e+00,3.957368634846789579e+00,9.060648399318051105e+00,2.175174914972849294e+01,-1.531452262923843755e+01,-7.188427517538939604e+00,-1.900653500624543746e+00,-2.055945683523161449e+01
1.863007449450297059e+01,5.587004244635219941e+00,-6.832018495160762939e+01,6.883230206211062630e+00,-1.200493429214992602e+01,5.179736237534652510e+00,7.613136565287093482e+00,-8.091372756705457192e+00,2.713835766818963791e+01,-1.727315875785391341e+01,-2.817150111810889701e+00,4.722047137736766764e+00,-2.105478278977511764e+01
1.834020502535365793e+01,-6.469925061325713322e+00,-6.366958877582948162e+01,-1.192025907854317879e+01,-8.407454088469892284e+00,-4.120393681621289161e+00,1.055275326194527352e+01,-1.502482524761701521e+00,1.540068244197884439e+01,-7.968734500491626349e+00,-1.603915362998090455e+00,3.951792076580465274e+00,-1.531358373759391789e+01
1.822020551092239415e+01,6.798584879831551575e+00,-6.789719373018871806e+01,4.979136365912345319e+00,-4.019448115388206233e+00,6.042758083288877202e+00,1.663660961375139635e+01,-8.374896917241558825e+00,2.472879479990941931e+01,-1.847806685662204274e+01,-4.191189415653608030e+00,5.182804421666451056e+00,-2.047679294506106373e+01
1.779467741547416892e+01,3.493245953280991856e+00,-6.537349389076074146e+01,-4.877549983210325291e-01,-6.609461563306845200e+00,6.571041238213657376e-01,4.417424241299273469e+00,-4.578159570847816440e+00,1.465220512856335233e+01,-1.626909953839711065e+01,-2.842784552106499163e+00,1.132270097285161592e+00,-1.081184251551306019e+01
1.751916157389437601e+01,3.483319285914072250e+00,-6.552067480702565661e+01,3.119184936375209993e+00,-8.927770659801833375e+00,1.700727400548128321e+00,6.458514472284138996e+00,-1.234123302887757134e+01,2.158793111871106518e+01,-8.058025133802029671e+00,-2.339241815507613342e+00,-3.139993854481350155e+00,-2.763169474630652545e+01
1.731902799168814866e+01,-3.468316202990240349e+00,-6.405425657013176988e+01,-7.271451514399487337e+00,-1.271448090495658256e+01,-2.894012206174508162e+00,-2.141687768340935438e+00,-1.827082102074646741e+01,1.722342182391048837e+01,-1.085795951000548420e+01,-6.090052388455819532e+00,1.105753787196418259e+00,-1.759860650113970593e+01
1.734743401991168810e+01,-8.133141402864005443e+00,-6.109865189098437810e+01,-1.298781427388044385e+01,-9.835796703150286868e-01,-5.117374679117751235e+00,5.886355601756420697e+00,-2.610798069246178965e+00,7.216336176708824546e+00,-1.166023155698716884e+01,-1.198251096756984602e+01,-1.752837753993666148e+00,-1.163517833283201242e+01
1.726517965634142726e+01,-5.172715420228725103e-01,-6.575789162096327800e+01,-7.162619520950073593e+00,-5.170780470924760230e+00,9.496006115810575743e-01,7.675879552199696754e+00,-7.569038971685912998e-01,2.200495727942294977e+01,-1.866390612731997223e+01,-1.347524263671602007e+01,1.120238851291785798e+00,-1.230519310082114615e+01
1.705375103216067600e+01,3.068853296316899293e+00,-6.786786215412287504e+01,-6.488665692340049418e+00,-1.009598621101395288e+01,-1.203698154452125468e+00,1.323243496351102344e+01,-4.790454018801377778e+00,2.333661231300174421e+01,-1.606213199521459956e+01,-1.120078213443049364e+01,5.253874745000219448e+00,-1.763806679212846262e+01
1.697826264666943175e+01,7.326388346476556457e+00,-5.890682147386835510e+01,-2.799605237721944917e+00,-4.559025624591437342e+00,1.861748983856603146e-01,1.033042494917048693e+01,-6.142215244431075583e+00,1.512426701425776621e+01,-1.633724090729264233e+01,-1.227087880860085534e+01,3.708384762569845172e+00,-1.566771488230730647e+01
1.658728092930116205e+01,-5.613125011819861676e+00,-5.413038635562062950e+01,-1.618147128833219384e+01,-5.918776731000247260e+00,-3.446956265624680160e+00,-5.880145247229725536e-01,-1.873872591802842325e-01,1.456179316519038913e+01,-1.443883840226822990e+01,-1.719405358049073129e+01,-1.781123458807293058e+00,-6.937503950902344840e+00
1.636482199850949470e+01,2.380851470477701959e+00,-5.139288784057634984e+01,-7.481308029839264684e+00,-3.261818629315536899e+00,-1.473812475987721582e+00,6.045741738598274573e+00,2.186657362439016428e+00,1.940899247200309929e+01,-1.603287467281935363e+01,-1.528300863531035247e+01,5.417440900112003632e+00,-1.228917201435882234e+01
1.622191986394362928e+01,1.918269093024212069e+01,-5.377621815217747780e+01,1.447462320649843548e+01,-7.022227946251564212e+00,-1.886304677004454478e+00,4.163396816020723534e+00,-4.035799979072028698e+00,1.814932427596732722e+01,-8.757304663483575169e+00,-1.376092366751234763e+01,6.080577620731948407e+00,-9.740958849928762930e+00
1.621299022635806253e+01,1.143436419903246293e+00,-5.773803244927737666e+01,-4.983687522934159730e+00,1.671291310238121608e-01,2.835419932043819813e+00,1.557196309309661508e+01,3.102996447465121932e+00,2.572663752990951025e+01,4.450351447194234922e+00,-7.553885526701870745e+00,1.948224690477826204e+00,-1.143665610974593960e+01
1.619159003551625986e+01,1.495302950725962532e+00,-7.227808108102360052e+01,-8.464891414728903385e+00,-8.839587595453103575e+00,-4.486086767146539867e-01,1.279843474278844440e+01,2.614861788956877930e+00,2.638087708841381485e+01,7.969859739548518007e+00,3.632841675146413873e+00,3.486754158482344046e+00,-1.211829395589151837e+01
1.607215948413743334e+01,-9.500703190121809527e+00,-5.558650930165919846e+01,-2.394513182923475014e+01,-3.776910864310127014e+00,-9.810758554441877166e+00,-2.564307950472186182e+00,2.664780237352998071e+00,7.205018434398361649e+00,9.582442987164333514e-01,-4.766823738444950997e+00,-6.221304015539911525e+00,-4.768126830874625632e+00
1.579944867155482235e+01,1.839743596598334818e+01,-5.510187649653571640e+01,5.183484290284462226e+00,2.524128895408975559e+00,-4.156316526918295118e+00,8.458097732407223290e+00,-5.962381387687316625e+00,1.750252241719582003e+01,-9.194126622737256227e+00,-1.249032645241721795e+01,5.070654870296173122e+00,-1.039619177532423677e+01
1.560863680388704466e+01,7.894918965753823237e+00,-5.187790761430566278e+01,-4.476635232983142920e+00,7.065850960780429624e+00,2.363265170634336165e+00,5.570178442587168988e+00,-6.558402581422257960e+00,9.748897587733743819e+00,-7.376578334809456905e+00,-6.694952014787225458e+00,2.624911231596420258e+00,-1.161647013971622577e+01
1.528915087909269666e+01,5.099388998052462263e+00,-5.544716412240843795e+01,-7.443434500241273177e+00,2.192313267305982194e+00,3.409310531011470413e+00,8.512023595665937137e+00,-6.401622570223268305e+00,1.337566109180137630e+01,-1.045659994559889405e+01,-9.290690296411591831e+00,6.628194877173670285e+00,-1.124956076144183825e+01
1.497061538379096746e+01,-7.638331708923059571e-01,-5.506614742753274072e+01,-9.745679011811539283e+00,-8.381457906638941635e-01,-2.731720230150137319e+00,4.742325040827215510e-01,-7.252061973246528126e+00,1.288825638648228100e+01,-1.274175208710789597e+01,-1.205552362317574122e+01,8.365366030639322048e+00,-4.639890078138507512e+00
1.443907939323826461e+01,1.125624036150655982e+01,-5.558842916415895985e+01,5.030351181776889113e+00,-3.666316591418900206e+00,2.376349274558478886e+00,1.315307449817916696e+00,-9.854075200497298681e+00,1.723397467232595659e+01,-7.227428460238217056e+00,-7.484676423183677763e+00,2.768994492523462636e+00,-1.130043691229686509e+01
1.441784198319292365e+01,1.000954377836433729e+01,-6.403186655786119275e+01,-2.068118873917982103e+00,-4.219562909109130011e+00,-2.655978544610874792e+00,7.335290704295994502e+00,-1.905303106256077328e+01,1.857945192853677696e+01,-6.176165761441059665e+00,-1.214396577235493879e+01,-3.305163798923495211e+00,-2.319929576507134428e+01
1.446636004722251201e+01,4.863083435814283262e-01,-5.359393017353013278e+01,-1.492922451951659646e+01,-2.122409061607030800e+00,9.528352359227575397e-01,4.725067805685400302e+00,-8.175096959239713357e+00,6.879814499176235998e+00,-1.145384846812538937e+00,-9.718675017142736294e+00,-5.869948658272773123e+00,-1.028387565649395263e+01
1.440474239945354995e+01,1.500396047124588428e+01,-6.593823847948814887e+01,-2.639135019849612629e+00,-5.085363757791878214e+00,-4.603522831548187533e+00,1.122624609945575358e+01,-1.531496141838363911e+01,2.171550941309162397e+01,-2.389328790688890480e-01,-7.331122251585480143e+00,-4.474545610360185499e+00,-1.545252697923058172e+01
