-3.604365338911715355e+01,0.000000000000000000e+00,0.000000000000000000e+00,0.000000000000000000e+00,0.000000000000000000e+00,0.000000000000000000e+00,-3.432169450445465983e-14,0.000000000000000000e+00,0.000000000000000000e+00,0.000000000000000000e+00,9.640286916519939396e-15,0.000000000000000000e+00,0.000000000000000000e+00
-3.604365338911715355e+01,0.000000000000000000e+00,0.000000000000000000e+00,0.000000000000000000e+00,0.000000000000000000e+00,0.000000000000000000e+00,-3.432169450445465983e-14,0.000000000000000000e+00,0.000000000000000000e+00,0.000000000000000000e+00,9.640286916519939396e-15,0.000000000000000000e+00,0.000000000000000000e+00
-3.604365338911715355e+01,0.000000000000000000e+00,0.000000000000000000e+00,0.000000000000000000e+00,0.000000000000000000e+00,0.000000000000000000e+00,-3.432169450445465983e-14,0.000000000000000000e+00,0.000000000000000000e+00,0.000000000000000000e+00,9.640286916519939396e-15,0.000000000000000000e+00,0.000000000000000000e+00
-3.604365338911715355e+01,0.000000000000000000e+00,0.000000000000000000e+00,0.000000000000000000e+00,0.000000000000000000e+00,0.000000000000000000e+00,-3.432169450445465983e-14,0.000000000000000000e+00,0.000000000000000000e+00,0.000000000000000000e+00,9.640286916519939396e-15,0.000000000000000000e+00,0.000000000000000000e+00
-3.604365338911715355e+01,0.000000000000000000e+00,0.000000000000000000e+00,0.000000000000000000e+00,0.000000000000000000e+00,0.000000000000000000e+00,-3.432169450445465983e-14,0.000000000000000000e+00,0.000000000000000000e+00,0.000000000000000000e+00,9.640286916519939396e-15,0.000000000000000000e+00,0.000000000000000000e+00
-3.604365338911715355e+01,0.000000000000000000e+00,0.000000000000000000e+00,0.000000000000000000e+00,0.000000000000000000e+00,0.000000000000000000e+00,-3.432169450445465983e-14,0.000000000000000000e+00,0.000000000000000000e+00,0.000000000000000000e+00,9.640286916519939396e-15,0.000000000000000000e+00,0.000000000000000000e+00
4.632671421205814433e+00,-2.664599528371921622e+01,-2.996133226219957280e+01,-1.159358431895577013e+01,2.944222365203275071e+00,3.483814727555655910e+00,5.620249330740959337e+00,-1.321046653131825899e+01,-1.645078729944407669e+01,7.984817536226015200e+00,2.212766363813692649e+01,-1.516543508783187111e+00,-1.616782707009111064e+01
7.595248388372345616e+00,-2.230528586383088552e+01,-2.911405859294284681e+01,6.706552449834011220e+00,1.816957073138392387e+00,2.910326428413992161e+01,-7.497282940911114135e-01,-3.212920914318457477e+01,-1.398476064057391177e+01,6.093915648348874115e+00,4.354480404942326999e+01,-2.329352439729447610e+01,-2.020284182055868882e+01
7.930275466946319796e+00,-2.511706239292534448e+01,-3.785388842196993409e+01,3.211218797053407847e+00,-1.101046826759307429e+01,1.823618818841678291e+01,9.718087667922460371e-01,-3.287983336556630576e+01,-5.291832160362701210e+00,2.163807334887331901e+00,3.195252081599866401e+01,-2.459995342388749862e+01,-1.399849845340373555e+01
6.943598354731677524e+00,-2.184184703486753065e+01,-2.968159276453081219e+01,6.251442465467932585e+00,-7.529493027289274387e+00,9.757032759610634542e+00,1.193078933200890290e+01,-2.943640641873867736e+01,-4.108011624805607553e+00,1.908225095634172641e+00,1.185291610854998012e+01,-1.360449139393245943e+01,-5.233174824980785012e+00
5.136053258670548516e+00,-2.744946099073708368e+01,-2.023537632626482363e+01,1.010805556827493401e+00,-6.469317306016145075e+00,4.079700968758943169e+00,1.328933960947355075e+01,-1.177319363069706348e+01,-1.059823190939604531e+00,-3.157851732615759577e+00,3.699991553952621803e+00,1.141473568785680071e+00,-1.396913125023728108e+00
4.607663522305711190e+00,-2.657266452192416395e+01,-2.250611892092522481e+01,-1.167191997279680571e+01,-3.001385210577829810e+00,9.580658299263767219e+00,2.138527683188423012e+01,-2.342680142781169150e-01,-1.288112853302736838e+00,-2.000317390195651690e+00,7.435335718941345817e+00,2.624993500374173117e+00,-5.813863906082449295e-01
5.158877349204922247e+00,-2.896729364018609232e+01,-3.373220813342695834e+01,-2.751473517460015827e+01,-4.199470681494256730e-01,1.240237892441844103e+01,2.330490015287100647e+00,-1.880345749497286079e+01,-7.074565148636366096e+00,2.985922137092047901e+00,1.531915714914694693e+00,-8.407828262470317782e+00,5.987290724032162892e+00
5.519842885334590221e+00,-2.771410809575104750e+01,-3.054336809899863425e+01,-3.184222077856704303e+01,4.660706412694607614e+00,1.762043754732608747e+01,-3.082512895983592127e+00,-1.438003164627793851e+01,3.139797723170204780e+00,2.048487614034437598e+01,2.492022170861404540e+00,-1.581340153665818171e+01,8.868547811312604168e+00
5.088781524304223147e+00,-1.783318248820882346e+01,-1.342572659342832075e+01,-1.231491912538919742e+01,1.726918864870249593e+01,1.720529241206916993e+01,-5.877236175224624048e+00,-2.092441331330729071e+01,-6.326998636199506754e-01,1.720843998030299105e+01,6.772658119558411238e-01,-1.903556408428401880e+01,1.187506725550686149e+00
4.091475972583535459e+00,-2.851426256755315336e+01,-1.602449013497056640e+01,-1.064583745680249827e+01,1.128333476852649753e+01,1.165657695680299355e+01,-1.123819275587848843e+01,-2.153500125718402813e+01,-4.734307898298130368e+00,4.296134970107540418e+00,-2.494286648538597717e+00,-2.047336953567317153e+01,-4.250661891218691757e+00
1.762536610551151739e+00,-3.537773298690362367e+01,-2.835839181076675786e+01,-1.551412698609057195e+01,-1.133183803746550211e+01,-1.084499716352222620e+01,-1.590676941832179914e+01,-1.731494160743419286e+01,-2.905214854927628654e+00,-2.844144491210711223e+01,1.831101583469944005e+00,-1.392894296335714088e+01,1.082090672431663458e+00
3.149751371063961525e+00,-3.982545849147230399e+01,-2.669386207426409641e+01,-1.588558204200683655e+01,2.629243117678021324e+00,5.286661279635097799e+00,-1.659127572545980911e+01,-2.939202271978219017e+01,-8.013664229046767673e+00,-2.931160064264536125e+00,3.341714669757680500e+00,1.249983942194617725e+00,-1.258647778562814601e+01
1.762955389598716449e+00,-3.588409262503693498e+01,-2.117295456355497052e+01,-1.231133823045283471e+01,-3.742962996526084218e+00,4.755770863235357027e+00,-3.912081745548292577e+00,-1.524787540656209828e+01,7.155617672410052421e+00,-8.455072208510079790e+00,-5.059095677400927471e+00,1.946188408888328336e+00,-9.432503838937364549e+00
-3.604365338911715355e+01,0.000000000000000000e+00,0.000000000000000000e+00,0.000000000000000000e+00,0.000000000000000000e+00,0.000000000000000000e+00,-3.432169450445465983e-14,0.000000000000000000e+00,0.000000000000000000e+00,0.000000000000000000e+00,9.640286916519939396e-15,0.000000000000000000e+00,0.000000000000000000e+00
-3.604365338911715355e+01,0.000000000000000000e+00,0.000000000000000000e+00,0.000000000000000000e+00,0.000000000000000000e+00,0.000000000000000000e+00,-3.432169450445465983e-14,0.000000000000000000e+00,0.000000000000000000e+00,0.000000000000000000e+00,9.640286916519939396e-15,0.000000000000000000e+00,0.000000000000000000e+00
-3.604365338911715355e+01,0.000000000000000000e+00,0.000000000000000000e+00,0.000000000000000000e+00,0.000000000000000000e+00,0.000000000000000000e+00,-3.432169450445465983e-14,0.000000000000000000e+00,0.000000000000000000e+00,0.000000000000000000e+00,9.640286916519939396e-15,0.000000000000000000e+00,0.000000000000000000e+00
-3.604365338911715355e+01,0.000000000000000000e+00,0.000000000000000000e+00,0.000000000000000000e+00,0.000000000000000000e+00,0.000000000000000000e+00,-3.432169450445465983e-14,0.000000000000000000e+00,0.000000000000000000e+00,0.000000000000000000e+00,9.640286916519939396e-15,0.000000000000000000e+00,0.000000000000000000e+00
-3.604365338911715355e+01,0.000000000000000000e+00,0.000000000000000000e+00,0.000000000000000000e+00,0.000000000000000000e+00,0.000000000000000000e+00,-3.432169450445465983e-14,0.000000000000000000e+00,0.000000000000000000e+00,0.000000000000000000e+00,9.640286916519939396e-15,0.000000000000000000e+00,0.000000000000000000e+00
-3.604365338911715355e+01,0.000000000000000000e+00,0.000000000000000000e+00,0.000000000000000000e+00,0.000000000000000000e+00,0.000000000000000000e+00,-3.432169450445465983e-14,0.000000000000000000e+00,0.000000000000000000e+00,0.000000000000000000e+00,9.640286916519939396e-15,0.000000000000000000e+00,0.000000000000000000e+00
-3.604365338911715355e+01,0.000000000000000000e+00,0.000000000000000000e+00,0.000000000000000000e+00,0.000000000000000000e+00,0.000000000000000000e+00,-3.432169450445465983e-14,0.000000000000000000e+00,0.000000000000000000e+00,0.000000000000000000e+00,9.640286916519939396e-15,0.000000000000000000e+00,0.000000000000000000e+00
-3.604365338911715355e+01,0.000000000000000000e+00,0.000000000000000000e+00,0.000000000000000000e+00,0.000000000000000000e+00,0.000000000000000000e+00,-3.432169450445465983e-14,0.000000000000000000e+00,0.000000000000000000e+00,0.000000000000000000e+00,9.640286916519939396e-15,0.000000000000000000e+00,0.000000000000000000e+00
-3.604365338911715355e+01,0.000000000000000000e+00,0.000000000000000000e+00,0.000000000000000000e+00,0.000000000000000000e+00,0.000000000000000000e+00,-3.432169450445465983e-14,0.000000000000000000e+00,0.000000000000000000e+00,0.000000000000000000e+00,9.640286916519939396e-15,0.000000000000000000e+00,0.000000000000000000e+00
-3.604365338911715355e+01,0.000000000000000000e+00,0.000000000000000000e+00,0.000000000000000000e+00,0.000000000000000000e+00,0.000000000000000000e+00,-3.432169450445465983e-14,0.000000000000000000e+00,0.000000000000000000e+00,0.000000000000000000e+00,9.640286916519939396e-15,0.000000000000000000e+00,0.000000000000000000e+00
-3.604365338911715355e+01,0.000000000000000000e+00,0.000000000000000000e+00,0.000000000000000000e+00,0.000000000000000000e+00,0.000000000000000000e+00,-3.432169450445465983e-14,0.000000000000000000e+00,0.000000000000000000e+00,0.000000000000000000e+00,9.640286916519939396e-15,0.000000000000000000e+00,0.000000000000000000e+00
-3.604365338911715355e+01,0.000000000000000000e+00,0.000000000000000000e+00,0.000000000000000000e+00,0.000000000000000000e+00,0.000000000000000000e+00,-3.432169450445465983e-14,0.000000000000000000e+00,0.000000000000000000e+00,0.000000000000000000e+00,9.640286916519939396e-15,0.000000000000000000e+00,0.000000000000000000e+00
-3.604365338911715355e+01,0.000000000000000000e+00,0.000000000000000000e+00,0.000000000000000000e+00,0.000000000000000000e+00,0.000000000000000000e+00,-3.432169450445465983e-14,0.000000000000000000e+00,0.000000000000000000e+00,0.000000000000000000e+00,9.640286916519939396e-15,0.000000000000000000e+00,0.000000000000000000e+00
-3.604365338911715355e+01,0.000000000000000000e+00,0.000000000000000000e+00,0.000000000000000000e+00,0.000000000000000000e+00,0.000000000000000000e+00,-3.432169450445465983e-14,0.000000000000000000e+00,0.000000000000000000e+00,0.000000000000000000e+00,9.640286916519939396e-15,0.000000000000000000e+00,0.000000000000000000e+00
-3.604365338911715355e+01,0.000000000000000000e+00,0.000000000000000000e+00,0.000000000000000000e+00,0.000000000000000000e+00,0.000000000000000000e+00,-3.432169450445465983e-14,0.000000000000000000e+00,0.000000000000000000e+00,0.000000000000000000e+00,9.640286916519939396e-15,0.000000000000000000e+00,0.000000000000000000e+00
-3.604365338911715355e+01,0.000000000000000000e+00,0.000000000000000000e+00,0.000000000000000000e+00,0.000000000000000000e+00,0.000000000000000000e+00,-3.432169450445465983e-14,0.000000000000000000e+00,0.000000000000000000e+00,0.000000000000000000e+00,9.640286916519939396e-15,0.000000000000000000e+00,0.000000000000000000e+00
-3.604365338911715355e+01,0.000000000000000000e+00,0.000000000000000000e+00,0.000000000000000000e+00,0.000000000000000000e+00,0.000000000000000000e+00,-3.432169450445465983e-14,0.000000000000000000e+00,0.000000000000000000e+00,0.000000000000000000e+00,9.640286916519939396e-15,0.000000000000000000e+00,0.000000000000000000e+00
2.801014319027711696e+00,-1.231935023742540380e+01,-4.271729287197782554e+00,-4.048964271059780629e-01,-5.943386850684739819e-01,-8.639647425292709570e+00,-1.000025222721339757e+00,1.250355629590745643e+00,-4.681242606638156417e-02,2.479596843303669029e+00,-9.650588085940842831e+00,8.410191793928795123e-01,-2.275866235786826675e+00
6.460362426382506129e+00,-1.704866350796186580e+01,-2.256152633169293509e+01,-1.060928047512839356e+01,-4.181882289024673582e+01,-3.714102953340134405e+01,1.910260506316682338e+01,-1.736905786410571295e+01,-5.893181008261193909e+01,-1.969845623643329091e+01,5.433622035202879452e+00,3.863564567909677727e+00,-3.232051925995513830e+00
4.981700860515816842e+00,-1.516865025070327455e+01,-7.806132650124864902e+00,-6.746075183566230038e+00,-2.316966286848706247e+01,-1.415470104541732965e+01,1.499721888713461126e+01,-9.172374330504649009e+00,-2.829726509547356272e+01,-1.158686428640177546e+01,1.259434863792305670e+01,5.637042364621388302e+00,-5.855191270468116826e+00
4.556368671461275888e+00,-2.293362870970643286e+01,-8.730391317279908137e+00,-3.613060873270389717e+00,-8.988868281276126027e+00,4.089968110113925803e+00,1.213008385244291887e+01,-1.368605479844817907e+01,-1.732634070104302992e+01,-4.658714210823308832e+00,-2.143221761747768905e-01,-6.410288922128848377e+00,-9.272113299807042353e+00
4.745345045818494256e+00,-2.482381871138922236e+01,-1.999396554303534046e+01,-1.509968488509695916e+01,-7.562730380575687583e+00,8.799107440866562158e+00,1.725092339801323149e+01,-1.257054096786144548e+01,-2.344160865233344282e+01,9.977238058267001719e+00,1.073128119383062717e+01,-2.959154253004294244e+00,-1.022339735687379658e+01
5.006423439279678256e+00,-2.949176121385713145e+01,-2.173508090203480592e+01,-1.526922071655745583e+01,-1.062442201304603806e+01,8.633339779290622573e+00,1.724090885389517780e+01,-2.042792153098858776e+01,-3.476553455854987362e+01,1.882309968300269531e+01,3.923720582946509694e+01,1.602371070539082609e+01,-8.491261474697056499e+00
4.361569502953199340e+00,-3.177014427545029207e+01,-1.941224944865730251e+01,-1.553944677643012007e+01,-9.866852498473186017e+00,1.442343963303175158e+01,1.295955131402128480e+01,-2.364329886885265353e+01,-2.814701049231126362e+01,2.297282058857206621e+01,3.204645673402522021e+01,7.902061105735707081e+00,-1.779116050516470438e+01
2.914975793138881777e+00,-1.743422154257952883e+01,-1.209534041807206428e+01,-1.679248655636411058e+01,-7.568014703298312718e+00,1.948566065790456037e+01,1.616322433934439928e+01,-1.985457390273141698e+01,-1.754457106910825814e+01,5.916198203767805808e+00,8.229068770765488594e+00,-1.183581816852519175e-02,-6.848882979959438622e+00
-3.604365338911715355e+01,0.000000000000000000e+00,0.000000000000000000e+00,0.000000000000000000e+00,0.000000000000000000e+00,0.000000000000000000e+00,-3.432169450445465983e-14,0.000000000000000000e+00,0.000000000000000000e+00,0.000000000000000000e+00,9.640286916519939396e-15,0.000000000000000000e+00,0.000000000000000000e+00
-3.604365338911715355e+01,0.000000000000000000e+00,0.000000000000000000e+00,0.000000000000000000e+00,0.000000000000000000e+00,0.000000000000000000e+00,-3.432169450445465983e-14,0.000000000000000000e+00,0.000000000000000000e+00,0.000000000000000000e+00,9.640286916519939396e-15,0.000000000000000000e+00,0.000000000000000000e+00
-3.604365338911715355e+01,0.000000000000000000e+00,0.000000000000000000e+00,0.000000000000000000e+00,0.000000000000000000e+00,0.000000000000000000e+00,-3.432169450445465983e-14,0.000000000000000000e+00,0.000000000000000000e+00,0.000000000000000000e+00,9.640286916519939396e-15,0.000000000000000000e+00,0.000000000000000000e+00
-3.604365338911715355e+01,0.000000000000000000e+00,0.000000000000000000e+00,0.000000000000000000e+00,0.000000000000000000e+00,0.000000000000000000e+00,-3.432169450445465983e-14,0.000000000000000000e+00,0.000000000000000000e+00,0.000000000000000000e+00,9.640286916519939396e-15,0.000000000000000000e+00,0.000000000000000000e+00
-3.604365338911715355e+01,0.000000000000000000e+00,0.000000000000000000e+00,0.000000000000000000e+00,0.000000000000000000e+00,0.000000000000000000e+00,-3.432169450445465983e-14,0.000000000000000000e+00,0.000000000000000000e+00,0.000000000000000000e+00,9.640286916519939396e-15,0.000000000000000000e+00,0.000000000000000000e+00
-3.604365338911715355e+01,0.000000000000000000e+00,0.000000000000000000e+00,0.000000000000000000e+00,0.000000000000000000e+00,0.000000000000000000e+00,-3.432169450445465983e-14,0.000000000000000000e+00,0.000000000000000000e+00,0.000000000000000000e+00,9.640286916519939396e-15,0.000000000000000000e+00,0.000000000000000000e+00
-3.604365338911715355e+01,0.000000000000000000e+00,0.000000000000000000e+00,0.000000000000000000e+00,0.000000000000000000e+00,0.000000000000000000e+00,-3.432169450445465983e-14,0.000000000000000000e+00,0.000000000000000000e+00,0.000000000000000000e+00,9.640286916519939396e-15,0.000000000000000000e+00,0.000000000000000000e+00
-3.604365338911715355e+01,0.000000000000000000e+00,0.000000000000000000e+00,0.000000000000000000e+00,0.000000000000000000e+00,0.000000000000000000e+00,-3.432169450445465983e-14,0.000000000000000000e+00,0.000000000000000000e+00,0.000000000000000000e+00,9.640286916519939396e-15,0.000000000000000000e+00,0.000000000000000000e+00
-3.604365338911715355e+01,0.000000000000000000e+00,0.000000000000000000e+00,0.000000000000000000e+00,0.000000000000000000e+00,0.000000000000000000e+00,-3.432169450445465983e-14,0.000000000000000000e+00,0.000000000000000000e+00,0.000000000000000000e+00,9.640286916519939396e-15,0.000000000000000000e+00,0.000000000000000000e+00
-3.604365338911715355e+01,0.000000000000000000e+00,0.000000000000000000e+00,0.000000000000000000e+00,0.000000000000000000e+00,0.000000000000000000e+00,-3.432169450445465983e-14,0.000000000000000000e+00,0.000000000000000000e+00,0.000000000000000000e+00,9.640286916519939396e-15,0.000000000000000000e+00,0.000000000000000000e+00
-3.604365338911715355e+01,0.000000000000000000e+00,0.000000000000000000e+00,0.000000000000000000e+00,0.000000000000000000e+00,0.000000000000000000e+00,-3.432169450445465983e-14,0.000000000000000000e+00,0.000000000000000000e+00,0.000000000000000000e+00,9.640286916519939396e-15,0.000000000000000000e+00,0.000000000000000000e+00
-3.604365338911715355e+01,0.000000000000000000e+00,0.000000000000000000e+00,0.000000000000000000e+00,0.000000000000000000e+00,0.000000000000000000e+00,-3.432169450445465983e-14,0.000000000000000000e+00,0.000000000000000000e+00,0.000000000000000000e+00,9.640286916519939396e-15,0.000000000000000000e+00,0.000000000000000000e+00
-3.604365338911715355e+01,0.000000000000000000e+00,0.000000000000000000e+00,0.000000000000000000e+00,0.000000000000000000e+00,0.000000000000000000e+00,-3.432169450445465983e-14,0.000000000000000000e+00,0.000000000000000000e+00,0.000000000000000000e+00,9.640286916519939396e-15,0.000000000000000000e+00,0.000000000000000000e+00
-3.604365338911715355e+01,0.000000000000000000e+00,0.000000000000000000e+00,0.000000000000000000e+00,0.000000000000000000e+00,0.000000000000000000e+00,-3.432169450445465983e-14,0.000000000000000000e+00,0.000000000000000000e+00,0.000000000000000000e+00,9.640286916519939396e-15,0.000000000000000000e+00,0.000000000000000000e+00
-3.604365338911715355e+01,0.000000000000000000e+00,0.000000000000000000e+00,0.000000000000000000e+00,0.000000000000000000e+00,0.000000000000000000e+00,-3.432169450445465983e-14,0.000000000000000000e+00,0.000000000000000000e+00,0.000000000000000000e+00,9.640286916519939396e-15,0.000000000000000000e+00,0.000000000000000000e+00
-3.604365338911715355e+01,0.000000000000000000e+00,0.000000000000000000e+00,0.000000000000000000e+00,0.000000000000000000e+00,0.000000000000000000e+00,-3.432169450445465983e-14,0.000000000000000000e+00,0.000000000000000000e+00,0.000000000000000000e+00,9.640286916519939396e-15,0.000000000000000000e+00,0.000000000000000000e+00
-3.604365338911715355e+01,0.000000000000000000e+00,0.000000000000000000e+00,0.000000000000000000e+00,0.000000000000000000e+00,0.000000000000000000e+00,-3.432169450445465983e-14,0.000000000000000000e+00,0.000000000000000000e+00,0.000000000000000000e+00,9.640286916519939396e-15,0.000000000000000000e+00,0.000000000000000000e+00
-3.604365338911715355e+01,0.000000000000000000e+00,0.000000000000000000e+00,0.000000000000000000e+00,0.000000000000000000e+00,0.000000000000000000e+00,-3.432169450445465983e-14,0.000000000000000000e+00,0.000000000000000000e+00,0.000000000000000000e+00,9.640286916519939396e-15,0.000000000000000000e+00,0.000000000000000000e+00
-3.604365338911715355e+01,0.000000000000000000e+00,0.000000000000000000e+00,0.000000000000000000e+00,0.000000000000000000e+00,0.000000000000000000e+00,-3.432169450445465983e-14,0.000000000000000000e+00,0.000000000000000000e+00,0.000000000000000000e+00,9.640286916519939396e-15,0.000000000000000000e+00,0.000000000000000000e+00
-3.604365338911715355e+01,0.000000000000000000e+00,0.000000000000000000e+00,0.000000000000000000e+00,0.000000000000000000e+00,0.000000000000000000e+00,-3.432169450445465983e-14,0.000000000000000000e+00,0.000000000000000000e+00,0.000000000000000000e+00,9.640286916519939396e-15,0.000000000000000000e+00,0.000000000000000000e+00
-3.604365338911715355e+01,0.000000000000000000e+00,0.000000000000000000e+00,0.000000000000000000e+00,0.000000000000000000e+00,0.000000000000000000e+00,-3.432169450445465983e-14,0.000000000000000000e+00,0.000000000000000000e+00,0.000000000000000000e+00,9.640286916519939396e-15,0.000000000000000000e+00,0.000000000000000000e+00
-3.604365338911715355e+01,0.000000000000000000e+00,0.000000000000000000e+00,0.000000000000000000e+00,0.000000000000000000e+00,0.000000000000000000e+00,-3.432169450445465983e-14,0.000000000000000000e+00,0.000000000000000000e+00,0.000000000000000000e+00,9.640286916519939396e-15,0.000000000000000000e+00,0.000000000000000000e+00
-3.604365338911715355e+01,0.000000000000000000e+00,0.000000000000000000e+00,0.000000000000000000e+00,0.000000000000000000e+00,0.000000000000000000e+00,-3.432169450445465983e-14,0.000000000000000000e+00,0.000000000000000000e+00,0.000000000000000000e+00,9.640286916519939396e-15,0.000000000000000000e+00,0.000000000000000000e+00
-3.604365338911715355e+01,0.000000000000000000e+00,0.000000000000000000e+00,0.000000000000000000e+00,0.000000000000000000e+00,0.000000000000000000e+00,-3.432169450445465983e-14,0.000000000000000000e+00,0.000000000000000000e+00,0.000000000000000000e+00,9.640286916519939396e-15,0.000000000000000000e+00,0.000000000000000000e+00
-3.604365338911715355e+01,0.000000000000000000e+00,0.000000000000000000e+00,0.000000000000000000e+00,0.000000000000000000e+00,0.000000000000000000e+00,-3.432169450445465983e-14,0.000000000000000000e+00,0.000000000000000000e+00,0.000000000000000000e+00,9.640286916519939396e-15,0.000000000000000000e+00,0.000000000000000000e+00
-3.604365338911715355e+01,0.000000000000000000e+00,0.000000000000000000e+00,0.000000000000000000e+00,0.000000000000000000e+00,0.000000000000000000e+00,-3.432169450445465983e-14,0.000000000000000000e+00,0.000000000000000000e+00,0.000000000000000000e+00,9.640286916519939396e-15,0.000000000000000000e+00,0.000000000000000000e+00
-3.604365338911715355e+01,0.000000000000000000e+00,0.000000000000000000e+00,0.000000000000000000e+00,0.000000000000000000e+00,0.000000000000000000e+00,-3.432169450445465983e-14,0.000000000000000000e+00,0.000000000000000000e+00,0.000000000000000000e+00,9.640286916519939396e-15,0.000000000000000000e+00,0.000000000000000000e+00
-3.604365338911715355e+01,0.000000000000000000e+00,0.000000000000000000e+00,0.000000000000000000e+00,0.000000000000000000e+00,0.000000000000000000e+00,-3.432169450445465983e-14,0.000000000000000000e+00,0.000000000000000000e+00,0.000000000000000000e+00,9.640286916519939396e-15,0.000000000000000000e+00,0.000000000000000000e+00
-3.604365338911715355e+01,0.000000000000000000e+00,0.000000000000000000e+00,0.000000000000000000e+00,0.000000000000000000e+00,0.000000000000000000e+00,-3.432169450445465983e-14,0.000000000000000000e+00,0.000000000000000000e+00,0.000000000000000000e+00,9.640286916519939396e-15,0.000000000000000000e+00,0.000000000000000000e+00
-3.604365338911715355e+01,0.000000000000000000e+00,0.000000000000000000e+00,0.000000000000000000e+00,0.000000000000000000e+00,0.000000000000000000e+00,-3.432169450445465983e-14,0.000000000000000000e+00,0.000000000000000000e+00,0.000000000000000000e+00,9.640286916519939396e-15,0.000000000000000000e+00,0.000000000000000000e+00
-3.604365338911715355e+01,0.000000000000000000e+00,0.000000000000000000e+00,0.000000000000000000e+00,0.000000000000000000e+00,0.000000000000000000e+00,-3.432169450445465983e-14,0.000000000000000000e+00,0.000000000000000000e+00,0.000000000000000000e+00,9.640286916519939396e-15,0.000000000000000000e+00,0.000000000000000000e+00
-3.604365338911715355e+01,0.000000000000000000e+00,0.000000000000000000e+00,0.000000000000000000e+00,0.000000000000000000e+00,0.000000000000000000e+00,-3.432169450445465983e-14,0.000000000000000000e+00,0.000000000000000000e+00,0.000000000000000000e+00,9.640286916519939396e-15,0.000000000000000000e+00,0.000000000000000000e+00
-3.604365338911715355e+01,0.000000000000000000e+00,0.000000000000000000e+00,0.000000000000000000e+00,0.000000000000000000e+00,0.000000000000000000e+00,-3.432169450445465983e-14,0.000000000000000000e+00,0.000000000000000000e+00,0.000000000000000000e+00,9.640286916519939396e-15,0.000000000000000000e+00,0.000000000000000000e+00
-3.604365338911715355e+01,0.000000000000000000e+00,0.000000000000000000e+00,0.000000000000000000e+00,0.000000000000000000e+00,0.000000000000000000e+00,-3.432169450445465983e-14,0.000000000000000000e+00,0.000000000000000000e+00,0.000000000000000000e+00,9.640286916519939396e-15,0.000000000000000000e+00,0.000000000000000000e+00
-3.604365338911715355e+01,0.000000000000000000e+00,0.000000000000000000e+00,0.000000000000000000e+00,0.000000000000000000e+00,0.000000000000000000e+00,-3.432169450445465983e-14,0.000000000000000000e+00,0.000000000000000000e+00,0.000000000000000000e+00,9.640286916519939396e-15,0.000000000000000000e+00,0.000000000000000000e+00
-3.604365338911715355e+01,0.000000000000000000e+00,0.000000000000000000e+00,0.000000000000000000e+00,0.000000000000000000e+00,0.000000000000000000e+00,-3.432169450445465983e-14,0.000000000000000000e+00,0.000000000000000000e+00,0.000000000000000000e+00,9.640286916519939396e-15,0.000000000000000000e+00,0.000000000000000000e+00
-3.604365338911715355e+01,0.000000000000000000e+00,0.000000000000000000e+00,0.000000000000000000e+00,0.000000000000000000e+00,0.000000000000000000e+00,-3.432169450445465983e-14,0.000000000000000000e+00,0.000000000000000000e+00,0.000000000000000000e+00,9.640286916519939396e-15,0.000000000000000000e+00,0.000000000000000000e+00
-3.604365338911715355e+01,0.000000000000000000e+00,0.000000000000000000e+00,0.000000000000000000e+00,0.000000000000000000e+00,0.000000000000000000e+00,-3.432169450445465983e-14,0.000000000000000000e+00,0.000000000000000000e+00,0.000000000000000000e+00,9.640286916519939396e-15,0.000000000000000000e+00,0.000000000000000000e+00
-3.604365338911715355e+01,0.000000000000000000e+00,0.000000000000000000e+00,0.000000000000000000e+00,0.000000000000000000e+00,0.000000000000000000e+00,-3.432169450445465983e-14,0.000000000000000000e+00,0.000000000000000000e+00,0.000000000000000000e+00,9.640286916519939396e-15,0.000000000000000000e+00,0.000000000000000000e+00
-3.604365338911715355e+01,0.000000000000000000e+00,0.000000000000000000e+00,0.000000000000000000e+00,0.000000000000000000e+00,0.000000000000000000e+00,-3.432169450445465983e-14,0.000000000000000000e+00,0.000000000000000000e+00,0.000000000000000000e+00,9.640286916519939396e-15,0.000000000000000000e+00,0.000000000000000000e+00
-3.604365338911715355e+01,0.000000000000000000e+00,0.000000000000000000e+00,0.000000000000000000e+00,0.000000000000000000e+00,0.000000000000000000e+00,-3.432169450445465983e-14,0.000000000000000000e+00,0.000000000000000000e+00,0.000000000000000000e+00,9.640286916519939396e-15,0.000000000000000000e+00,0.000000000000000000e+00
-3.604365338911715355e+01,0.000000000000000000e+00,0.000000000000000000e+00,0.000000000000000000e+00,0.000000000000000000e+00,0.000000000000000000e+00,-3.432169450445465983e-14,0.000000000000000000e+00,0.000000000000000000e+00,0.000000000000000000e+00,9.640286916519939396e-15,0.000000000000000000e+00,0.000000000000000000e+00
-3.604365338911715355e+01,0.000000000000000000e+00,0.000000000000000000e+00,0.000000000000000000e+00,0.000000000000000000e+00,0.000000000000000000e+00,-3.432169450445465983e-14,0.000000000000000000e+00,0.000000000000000000e+00,0.000000000000000000e+00,9.640286916519939396e-15,0.000000000000000000e+00,0.000000000000000000e+00
-3.604365338911715355e+01,0.000000000000000000e+00,0.000000000000000000e+00,0.000000000000000000e+00,0.000000000000000000e+00,0.000000000000000000e+00,-3.432169450445465983e-14,0.000000000000000000e+00,0.000000000000000000e+00,0.000000000000000000e+00,9.640286916519939396e-15,0.000000000000000000e+00,0.000000000000000000e+00
-3.604365338911715355e+01,0.000000000000000000e+00,0.000000000000000000e+00,0.000000000000000000e+00,0.000000000000000000e+00,0.000000000000000000e+00,-3.432169450445465983e-14,0.000000000000000000e+00,0.000000000000000000e+00,0.000000000000000000e+00,9.640286916519939396e-15,0.000000000000000000e+00,0.000000000000000000e+00
-3.604365338911715355e+01,0.000000000000000000e+00,0.000000000000000000e+00,0.000000000000000000e+00,0.000000000000000000e+00,0.000000000000000000e+00,-3.432169450445465983e-14,0.000000000000000000e+00,0.000000000000000000e+00,0.000000000000000000e+00,9.640286916519939396e-15,0.000000000000000000e+00,0.000000000000000000e+00
-3.604365338911715355e+01,0.000000000000000000e+00,0.000000000000000000e+00,0.000000000000000000e+00,0.000000000000000000e+00,0.000000000000000000e+00,-3.432169450445465983e-14,0.000000000000000000e+00,0.000000000000000000e+00,0.000000000000000000e+00,9.640286916519939396e-15,0.000000000000000000e+00,0.000000000000000000e+00
-3.604365338911715355e+01,0.000000000000000000e+00,0.000000000000000000e+00,0.000000000000000000e+00,0.000000000000000000e+00,0.000000000000000000e+00,-3.432169450445465983e-14,0.000000000000000000e+00,0.000000000000000000e+00,0.000000000000000000e+00,9.640286916519939396e-15,0.000000000000000000e+00,0.000000000000000000e+00
-3.604365338911715355e+01,0.000000000000000000e+00,0.000000000000000000e+00,0.000000000000000000e+00,0.000000000000000000e+00,0.000000000000000000e+00,-3.432169450445465983e-14,0.000000000000000000e+00,0.000000000000000000e+00,0.000000000000000000e+00,9.640286916519939396e-15,0.000000000000000000e+00,0.000000000000000000e+00
-3.604365338911715355e+01,0.000000000000000000e+00,0.000000000000000000e+00,0.000000000000000000e+00,0.000000000000000000e+00,0.000000000000000000e+00,-3.432169450445465983e-14,0.000000000000000000e+00,0.000000000000000000e+00,0.000000000000000000e+00,9.640286916519939396e-15,0.000000000000000000e+00,0.000000000000000000e+00
-3.604365338911715355e+01,0.000000000000000000e+00,0.000000000000000000e+00,0.000000000000000000e+00,0.000000000000000000e+00,0.000000000000000000e+00,-3.432169450445465983e-14,0.000000000000000000e+00,0.000000000000000000e+00,0.000000000000000000e+00,9.640286916519939396e-15,0.000000000000000000e+00,0.000000000000000000e+00
-3.604365338911715355e+01,0.000000000000000000e+00,0.000000000000000000e+00,0.000000000000000000e+00,0.000000000000000000e+00,0.000000000000000000e+00,-3.432169450445465983e-14,0.000000000000000000e+00,0.000000000000000000e+00,0.000000000000000000e+00,9.640286916519939396e-15,0.000000000000000000e+00,0.000000000000000000e+00
-3.604365338911715355e+01,0.000000000000000000e+00,0.000000000000000000e+00,0.000000000000000000e+00,0.000000000000000000e+00,0.000000000000000000e+00,-3.432169450445465983e-14,0.000000000000000000e+00,0.000000000000000000e+00,0.000000000000000000e+00,9.640286916519939396e-15,0.000000000000000000e+00,0.000000000000000000e+00
4.645684266857803557e+00,8.936527116328134568e-01,2.699997658717626337e+01,9.787482558200521154e+00,-1.046262499205524499e+00,-1.512645056389476039e+01,-1.991918084923165821e+01,-2.002310119881692785e+01,-1.472182226870559951e+01,-6.265649648192435528e+00,-9.228665423503883858e+00,3.848746619804088276e+00,-3.247432979155620014e+00
1.056469992816029446e+01,2.292141352727048442e+01,1.522557419310701832e+01,3.420190284488456189e+00,-3.223345202369810814e+00,-1.753845245413379672e+01,-2.263797229741904715e+01,-2.259802329796071163e+01,-2.064878241834734141e+01,-1.696973814613483000e+01,-1.132718917991188334e+01,-7.259602454824220175e+00,-5.860521597845878006e+00
1.204392725300624889e+01,2.307311229724538748e+01,1.048833036520151651e+01,7.283651040761616180e-01,-1.140713070154230913e+01,-3.118586129255038841e+01,-3.562059137724001090e+01,-3.612034379807581530e+01,-3.084065398056951324e+01,-2.791245514936929339e+01,-1.633470656075690997e+01,-8.931032133534621664e+00,-1.223510496560234984e+01
1.496025735282455926e+01,4.869915122645490158e+01,3.039423511510759823e+01,1.903070903506646516e+01,-5.993254436086862924e+00,-4.724230270032136758e+01,-3.030110438131959683e+01,-1.336302665492715569e+01,-4.133120311103844813e+00,9.594841624767996180e+00,3.040985122491329795e-01,-2.103167223895673565e+00,-3.208580321661728352e+00
1.623426007765197454e+01,3.237968165486962135e+01,1.735588158267886172e+01,4.453225168176924598e+00,-1.159419799457406874e+01,-2.195175604248734302e+01,-1.976712803807543395e+01,-1.596135433248799096e+01,-5.511423881945988867e+00,1.023396390086639185e+00,-6.706592579620740402e+00,-8.827404012987718929e+00,-2.297608083107774757e+00
1.767106839657981254e+01,5.394340879902003394e+01,2.841063703386454531e+00,1.898944884922560661e+01,-2.578845549855576014e+00,-4.582723834301663146e+01,-1.936559700414752783e+01,-2.424704696621257227e+01,-1.004048162250525289e+00,2.395009461677356910e+01,-1.454902002401306227e+01,-1.472413281034939736e+00,1.792654345657812698e+01
1.901098695688553519e+01,4.421137499614155786e+01,-8.273608808633433398e+00,7.656648209363417834e+00,-1.926124893448918840e+01,-5.329864424292821923e+01,-3.295521526105433452e+01,-2.917662570934434285e+01,-1.261168238781048601e+01,-1.684904281560123840e+00,-1.769865579865595961e+01,4.117089017110928673e-01,1.485549322453788257e+01
1.964633215574790626e+01,1.966736063344863439e+01,-1.979422943118952061e+00,-1.230406667101530083e+01,-2.384923713794692191e+01,-3.286004672210559363e+01,-2.936956993670209926e+01,-2.059874950068109456e+01,-8.137089339577771696e+00,-4.626919191377862006e+00,-2.684687702107326768e+00,8.135410230997857539e+00,1.086752979784712103e+01
1.994026299845764783e+01,2.186210290839896331e+01,-8.699793558743929012e+00,-2.261044710663617607e+01,-2.961112275184999021e+01,-3.311325899063155020e+01,-2.209574800539459716e+01,-1.206377283621205976e+01,-5.879893450749642980e+00,-9.564826960223561159e+00,-1.597655132664419497e+01,-2.515374986637144872e+00,1.397342545381137136e+01
1.984961832478251509e+01,2.077839788400465437e+01,-2.279269477264984900e+01,-3.022247583817673799e+01,-3.058102765457145011e+01,-3.306713079981813763e+01,-1.851319249272005507e+01,-1.255623054681699635e+01,-8.662065506027090578e+00,-8.430177588285497237e+00,-1.154261404738942609e+01,5.125375571223306004e+00,1.343581657322613765e+01
1.992105642650057717e+01,2.829250932492846715e+01,-2.637908828645696602e+01,-1.158053382174756507e+01,-9.478801626206763586e+00,-2.268778085688878221e+01,-2.998948821932377662e+00,-1.636705516133697458e+01,-1.438438462731047451e+01,5.259239730944242019e+00,4.843320557788557856e+00,1.894189451469356555e+01,1.096561179497880723e+01
2.009720896011529589e+01,3.910395266267470760e+01,-3.839809864075512991e+01,9.550318579596451585e+00,-6.543106195899497379e+00,-2.013024847678411078e+01,-3.063244240034252552e+00,-3.237538112188728689e+01,-1.779013249584895107e+01,1.098277345160835061e+01,2.012305479844315670e+01,2.391185465533813215e+01,-1.836047505330419272e+00
2.025646373882704410e+01,3.751600389187648688e+01,-5.565383757688089617e+01,4.413958537649007141e+00,-2.267776493970207596e+01,-4.903335568412299494e+01,-2.363322249059732272e+01,-5.239519708098896444e+01,-1.317288442790803593e+01,-4.797142166909246441e+00,1.599007661553322102e+01,1.267510436115609984e+01,-7.239626564721122648e+00
1.980648344103286362e+01,2.405590503908535993e+01,-2.764747540637042889e+01,1.219936776253650379e+01,9.752921679543248956e+00,-3.464424314003409222e+01,-2.560563105637818637e+01,-2.878183244443354738e+01,-1.232786611838189117e+01,2.373242768202273822e+01,2.055124148926205052e+01,1.124646686547860952e+01,-1.637714304205123150e-01
1.903175753640705992e+01,1.908237297869717608e+01,-4.977143210097687387e+01,1.335829694343967944e+01,-6.539108357469043398e-01,-5.132677811596015971e+01,-5.094534892416168503e+01,-5.812900610211654850e+01,-2.443016211899769274e+01,5.250327363555583382e+00,-1.715156459245934240e-01,-4.571388226579928826e+00,-9.714629999744408551e+00
1.865433005683155443e+01,1.628832021405971986e+01,-3.231686714045110165e+01,9.998157473952304031e+00,3.533166012049852256e+00,-4.067391885354383874e+01,-3.557364582312975898e+01,-3.627259776804253022e+01,-2.685816951364763128e+01,-5.875266150283244393e+00,-5.706887194431242705e+00,-7.752484339306337624e+00,-1.699174817711304408e+00
1.838582007127153162e+01,1.746132094924696432e+01,-1.771477021485396719e+01,2.618817497144867446e+01,4.294779369858713558e+00,-2.931084846306287517e+01,-1.942454037588052174e+01,-3.675711762303558316e+01,-2.557999090579655999e+01,1.614714012535073850e+00,3.722158708094009505e+00,-1.249367858543639898e+01,-1.388215353805335717e+01
1.850336664538382792e+01,2.164210158197452216e+01,-2.058876129153231105e+01,4.440358127457888315e+01,1.351936660058940642e+00,-3.739653146277311890e+01,-1.907498919375547786e+01,-4.745313186302706043e+01,-2.693419893406366583e+01,-9.888001864525413964e+00,-4.449160144881422418e+00,-5.449974864360704885e+00,-6.417143739503032407e+00
1.867934249756491027e+01,1.794431787521010691e+01,-1.121963249396351792e+01,4.648884266005254062e+01,6.423249554414262263e+00,-3.743845780145237256e+01,-2.397954336300372802e+01,-3.715127039001011156e+01,-1.609752836491482597e+01,-4.732624759120121816e+00,-1.408544592508087234e+01,-1.128286578124651029e+01,-5.554060185351548995e+00
1.875439309778368369e+01,1.706115614088000854e+01,-1.052705806606028283e+01,2.816201856071811704e+01,3.597534825993962571e+00,-2.768520784751164143e+01,-1.623550734397809947e+01,-2.812831103753040551e+01,-1.739162878353612030e+01,-4.327616508658170602e+00,-2.468204926032127489e+01,-2.474892891202907919e+01,-1.924900035036168466e+00
1.869114046384011374e+01,2.905331462396976860e+01,-3.389069163425401143e+01,4.407779634363016896e+01,9.578234672031245012e-01,-1.922517812408402094e+01,-2.755880823442070948e+01,-5.016655011912181550e+01,-1.274131843492918925e+01,-1.966530786551269472e+01,-1.334389359618880277e+01,-3.242628924548426994e+01,-7.997767055189462404e+00
1.792012020883514722e+01,3.402697043568694824e+01,-3.042316778825565038e+01,4.069445753960101797e+01,5.871559844454643518e+00,-1.579799396700509284e+01,-2.322288159553242082e+01,-5.046143414754570955e+01,-6.119662888450069005e+00,-1.162625233163290472e+00,-4.036408596857837594e+00,-2.369190156349141319e+01,-1.266854930082542730e+01
1.574897834325939883e+01,2.030208648773805180e+01,-1.161593386790468152e+01,1.582537300300543315e+01,7.664591430147110529e+00,-1.314816723767384588e+01,-1.080861916754219010e+01,-2.529517748675559830e+01,-6.681809969760322154e+00,2.146941895311071491e+00,-8.787072823406232303e+00,-1.575014046046684157e+01,-1.912311394125090658e+01
1.508607153392980216e+01,2.037908402773079075e+01,-3.422583197796988053e+00,1.669203866465919361e+01,1.324367861053627804e+00,-1.610315817016821072e+01,-1.274437892748029277e+01,-2.234688767050722191e+01,-1.928947403124488602e+01,-1.621901026236540133e+01,-9.660020218433560402e+00,-1.554161873564031637e+01,-1.462390924381684876e+01
1.456430081334363180e+01,1.637579135568688216e+01,1.231504067731100882e+00,2.530734670147993626e+01,-2.482492830396502370e+00,1.254741383061650284e+00,-2.628087690212860927e+00,-3.403924695235013331e+01,-2.813682313954263137e+01,-1.445585974613596747e+01,-7.551133777906637867e+00,-1.185622646559837889e+01,-9.170215039031464954e+00
1.582588402206061851e+01,1.517979544688903815e+01,-2.148249046373750915e+01,6.248596184617429827e+01,-4.541990214126190750e+01,3.438066390997134647e+01,-1.035063511232177724e+01,-4.395521459862042235e+01,-2.217058949157440395e+00,-3.147490641050579185e+01,1.349060852539626687e+01,-2.250244487664269855e+01,-1.848086307782662630e+01
1.699460267249902401e+01,6.878245184609888874e+00,-3.193735862031401851e+01,4.406903348910597629e+01,-3.215007486875089882e+01,7.604178884880587574e+00,-1.625875682623702634e+00,-4.454478837372825950e+01,-2.276407981917782664e+01,-2.943542569384389740e-01,-1.355619068145102579e+00,-1.758902606166278204e+01,-2.383185071251297060e+01
1.805913114181723600e+01,1.028396855876143512e+01,-2.368337639633613634e+01,2.144953249051510724e+01,-9.437569602396818524e+00,-3.457565805135198289e+00,-2.137202659177917408e+00,-3.739395167118721020e+01,-4.593987767196932914e+00,-5.934282054908966764e+00,4.615812197598291533e+00,-5.818586500625832159e+00,-2.239818559135636988e+01
1.979064853907357957e+01,1.814213733159934350e+01,-3.880596953716054998e+01,9.826155697817021917e+00,-2.631867686027287334e+01,-2.733054603072023170e+01,-3.769031944651133870e+01,-6.862795752622588452e+01,-2.652171901857961345e+01,3.094888181309727315e+00,1.677580134739988438e+01,-9.684364147589905158e+00,-1.796287605240146235e+01
2.015923070280633311e+01,2.288135662685915506e+01,-2.119858177829988932e+01,1.112447748903770339e+01,-7.003869316791371702e+00,-1.428363054907645235e+01,-1.914058649797284772e+01,-4.280841358751828096e+01,-1.026667119788318372e+00,3.156141912363444391e+01,2.487886375346388590e+01,-6.261503158077493580e+00,-7.019400265850570975e+00
1.993358727296942234e+01,2.211670190234297451e+01,-1.773300410533773430e+01,5.802125667591157665e+00,-1.675504670187897505e+00,-8.005665512296459951e+00,-2.880409119533440787e+01,-4.525314295933817021e+01,-1.133349841851261530e+01,2.273218722403587222e+01,2.440890516300361668e+01,3.474737303398430566e+00,1.836765219949937800e+00
1.957643897732691940e+01,2.032406449135730497e+01,-3.612501219362220439e+01,2.457315304628305608e+00,-1.026418779131727810e+01,-1.790881096693949814e+01,-2.763204773955727589e+01,-5.171154478298228696e+01,-1.259732666806468870e+01,2.047501828280911695e+01,1.875841990744584464e+01,-4.008611044349080110e+00,-2.750185687681007352e+00
1.961515407779112508e+01,2.864494019760229904e+01,-2.985285143876098246e+01,2.063709850402768353e+01,-5.062362820555096121e+00,-5.907357524927113523e+00,-2.327155674575057276e+01,-5.085712531641815559e+01,-1.627347284891820323e+01,1.990690428314218252e+01,1.793750133367866795e+01,-9.631465213329207131e+00,1.259790338335429105e+01
1.927617079449600013e+01,1.379541866932759930e+01,-1.880621132229295966e+01,1.946072944615825584e+00,-7.799924526211587050e+00,-2.257564440011839224e+01,-2.546076815439841567e+01,-5.850445812757511277e+01,-3.502504482475274727e+01,1.802012030120270936e+01,2.207775296604423065e+00,-1.662026612875625631e+01,1.327108184748517594e+01
1.817797641709518786e+01,2.265892024599420296e+01,-2.331394193258745773e+01,1.457538652438493187e+01,-8.299307280256053687e+00,-1.686023293387464506e+01,-2.056473410171416916e+01,-6.515246806980690053e+01,-2.634755298416030911e+01,2.617503380386650846e+01,1.129937883587468939e+01,-2.090842680425519262e+01,-2.523572336781243486e+00
1.762641861888427641e+01,1.298612398714712768e+01,-2.103945325097548391e+01,1.636941278694786561e+01,6.123081908045577393e+00,-1.627568149351955640e+01,-2.952213136829168150e+01,-5.395816676336534812e+01,-2.168498163743920415e+01,9.587127485557616069e+00,-2.869597487557827911e-02,-1.527051942757927350e+01,-7.320117559756196712e+00
1.684096824114630664e+01,1.081176385933808959e+01,-1.718655456422290229e+01,3.273885848807898924e+01,1.415441089375379491e+01,-5.352963316938990523e+00,-1.814857537660081022e+01,-4.370933504818971471e+01,-1.491784064203074145e+01,6.952235449822012470e+00,9.246541317484478384e+00,-8.316466518146233611e+00,-1.075674468560938202e+01
1.673391469912953866e+01,1.850864566116506893e+01,-3.228224859807122016e+01,4.083187146189849415e+01,-1.429620044724302930e-01,-9.069887468614888704e+00,-1.450304401653880682e+01,-5.471057084703976869e+01,2.929390467067040760e+00,-8.781980619797337795e+00,-9.663028120703273771e+00,-1.331087025069834695e+01,-1.081675603276120334e+01
1.671478049445297387e+01,8.707354904618238578e+00,-1.117432339619446324e+01,3.745677466059859029e+01,1.125294889051076197e+01,-1.857728675860960577e+00,-1.603679459577839950e+01,-4.996222995191986627e+01,-2.965237402873191819e+00,1.578623673871885380e+01,-1.151146815328035622e+01,-1.826707884760303102e+01,-2.637515291986267663e+00
1.660154636927232374e+01,1.759587546484874565e+01,-1.903648025875849470e+01,4.528032786490145156e+01,-7.020429246409737090e+00,6.973918846486939493e+00,-1.200906341114435616e+00,-5.506887589683352502e+01,3.883651298445949251e+00,1.509838084447468276e+01,-3.583137049563506427e+00,-2.509339932362350112e+01,-1.009647531783792473e+01
1.706683181761556867e+01,1.633743957175627060e+01,-2.938955614222625812e+01,6.042323259539811176e+01,-1.316582115074384340e+01,7.067695309793174729e+00,-3.863870971066012405e-01,-5.219390348184582251e+01,-8.332477852916854388e+00,-4.520550153074105459e-01,-4.064721614784268411e+00,-1.128994674949822219e+01,-8.869110791125709881e+00
1.812671515689140378e+01,2.009048598833390376e+00,-2.014739705467513531e+01,6.860330857718766140e+01,-1.381114955224288110e+01,1.183320873013295360e+00,6.489570260082084374e+00,-4.864778389635851141e+01,-1.882431722112946204e+01,-7.242092226900735952e+00,3.388420346154937146e+00,-6.956544438036649680e+00,-1.753298033846624548e+01
1.919776740042542329e+01,-9.601338421908666376e+00,-2.547286478925719777e+01,6.987966462892043751e+01,3.892330105866543821e+00,-1.152262796826497349e+00,9.635312952164804656e+00,-6.016975953343462180e+01,-2.446189254157582837e+01,-1.790236246036658230e+01,-3.894208629251056486e+00,-6.860008597136705077e+00,-2.350901180298554749e+01
1.974916028221425179e+01,1.303821555438410273e+00,-3.831584121277718680e+01,7.360523904774768766e+01,-1.654381743352101353e+01,-1.019117190307103016e+01,2.607796207753294837e+01,-4.638744960302798859e+01,3.585972384315076589e+00,-1.474180932349082873e+01,-5.665798227572353518e+00,-1.434476289809213689e+01,-3.833189979048467677e+01
1.932084067365579472e+01,-8.136931080462991517e+00,-2.273502138941920236e+01,6.522219440263330625e+01,3.322805001451484941e+00,-1.369551282287178040e+00,8.970813137722101871e+00,-3.727823026815212160e+01,-4.039808102095054920e+00,-1.315742509411848893e+01,-1.054751869257806973e+01,-1.572946768274014318e+01,-1.922309533833925244e+01
1.837529896547574637e+01,2.070300182449923199e+00,-2.497459656964388230e+01,5.705050932891265347e+01,-2.267694457151644194e+00,-4.210158671920457785e+00,-4.995398681151581144e+00,-3.201512416618426471e+01,2.140429497620249588e+00,-1.320244973243920761e+01,-5.349106092091624909e+00,-1.033088603051979781e+01,-1.812259561613038628e+01
1.782926655726207699e+01,1.758513704915491616e+01,-3.307133478102666402e+01,6.704761282287171298e+01,2.756410025266128550e+00,-3.969172647898333572e+00,-8.592156445293658962e+00,-4.783275146474928619e+01,1.543930047545889472e+01,-1.222860728065886171e+01,7.771869598698358805e-01,-1.058262826997674466e+01,-7.738601062696552013e+00
1.823857623724027377e+01,2.484436738339059403e+01,-3.902677931649015619e+01,5.498481032556835402e+01,-9.933657295017789934e+00,1.222164724170218930e+00,-2.169322114877587282e+01,-4.004614711680927286e+01,8.950745848000037697e+00,-6.206198498504857497e+00,-5.855339164291022414e+00,-2.529811116350020583e+01,-3.441616025843459603e+00
1.829760678086907077e+01,1.378775373021317385e+01,-1.943531604237229260e+01,2.627466025757071932e+01,9.665344928505190225e+00,-2.080271643384775260e+01,-2.782438343087055443e+01,-3.735096372704249745e+01,-4.851871294956147551e+00,-5.363983716090775511e-01,-2.078382253937470026e+01,-2.223956628577147043e+01,2.540665290084970440e+00
1.782121334876497087e+01,2.242489704393448591e+01,-2.053306650193689009e+01,3.207933803451504673e+01,1.058099918229652125e+01,-1.334654564020508261e+01,-2.463305883686826192e+01,-4.116489487541478809e+01,-5.988583671257244667e+00,-5.495679070502309749e+00,-6.239911013929178907e+00,-4.012497953233976844e+00,3.303643869826147217e+00
1.725546789203085041e+01,3.598974056743971772e+01,-2.923724204903006907e+01,4.216097102464833313e+01,3.334238864072984754e+00,3.249418139552518792e+00,-2.844987821984130960e+01,-5.148747634855790523e+01,-1.231980364676584294e+01,-1.675547262915664248e+01,1.099732021554766881e+01,-2.196978193496554432e+00,1.495406458792725957e+01
1.547255300273575607e+01,1.959841783778283641e+01,-6.378512516578913605e+00,9.404265636528126748e+00,-4.679510635629085868e+00,-1.997729544586843886e+01,-1.814165321365479144e+01,-2.551858346280092960e+01,-2.066062589135075811e+01,-2.338388058949693615e+01,-2.527172809327978342e+01,-1.938615094930425187e+01,-1.431807063110652223e+01
1.481557374024875173e+01,2.656768233649717814e+01,-6.952483984906119296e+00,3.080171806505980214e+01,7.796831499698786416e+00,-8.761829508073564199e+00,-1.275805543018068455e+01,-2.682993924027126198e+01,-1.129765426598168965e+01,-1.006502169905782473e+01,-1.231264239525643056e+01,-1.520231327898722817e+01,-1.025152361264226286e+01
1.435103322192009578e+01,2.813150665424645425e+01,3.987130894946953608e-01,1.946150522478085421e+01,5.899796512535407267e+00,-1.069520437834350801e+01,-9.110471461830140782e+00,-2.693810305814717765e+01,-1.832867228623375055e+01,-1.316844668512795558e+01,-9.684082174859570458e+00,-1.119749749730392985e+01,-1.446642832118792121e+01
1.406689793981037262e+01,3.208119042614345773e+01,-8.707762714858329645e+00,3.353620664706897259e+01,1.097214686519027715e+01,-1.372372453972136697e+01,-5.137938753820884052e+00,-3.537252930861345845e+01,-1.870349173487306516e+01,-2.121521225908350416e+01,-1.744816064350884588e+01,-1.528751429027892783e+01,-2.326913955219202990e+01
1.365577943038994313e+01,3.491999727594104286e+01,-7.623877026991657146e+00,2.454431778360005012e+01,1.090680228962553500e+01,-7.448289184448476874e+00,-2.215590771034801953e+00,-1.988140394053352722e+01,-1.387501487647629617e+01,-2.013880459336613526e+01,-2.274391813487022684e+00,-4.494341195066548167e+00,-1.638987361781892815e+01
1.541355365049324888e+01,2.948639586723753325e+01,-3.260793077407261364e+01,2.106189437153804178e+01,-7.334449398420264110e+00,-2.364868936564938018e+00,-1.555033026079131453e+01,-5.036236826105361075e+01,-1.054811298111678397e+01,-2.631243331231301141e+01,-7.051551452780202567e+00,-4.613272807329193981e+00,-1.478921665824873521e+01
1.898080052848158772e+01,3.084708507618116968e+01,-2.903969033028587532e+01,9.035926062452558361e-01,1.640919349608490618e+00,-1.595436163922582473e+01,-2.760182824463665696e+01,-4.214519163807300828e+01,-2.199093130761581705e+01,-2.682228384790708464e+00,2.592583411551368755e+01,2.119166355467439189e+01,-7.571463609551053187e-02
1.980229853579861299e+01,2.983384458595432065e+01,-3.293038533669437840e+01,2.030032317075019854e+00,-1.455593188772091207e+00,-1.401792921552605797e+01,-2.696284244957172405e+01,-3.959075363983416906e+01,-1.664801173070869211e+01,5.332035315670379916e+00,2.635203741954391887e+01,6.598725588941206865e+00,-2.272936774778021807e+00
1.989703475762616591e+01,4.237626989139474176e+01,-5.607712909327223372e+01,1.996971450314641316e+01,-1.596062632650437685e+01,-4.774490108487488449e+00,-4.405314049401538057e+01,-4.384139334823957768e+01,-1.707932652359530934e+01,-1.354080572367895696e+00,4.700936639542690898e+01,-1.476993667726373416e-01,-2.738108682044596343e+00
1.993341300305272412e+01,2.654771232459282260e+01,-3.861480725177206352e+01,-2.909745135024530693e+00,-3.087717400540006984e+00,-2.051746664643634688e+01,-3.470314120568676941e+01,-3.853696849465104179e+01,-1.672573034681019521e+01,1.080498956554655265e+01,3.162989521575740426e+01,4.060263524428544546e-01,-5.051529011792251112e+00
2.014964441715893884e+01,3.151602410759874928e+01,-3.780177060680981072e+01,1.249914975294275621e+01,-4.692982094221518352e+00,-1.613745956471347442e+00,-2.500665276750149957e+01,-3.451823817803821726e+01,-2.782055019929529305e+00,2.382817459163821994e+01,3.706068156355691912e+01,3.949188717945899096e+00,-5.886854447326674844e+00
2.024785890977439351e+01,2.601274894786013192e+01,-4.533930819584512761e+01,-4.788059612822133992e+00,-2.348295489995631868e+01,-2.209665616035896818e+01,-2.975282844700459250e+01,-4.855144352728215296e+01,-2.776657190043142709e+00,1.086227432334258758e+01,2.587547030233949741e+01,-9.836515966990640791e+00,-1.673378943335339741e+01
2.028286238365554439e+01,2.459932525402592063e+01,-3.266422164027563468e+01,-5.468655629931047368e-01,-5.704264878176979359e+00,-5.471561597761189333e+00,-2.102442093434263981e+01,-3.563853700906174993e+01,-2.842636920094617992e+00,2.277645605019677078e+01,3.218439261932598328e+01,2.896749409457997082e-01,-6.199989440674437802e+00
1.996400114444505647e+01,2.242220607607077909e+01,-2.142677571897476341e+01,-6.876892484009978546e+00,-8.446819669569033406e-02,-1.030202011619759972e+01,-2.172497035156954226e+01,-2.683505020870813240e+01,1.594861115081712910e+00,2.808009996056496149e+01,2.248551896520263327e+01,-3.675275279764352199e+00,-6.336454880529230671e+00
1.950813323241963104e+01,2.451045209430918348e+01,-2.601343198085733022e+01,-2.388371458696928240e+00,-1.121556014090761622e+01,-8.206857348987936618e+00,-2.485147210613240176e+01,-3.994848998901495207e+01,5.533648806878415982e+00,2.482140021776319116e+01,2.316924577715108313e+01,-1.305077715126694393e+01,-1.205306585427940291e+01
1.943730850408661581e+01,2.090223692465938043e+01,-3.834089340748946029e+01,-4.409886646101631058e+00,-2.302107110260450540e+01,-1.121342532539776116e+01,-2.969534424308864828e+01,-5.183624043987948937e+01,-5.377385774296937981e+00,1.971608598997460504e+01,2.736410220934995507e+01,-6.954458821744103680e+00,-7.454362058654840695e+00
1.913855787915526463e+01,2.165297626976612122e+01,-3.044281737563531109e+01,-3.105420282068705795e+00,-1.304663028319149021e+01,-7.141885616779759083e+00,-1.980651848249898705e+01,-4.890073738170008255e+01,-4.923797175459893261e+00,1.842973505631019293e+01,2.451848855400292138e+01,-3.543626033093786099e+00,-9.404346632012444474e+00
1.802918510671534591e+01,2.776852822762056761e+01,-1.833284134562938306e+01,4.000378846551487122e+00,-1.137070939676696746e+01,-1.752403390713163489e+01,-2.116389909626601096e+01,-4.100436705247452807e+01,-1.148024317966345009e+01,4.233913159479524069e+00,1.712718059617819577e+01,-3.965991586541443681e+00,-1.025831117314769436e+01
1.651600340103784248e+01,2.808832523904792566e+01,-2.536168594894611417e+01,2.851842221461996374e+01,-6.025656780238617394e+00,-1.839969122322997563e+01,-2.470132112281805448e+01,-3.067444653329430082e+01,-8.743490514031492467e+00,-8.288681626818259929e+00,4.213379931810411705e+00,-1.363576304202211631e+01,-4.591204729661912509e+00
1.633795065684310899e+01,3.127356354227915602e+01,-3.641747192245760090e+01,4.429329180583057024e+01,-5.541810571071326130e-01,-5.476173743715680331e+00,-1.218157234346077900e+01,-3.572957922577408851e+01,-2.703267911360568654e+00,-9.996173968532662713e+00,6.175528543054633168e+00,-1.424676705344742089e+01,-1.222222143443310038e+01
1.638793179770035024e+01,3.004028790314039199e+01,-3.612092742902120079e+01,4.012825406179992171e+01,1.170424659630684650e+00,-1.033941714801154532e+01,-1.571079808027265123e+01,-4.721826803694270325e+01,2.243357546404555869e+00,-2.907940308505032601e+00,1.342111520909104572e+00,-1.310001699765759398e+01,-1.888349268510604873e+01
1.624908886627419236e+01,2.164214874266580324e+01,-2.204042338332688189e+01,2.048400637637900346e+01,5.708610544445230417e+00,-1.271159382581884678e+01,-1.905737721605627044e+01,-4.730116199197335192e+01,-1.838523236975334285e+01,-6.828117018473738753e+00,-5.549440323755656657e+00,-9.953601788175170384e+00,-1.498939779234560810e+01
1.739005936287105669e+01,3.165321124453726043e+01,-1.538908606193213835e+01,3.708844695478967779e+00,-9.285992427237996338e+00,-9.510953561031477932e+00,-2.474508656474471735e+01,-4.846740271998536542e+01,-1.536867640853242101e+01,-2.083206739445331745e+00,1.074408223067743329e+01,4.579583920026140120e+00,1.397553518249492754e-01
1.809329894569848918e+01,2.329384203729579639e+01,-1.035938190746010257e+01,-1.091668921209422649e+01,-1.613646944901568148e+01,-1.410420631768234934e+01,-2.583643352855192532e+01,-4.306734059443694917e+01,-2.451922757698844535e+01,-1.042748765079000073e+01,4.133191858044843237e+00,1.383069890361362297e+01,1.307946853373054097e+01
1.806041717330861829e+01,3.830914731891400749e+01,-1.368427178364908414e+01,-6.777775376893417913e-01,-3.374561318944696353e+01,1.677078367132608605e+00,-1.101276237971866401e+01,-5.613787588334041345e+01,-1.512075095907388622e+01,-1.891639081191370586e+00,3.923848747789675517e+00,7.128308257812458137e+00,2.170931961742241256e+01
1.765516737934665770e+01,2.968584670925124414e+01,-3.135435952181933050e+00,-8.592869287572514336e-01,-2.010741579403035217e+01,-1.398650883704947390e+01,-1.502018117452877632e+01,-5.105504594887345604e+01,-1.901108429973866265e+01,9.533351799527611803e+00,1.069263193194571970e+00,7.493514559722687096e+00,1.243772179399404010e+01
1.719940365915433489e+01,3.602258134053347050e+01,-3.851967750623862319e+00,2.868915061865823457e+00,-2.717666533914531612e+01,-6.241949914999352700e+00,-1.228774277819520222e+01,-5.106805793061229792e+01,-4.765528604770267407e+00,9.538425804003404451e+00,-4.156369251132409737e+00,-5.380352355947673360e+00,7.611334433417607848e+00
1.694093211732883475e+01,2.218946675727057993e+01,-1.226940539283409848e+00,-8.360987682213302463e+00,-2.450936483716198211e+01,-2.098037190176211553e+01,-2.098355881939821188e+01,-3.703676381120511962e+01,-1.545569124229357527e+01,-3.673232183897713554e+00,-7.744144616594601516e+00,-1.348112126051754789e+00,7.083979800754685030e-01
1.682968255717356953e+01,2.170926221222227781e+01,-1.150155731833529815e+00,-7.911719673446632406e+00,-1.842614112509602009e+01,-1.829259008358300420e+01,-1.989768662213356620e+01,-3.092612779193075667e+01,-1.360289618396066835e+01,4.440998093647014477e-01,-3.060744062854423131e+00,9.241836401408787260e-02,3.595920510070379272e+00
1.648524438197017616e+01,2.469093403756364324e+01,1.486057281933023999e+00,-4.869785053657224694e+00,-1.413391112492688784e+01,-1.357548536674668327e+01,-1.706617613428246472e+01,-2.544198015526099610e+01,-1.283673851804205057e+01,-5.214204812526506555e-02,-4.159950900011714636e-01,-3.022069578702100134e+00,5.286451007380793321e+00
1.610978357405902628e+01,2.947637512999060405e+01,-7.948058275819255281e-01,-3.437175307863437279e+00,-1.714996688561685190e+01,-1.334437813372364268e+01,-1.398474751768323898e+01,-3.041201569494155166e+01,-1.740994998979489239e+01,-1.382436530124063090e+00,5.504012497985034891e+00,-1.359638241267274417e+01,1.144497918798597524e+00
1.602239002394069090e+01,2.429836149787124810e+01,-5.420541706611678556e+00,-3.506563871231660023e+00,-2.370875864359898699e+01,-2.558894714782511670e+01,-2.246606144101245661e+01,-3.851959674623745400e+01,-2.607772728920124905e+01,-6.326411418618438809e+00,-1.643495771935069349e+00,-1.703066659578669828e+01,4.761901574069125509e+00
1.609499393242179721e+01,2.520837508970714325e+01,-6.746211883090780681e+00,-2.216279308464646824e+00,-2.072417170336269265e+01,-1.573789881519153511e+01,-3.191626065568044979e+01,-4.809522382839826093e+01,-2.077754844469860984e+01,-1.106592952596148827e+01,4.871131490151639376e+00,-8.165943262992470864e+00,-3.097928248770244863e+00
1.631086689853550098e+01,2.793223372402889737e+01,-3.303004192953277851e+00,8.360497146350265751e+00,-1.967011836596305940e+01,-7.566118910564888722e+00,-2.699966477909028129e+01,-4.621938140505096015e+01,-1.931524121527876048e+01,-1.198253857556884583e+01,1.450408160339950925e+01,9.296644547075521015e-01,6.844216519673554933e-01
1.627125365000572899e+01,3.007475280191508915e+01,-1.115150468947907214e+01,2.843543161619478354e+01,-3.442419794560795054e+01,-6.416019761764730767e+00,-1.185487216267166488e+01,-4.118384681011178117e+01,-1.410079152434150629e+01,-2.518856387251412698e+01,2.089846715623145812e+01,-4.226037610676483425e+00,-5.215116121051768694e+00
1.628658702554560733e+01,1.558610029560436949e+01,-5.876686917727914405e+00,2.255192023191048634e+01,-2.006365047351254560e+01,-3.748338490262867140e+00,-6.593910368061592031e+00,-3.331871007291719877e+01,-1.700544294158084213e+01,-1.897184276040215067e+01,-1.103973857184605389e+00,-8.392082782787991135e+00,-6.301702215701755705e+00
1.736282835193651053e+01,1.493015594356902787e+00,-1.808950280459498217e+01,3.454445446891740801e+01,-1.690029002199015551e+01,-1.098407415037125645e+01,4.675417314431101978e+00,-4.575925771069458392e+01,-3.653904480918640729e+01,-1.021862116554562938e+01,1.215854758839521743e+01,-7.660708783534734501e+00,-2.313227721210060750e+01
1.805260301250116228e+01,-1.110344103386827896e+01,-2.085245632478807920e+01,4.178976901430851143e+01,-2.490315314563078175e+01,1.348073838523720758e+00,1.206500780627989400e+01,-4.277129892802383893e+01,-3.243686985416375990e+01,-1.550559827041982963e+01,2.380036235679702372e+01,-4.322823399585467463e+00,-2.658044856826572300e+01
1.850593653003746653e+01,-2.193349485078958949e+01,-3.735573062591129911e+01,4.284587056425595364e+01,-2.937626381382871443e+01,2.195747757209438333e+01,1.666521982404531954e+01,-4.051367909225233177e+01,-8.894390229021164274e+00,5.704611756902744801e+00,3.109311989581645008e+01,-2.570915641667032236e+00,-2.109885255955321171e+01
1.927084448070240796e+01,-3.031839615455569970e+01,-2.839944996052304305e+01,2.923237384404318462e+01,-3.065717033867948871e+01,1.243111630489226016e+01,1.856032997100875548e+01,-4.027639281994614606e+01,-7.544011499249244856e+00,1.414491392966013450e+00,1.216630286966180030e+01,-1.264798000022221869e+00,-1.719509845963434458e+01
1.928603234329178662e+01,-2.209965054692946751e+01,-3.283608885741529804e+01,3.765983715830375189e+01,-3.760566189394556602e+01,1.755496684419938092e+01,5.992146132431320105e+00,-3.708842755542228531e+01,1.100792510532054891e+01,-9.497239758808307952e-01,3.407556994797756644e+00,-5.037300139516013076e+00,-1.026590303989660846e+01
1.908594694701502803e+01,-2.316366085711483080e+01,-3.127092513264237539e+01,2.868267881314488221e+01,-2.472674973901866835e+01,2.334703780229474290e+01,3.300828219470378411e+00,-3.371402658521127194e+01,1.056027308208144255e+01,-5.646933043467262436e+00,4.882918349560531723e+00,-9.469935533543894834e+00,-1.301135848874194245e+01
1.931608443908637796e+01,-3.704243390693410731e+01,-4.110950900628227345e+01,2.190019287398763126e+01,-4.623481828128837634e+01,1.059002350375704538e+01,-2.348238515229895018e+00,-5.063799168991991451e+01,-9.102233902502092633e+00,-2.830800587094798537e+00,2.259074558685846412e+01,-2.341468410723554427e+01,-3.496798617526978603e+01
1.914071274468780715e+01,-1.903775909827781376e+01,-3.026881235534600734e+01,4.351431439626659170e+01,-3.789427162332507493e+01,1.611349636147170372e+01,5.914128738480995295e+00,-2.629326634549478214e+01,5.137764341589933004e+00,-8.935074879872595410e-01,1.753300608095705471e+01,-1.705831063750892440e+01,-1.132251591102874322e+01
1.878427978096856066e+01,-2.607935906375120183e+01,-3.885746635732148491e+01,3.097002394924547275e+01,-3.273593066988726008e+01,1.648276635936451129e+01,-4.999638549093169182e+00,-4.656501328302161369e+01,1.099563939857749695e+01,1.751027062117749367e+01,1.011950274098816216e+01,-2.819381098033499455e+01,-2.694158542367960596e+00
1.840701268894706288e+01,-2.578734625805764225e+01,-4.803599422784768791e+01,3.560567678205318742e+01,-2.016864416715902664e+01,1.256337395395340550e+01,-9.335052260513359457e+00,-5.586066609427854956e+01,-3.605587353212920676e-01,1.535379639925079687e+01,8.170200968167893762e+00,-3.008918746021098656e+01,-1.811818875538440565e+01
1.735806791632252555e+01,-1.983624044823087829e+01,-3.613348947341620487e+01,2.196771400916945893e+01,-9.156828908649131904e+00,-7.625123244934340683e+00,-9.169230568531450132e+00,-3.810045927742327621e+01,-1.151670846038640761e+01,1.382137750393540898e+01,1.147051567145846285e+01,-2.023880609677051012e+01,-1.055159960047615897e+01
1.673315385687122614e+01,1.289946102462758404e+01,-3.229047703748483400e+01,6.023099805757734515e+01,3.028314464772649206e+00,-5.503553070034441497e-01,-7.248751615082039912e+00,-5.203241702310987904e+01,-2.950958953118441030e+00,-7.766673968435868325e+00,2.681401943557749412e+00,-2.317969054450658462e+01,-1.769213936482938010e+01
1.669188508825547501e+01,1.963741423245450335e+01,-2.910857892670943770e+01,6.360086970427713027e+01,-7.122208455213295153e+00,-2.503819923807326209e+00,-2.981122835371733260e+01,-5.008359433499652624e+01,7.989635912443611154e+00,-4.969123183077885919e+00,-7.761160920961756915e+00,-2.676121241729348910e+01,-6.547643551057595879e+00
1.638797168418457062e+01,1.556501663763987864e+01,-1.699029063488221780e+01,4.520969042856048503e+01,-9.889746309578043570e-01,-6.570523924212661626e+00,-2.409694009334422304e+01,-3.687699565706705584e+01,1.103898194170614300e+00,-2.042226851997416937e+00,-2.686738060991571420e+00,-2.404206934647060478e+01,-4.480987062133291232e+00
1.618813813148038960e+01,1.642470268786616927e+01,-1.973407823158490615e+01,4.875188796057923213e+01,4.036294111423754494e+00,-6.809387494421203613e+00,-2.082164884235616142e+01,-4.000550459688533067e+01,-4.273905912133054485e+00,-1.026900166385595803e+01,2.824798431671978527e+00,-1.993605738139337191e+01,-5.705580892234576318e+00
1.584329669872137636e+01,1.491780772748759532e+01,-3.087173385673246884e+01,3.821580885219724166e+01,-6.555378712345842906e+00,3.520228470752008398e+00,-5.919859236027650518e+00,-4.293336731585326049e+01,-1.336341074954924579e+01,-1.549940038425657818e+01,7.279971600268410059e-01,-1.883009276141412869e+01,-1.825526397115694266e+01
1.531554256509345713e+01,6.139559761031192942e+00,-3.469514192840829736e+01,3.331898962050304647e+01,6.702406518756687248e-01,2.222605351645229277e+01,4.321293381832449931e+00,-5.433491637248787498e+01,-1.248782890829481040e+01,-7.108871081494242183e+00,-1.132712475961090481e+00,-8.346860582486067770e+00,-9.574002283713825889e+00
1.473758582746039458e+01,-5.504954188649306523e+00,-3.709268272782080089e+01,3.028347123645506755e+01,-2.567189123878871104e+00,2.084099612472068941e+01,1.088804991716326720e+00,-5.104509630213661353e+01,-1.139051400670059344e+01,-4.952250047638218078e+00,5.152155177106474859e+00,-5.827966592244662181e+00,-6.815222453661033519e+00
1.429959589259981989e+01,-4.883221070841652356e+00,-4.438101319903196185e+01,2.791430509845334029e+01,-2.284579674045178521e+01,2.369235856708136012e+01,1.869304749988112135e+00,-4.973552023025881397e+01,3.566892508311907406e+00,-6.868411142336321440e+00,1.006406878643085001e+01,-9.610649858747354557e+00,-9.084252700093301769e+00
1.404832720224252718e+01,-7.376875111573370170e+00,-4.462870838920169803e+01,2.447611682223272211e+01,-2.043660722592848344e+01,2.297187696364105491e+01,1.275181558617802935e+01,-4.357096828121826348e+01,9.104928840900781140e+00,-1.798638358642655177e+01,4.990283581750347253e+00,-1.038734186651860725e+01,-1.303104564975484436e+01
1.424227387539479928e+01,-1.465086052452121379e+01,-5.081096228087558586e+01,2.545877550602274297e+01,-2.223297796595025844e+01,2.277004179209181700e+01,-1.668629792486860941e+00,-5.185177509413905028e+01,-5.272288104027627931e+00,-1.369327755638314947e+01,1.068771986501878146e+01,-1.421287947836210108e+01,-1.577404674570632004e+01
1.437408021036400818e+01,-9.872526111495977474e+00,-4.363175228224039870e+01,2.261087339608273439e+01,-1.719416843130988326e+01,1.674780114589438540e+01,9.001277780125008121e+00,-3.112531454005219800e+01,2.117562510032405587e+00,-8.647934120369963340e-01,1.071416849553379436e+01,-1.028636275908424480e+01,-1.727162133804780808e+01
1.487702336398804448e+01,3.794521266034431850e+00,-5.220276992792162218e+01,2.828928216743010182e+01,-2.811526242930462161e+01,2.363965251413779356e+01,7.170409565487352310e+00,-3.915602977127576878e+01,-9.730868226613327288e-01,6.799281212230565252e+00,2.013362004221679413e+01,-1.357485114123503323e+01,-1.500978078605741572e+01
1.551335853658979680e+01,2.327459214959731426e+01,-2.701737680891381999e+01,1.040573554840715431e+01,-1.173285036113899871e+01,5.385695106655726150e+00,1.605037244834019106e+00,-3.314404826572794605e+01,-7.031832411232048052e+00,6.579106701157767745e+00,1.664258242304612523e+01,2.541000048359379093e+00,-1.591163591927304211e+01
1.688680270581732401e+01,2.936487625043220007e+01,-2.895649833276069174e+01,1.246201378101642732e+01,-2.668178632917464199e+01,-4.796921319875880663e+00,-2.334006681928547522e+01,-4.740697405843007317e+01,-1.067227941657300683e+01,3.215936218837999849e+00,3.063095216706170021e+01,9.495814718823043066e+00,-5.237402406140247102e+00
1.783717141671958473e+01,2.625236709568229188e+01,-1.803537053425880998e+01,1.324175228138440609e-02,-2.229518627900188932e+01,-1.288137722954561504e+01,-2.269185757681210092e+01,-5.600852856435164284e+01,-1.350202278101361841e+01,2.532828147529770035e+01,3.021297072983486487e+01,-5.278202309140119119e+00,-1.356679156830253241e+01
1.807364212124925729e+01,1.954502857394536974e+01,-2.279171970541309733e+01,-1.852978841759988526e+01,-2.485054416631652785e+01,-2.261309721994619792e+01,-3.055904695602009369e+01,-4.919022859176968865e+01,-2.054417381097162121e+01,8.166008175555331761e+00,1.518191319277574891e+01,-5.567406504895730635e+00,-1.515864940658431870e+01
1.856278599077858615e+01,2.260910901874853352e+01,-1.444182906366343211e+01,-2.063245686015062930e+01,-2.882283832793321565e+01,-1.886864831747943327e+01,-1.775249021821202078e+01,-4.042847344016525568e+01,-1.728520804178737080e+01,2.135526375970326285e+01,2.525283586095655153e+01,-3.431382981391561948e+00,-7.952626201110563287e+00
1.824466094344538902e+01,2.053566780861986985e+01,-1.532123218457609859e+01,-1.132087719543336135e+01,-1.699533059461544582e+01,-1.721264415260399616e+01,-3.121723133061632893e+01,-4.690644283306018991e+01,-1.581665721627929244e+01,2.296905646999979922e+01,3.124843461006187084e+01,2.457237601672284555e+00,-7.173765955301952602e+00
1.748916690616434622e+01,3.040713289561145416e+01,-1.108366224824542279e+01,-1.949578201022468704e+00,-2.527623585472572287e+01,-3.808610417985808905e+00,-9.876920381976436403e+00,-4.303326482789849905e+01,-3.121652764541872127e+00,1.697722781144953785e+01,2.614798693473240121e+01,6.015865110815413530e+00,-1.861925414287537217e+00
1.590556749302873563e+01,1.823846804851562453e+01,-1.502608684813617046e+01,3.772999358451249119e+00,-2.357343141159465105e+01,-1.312271562848441064e+01,-3.828129204294625509e+01,-6.303001624921579804e+01,-2.549098674628449501e+01,-1.826660514415759939e+00,1.373420698493168501e+01,-1.530206285757191687e+01,-1.868755221926593890e+01
1.427092688827113953e+01,1.646210396553072997e+01,-1.042190646394330678e+01,9.412060902309070443e+00,-7.612172727983601561e+00,-3.416595575000898943e+00,-6.191379992413270195e+00,-3.115100360562852799e+01,-9.290305468228693186e+00,1.637092042586567331e+01,1.398691201827896968e+01,-1.138109680404863688e+01,-3.112401343085561933e+00
1.250984599842412770e+01,2.126703105267494465e+01,-2.571269241479464185e+01,3.219019525773958179e+01,-8.767937097602533925e+00,7.089528582803124479e+00,3.011627732708124228e+00,-5.462537440575015069e+01,-1.421973275360194044e+01,1.720017512656944580e+00,1.638765107410867472e+01,-4.528576665608160745e+00,-1.080546409383447370e+00
1.034348289132071841e+01,1.854382916787142577e+01,-1.382037387035324016e+01,1.920599836263525262e+01,-1.148314698041857618e+01,-1.160969476314182680e+00,7.563238485696863744e-01,-3.877352974533693697e+01,-1.062293036225302956e+01,1.120450438331158161e+01,2.524581745797666699e+01,2.736721713151381685e+00,-6.568828145777780847e-01
9.346771694949071119e+00,1.181722404085515343e+01,-1.721890276233576600e+01,-1.817272180390367353e+01,-2.786581953551839774e+01,-1.072584997969082110e+01,-9.557795595069221051e+00,-4.380647437582768333e+01,-1.847957719040889657e+01,9.716338041120694768e+00,1.238915612533647881e+01,-2.815827400565573235e+00,-1.666449458314955487e-02
8.225652231411190840e+00,7.585315646170883497e+00,-1.635470217044387198e+01,-2.245420768469352879e+01,-1.924890896631367809e+01,-6.564084098002713752e+00,-8.800233765797209173e+00,-3.623020107131127787e+01,-1.090798100318826513e+01,1.508887114561255416e+01,5.551207156698167999e+00,-1.860537667737165668e+00,-6.802997425435518331e+00
6.610728080712004129e+00,2.699827240303261267e+00,-1.210547958336914398e+01,-2.202589018918044772e+01,-2.168756398613436431e+01,-4.516709664722373674e-01,4.654647484819502523e+00,-1.798296500395044717e+01,-1.609703049756314286e+00,1.669891038990256504e+01,1.188377356192270540e+01,4.229786187330444314e+00,8.419324512290410567e+00
5.723854077468442547e+00,-4.844684957986109097e+00,-1.389306545599276710e+01,-1.998007579320232452e+01,-1.898208307854450894e+01,-1.464707093239485403e+01,-1.078814082542133512e+01,-2.756354379719324399e+01,-1.213461904461538055e+01,-1.326986534876337442e+00,2.345530999150333695e-01,9.448111106441778873e-01,-3.795808520300812727e+00
8.597353477453609116e+00,-1.210941847594715570e+00,-3.055780393308733878e+01,4.628038125522315305e+00,-2.953137066601229321e+01,-2.271516488698757996e+01,-1.538400046616524186e+01,-3.107745921576453085e+01,1.126763039008787715e+00,-1.902181059728830803e+01,-1.933805222259941914e+01,2.982113111470230393e+00,3.995626918610507783e+00
1.504805113102557179e+01,-1.771100178891818189e+01,-3.660287602910203475e+01,5.324765390631295503e+00,-4.433176183652239644e+01,-1.776703241849461534e+01,-3.623658930134976419e+00,-4.582972546222794108e+01,-6.259804621497805144e+00,5.209696382538658854e-02,-1.657197806094226067e+01,-6.604660174036416365e+00,1.424418420759742965e+01
1.643414059080677347e+01,-2.139899750997303229e+01,-2.518679778525597612e+01,1.667967707116954301e+01,-3.675681639489366148e+01,1.323426317437767508e-01,1.015647033345282679e+01,-3.877367884202167403e+01,-9.760960231904279638e+00,3.886425347907944694e+00,6.972711672217695167e+00,-3.855964932966749359e+00,2.228320476056032451e+00
1.729651286139217703e+01,-2.025602926211188048e+01,-4.466876893837937956e+01,4.139404739036420722e+01,-4.184780656308917202e+01,1.541677613387448531e+01,1.965967720776283301e+01,-5.641402300138803838e+01,8.410482307660613444e+00,1.450802405639571013e+01,3.000005188914031962e+01,-8.822718757401336376e+00,-1.989225650130082457e+01
1.753841173694233646e+01,-1.216863667395890403e+01,-4.910371224850922545e+01,4.226162333868579424e+01,-4.502634808813770917e+01,1.525666819053081014e+01,1.030839126306971387e+01,-3.548936888257589573e+01,4.296609950521337318e+00,2.225451822948825154e+01,2.124922603723181425e+01,-9.107298850991426775e+00,-2.747562892129826295e+01
1.714323646301554405e+01,-1.606634007878687598e+01,-4.006052201718940609e+01,2.324477385747255909e+01,-2.895344188779433381e+01,6.581429676605806023e+00,2.088507976883699868e+01,-4.342923741982576757e+01,-1.426195200585256551e+01,1.656208886527099011e+01,3.768541652274487319e+01,-3.461139741171340933e+00,-1.556288825982522539e+01
1.663220909517952251e+01,-8.123308107995633520e+00,-5.778826500026676882e+01,2.806240282373606121e+01,-3.099492199118930813e+01,5.318078150110251201e+00,2.468172683670986345e+01,-5.959099356922958179e+01,-1.623922590889636197e+01,6.387663421762230342e+00,4.219277871144795000e+01,-9.993375785193321370e-01,-1.760192319504154312e+01
1.587382535563961916e+01,-5.189075471027254416e+00,-5.889232015064640535e+01,2.641248551920930865e+01,-3.916607189219797647e+01,1.901882079189900310e+01,1.729730090193856995e+01,-4.846221413791624144e+01,-1.690505408423157263e+01,2.081225434836433763e+01,2.570089235360005731e+01,8.577646648524375195e-01,-1.056768452887533805e+01
1.506026050882383416e+01,-5.748502867436202202e+00,-4.408091787946101192e+01,1.290418076819053717e+01,-1.959856682860938903e+01,1.774173171129234206e+01,1.412999072085494312e+01,-5.392671025556180098e+01,-1.041472478902372778e+01,5.812197061432333278e+00,2.017781127462783886e+01,1.664083177536989666e+01,-6.541171869845487485e+00
1.456883085369828379e+01,-1.256418817325356407e+01,-5.250859025618607490e+01,-7.405519124758631833e+00,-3.954055868330513590e+01,8.894117333046344109e-01,4.866378278797924395e+00,-5.853442036866784548e+01,-2.184426455489502672e+01,1.602377180846418980e+01,2.723709267572571946e+01,1.768358954220860113e+01,3.636934098090202627e-01
1.357104529251312641e+01,4.833429233989202878e+00,-5.293466673347914053e+01,1.190083051611541798e+01,-3.863239809875668129e+01,-4.153193034695264352e+00,1.668197211484950415e+01,-5.042109049199851256e+01,-8.948525667865986577e+00,1.303468468600055719e+00,2.632790461186645814e+01,1.264048254883819311e+01,-6.147232549409871183e+00
1.256986303460381293e+01,-1.728339937909299240e-01,-2.985506135861901811e+01,2.237395837668289644e+00,-3.073450456823653099e+01,4.856666800286432384e+00,1.734503901983740803e+01,-3.594906734881859478e+01,-2.962462311355160338e+01,-6.793194159607947036e+00,2.072024682887846225e+01,5.026705696235107546e-01,-1.070446562456620399e+01
1.095833949613229308e+01,-1.473606942270360376e+00,-4.158560353846259261e+01,-9.564052786152455354e+00,-3.611414206875153354e+01,-8.922250178860346992e+00,1.226477114713114602e+01,-3.743133113211101204e+01,-3.144163411209257575e+01,-2.623030804374783642e+01,-1.403579264702109475e-01,4.686089202639459828e+00,-4.629184114804129280e+00
9.849011533693358800e+00,3.190779331064016233e+00,-3.894821287287808076e+01,1.438410079454085722e+00,-1.876157577553142985e+01,5.100615086420753563e+00,2.282551772324990580e+01,-1.913416204449125146e+01,8.641654464665694535e-01,-1.716794159413963783e+01,1.635945492523956935e+00,8.864810402254278188e+00,-4.662785555388559544e+00
8.745584801858550250e+00,-2.696382479160550183e+00,-4.024635726813610859e+01,-9.675705113384102773e+00,-2.903677319354450148e+01,-1.173376190683585918e+01,1.026753023478903337e+01,-2.668012555922070206e+01,-6.937905642904297565e+00,-1.317278686811546962e+01,-1.080381941861732287e+01,-9.192545631121912919e+00,5.227028381325056205e-01
8.081782374256061274e+00,-4.209029515031248891e+00,-3.686790865496372760e+01,-7.117802036693533729e+00,-1.962864653987243813e+01,-5.070220952173930762e+00,8.004401212938805799e+00,-1.944166455362071488e+01,1.942076006401764943e+01,-4.423945441221651897e+00,-7.000831571297429612e+00,-1.542629137569517805e+00,-1.040271948541892222e+01
8.042705511889289838e+00,-1.090885604651995910e+00,-3.373778975071488873e+01,-1.491068063081956296e+01,-2.282197455618994297e+01,-1.368188831807411177e+01,-9.189959538231278202e+00,-2.994719597562712821e+01,1.845006857548630563e+01,-5.380827846453413166e+00,-1.742546644670278511e+01,-8.324991253614065556e+00,-2.140459116000366890e+01
7.525168463649023920e+00,-1.144185292029243683e+00,-2.693345282408983365e+01,-8.805602522409767374e+00,-1.591317147227340101e+01,-1.340957003280778004e+01,-7.452512197036037733e+00,-2.898441601130891954e+01,1.748002440072225383e+01,9.187380525498264561e+00,-1.952738768939153857e+01,-1.126241118466949764e+01,-2.256497951134359070e+01
6.730886359116995621e+00,-1.052754270883794341e+01,-2.643147831523117830e+01,-8.714259633043088371e+00,-8.709653622397310002e+00,-7.147387821478758063e+00,-1.500606587342956644e+01,-3.052377437140222938e+01,8.411723756914266659e+00,4.023269992226719438e+00,-1.838245655223514419e+01,-3.235820177533112130e+00,-1.657266659174032242e+01
5.684242778923300321e+00,-1.811810447561473225e+01,-2.374274351286866747e+01,-7.491382803017689440e+00,2.209702853116126964e-01,2.370260853060765616e+00,-1.506182720118632723e+01,-1.485117352671111668e+01,6.776561081408873477e+00,-1.099529946018423665e+01,-1.669275276087985205e+01,-6.426653557085587387e+00,-2.354618129126570736e+01
5.216130364773475137e+00,-1.945961609153021854e+01,-1.928177255722474115e+01,-2.406264594127008660e+00,3.490185767837671538e+00,-3.149704421307229385e+00,-1.574993564574466021e+01,-1.302413851145674428e+01,5.980513626287577544e+00,-1.483510402003268425e+01,-1.576923675685520898e+01,-6.333336634658214948e+00,-3.633044677171258030e+01
4.826186325966687285e+00,-2.056194187009170449e+01,-1.821225320218474408e+01,-1.102031979571207643e+01,-6.517553065442661442e+00,1.682054925288799740e+00,5.771553371107907005e-01,-5.033597125794035065e+00,-1.765256938999357317e+00,-1.748127891345397700e+01,-7.242597365821339395e+00,4.054482628946965761e+00,-1.680580179237800209e+01
4.957022350051802029e+00,-1.815356637587898092e+01,-1.625597035550003611e+01,-1.450999282486447584e+01,2.733444768164933425e+00,1.152290133756359047e+01,1.494798333661700784e+00,-2.425914749904777423e+01,-2.179628449272226476e+01,-1.355915187279356005e+01,1.055413789227983656e+01,7.603521385087246287e+00,-1.372117388688263873e+01
5.037263846585772420e+00,-1.551836999017196028e+01,-1.389807328901524208e+01,-1.820990363646184207e+01,4.141957493381063671e+00,1.691176821962778121e+01,8.854783977054660582e+00,-1.549968388285981469e+01,-2.765937016771424339e+01,-1.498498244124096246e+01,1.654828391694351097e+01,3.687707836819485330e+00,-1.732452267589740202e+01
4.059802160040851149e+00,-2.409663712124055834e+01,-1.857579074092881299e+01,-2.033497973805980763e+01,2.821038180803858708e+00,1.332417288070897676e+01,4.799568617226618983e+00,-2.454127365535214622e+01,-2.680490541574845054e+01,-5.887404753835419946e+00,1.896491609350560381e+01,1.018387307504799288e+01,-1.729571791042695850e+01
1.358184598357111916e+00,-2.333395538279465242e+01,-9.677978341129186646e+00,-1.219245232587164907e+01,2.004343531407707601e+00,5.038019758731898001e+00,-1.725867270923122421e+00,-1.353594966705017733e+01,-1.547688328255985013e+01,-1.166812869114681961e+00,1.279587953544557344e+00,4.713162396414216637e+00,9.407887251779424309e-01
-3.604365338911715355e+01,0.000000000000000000e+00,0.000000000000000000e+00,0.000000000000000000e+00,0.000000000000000000e+00,0.000000000000000000e+00,-3.432169450445465983e-14,0.000000000000000000e+00,0.000000000000000000e+00,0.000000000000000000e+00,9.640286916519939396e-15,0.000000000000000000e+00,0.000000000000000000e+00
-3.604365338911715355e+01,0.000000000000000000e+00,0.000000000000000000e+00,0.000000000000000000e+00,0.000000000000000000e+00,0.000000000000000000e+00,-3.432169450445465983e-14,0.000000000000000000e+00,0.000000000000000000e+00,0.000000000000000000e+00,9.640286916519939396e-15,0.000000000000000000e+00,0.000000000000000000e+00
-3.604365338911715355e+01,0.000000000000000000e+00,0.000000000000000000e+00,0.000000000000000000e+00,0.000000000000000000e+00,0.000000000000000000e+00,-3.432169450445465983e-14,0.000000000000000000e+00,0.000000000000000000e+00,0.000000000000000000e+00,9.640286916519939396e-15,0.000000000000000000e+00,0.000000000000000000e+00
-3.604365338911715355e+01,0.000000000000000000e+00,0.000000000000000000e+00,0.000000000000000000e+00,0.000000000000000000e+00,0.000000000000000000e+00,-3.432169450445465983e-14,0.000000000000000000e+00,0.000000000000000000e+00,0.000000000000000000e+00,9.640286916519939396e-15,0.000000000000000000e+00,0.000000000000000000e+00
-3.604365338911715355e+01,0.000000000000000000e+00,0.000000000000000000e+00,0.000000000000000000e+00,0.000000000000000000e+00,0.000000000000000000e+00,-3.432169450445465983e-14,0.000000000000000000e+00,0.000000000000000000e+00,0.000000000000000000e+00,9.640286916519939396e-15,0.000000000000000000e+00,0.000000000000000000e+00
-3.604365338911715355e+01,0.000000000000000000e+00,0.000000000000000000e+00,0.000000000000000000e+00,0.000000000000000000e+00,0.000000000000000000e+00,-3.432169450445465983e-14,0.000000000000000000e+00,0.000000000000000000e+00,0.000000000000000000e+00,9.640286916519939396e-15,0.000000000000000000e+00,0.000000000000000000e+00
-3.604365338911715355e+01,0.000000000000000000e+00,0.000000000000000000e+00,0.000000000000000000e+00,0.000000000000000000e+00,0.000000000000000000e+00,-3.432169450445465983e-14,0.000000000000000000e+00,0.000000000000000000e+00,0.000000000000000000e+00,9.640286916519939396e-15,0.000000000000000000e+00,0.000000000000000000e+00
-3.604365338911715355e+01,0.000000000000000000e+00,0.000000000000000000e+00,0.000000000000000000e+00,0.000000000000000000e+00,0.000000000000000000e+00,-3.432169450445465983e-14,0.000000000000000000e+00,0.000000000000000000e+00,0.000000000000000000e+00,9.640286916519939396e-15,0.000000000000000000e+00,0.000000000000000000e+00
-3.604365338911715355e+01,0.000000000000000000e+00,0.000000000000000000e+00,0.000000000000000000e+00,0.000000000000000000e+00,0.000000000000000000e+00,-3.432169450445465983e-14,0.000000000000000000e+00,0.000000000000000000e+00,0.000000000000000000e+00,9.640286916519939396e-15,0.000000000000000000e+00,0.000000000000000000e+00
-3.604365338911715355e+01,0.000000000000000000e+00,0.000000000000000000e+00,0.000000000000000000e+00,0.000000000000000000e+00,0.000000000000000000e+00,-3.432169450445465983e-14,0.000000000000000000e+00,0.000000000000000000e+00,0.000000000000000000e+00,9.640286916519939396e-15,0.000000000000000000e+00,0.000000000000000000e+00
-3.604365338911715355e+01,0.000000000000000000e+00,0.000000000000000000e+00,0.000000000000000000e+00,0.000000000000000000e+00,0.000000000000000000e+00,-3.432169450445465983e-14,0.000000000000000000e+00,0.000000000000000000e+00,0.000000000000000000e+00,9.640286916519939396e-15,0.000000000000000000e+00,0.000000000000000000e+00
-3.604365338911715355e+01,0.000000000000000000e+00,0.000000000000000000e+00,0.000000000000000000e+00,0.000000000000000000e+00,0.000000000000000000e+00,-3.432169450445465983e-14,0.000000000000000000e+00,0.000000000000000000e+00,0.000000000000000000e+00,9.640286916519939396e-15,0.000000000000000000e+00,0.000000000000000000e+00
-3.604365338911715355e+01,0.000000000000000000e+00,0.000000000000000000e+00,0.000000000000000000e+00,0.000000000000000000e+00,0.000000000000000000e+00,-3.432169450445465983e-14,0.000000000000000000e+00,0.000000000000000000e+00,0.000000000000000000e+00,9.640286916519939396e-15,0.000000000000000000e+00,0.000000000000000000e+00
-3.604365338911715355e+01,0.000000000000000000e+00,0.000000000000000000e+00,0.000000000000000000e+00,0.000000000000000000e+00,0.000000000000000000e+00,-3.432169450445465983e-14,0.000000000000000000e+00,0.000000000000000000e+00,0.000000000000000000e+00,9.640286916519939396e-15,0.000000000000000000e+00,0.000000000000000000e+00
-3.604365338911715355e+01,0.000000000000000000e+00,0.000000000000000000e+00,0.000000000000000000e+00,0.000000000000000000e+00,0.000000000000000000e+00,-3.432169450445465983e-14,0.000000000000000000e+00,0.000000000000000000e+00,0.000000000000000000e+00,9.640286916519939396e-15,0.000000000000000000e+00,0.000000000000000000e+00
-3.604365338911715355e+01,0.000000000000000000e+00,0.000000000000000000e+00,0.000000000000000000e+00,0.000000000000000000e+00,0.000000000000000000e+00,-3.432169450445465983e-14,0.000000000000000000e+00,0.000000000000000000e+00,0.000000000000000000e+00,9.640286916519939396e-15,0.000000000000000000e+00,0.000000000000000000e+00
-3.604365338911715355e+01,0.000000000000000000e+00,0.000000000000000000e+00,0.000000000000000000e+00,0.000000000000000000e+00,0.000000000000000000e+00,-3.432169450445465983e-14,0.000000000000000000e+00,0.000000000000000000e+00,0.000000000000000000e+00,9.640286916519939396e-15,0.000000000000000000e+00,0.000000000000000000e+00
-3.604365338911715355e+01,0.000000000000000000e+00,0.000000000000000000e+00,0.000000000000000000e+00,0.000000000000000000e+00,0.000000000000000000e+00,-3.432169450445465983e-14,0.000000000000000000e+00,0.000000000000000000e+00,0.000000000000000000e+00,9.640286916519939396e-15,0.000000000000000000e+00,0.000000000000000000e+00
-3.604365338911715355e+01,0.000000000000000000e+00,0.000000000000000000e+00,0.000000000000000000e+00,0.000000000000000000e+00,0.000000000000000000e+00,-3.432169450445465983e-14,0.000000000000000000e+00,0.000000000000000000e+00,0.000000000000000000e+00,9.640286916519939396e-15,0.000000000000000000e+00,0.000000000000000000e+00
-3.604365338911715355e+01,0.000000000000000000e+00,0.000000000000000000e+00,0.000000000000000000e+00,0.000000000000000000e+00,0.000000000000000000e+00,-3.432169450445465983e-14,0.000000000000000000e+00,0.000000000000000000e+00,0.000000000000000000e+00,9.640286916519939396e-15,0.000000000000000000e+00,0.000000000000000000e+00
-3.604365338911715355e+01,0.000000000000000000e+00,0.000000000000000000e+00,0.000000000000000000e+00,0.000000000000000000e+00,0.000000000000000000e+00,-3.432169450445465983e-14,0.000000000000000000e+00,0.000000000000000000e+00,0.000000000000000000e+00,9.640286916519939396e-15,0.000000000000000000e+00,0.000000000000000000e+00
-3.604365338911715355e+01,0.000000000000000000e+00,0.000000000000000000e+00,0.000000000000000000e+00,0.000000000000000000e+00,0.000000000000000000e+00,-3.432169450445465983e-14,0.000000000000000000e+00,0.000000000000000000e+00,0.000000000000000000e+00,9.640286916519939396e-15,0.000000000000000000e+00,0.000000000000000000e+00
-3.604365338911715355e+01,0.000000000000000000e+00,0.000000000000000000e+00,0.000000000000000000e+00,0.000000000000000000e+00,0.000000000000000000e+00,-3.432169450445465983e-14,0.000000000000000000e+00,0.000000000000000000e+00,0.000000000000000000e+00,9.640286916519939396e-15,0.000000000000000000e+00,0.000000000000000000e+00
-3.604365338911715355e+01,0.000000000000000000e+00,0.000000000000000000e+00,0.000000000000000000e+00,0.000000000000000000e+00,0.000000000000000000e+00,-3.432169450445465983e-14,0.000000000000000000e+00,0.000000000000000000e+00,0.000000000000000000e+00,9.640286916519939396e-15,0.000000000000000000e+00,0.000000000000000000e+00
-3.604365338911715355e+01,0.000000000000000000e+00,0.000000000000000000e+00,0.000000000000000000e+00,0.000000000000000000e+00,0.000000000000000000e+00,-3.432169450445465983e-14,0.000000000000000000e+00,0.000000000000000000e+00,0.000000000000000000e+00,9.640286916519939396e-15,0.000000000000000000e+00,0.000000000000000000e+00
