-3.604365338911715355e+01,0.000000000000000000e+00,0.000000000000000000e+00,0.000000000000000000e+00,0.000000000000000000e+00,0.000000000000000000e+00,-3.432169450445465983e-14,0.000000000000000000e+00,0.000000000000000000e+00,0.000000000000000000e+00,9.640286916519939396e-15,0.000000000000000000e+00,0.000000000000000000e+00
-3.604365338911715355e+01,0.000000000000000000e+00,0.000000000000000000e+00,0.000000000000000000e+00,0.000000000000000000e+00,0.000000000000000000e+00,-3.432169450445465983e-14,0.000000000000000000e+00,0.000000000000000000e+00,0.000000000000000000e+00,9.640286916519939396e-15,0.000000000000000000e+00,0.000000000000000000e+00
-3.604365338911715355e+01,0.000000000000000000e+00,0.000000000000000000e+00,0.000000000000000000e+00,0.000000000000000000e+00,0.000000000000000000e+00,-3.432169450445465983e-14,0.000000000000000000e+00,0.000000000000000000e+00,0.000000000000000000e+00,9.640286916519939396e-15,0.000000000000000000e+00,0.000000000000000000e+00
-3.604365338911715355e+01,0.000000000000000000e+00,0.000000000000000000e+00,0.000000000000000000e+00,0.000000000000000000e+00,0.000000000000000000e+00,-3.432169450445465983e-14,0.000000000000000000e+00,0.000000000000000000e+00,0.000000000000000000e+00,9.640286916519939396e-15,0.000000000000000000e+00,0.000000000000000000e+00
-3.604365338911715355e+01,0.000000000000000000e+00,0.000000000000000000e+00,0.000000000000000000e+00,0.000000000000000000e+00,0.000000000000000000e+00,-3.432169450445465983e-14,0.000000000000000000e+00,0.000000000000000000e+00,0.000000000000000000e+00,9.640286916519939396e-15,0.000000000000000000e+00,0.000000000000000000e+00
-3.604365338911715355e+01,0.000000000000000000e+00,0.000000000000000000e+00,0.000000000000000000e+00,0.000000000000000000e+00,0.000000000000000000e+00,-3.432169450445465983e-14,0.000000000000000000e+00,0.000000000000000000e+00,0.000000000000000000e+00,9.640286916519939396e-15,0.000000000000000000e+00,0.000000000000000000e+00
-3.604365338911715355e+01,0.000000000000000000e+00,0.000000000000000000e+00,0.000000000000000000e+00,0.000000000000000000e+00,0.000000000000000000e+00,-3.432169450445465983e-14,0.000000000000000000e+00,0.000000000000000000e+00,0.000000000000000000e+00,9.640286916519939396e-15,0.000000000000000000e+00,0.000000000000000000e+00
-3.604365338911715355e+01,0.000000000000000000e+00,0.000000000000000000e+00,0.000000000000000000e+00,0.000000000000000000e+00,0.000000000000000000e+00,-3.432169450445465983e-14,0.000000000000000000e+00,0.000000000000000000e+00,0.000000000000000000e+00,9.640286916519939396e-15,0.000000000000000000e+00,0.000000000000000000e+00
-3.604365338911715355e+01,0.000000000000000000e+00,0.000000000000000000e+00,0.000000000000000000e+00,0.000000000000000000e+00,0.000000000000000000e+00,-3.432169450445465983e-14,0.000000000000000000e+00,0.000000000000000000e+00,0.000000000000000000e+00,9.640286916519939396e-15,0.000000000000000000e+00,0.000000000000000000e+00
-3.604365338911715355e+01,0.000000000000000000e+00,0.000000000000000000e+00,0.000000000000000000e+00,0.000000000000000000e+00,0.000000000000000000e+00,-3.432169450445465983e-14,0.000000000000000000e+00,0.000000000000000000e+00,0.000000000000000000e+00,9.640286916519939396e-15,0.000000000000000000e+00,0.000000000000000000e+00
-3.604365338911715355e+01,0.000000000000000000e+00,0.000000000000000000e+00,0.000000000000000000e+00,0.000000000000000000e+00,0.000000000000000000e+00,-3.432169450445465983e-14,0.000000000000000000e+00,0.000000000000000000e+00,0.000000000000000000e+00,9.640286916519939396e-15,0.000000000000000000e+00,0.000000000000000000e+00
-3.604365338911715355e+01,0.000000000000000000e+00,0.000000000000000000e+00,0.000000000000000000e+00,0.000000000000000000e+00,0.000000000000000000e+00,-3.432169450445465983e-14,0.000000000000000000e+00,0.000000000000000000e+00,0.000000000000000000e+00,9.640286916519939396e-15,0.000000000000000000e+00,0.000000000000000000e+00
-3.604365338911715355e+01,0.000000000000000000e+00,0.000000000000000000e+00,0.000000000000000000e+00,0.000000000000000000e+00,0.000000000000000000e+00,-3.432169450445465983e-14,0.000000000000000000e+00,0.000000000000000000e+00,0.000000000000000000e+00,9.640286916519939396e-15,0.000000000000000000e+00,0.000000000000000000e+00
-3.604365338911715355e+01,0.000000000000000000e+00,0.000000000000000000e+00,0.000000000000000000e+00,0.000000000000000000e+00,0.000000000000000000e+00,-3.432169450445465983e-14,0.000000000000000000e+00,0.000000000000000000e+00,0.000000000000000000e+00,9.640286916519939396e-15,0.000000000000000000e+00,0.000000000000000000e+00
-3.604365338911715355e+01,0.000000000000000000e+00,0.000000000000000000e+00,0.000000000000000000e+00,0.000000000000000000e+00,0.000000000000000000e+00,-3.432169450445465983e-14,0.000000000000000000e+00,0.000000000000000000e+00,0.000000000000000000e+00,9.640286916519939396e-15,0.000000000000000000e+00,0.000000000000000000e+00
-3.604365338911715355e+01,0.000000000000000000e+00,0.000000000000000000e+00,0.000000000000000000e+00,0.000000000000000000e+00,0.000000000000000000e+00,-3.432169450445465983e-14,0.000000000000000000e+00,0.000000000000000000e+00,0.000000000000000000e+00,9.640286916519939396e-15,0.000000000000000000e+00,0.000000000000000000e+00
-3.604365338911715355e+01,0.000000000000000000e+00,0.000000000000000000e+00,0.000000000000000000e+00,0.000000000000000000e+00,0.000000000000000000e+00,-3.432169450445465983e-14,0.000000000000000000e+00,0.000000000000000000e+00,0.000000000000000000e+00,9.640286916519939396e-15,0.000000000000000000e+00,0.000000000000000000e+00
-3.604365338911715355e+01,0.000000000000000000e+00,0.000000000000000000e+00,0.000000000000000000e+00,0.000000000000000000e+00,0.000000000000000000e+00,-3.432169450445465983e-14,0.000000000000000000e+00,0.000000000000000000e+00,0.000000000000000000e+00,9.640286916519939396e-15,0.000000000000000000e+00,0.000000000000000000e+00
-3.604365338911715355e+01,0.000000000000000000e+00,0.000000000000000000e+00,0.000000000000000000e+00,0.000000000000000000e+00,0.000000000000000000e+00,-3.432169450445465983e-14,0.000000000000000000e+00,0.000000000000000000e+00,0.000000000000000000e+00,9.640286916519939396e-15,0.000000000000000000e+00,0.000000000000000000e+00
-3.604365338911715355e+01,0.000000000000000000e+00,0.000000000000000000e+00,0.000000000000000000e+00,0.000000000000000000e+00,0.000000000000000000e+00,-3.432169450445465983e-14,0.000000000000000000e+00,0.000000000000000000e+00,0.000000000000000000e+00,9.640286916519939396e-15,0.000000000000000000e+00,0.000000000000000000e+00
-3.604365338911715355e+01,0.000000000000000000e+00,0.000000000000000000e+00,0.000000000000000000e+00,0.000000000000000000e+00,0.000000000000000000e+00,-3.432169450445465983e-14,0.000000000000000000e+00,0.000000000000000000e+00,0.000000000000000000e+00,9.640286916519939396e-15,0.000000000000000000e+00,0.000000000000000000e+00
-3.604365338911715355e+01,0.000000000000000000e+00,0.000000000000000000e+00,0.000000000000000000e+00,0.000000000000000000e+00,0.000000000000000000e+00,-3.432169450445465983e-14,0.000000000000000000e+00,0.000000000000000000e+00,0.000000000000000000e+00,9.640286916519939396e-15,0.000000000000000000e+00,0.000000000000000000e+00
-3.604365338911715355e+01,0.000000000000000000e+00,0.000000000000000000e+00,0.000000000000000000e+00,0.000000000000000000e+00,0.000000000000000000e+00,-3.432169450445465983e-14,0.000000000000000000e+00,0.000000000000000000e+00,0.000000000000000000e+00,9.640286916519939396e-15,0.000000000000000000e+00,0.000000000000000000e+00
-3.604365338911715355e+01,0.000000000000000000e+00,0.000000000000000000e+00,0.000000000000000000e+00,0.000000000000000000e+00,0.000000000000000000e+00,-3.432169450445465983e-14,0.000000000000000000e+00,0.000000000000000000e+00,0.000000000000000000e+00,9.640286916519939396e-15,0.000000000000000000e+00,0.000000000000000000e+00
-3.604365338911715355e+01,0.000000000000000000e+00,0.000000000000000000e+00,0.000000000000000000e+00,0.000000000000000000e+00,0.000000000000000000e+00,-3.432169450445465983e-14,0.000000000000000000e+00,0.000000000000000000e+00,0.000000000000000000e+00,9.640286916519939396e-15,0.000000000000000000e+00,0.000000000000000000e+00
-3.604365338911715355e+01,0.000000000000000000e+00,0.000000000000000000e+00,0.000000000000000000e+00,0.000000000000000000e+00,0.000000000000000000e+00,-3.432169450445465983e-14,0.000000000000000000e+00,0.000000000000000000e+00,0.000000000000000000e+00,9.640286916519939396e-15,0.000000000000000000e+00,0.000000000000000000e+00
-3.604365338911715355e+01,0.000000000000000000e+00,0.000000000000000000e+00,0.000000000000000000e+00,0.000000000000000000e+00,0.000000000000000000e+00,-3.432169450445465983e-14,0.000000000000000000e+00,0.000000000000000000e+00,0.000000000000000000e+00,9.640286916519939396e-15,0.000000000000000000e+00,0.000000000000000000e+00
-3.604365338911715355e+01,0.000000000000000000e+00,0.000000000000000000e+00,0.000000000000000000e+00,0.000000000000000000e+00,0.000000000000000000e+00,-3.432169450445465983e-14,0.000000000000000000e+00,0.000000000000000000e+00,0.000000000000000000e+00,9.640286916519939396e-15,0.000000000000000000e+00,0.000000000000000000e+00
-3.604365338911715355e+01,0.000000000000000000e+00,0.000000000000000000e+00,0.000000000000000000e+00,0.000000000000000000e+00,0.000000000000000000e+00,-3.432169450445465983e-14,0.000000000000000000e+00,0.000000000000000000e+00,0.000000000000000000e+00,9.640286916519939396e-15,0.000000000000000000e+00,0.000000000000000000e+00
-3.604365338911715355e+01,0.000000000000000000e+00,0.000000000000000000e+00,0.000000000000000000e+00,0.000000000000000000e+00,0.000000000000000000e+00,-3.432169450445465983e-14,0.000000000000000000e+00,0.000000000000000000e+00,0.000000000000000000e+00,9.640286916519939396e-15,0.000000000000000000e+00,0.000000000000000000e+00
-3.604365338911715355e+01,0.000000000000000000e+00,0.000000000000000000e+00,0.000000000000000000e+00,0.000000000000000000e+00,0.000000000000000000e+00,-3.432169450445465983e-14,0.000000000000000000e+00,0.000000000000000000e+00,0.000000000000000000e+00,9.640286916519939396e-15,0.000000000000000000e+00,0.000000000000000000e+00
-3.604365338911715355e+01,0.000000000000000000e+00,0.000000000000000000e+00,0.000000000000000000e+00,0.000000000000000000e+00,0.000000000000000000e+00,-3.432169450445465983e-14,0.000000000000000000e+00,0.000000000000000000e+00,0.000000000000000000e+00,9.640286916519939396e-15,0.000000000000000000e+00,0.000000000000000000e+00
-3.604365338911715355e+01,0.000000000000000000e+00,0.000000000000000000e+00,0.000000000000000000e+00,0.000000000000000000e+00,0.000000000000000000e+00,-3.432169450445465983e-14,0.000000000000000000e+00,0.000000000000000000e+00,0.000000000000000000e+00,9.640286916519939396e-15,0.000000000000000000e+00,0.000000000000000000e+00
-3.604365338911715355e+01,0.000000000000000000e+00,0.000000000000000000e+00,0.000000000000000000e+00,0.000000000000000000e+00,0.000000000000000000e+00,-3.432169450445465983e-14,0.000000000000000000e+00,0.000000000000000000e+00,0.000000000000000000e+00,9.640286916519939396e-15,0.000000000000000000e+00,0.000000000000000000e+00
-3.604365338911715355e+01,0.000000000000000000e+00,0.000000000000000000e+00,0.000000000000000000e+00,0.000000000000000000e+00,0.000000000000000000e+00,-3.432169450445465983e-14,0.000000000000000000e+00,0.000000000000000000e+00,0.000000000000000000e+00,9.640286916519939396e-15,0.000000000000000000e+00,0.000000000000000000e+00
-3.604365338911715355e+01,0.000000000000000000e+00,0.000000000000000000e+00,0.000000000000000000e+00,0.000000000000000000e+00,0.000000000000000000e+00,-3.432169450445465983e-14,0.000000000000000000e+00,0.000000000000000000e+00,0.000000000000000000e+00,9.640286916519939396e-15,0.000000000000000000e+00,0.000000000000000000e+00
-3.604365338911715355e+01,0.000000000000000000e+00,0.000000000000000000e+00,0.000000000000000000e+00,0.000000000000000000e+00,0.000000000000000000e+00,-3.432169450445465983e-14,0.000000000000000000e+00,0.000000000000000000e+00,0.000000000000000000e+00,9.640286916519939396e-15,0.000000000000000000e+00,0.000000000000000000e+00
-3.604365338911715355e+01,0.000000000000000000e+00,0.000000000000000000e+00,0.000000000000000000e+00,0.000000000000000000e+00,0.000000000000000000e+00,-3.432169450445465983e-14,0.000000000000000000e+00,0.000000000000000000e+00,0.000000000000000000e+00,9.640286916519939396e-15,0.000000000000000000e+00,0.000000000000000000e+00
-3.604365338911715355e+01,0.000000000000000000e+00,0.000000000000000000e+00,0.000000000000000000e+00,0.000000000000000000e+00,0.000000000000000000e+00,-3.432169450445465983e-14,0.000000000000000000e+00,0.000000000000000000e+00,0.000000000000000000e+00,9.640286916519939396e-15,0.000000000000000000e+00,0.000000000000000000e+00
-3.604365338911715355e+01,0.000000000000000000e+00,0.000000000000000000e+00,0.000000000000000000e+00,0.000000000000000000e+00,0.000000000000000000e+00,-3.432169450445465983e-14,0.000000000000000000e+00,0.000000000000000000e+00,0.000000000000000000e+00,9.640286916519939396e-15,0.000000000000000000e+00,0.000000000000000000e+00
-3.604365338911715355e+01,0.000000000000000000e+00,0.000000000000000000e+00,0.000000000000000000e+00,0.000000000000000000e+00,0.000000000000000000e+00,-3.432169450445465983e-14,0.000000000000000000e+00,0.000000000000000000e+00,0.000000000000000000e+00,9.640286916519939396e-15,0.000000000000000000e+00,0.000000000000000000e+00
-3.604365338911715355e+01,0.000000000000000000e+00,0.000000000000000000e+00,0.000000000000000000e+00,0.000000000000000000e+00,0.000000000000000000e+00,-3.432169450445465983e-14,0.000000000000000000e+00,0.000000000000000000e+00,0.000000000000000000e+00,9.640286916519939396e-15,0.000000000000000000e+00,0.000000000000000000e+00
-3.604365338911715355e+01,0.000000000000000000e+00,0.000000000000000000e+00,0.000000000000000000e+00,0.000000000000000000e+00,0.000000000000000000e+00,-3.432169450445465983e-14,0.000000000000000000e+00,0.000000000000000000e+00,0.000000000000000000e+00,9.640286916519939396e-15,0.000000000000000000e+00,0.000000000000000000e+00
-3.604365338911715355e+01,0.000000000000000000e+00,0.000000000000000000e+00,0.000000000000000000e+00,0.000000000000000000e+00,0.000000000000000000e+00,-3.432169450445465983e-14,0.000000000000000000e+00,0.000000000000000000e+00,0.000000000000000000e+00,9.640286916519939396e-15,0.000000000000000000e+00,0.000000000000000000e+00
-3.604365338911715355e+01,0.000000000000000000e+00,0.000000000000000000e+00,0.000000000000000000e+00,0.000000000000000000e+00,0.000000000000000000e+00,-3.432169450445465983e-14,0.000000000000000000e+00,0.000000000000000000e+00,0.000000000000000000e+00,9.640286916519939396e-15,0.000000000000000000e+00,0.000000000000000000e+00
-3.604365338911715355e+01,0.000000000000000000e+00,0.000000000000000000e+00,0.000000000000000000e+00,0.000000000000000000e+00,0.000000000000000000e+00,-3.432169450445465983e-14,0.000000000000000000e+00,0.000000000000000000e+00,0.000000000000000000e+00,9.640286916519939396e-15,0.000000000000000000e+00,0.000000000000000000e+00
-3.604365338911715355e+01,0.000000000000000000e+00,0.000000000000000000e+00,0.000000000000000000e+00,0.000000000000000000e+00,0.000000000000000000e+00,-3.432169450445465983e-14,0.000000000000000000e+00,0.000000000000000000e+00,0.000000000000000000e+00,9.640286916519939396e-15,0.000000000000000000e+00,0.000000000000000000e+00
-3.604365338911715355e+01,0.000000000000000000e+00,0.000000000000000000e+00,0.000000000000000000e+00,0.000000000000000000e+00,0.000000000000000000e+00,-3.432169450445465983e-14,0.000000000000000000e+00,0.000000000000000000e+00,0.000000000000000000e+00,9.640286916519939396e-15,0.000000000000000000e+00,0.000000000000000000e+00
-3.604365338911715355e+01,0.000000000000000000e+00,0.000000000000000000e+00,0.000000000000000000e+00,0.000000000000000000e+00,0.000000000000000000e+00,-3.432169450445465983e-14,0.000000000000000000e+00,0.000000000000000000e+00,0.000000000000000000e+00,9.640286916519939396e-15,0.000000000000000000e+00,0.000000000000000000e+00
-3.604365338911715355e+01,0.000000000000000000e+00,0.000000000000000000e+00,0.000000000000000000e+00,0.000000000000000000e+00,0.000000000000000000e+00,-3.432169450445465983e-14,0.000000000000000000e+00,0.000000000000000000e+00,0.000000000000000000e+00,9.640286916519939396e-15,0.000000000000000000e+00,0.000000000000000000e+00
-3.604365338911715355e+01,0.000000000000000000e+00,0.000000000000000000e+00,0.000000000000000000e+00,0.000000000000000000e+00,0.000000000000000000e+00,-3.432169450445465983e-14,0.000000000000000000e+00,0.000000000000000000e+00,0.000000000000000000e+00,9.640286916519939396e-15,0.000000000000000000e+00,0.000000000000000000e+00
-3.604365338911715355e+01,0.000000000000000000e+00,0.000000000000000000e+00,0.000000000000000000e+00,0.000000000000000000e+00,0.000000000000000000e+00,-3.432169450445465983e-14,0.000000000000000000e+00,0.000000000000000000e+00,0.000000000000000000e+00,9.640286916519939396e-15,0.000000000000000000e+00,0.000000000000000000e+00
-3.604365338911715355e+01,0.000000000000000000e+00,0.000000000000000000e+00,0.000000000000000000e+00,0.000000000000000000e+00,0.000000000000000000e+00,-3.432169450445465983e-14,0.000000000000000000e+00,0.000000000000000000e+00,0.000000000000000000e+00,9.640286916519939396e-15,0.000000000000000000e+00,0.000000000000000000e+00
-3.604365338911715355e+01,0.000000000000000000e+00,0.000000000000000000e+00,0.000000000000000000e+00,0.000000000000000000e+00,0.000000000000000000e+00,-3.432169450445465983e-14,0.000000000000000000e+00,0.000000000000000000e+00,0.000000000000000000e+00,9.640286916519939396e-15,0.000000000000000000e+00,0.000000000000000000e+00
-3.604365338911715355e+01,0.000000000000000000e+00,0.000000000000000000e+00,0.000000000000000000e+00,0.000000000000000000e+00,0.000000000000000000e+00,-3.432169450445465983e-14,0.000000000000000000e+00,0.000000000000000000e+00,0.000000000000000000e+00,9.640286916519939396e-15,0.000000000000000000e+00,0.000000000000000000e+00
-3.604365338911715355e+01,0.000000000000000000e+00,0.000000000000000000e+00,0.000000000000000000e+00,0.000000000000000000e+00,0.000000000000000000e+00,-3.432169450445465983e-14,0.000000000000000000e+00,0.000000000000000000e+00,0.000000000000000000e+00,9.640286916519939396e-15,0.000000000000000000e+00,0.000000000000000000e+00
-3.604365338911715355e+01,0.000000000000000000e+00,0.000000000000000000e+00,0.000000000000000000e+00,0.000000000000000000e+00,0.000000000000000000e+00,-3.432169450445465983e-14,0.000000000000000000e+00,0.000000000000000000e+00,0.000000000000000000e+00,9.640286916519939396e-15,0.000000000000000000e+00,0.000000000000000000e+00
-3.604365338911715355e+01,0.000000000000000000e+00,0.000000000000000000e+00,0.000000000000000000e+00,0.000000000000000000e+00,0.000000000000000000e+00,-3.432169450445465983e-14,0.000000000000000000e+00,0.000000000000000000e+00,0.000000000000000000e+00,9.640286916519939396e-15,0.000000000000000000e+00,0.000000000000000000e+00
-3.604365338911715355e+01,0.000000000000000000e+00,0.000000000000000000e+00,0.000000000000000000e+00,0.000000000000000000e+00,0.000000000000000000e+00,-3.432169450445465983e-14,0.000000000000000000e+00,0.000000000000000000e+00,0.000000000000000000e+00,9.640286916519939396e-15,0.000000000000000000e+00,0.000000000000000000e+00
-3.604365338911715355e+01,0.000000000000000000e+00,0.000000000000000000e+00,0.000000000000000000e+00,0.000000000000000000e+00,0.000000000000000000e+00,-3.432169450445465983e-14,0.000000000000000000e+00,0.000000000000000000e+00,0.000000000000000000e+00,9.640286916519939396e-15,0.000000000000000000e+00,0.000000000000000000e+00
-3.604365338911715355e+01,0.000000000000000000e+00,0.000000000000000000e+00,0.000000000000000000e+00,0.000000000000000000e+00,0.000000000000000000e+00,-3.432169450445465983e-14,0.000000000000000000e+00,0.000000000000000000e+00,0.000000000000000000e+00,9.640286916519939396e-15,0.000000000000000000e+00,0.000000000000000000e+00
-3.604365338911715355e+01,0.000000000000000000e+00,0.000000000000000000e+00,0.000000000000000000e+00,0.000000000000000000e+00,0.000000000000000000e+00,-3.432169450445465983e-14,0.000000000000000000e+00,0.000000000000000000e+00,0.000000000000000000e+00,9.640286916519939396e-15,0.000000000000000000e+00,0.000000000000000000e+00
-3.604365338911715355e+01,0.000000000000000000e+00,0.000000000000000000e+00,0.000000000000000000e+00,0.000000000000000000e+00,0.000000000000000000e+00,-3.432169450445465983e-14,0.000000000000000000e+00,0.000000000000000000e+00,0.000000000000000000e+00,9.640286916519939396e-15,0.000000000000000000e+00,0.000000000000000000e+00
-3.604365338911715355e+01,0.000000000000000000e+00,0.000000000000000000e+00,0.000000000000000000e+00,0.000000000000000000e+00,0.000000000000000000e+00,-3.432169450445465983e-14,0.000000000000000000e+00,0.000000000000000000e+00,0.000000000000000000e+00,9.640286916519939396e-15,0.000000000000000000e+00,0.000000000000000000e+00
-3.604365338911715355e+01,0.000000000000000000e+00,0.000000000000000000e+00,0.000000000000000000e+00,0.000000000000000000e+00,0.000000000000000000e+00,-3.432169450445465983e-14,0.000000000000000000e+00,0.000000000000000000e+00,0.000000000000000000e+00,9.640286916519939396e-15,0.000000000000000000e+00,0.000000000000000000e+00
-3.604365338911715355e+01,0.000000000000000000e+00,0.000000000000000000e+00,0.000000000000000000e+00,0.000000000000000000e+00,0.000000000000000000e+00,-3.432169450445465983e-14,0.000000000000000000e+00,0.000000000000000000e+00,0.000000000000000000e+00,9.640286916519939396e-15,0.000000000000000000e+00,0.000000000000000000e+00
-3.604365338911715355e+01,0.000000000000000000e+00,0.000000000000000000e+00,0.000000000000000000e+00,0.000000000000000000e+00,0.000000000000000000e+00,-3.432169450445465983e-14,0.000000000000000000e+00,0.000000000000000000e+00,0.000000000000000000e+00,9.640286916519939396e-15,0.000000000000000000e+00,0.000000000000000000e+00
-3.604365338911715355e+01,0.000000000000000000e+00,0.000000000000000000e+00,0.000000000000000000e+00,0.000000000000000000e+00,0.000000000000000000e+00,-3.432169450445465983e-14,0.000000000000000000e+00,0.000000000000000000e+00,0.000000000000000000e+00,9.640286916519939396e-15,0.000000000000000000e+00,0.000000000000000000e+00
-3.604365338911715355e+01,0.000000000000000000e+00,0.000000000000000000e+00,0.000000000000000000e+00,0.000000000000000000e+00,0.000000000000000000e+00,-3.432169450445465983e-14,0.000000000000000000e+00,0.000000000000000000e+00,0.000000000000000000e+00,9.640286916519939396e-15,0.000000000000000000e+00,0.000000000000000000e+00
-3.604365338911715355e+01,0.000000000000000000e+00,0.000000000000000000e+00,0.000000000000000000e+00,0.000000000000000000e+00,0.000000000000000000e+00,-3.432169450445465983e-14,0.000000000000000000e+00,0.000000000000000000e+00,0.000000000000000000e+00,9.640286916519939396e-15,0.000000000000000000e+00,0.000000000000000000e+00
-3.604365338911715355e+01,0.000000000000000000e+00,0.000000000000000000e+00,0.000000000000000000e+00,0.000000000000000000e+00,0.000000000000000000e+00,-3.432169450445465983e-14,0.000000000000000000e+00,0.000000000000000000e+00,0.000000000000000000e+00,9.640286916519939396e-15,0.000000000000000000e+00,0.000000000000000000e+00
-3.604365338911715355e+01,0.000000000000000000e+00,0.000000000000000000e+00,0.000000000000000000e+00,0.000000000000000000e+00,0.000000000000000000e+00,-3.432169450445465983e-14,0.000000000000000000e+00,0.000000000000000000e+00,0.000000000000000000e+00,9.640286916519939396e-15,0.000000000000000000e+00,0.000000000000000000e+00
-3.604365338911715355e+01,0.000000000000000000e+00,0.000000000000000000e+00,0.000000000000000000e+00,0.000000000000000000e+00,0.000000000000000000e+00,-3.432169450445465983e-14,0.000000000000000000e+00,0.000000000000000000e+00,0.000000000000000000e+00,9.640286916519939396e-15,0.000000000000000000e+00,0.000000000000000000e+00
-3.604365338911715355e+01,0.000000000000000000e+00,0.000000000000000000e+00,0.000000000000000000e+00,0.000000000000000000e+00,0.000000000000000000e+00,-3.432169450445465983e-14,0.000000000000000000e+00,0.000000000000000000e+00,0.000000000000000000e+00,9.640286916519939396e-15,0.000000000000000000e+00,0.000000000000000000e+00
-3.604365338911715355e+01,0.000000000000000000e+00,0.000000000000000000e+00,0.000000000000000000e+00,0.000000000000000000e+00,0.000000000000000000e+00,-3.432169450445465983e-14,0.000000000000000000e+00,0.000000000000000000e+00,0.000000000000000000e+00,9.640286916519939396e-15,0.000000000000000000e+00,0.000000000000000000e+00
-3.604365338911715355e+01,0.000000000000000000e+00,0.000000000000000000e+00,0.000000000000000000e+00,0.000000000000000000e+00,0.000000000000000000e+00,-3.432169450445465983e-14,0.000000000000000000e+00,0.000000000000000000e+00,0.000000000000000000e+00,9.640286916519939396e-15,0.000000000000000000e+00,0.000000000000000000e+00
-3.604365338911715355e+01,0.000000000000000000e+00,0.000000000000000000e+00,0.000000000000000000e+00,0.000000000000000000e+00,0.000000000000000000e+00,-3.432169450445465983e-14,0.000000000000000000e+00,0.000000000000000000e+00,0.000000000000000000e+00,9.640286916519939396e-15,0.000000000000000000e+00,0.000000000000000000e+00
-3.604365338911715355e+01,0.000000000000000000e+00,0.000000000000000000e+00,0.000000000000000000e+00,0.000000000000000000e+00,0.000000000000000000e+00,-3.432169450445465983e-14,0.000000000000000000e+00,0.000000000000000000e+00,0.000000000000000000e+00,9.640286916519939396e-15,0.000000000000000000e+00,0.000000000000000000e+00
-3.604365338911715355e+01,0.000000000000000000e+00,0.000000000000000000e+00,0.000000000000000000e+00,0.000000000000000000e+00,0.000000000000000000e+00,-3.432169450445465983e-14,0.000000000000000000e+00,0.000000000000000000e+00,0.000000000000000000e+00,9.640286916519939396e-15,0.000000000000000000e+00,0.000000000000000000e+00
-3.604365338911715355e+01,0.000000000000000000e+00,0.000000000000000000e+00,0.000000000000000000e+00,0.000000000000000000e+00,0.000000000000000000e+00,-3.432169450445465983e-14,0.000000000000000000e+00,0.000000000000000000e+00,0.000000000000000000e+00,9.640286916519939396e-15,0.000000000000000000e+00,0.000000000000000000e+00
-3.604365338911715355e+01,0.000000000000000000e+00,0.000000000000000000e+00,0.000000000000000000e+00,0.000000000000000000e+00,0.000000000000000000e+00,-3.432169450445465983e-14,0.000000000000000000e+00,0.000000000000000000e+00,0.000000000000000000e+00,9.640286916519939396e-15,0.000000000000000000e+00,0.000000000000000000e+00
-3.604365338911715355e+01,0.000000000000000000e+00,0.000000000000000000e+00,0.000000000000000000e+00,0.000000000000000000e+00,0.000000000000000000e+00,-3.432169450445465983e-14,0.000000000000000000e+00,0.000000000000000000e+00,0.000000000000000000e+00,9.640286916519939396e-15,0.000000000000000000e+00,0.000000000000000000e+00
-3.604365338911715355e+01,0.000000000000000000e+00,0.000000000000000000e+00,0.000000000000000000e+00,0.000000000000000000e+00,0.000000000000000000e+00,-3.432169450445465983e-14,0.000000000000000000e+00,0.000000000000000000e+00,0.000000000000000000e+00,9.640286916519939396e-15,0.000000000000000000e+00,0.000000000000000000e+00
-3.604365338911715355e+01,0.000000000000000000e+00,0.000000000000000000e+00,0.000000000000000000e+00,0.000000000000000000e+00,0.000000000000000000e+00,-3.432169450445465983e-14,0.000000000000000000e+00,0.000000000000000000e+00,0.000000000000000000e+00,9.640286916519939396e-15,0.000000000000000000e+00,0.000000000000000000e+00
-3.604365338911715355e+01,0.000000000000000000e+00,0.000000000000000000e+00,0.000000000000000000e+00,0.000000000000000000e+00,0.000000000000000000e+00,-3.432169450445465983e-14,0.000000000000000000e+00,0.000000000000000000e+00,0.000000000000000000e+00,9.640286916519939396e-15,0.000000000000000000e+00,0.000000000000000000e+00
-3.604365338911715355e+01,0.000000000000000000e+00,0.000000000000000000e+00,0.000000000000000000e+00,0.000000000000000000e+00,0.000000000000000000e+00,-3.432169450445465983e-14,0.000000000000000000e+00,0.000000000000000000e+00,0.000000000000000000e+00,9.640286916519939396e-15,0.000000000000000000e+00,0.000000000000000000e+00
-3.604365338911715355e+01,0.000000000000000000e+00,0.000000000000000000e+00,0.000000000000000000e+00,0.000000000000000000e+00,0.000000000000000000e+00,-3.432169450445465983e-14,0.000000000000000000e+00,0.000000000000000000e+00,0.000000000000000000e+00,9.640286916519939396e-15,0.000000000000000000e+00,0.000000000000000000e+00
-3.604365338911715355e+01,0.000000000000000000e+00,0.000000000000000000e+00,0.000000000000000000e+00,0.000000000000000000e+00,0.000000000000000000e+00,-3.432169450445465983e-14,0.000000000000000000e+00,0.000000000000000000e+00,0.000000000000000000e+00,9.640286916519939396e-15,0.000000000000000000e+00,0.000000000000000000e+00
-3.604365338911715355e+01,0.000000000000000000e+00,0.000000000000000000e+00,0.000000000000000000e+00,0.000000000000000000e+00,0.000000000000000000e+00,-3.432169450445465983e-14,0.000000000000000000e+00,0.000000000000000000e+00,0.000000000000000000e+00,9.640286916519939396e-15,0.000000000000000000e+00,0.000000000000000000e+00
-3.604365338911715355e+01,0.000000000000000000e+00,0.000000000000000000e+00,0.000000000000000000e+00,0.000000000000000000e+00,0.000000000000000000e+00,-3.432169450445465983e-14,0.000000000000000000e+00,0.000000000000000000e+00,0.000000000000000000e+00,9.640286916519939396e-15,0.000000000000000000e+00,0.000000000000000000e+00
-3.604365338911715355e+01,0.000000000000000000e+00,0.000000000000000000e+00,0.000000000000000000e+00,0.000000000000000000e+00,0.000000000000000000e+00,-3.432169450445465983e-14,0.000000000000000000e+00,0.000000000000000000e+00,0.000000000000000000e+00,9.640286916519939396e-15,0.000000000000000000e+00,0.000000000000000000e+00
-3.604365338911715355e+01,0.000000000000000000e+00,0.000000000000000000e+00,0.000000000000000000e+00,0.000000000000000000e+00,0.000000000000000000e+00,-3.432169450445465983e-14,0.000000000000000000e+00,0.000000000000000000e+00,0.000000000000000000e+00,9.640286916519939396e-15,0.000000000000000000e+00,0.000000000000000000e+00
-2.609675711974368192e-02,-4.250091658151035290e+01,-9.790366853338879238e+00,-1.343095800337645329e+01,-6.960883642502064816e+00,-8.031222187632916842e+00,-4.297623621107994119e+00,-4.180367572012104738e+00,-1.877898162744807919e+00,-3.132803455801623560e+00,-2.105341623726527445e+00,-1.833905247323574850e+00,-1.144239785545391852e+00
8.067158177650664896e+00,1.101019666830289268e+01,-4.944325946305962560e+00,2.818100379918108445e+01,1.730093394501333748e+01,1.070783243167851140e+01,-1.588473632862078988e+00,-9.263948371993608433e+00,1.879840507186661469e+01,-2.481103667619639452e+01,-1.093772711385880037e+01,9.262721593837445866e+00,-5.580135162222797263e+00
1.464695621879681653e+01,1.780380533562462730e+01,7.722421710779146409e+00,1.812572877575590979e+01,-1.800066432497847257e+00,-1.287480745921749303e+01,-6.409628759663002384e+00,-9.264785868982590600e+00,-1.313556776669530279e+01,-2.209862080117601835e+01,-2.253649660045697445e+01,-1.493910352339542946e+01,-8.771922601936168462e+00
1.629163462342042834e+01,1.653535449550226843e+01,-1.823951651416982145e+01,4.575464757188622400e+01,-1.493029530987419307e+01,-1.523724686903805692e-01,-1.151296110027137498e+00,-4.137018987764659528e+01,-4.625032806867817037e+00,-1.923201997100557836e+00,-2.039237916186766597e+01,-2.689327030913277383e+01,-1.702021307651387261e+01
1.730837848995605199e+01,2.195188636472719068e+01,-2.376306874549294790e+01,5.304828304348740886e+01,-8.587387421593021486e+00,-1.467910509484265091e+01,-1.448053408751421323e+01,-2.653031009163445475e+01,1.661694824649486435e+01,2.098811614314249896e-01,-1.003884038688101832e+01,-1.507726824661756027e+01,-3.479030990929348643e+00
1.844062707638314791e+01,1.720762982545415909e+01,-2.560326464244883127e+01,3.322840670701245358e+01,-2.329437859187467375e+00,-3.410907123686623521e+01,-3.215595402573349304e+01,-2.922685557138554202e+01,-7.600485109618015045e+00,-3.159143838938241799e+00,-3.702662429154206958e+00,-2.438724521274807344e+01,-2.466581875960463854e+00
1.897130302528697854e+01,1.353528029126660037e+01,-3.810180038639972366e+01,1.915569306846542474e+01,-1.080711382601893789e+01,-4.694451102485154337e+01,-4.427691492805054452e+01,-4.289100547450597389e+01,-1.377164443603610344e+01,4.247224132645794015e+00,-1.472346939978471880e+00,-3.825029944275135563e+01,-1.352858719910853758e+01
1.925751740456130889e+01,2.302521714952952081e+01,-3.206037312702646602e+01,2.452510441950499498e+01,-1.339766717732423285e+00,-3.080470408807107674e+01,-2.763171111610289543e+01,-2.624277707378920965e+01,-1.100261125766269288e+01,1.021070189754328439e+01,1.103064705938287027e+01,-3.982440734968979967e+01,-1.113736582591752899e+01
1.958325398642674742e+01,2.270973309582159771e+01,-2.343976733891106434e+01,2.591076316313422012e+01,1.900900046944262289e+00,-2.924131221255132473e+01,-1.194099323744186059e+01,-2.198219719748301415e+01,-4.197285850411937247e+00,2.154379124537339507e+01,1.225330379976059803e+01,-2.339992976908765598e+01,-9.604685395535343062e+00
1.987685859182109738e+01,1.985627257795589173e+01,-2.504179862289126746e+01,1.460082601772911914e+01,-1.296974929520540698e+01,-4.073173088033774292e+01,-2.543931368989788311e+01,-3.741102884582084442e+01,-1.566110918155228582e+01,1.444717191892933883e+01,9.943602316049432233e+00,-1.635189934747723584e+01,-1.164653776392216322e+01
1.991605420434525087e+01,3.059180722699914057e+01,-1.949549603140069820e+01,2.796442891344647208e+01,-2.754981161118686828e+01,-3.241996739850289799e+01,-1.002338635609464745e+01,-1.860128392014343390e+01,-2.518540620745903347e+00,1.101952156778859049e+01,1.778129794506410732e+01,-1.804993344105525477e+00,-2.418651778349738546e+00
1.973237557451739477e+01,2.030473400387475991e+01,-4.751570922063041991e+00,5.831346137196948831e+00,-1.808990947681989780e+01,-3.363123443499761578e+01,-1.284879513023610365e+01,-1.967263967121176194e+01,-1.139225273516145798e+01,1.495049808116432288e+01,1.499597575267520000e+01,2.602564932470404990e+00,1.668421628808765655e+00
1.879067760184712199e+01,1.414751688829963250e+01,-1.984290765823110148e+00,8.660916076996697521e-01,-2.612670075893390376e+01,-2.931067122366903988e+01,-1.303604547235329747e+01,-2.405401758691184000e+01,-1.618692399365826518e+01,8.410039145896698543e+00,1.335632956189715692e+01,-3.455482523774546344e+00,-7.590378179431241712e+00
1.582470164853371486e+01,3.529080067282395561e+01,-2.628637739212553726e+01,3.921118421436914048e+01,-3.674320601956865318e+01,-2.938971853126969513e+00,7.772467177433365570e+00,-3.743625651067190319e+01,-2.331546368303014649e+00,-1.716296585114282891e+01,2.884945113049222698e+01,6.074645701267925801e+00,-1.070051166308862989e+01
1.473429039559672660e+01,1.093605072481089024e+01,-2.159060269380895036e+01,2.673698827881465689e+01,-2.756810064766965596e+01,-2.271130939752386269e+01,3.861202289772487806e+00,-2.246788446999417133e+01,1.720374363409307383e+00,6.910728493239522985e-01,1.530720182668864915e+01,7.664815132455854219e+00,-1.000957951714559613e+01
1.454387811081987536e+01,9.676369570318604785e-01,-3.766104338937601881e+01,2.321836962735019938e+01,-3.741522190026576311e+01,-2.930595796104170603e+01,-1.329416799558279827e+01,-4.394136334937736166e+01,-1.088852732181257821e+01,-4.095441842694503620e+00,1.882309056775370948e+01,8.105478237448672019e+00,-1.679266930969486538e+01
1.493965045812876546e+01,1.440487435245328740e+00,-4.092804578358855139e+01,3.823978300023319576e+01,-2.931814505614256561e+01,-2.030620198296065126e+01,-2.615930661664109369e+00,-3.643661438924306140e+01,-2.594870251030377162e+00,-5.201246933080963863e+00,2.800967817200500676e+01,1.970659874854132454e+01,-1.254209102778713714e+01
1.388852220381178348e+01,1.012204803199997016e+01,-3.133892667948384769e+01,4.338095646715740372e+01,-3.520455847063801258e+01,-1.539316421391870904e+01,-3.242312532975077932e+00,-3.894611835650950837e+01,7.159965777557102840e+00,4.445232547877487228e+00,3.030370921420148633e+01,1.334316766922574971e+01,-5.673531468309474413e+00
1.421223310858149169e+01,3.876694590463928947e+00,-3.189674859675106333e+01,1.716556233081043104e+01,-5.135990597901340493e+01,-3.498227433795472052e+01,-2.240317882176542952e+01,-4.990094175218614936e+01,8.455098563699444014e+00,4.629014176398933422e+00,1.796592866951868572e+01,2.490559296320713401e+01,-1.733873577736000149e+00
1.386055813501734768e+01,1.050364488724072132e+01,-2.487541457390886279e+01,1.932665493808555013e+01,-3.478742608602605912e+01,-4.105057938455189515e+01,-1.179317823623077288e+01,-4.332956319743335172e+01,-3.864434576918509556e+00,1.197474983202729604e+01,2.421833470131934618e+01,2.481062284497532033e+01,-4.071087245128038212e+00
1.223868255797135873e+01,1.937604894557231106e+01,-2.719874402505123712e+01,3.732937750396683185e+01,-2.523658615687357099e+01,-4.243000726818075208e+01,1.299174689757309764e+00,-3.652082120002532406e+01,7.305629111087654337e+00,1.001268569265063135e+00,2.333873663879379734e+01,2.598820232605863723e+01,-8.305783851811948892e+00
1.112292658402181189e+01,-1.933849143348507438e+00,-2.534067459032878844e+01,3.488864113214720675e+01,-1.009529142291514248e+01,-3.776251818983798358e+01,-1.716809564853051029e+01,-1.475501155855382329e+01,1.492377395805352513e+01,7.372121487905721082e+00,2.023325730972444347e+01,2.935620692709210289e+01,-4.865265097518478576e+00
1.214233483215827114e+01,-2.713760704451775307e+00,-3.228219323535101637e+01,4.067616121907986582e+01,-4.163890971778036132e+00,-3.727850067504673603e+01,-1.474845518669360267e+01,-2.471683757406262671e+01,1.378903284709456756e+01,6.095040898945834229e+00,9.048207148225811736e+00,3.084473283376426167e+01,-3.867167204155345317e+00
1.342504404703715970e+01,-9.683689849374598424e+00,-2.757226415164920041e+01,4.130919502810759525e+01,-1.761093388426685280e+01,-3.402746112885694885e+01,-1.733485740994422741e+01,-6.395883466794398231e+00,1.025342248460191996e+01,-8.051354875188749816e+00,7.089571438604565401e+00,1.407604160962513795e+01,-3.758042255107854945e+00
1.711871361703019190e+01,2.368739404020006045e-01,-3.504668414347281669e+01,1.634997271147518916e+01,-3.223984958223686448e+01,-2.112074775307198493e+01,3.841218175829010928e+00,-2.672905024465200796e+01,3.521340730727990920e+00,-4.710519128000227318e-01,-4.671373416499985609e+00,-1.530928750938356409e+01,-4.905707822287468822e+00
1.934480589756489266e+01,1.600288550650124009e+01,-1.389651409896465140e+01,3.201690180187696910e+00,-4.086212859456598068e+01,-3.174127506868361337e+01,2.189123705343889004e+00,-1.442909393205872703e+01,4.318582847407777536e-01,-5.293131889722536565e-01,-5.182896224955326758e+00,-7.382564218783990384e+00,-1.160160786768056340e+00
2.009236463374792336e+01,2.772716101244495235e+01,-1.775323132158992578e+01,-2.324682946046519483e+00,-4.856682948369197561e+01,-3.700840927201294051e+01,7.977921780568128618e+00,-5.602302388381223963e+00,1.041999891251319887e+01,3.142066367693836959e+00,4.551210020195404660e+00,4.179836658102180635e+00,-1.055461370897017126e+01
2.038561539716130255e+01,2.345893189790680466e+01,-1.088534659155736684e+01,-1.129590026505592526e+01,-3.050215785567358040e+01,-3.515487878779575226e+01,-3.057704691049499601e+00,1.282322489181861869e+01,1.102167987174781594e+01,1.747614570733794670e+00,6.972988825990033668e+00,3.675210669593365065e+00,-3.971839557773896523e+00
2.045896111983812915e+01,2.596587148719685345e+01,-3.654934422578740083e+01,-1.568003323087665279e+01,-4.348235481890275622e+01,-5.105501541991461067e+01,3.481433597038991135e+00,3.236786209897545064e+01,2.235610326212259835e+01,-6.859436873848299143e+00,8.891917735064625461e+00,-3.550097318080634778e+00,-1.364960827810002897e+01
2.039991686692205874e+01,2.908634512114812409e+01,-3.550403315792204495e+01,-1.183823548374994239e+01,-3.816786364119818842e+01,-4.944349760589823717e+01,6.046792987266344177e+00,3.249943328266222409e+01,1.491011310601635742e+01,-9.160179121602089580e+00,6.394918990100319611e+00,-8.399413875691106313e+00,-1.042716384071836799e+01
2.014466827175325392e+01,4.178047657114289848e+01,-6.654296131945343973e+01,1.756192502518466592e+00,-6.674192358371939804e+01,-5.518328266570456719e+01,-1.037535894017597293e+01,1.186003029802283670e+01,5.929600831290286145e+00,-3.907337235811254317e+01,1.933503736529577210e+01,-2.761944122103871990e+01,-8.878175451374751503e+00
1.995162981887479248e+01,1.573084273013898482e+01,-2.337490823728371225e+01,-2.401120807996636941e+01,-2.957067710932905769e+01,-4.221046129508273026e+01,-7.362182102987201660e+00,1.965927490439136349e+01,-2.851746399968962731e+00,-1.298564168367166438e+01,-1.388320718877629645e+00,-6.067497046934040128e+00,-4.371605945013895322e+00
2.021977466751424046e+01,3.381634173137202737e+01,-4.048224355423383258e+01,-9.686424441018584020e+00,-3.533957253792944897e+01,-4.929884497620836470e+01,-3.428839172728971540e+00,3.729144370684731769e+01,3.983700231605825426e+00,-1.975931642838671465e+01,8.564856623321407625e+00,-1.265040034843702621e+01,7.746812792486372778e-01
2.024201415496529677e+01,1.314558879534821578e+01,-2.171190789816753863e+01,-2.281656769939688090e+01,-3.282005588310621391e+01,-3.723474440565227184e+01,4.334927280043255671e+00,2.528749231585311108e+01,4.198717434343616439e+00,6.859617113817759737e-01,5.087145056861766435e+00,-6.325380680042266945e+00,-4.678747559259115008e+00
2.018919342233373371e+01,2.631371828333408658e+01,-2.410254959660616692e+01,-1.605312438988796941e+01,-3.157867741151336105e+01,-4.978165274271658092e+01,2.237200387302292093e+00,3.435967182920965968e+01,1.058840260995920346e+01,-8.726918450699007457e-02,4.342907818539023523e+00,-1.037772137284858687e+01,-3.225931130899096999e+00
2.029812949151983759e+01,1.565259976087016902e+01,-1.561354242222095756e+01,-2.610421318618686115e+01,-3.285750389413424699e+01,-3.240087079681530469e+01,-2.968078646388244923e+00,1.544504921639401296e+01,3.534248264599111788e+00,-4.481084036810482729e+00,-2.480361363858817558e+00,-6.189992652591389088e+00,-2.673476346548420146e+00
2.020741043037295270e+01,2.444624459162740848e+01,-1.358306344112289921e+01,-1.970098085645086172e+01,-3.194089745617046816e+01,-4.053890261271562423e+01,-1.146901941425808147e+00,2.475302989560859857e+01,6.350488083633317515e+00,-6.489193016737588415e+00,-1.607904952085511985e+00,-5.227401625756536774e+00,-3.258326278982461854e-01
2.007425070581449589e+01,4.013439289069670934e+01,-2.616858973183302695e+01,-6.899197901403825384e+00,-3.778653071153281928e+01,-3.441537663852734141e+01,2.796582213235975001e+00,1.991440358326098803e+01,1.325351561572196069e+01,3.978954080037391816e-01,3.522904734093157852e+00,-2.372379525778195219e+00,1.813106441622161169e+00
1.953053984858062009e+01,1.794326744687139907e+01,-1.825369657095451004e+01,-3.308378523883898481e+01,-4.616982096307233263e+01,-4.742120080550201067e+01,-2.072141775737547320e+01,-4.835342678257156912e+00,-5.597154531367802832e+00,-1.131400229423574366e+01,-1.613764745489404362e+01,-1.302975381617280348e+01,-7.133373232578038348e+00
1.870663213432632332e+01,2.686276083115489399e+01,-1.200356255499961655e+01,-1.730650889691991168e+01,-3.356172145015779762e+01,-3.074452684972369454e+01,-4.431273523640959944e+00,4.540328912022074448e+00,9.848737665625078463e+00,1.428235778648465404e+00,-5.747396568134842454e+00,3.008001223726767037e+00,6.617262053710926573e+00
1.726100959050394579e+01,2.701756135746913046e+01,-2.410841124808956693e+01,-1.300689431230524384e+01,-3.836296512044191331e+01,-3.804267225755209125e+01,-7.405464917477431186e+00,-1.867865170017652332e+01,-2.858534792355644782e+00,-1.040388242332308621e+01,-2.321354651946836611e+01,3.471679763565631127e+00,-2.128872113224334228e+00
1.589556316085195142e+01,2.909542606723320901e+01,-1.123117283292249446e+01,8.804353163794010229e+00,-3.382152585293202662e+01,-2.393361893870197576e+01,5.212870265352608223e-01,-3.050082926156468588e+01,2.534336358219105634e+00,7.715773940481249760e-01,-1.483638590094217946e+01,1.689927649971512835e+01,2.703380908801831239e+00
1.508050482208631315e+01,3.283522352895307250e+01,-7.915024982524043295e+00,-5.357720614575273821e+00,-2.436978131154872784e+01,-1.832109840945017254e+01,3.979822367285326123e+00,-1.352426960122258315e+01,-1.012668032746551816e+01,-1.438371178869829237e+01,-2.034473095796410291e+01,-1.854378272980424125e+00,1.854702199001685203e+00
1.480667482098241372e+01,3.365411058535664779e+01,-4.211294341107269190e+00,-9.830729757820606096e+00,-2.399892276835473837e+01,-8.035477866086081278e+00,1.028105789226708566e+01,-5.235787027897563561e+00,-9.354502075255330951e-01,-2.173116393550857595e+01,-2.512751579410103986e+01,7.654406478760068744e+00,-7.759285485785688330e+00
1.475409908740748044e+01,2.401690839023860491e+01,8.555798435780785915e-01,-4.974174231991154826e+00,-1.368470076226599552e+01,-9.901102595183417066e+00,-9.198884545573060123e+00,-1.452795806082477981e+01,1.350586604740953600e+00,-6.097555121487850727e+00,-1.035589865980774604e+01,6.516638939707341649e+00,-8.525426505599922322e+00
1.490458393486913380e+01,2.491203450293466304e+01,1.400672878681937517e-01,1.278400904369596169e+01,-1.644823718752997266e+01,-1.012047775640660063e+01,1.874093111677810564e+00,-3.118991530788597899e+01,5.993767303864936391e-01,1.025373112183023316e+01,-2.363219182485747183e+01,-1.103823956748946955e+00,8.603760471424674705e+00
1.594646482603935311e+01,2.458150512225558515e+01,-1.733428304688498045e+01,3.474509411590979369e+01,-6.618146406508490287e+00,-2.002955065762377984e+01,-1.633082230791992018e+01,-4.111269439487320909e+01,-1.293230116356768455e+01,-8.903900848609644925e+00,-2.270274021424664390e+00,-2.228856038830021369e+00,-4.666226169534574697e-01
1.699052987726411601e+01,2.660493310509757592e+01,-2.320894928196909746e+01,4.559474464148431139e+01,-1.444649848180103646e+01,-2.392097826955711426e+01,-3.131721244128330994e+01,-3.773687426831105540e+01,-8.621978867106037114e+00,-2.271384975730756040e+01,-4.753752790370832315e+00,-8.835180500296086592e+00,4.562287242217584193e+00
1.729319257306725177e+01,1.977905953712478393e+01,-8.220324117572673117e+00,4.811215295102733336e+01,7.976149589106562132e+00,-4.254672482433986147e+01,-3.150394175589410040e+01,-1.928833987566312302e+01,3.059455445226356929e+00,-1.938463759500339112e+00,-1.164021333954296900e+01,-7.562081903840593533e+00,1.127537843886853608e+01
1.717477329698361643e+01,1.776124602676960862e+01,-1.550795297890093494e+01,5.229900437598388407e+01,-2.994859458677971098e+00,-4.326493162775543766e+01,-3.684973270920831823e+01,-3.390513954749927450e+01,-4.751265467683804644e+00,-1.932963526260752474e+01,-1.685422361359336918e+01,-4.311907353080317584e+00,1.406932462159666919e+01
1.702596619953430235e+01,2.388799229964175197e+01,-2.582296896985974399e+01,5.985964670132375431e+01,-1.273371663342479998e+01,-3.513689016800672960e+01,-3.077748668980798996e+01,-4.143938775498767768e+01,-6.946097279280585290e-01,-2.808096654537401804e+01,-8.933709204098736478e+00,-3.678371719123488148e+00,9.157378438811923260e+00
1.682561995722113579e+01,1.543606483495934434e+01,-1.406208574307704495e+01,2.792212883657125744e+01,-1.511876010809319126e+01,-3.563433902579735246e+01,-1.258100119748869616e+01,-2.750869007405844613e+01,-9.352620691013047605e+00,-1.551425254581504909e+01,-1.659515666924794175e+01,-6.527006684775154000e+00,-4.521624834358996203e+00
1.696271587521752267e+01,1.079363981425156815e+01,-9.104116076088583753e+00,3.656013604492432734e+01,-1.160157783540859633e+01,-3.871405339311949234e+01,-1.343576959141294047e+01,-2.418508643339224662e+01,-8.611746082547085734e+00,-1.050280481924047926e+01,-1.451383182569053965e+01,2.323310254760037719e+00,-1.016612024007732762e+00
1.726069842548058730e+01,1.647965766081534866e+01,-1.855299170306635403e+01,4.795343630371060328e+01,-1.753767415107085981e+01,-3.658876293640908983e+01,-1.558984267770481047e+01,-2.582828986823759010e+01,-1.163369505144335214e+01,-1.235590957888908825e+01,-2.315919029216700409e+01,-9.872798505894987642e+00,1.322265880749427636e+00
1.745646422259283170e+01,2.389857893482090034e+01,-2.853053250472346392e+01,4.777032703940377445e+01,-2.136807561358581253e+01,-3.334121379538799346e+01,1.637414464248453161e+00,-3.254094365385314802e+01,4.719481484835770679e+00,-8.211513668691914347e+00,-7.103784078497562327e+00,-1.086044696686411726e+01,-3.885976541713306531e+00
1.759122067150137880e+01,1.903464836610972100e+01,-2.165800946280496930e+01,5.807456927530251534e+01,-2.565616085643862476e+01,-4.734788635804786594e+01,-1.918996935824025130e+01,-3.777282231465011364e+01,5.940784726201132848e+00,-7.235984628921719342e+00,-1.939406540433204640e+01,-2.643940169050802069e+01,5.905164402326788853e+00
1.752598516067183709e+01,1.492483447353497894e+01,-1.516365492662427705e+01,4.419755262975387922e+01,-1.489907145175905967e+01,-3.932435149618142844e+01,-2.121468239971844483e+01,-2.779030545405636943e+01,2.195409275371664609e-02,4.592134050725763750e+00,-1.769689847114221593e+01,-2.702789963130155115e+01,2.157542788991149152e+00
1.702359312547021020e+01,2.361580578756741033e+01,-1.455961864945336437e+01,4.789176889025262085e+01,-8.783832000243847915e+00,-2.959855086524226309e+01,-1.060601477317199581e+01,-4.134778478069239327e+01,-1.266067095126381270e+00,9.320644183462579946e+00,-2.998785957213551345e+00,-1.557103138594096059e+01,-1.060156255374655521e+00
1.662146975236587210e+01,2.756067335103264782e+01,-1.199000362189204516e+01,4.601564633025650153e+01,-1.108618601597128439e+01,-3.436842548791786811e+01,-1.450385568372949407e+01,-4.051590712590484600e+01,-8.140599529150282621e+00,-1.464563032487829375e+01,-9.366992145546456427e+00,-4.248262615277684340e+00,-1.557000562881241557e+01
1.677579963929163043e+01,1.913702783066471724e+01,-1.416712859822226722e+00,1.559769436195349890e+01,-5.608915534355940480e+00,-2.353758837070781951e+01,-1.416660338501295868e+01,-2.312892090843062576e+01,-1.545912959888985405e+01,-5.329145558505216762e+00,-7.576074684195246434e+00,-9.040281226447318019e+00,-7.738478781336349144e+00
1.682996558237170959e+01,3.185263273652993021e+01,-2.883944988154537015e+01,3.801342773781602347e+01,-1.275117455316477688e+01,-3.698201317421924017e+01,-2.358052661656119398e+01,-5.803707994628224753e+01,-1.196910960511886124e+01,-1.861849163518128591e+01,-2.077918211025445316e+01,-9.623835247935838666e+00,-1.821417015521478433e+01
1.728360470220626510e+01,2.519480877121900519e+01,-1.665005712723534614e+01,1.365490478750928460e+01,-6.786533841523515242e+00,-2.154068171114889552e+01,-3.921524524495707986e+00,-3.434347148633725766e+01,-1.555916139623698413e+01,1.401223049664020159e+01,-5.813084943836064333e+00,-1.684903965364906142e+01,-1.229797375685172511e+01
1.915205647267776712e+01,2.824450579503443848e+01,-2.291589298109596484e+01,1.762053363670019479e+01,-1.002264349130171261e+01,-3.042460564382297505e+01,-9.895198365184183498e-01,-3.454158949740499907e+01,-2.603904543382829395e+00,3.314524684988028724e+01,-2.489720752266512960e-01,-6.926098171492641065e+00,-5.177922275354857745e-02
1.981752960723123635e+01,2.734698113203096881e+01,-3.826345310515122833e+01,9.729945916908464554e+00,-2.767069887353554947e+01,-4.057162773674809841e+01,-1.797458092276208674e+01,-4.651025540901667910e+01,-1.066521317237176980e+01,2.618690441928589863e+01,7.490459088884231953e+00,-5.069898163380106126e+00,-3.669153930869213820e+00
1.989761008814101118e+01,2.601592638063561935e+01,-2.626026593252850816e+01,1.552154079808785614e+00,-1.645084418356552192e+01,-2.399841310424070073e+01,1.393541681989950987e-01,-1.651905025638199831e+01,-7.667127205963861769e+00,2.319458896453608432e+01,2.715744823181080037e+01,-1.737144322090537596e+00,-2.845495905954540383e+00
1.996374730500902217e+01,1.877881874535349738e+01,-2.640678305937149162e+01,-1.892091302150861409e+01,-1.994215846451795571e+01,-2.450972622928005507e+01,-6.202339042696070059e+00,-8.241415905833921585e+00,-1.475024522874663013e+01,8.026616036467414617e+00,2.492429018234896176e+01,-7.121154010609620499e-02,-9.246874494069647454e+00
2.027424997203670642e+01,4.076723401978357231e+01,-4.769154481764608278e+01,-2.990741551689228395e+00,-3.669975595085059439e+01,-6.011848832292642442e+00,-3.419789300154256306e+00,-2.065316053891266534e+01,-2.424232477758923920e+00,-5.132542817715367356e+00,2.487764168709441037e+01,1.371487373493331052e+00,-1.054410908693017745e+01
2.011190633101509917e+01,2.637657172132704275e+01,-4.215509490730449471e+01,-3.254022431605122989e+01,-3.617231595142931866e+01,-3.044024447435042191e+01,-1.864666814585708110e+01,-3.591912597481705660e+01,-1.932375828489863068e+01,-3.786074930804256500e+00,6.626621344873312225e+00,-1.022824331612124382e-01,-7.375932506022880197e+00
1.947908339495947061e+01,2.392013826232676621e+01,-2.621976599672674624e+01,-3.414811020720299695e+01,-2.658094309642547159e+01,-2.690088897329541595e+01,-1.889502007906986947e+01,-2.123461562823050386e+01,-1.476966507695855313e+01,-3.859612701393607459e+00,-4.195575750358738532e+00,-3.876160216579731976e+00,4.500725115360947548e+00
1.747057371927141034e+01,4.194383178483426633e+01,-3.223197659837458673e+01,-1.118790627658422565e+01,-2.009431417577875933e+01,-2.242704055168529820e+01,-5.430946389558720888e+00,-2.723890166034744809e+01,-1.650115522438112947e+01,-8.528693546442807971e+00,-2.789557031522724717e+00,-9.425595558895447645e-01,-4.312467352327311154e+00
1.642363155888624249e+01,1.883054208341382818e+01,-9.087096279371166929e+00,-5.900504387637034220e+00,2.759812849824518355e-01,-3.082808459747525376e+00,-9.938854533176474604e+00,-2.365169415310583645e+01,-1.947219973242009416e+01,-7.732360694505703513e+00,-1.639493654049768878e+01,-3.130524355932193359e+01,-1.729138977535739841e+01
1.630973504306285804e+01,3.424472024167390316e+01,-1.707143454794169557e+01,-1.174832900143179204e+00,2.323676950833707178e+00,-3.805906493683819392e+00,-1.083809185201782377e+01,-3.111500635364816247e+01,-1.376079922622495744e+01,-6.483041440926387899e+00,-9.615110535470607900e+00,-2.079487224855095562e+01,-1.528520686614819191e+01
1.791361655703676092e+01,3.102511556794814496e+01,-1.515085844789181380e+01,-2.170418326399566311e+01,-1.306035271979491874e+01,-1.190244187261872000e+01,-1.401224375599822913e+01,-1.862852509391127853e+01,-6.911932716165120283e+00,-9.090485833571466667e-01,-5.308066385348555904e+00,-7.690136121174413475e+00,8.643691028037437940e-01
1.990863028980443161e+01,2.581366045906185747e+01,-1.853226754801256959e+01,-3.116810760306929495e+01,-2.647529210274882772e+01,-1.230019317621820285e+01,-8.897377587266291243e+00,-2.165896108527018171e+01,-7.257915253890197427e+00,1.029754044197821372e+01,1.099508084143732489e+01,5.212237421265478510e+00,4.308267773216631902e+00
2.042812535145938924e+01,1.753340640493638958e+01,-2.140741790140725698e+01,-3.136446477256724208e+01,-2.686909008422392375e+01,-1.707634864444804990e+01,-8.333726270856901763e+00,-1.342521865862829600e+01,-1.139711992717033517e+01,4.875519321081348778e+00,1.504208261757640308e+01,4.907829185674851935e+00,1.902931438618526094e+00
2.044080322648893500e+01,3.506683393692777173e+01,-2.807414202971926187e+01,-1.187041438766448742e+01,-2.414471684362094805e+01,-1.107549768699352732e+01,6.550036589232292705e+00,-9.204984855807349931e+00,-1.062622736746675756e+01,2.660522278059508139e+00,2.136647240930080827e+01,-5.493061028208330754e+00,-5.640646244945093812e+00
2.042619564185742931e+01,3.874433455131288184e+01,-3.468765722498702075e+01,-2.961412279923633761e+00,-3.037590676644463628e+01,-1.424732161355033888e+01,5.531052815229330122e+00,-6.312826318874251719e+00,7.975170272435878616e-01,-4.031804767240601883e+00,2.179862835988821246e+01,-1.534007996894748516e+01,-8.070194736365278843e+00
2.066799735731533616e+01,3.102935256705082523e+01,-2.688858101037197201e+01,-6.284546191898757073e+00,-2.713446121364532360e+01,-2.108721625908463082e+01,8.551407774935762873e+00,-3.502802347486301038e+00,-2.042133651923236037e+00,8.657607582229974952e+00,1.371680943279080900e+01,-2.010005303170150270e+01,-1.244229781465446116e+01
2.083040526730908581e+01,3.145664732601725433e+01,-2.809432961270812612e+01,-5.116602182691519118e+00,-2.604875188536431807e+01,-2.246016447962997731e+01,1.152040701652970611e+01,-4.865113512827707432e+00,-1.979522365422734076e+00,1.656000060555372499e+01,1.013062896329624785e+01,-2.210902688711762210e+01,-1.199311167919851862e+01
2.073355583273161074e+01,1.740259770585446475e+01,-5.110169587657354384e+01,-2.658982348467898760e+01,-3.918112478982992286e+01,-3.891753534889811306e+01,6.405086989484165549e-01,-1.094901059630307572e+01,-1.407561692931690089e+01,1.198045301817481878e+01,7.239020043708054963e+00,-2.444333204542799365e+01,-1.835149564807163358e+01
1.983553612149759715e+01,2.361616809128965500e+01,-3.623916858818326148e+01,-1.202229549414713183e+01,-1.713562336244704554e+01,-1.806234499466696519e+01,1.678605489946448870e+01,8.681731661376715925e-01,-4.641746106633745761e+00,2.357646756325495474e+01,1.197612309571608868e+01,-1.553060887479180430e+01,-9.103507133471369528e+00
1.928260730014999780e+01,2.072418989380620147e+01,-4.148135276502917890e+01,-1.408115378045952326e+01,-2.792421877844880385e+01,-2.661877394668803021e+01,1.889647258526345652e+01,7.012294568000712047e-01,-4.378663411699305286e+00,2.734924683020163272e+01,1.399833439918985434e+01,-1.231006268029956985e+01,-3.368847158930905916e+00
1.904152133188917873e+01,1.338691015518264038e+01,-4.665363461430398218e+01,-1.176052502537854672e+01,-2.515045174715639931e+01,-3.626359155854417082e+01,2.027621421902074061e+01,-3.479460950832841792e+00,-1.293495430605860186e+01,2.939170175797217155e+01,7.344811377532163732e+00,-1.635553478782900072e+01,-4.213724284213964388e+00
1.814579258273461093e+01,1.399222179382775266e+01,-5.045013977443211672e+01,-6.088010392753388622e+00,-3.078705095119014246e+01,-2.781827372527144249e+01,1.242816925506353343e+01,-4.271246511218993902e+00,-1.464778845326347501e+01,2.160327030878290699e+01,1.305633961863751047e+01,-9.155146245270396221e+00,-6.125118529939114431e+00
1.871110794818936540e+01,2.037359726579847319e+01,-4.477714021658658083e+01,1.919907774366208741e+00,-1.647386626431993406e+01,-2.723381612542500108e+01,1.791436690103864393e+01,-4.386454687675220399e+00,-9.505410448382999533e+00,3.033372372366459047e+01,1.421496492627521135e+01,-1.437134268625982614e+01,-2.853735627234183614e+00
1.924272572398338710e+01,6.471723255522952023e+00,-5.112920735534428474e+01,-1.620091668957321218e+01,-2.583562247650548827e+01,-3.645374861735827920e+01,1.399600086286966061e+01,-4.260302240157459508e+00,-1.543271098443820399e+01,2.864491652209272488e+01,1.579469320214707295e+01,-1.457694313615880155e+01,-4.707500789792249840e+00
2.011491731530201221e+01,2.027248446064988485e+01,-5.717418087805336313e+01,-2.545460354571671413e+00,-2.214413731316316358e+01,-3.460626860498428670e+01,2.745504896514623283e+01,-1.239617521336045947e+01,-1.717155022138268095e+01,3.654059063277921382e+01,1.297652996080978127e+01,-1.827058595129761542e+01,-4.456958675059985886e+00
2.019800999897111637e+01,1.385579348298366931e+01,-4.276778229631393913e+01,-5.318604350886495524e+00,-1.895516709084851925e+01,-2.934731460116809387e+01,2.175609327661616277e+01,-1.243877019930029881e+01,-1.777707799908196762e+01,4.147127568091848815e+01,1.691487136517211809e+01,-1.322743652244657042e+01,7.967887862341903604e-01
2.034957929869495530e+01,2.263103800898670315e+01,-6.008401217270441208e+01,2.240902790246196652e+00,-3.918494037135265984e+01,-3.485116703002925931e+01,1.571024534047766075e+01,-1.792853727644304485e+01,-1.724110273996407017e+01,4.321918309348218656e+01,1.432151264553536940e+01,-1.724052553701968549e+01,-3.275226965788148092e+00
2.034281700265612614e+01,2.007866053164730502e+01,-4.882045294224344190e+01,-4.712883682814177355e+00,-3.167763154476484999e+01,-4.085026368654489914e+01,1.695471487342481609e+01,-1.925827308726676534e+01,-1.230903922800837869e+01,4.283024970687889521e+01,1.178327003882444401e+01,-2.396990039273631723e+01,-2.139857035137677332e+00
2.026933384092550483e+01,1.658689579070020415e+01,-3.593259068944479395e+01,-1.449449487963219063e+01,-2.426488367813519886e+01,-3.341185400399000827e+01,6.243865389696122925e+00,-1.396707018579197346e+01,-1.556529337781103628e+01,3.886869783923885535e+01,2.208650083487358273e+01,-2.263142945458999122e+01,-8.292896778548277226e+00
1.986178515612409967e+01,3.323903235687608060e+01,-3.329402570808036188e+01,-1.902635928033403312e+00,-2.290080317648981278e+01,-1.736080095103480048e+01,1.175220406508987203e+01,-1.007140328541333574e+01,-4.790192572124103876e+00,3.357725761856921309e+01,1.721759495850806587e+01,-2.416725771599735850e+01,-1.881182412070003807e+00
1.929387731960809660e+01,3.273641055787321363e+01,-3.219662803919211314e+01,-8.841576969081995641e-01,-2.890636838921129481e+01,-1.111151982801769122e+01,1.948054900549065271e+00,-1.754158682783698353e+01,3.585521453654081814e+00,2.661934136613455593e+01,1.649333917353668966e+01,-1.848545715330904216e+01,-4.261448863914170104e+00
1.900485801189296708e+01,1.634602872447295141e+01,-1.840052012223057076e+01,-1.767458638564471585e+01,-2.666697923990907526e+01,-2.297234267102899352e+01,-5.527163085834125411e+00,-1.526294131234381624e+01,-5.627862222948765591e+00,1.968879945322422031e+01,6.623214833602127705e+00,-1.451732940779485759e+01,-4.768505513908880999e+00
1.888196448866117549e+01,3.163216315504164911e+01,-4.026795886978963779e+01,-6.329478748855153825e+00,-4.320155273201789470e+01,-2.014757435597663360e+01,-5.732459776267980089e+00,-3.707236056511774791e+01,2.951543320784409286e+00,5.031443883637516379e+00,5.509640932730455631e+00,-2.347669806910584356e+01,-1.494882535212975760e+01
1.882858323157278235e+01,3.151495697525976425e+01,-3.626381693549883067e+01,-6.946600095749852599e+00,-4.243233630427751280e+01,-1.873603700793156435e+01,-5.078681850772690076e+00,-3.907257985832976743e+01,-3.881465840745253360e+00,1.323967350363959916e+01,6.445009104817377654e+00,-2.417772647939903408e+01,-1.843716730191458453e+01
1.884317041525110525e+01,4.002636978796295608e+01,-3.431788062458556254e+01,2.223021639981829223e-01,-4.446874838023906307e+01,-5.555313563613363925e+00,4.224185637024596041e+00,-3.569653021266331905e+01,1.254801028203256674e+00,2.007455327807037904e+01,2.077552610108671516e+01,-3.080639149865593396e+01,-1.136543598500394836e+01
1.853917226972514598e+01,3.330200449197098322e+01,-2.704336504058766977e+01,-4.176728733771470026e+00,-3.568405802601948551e+01,-1.666948240234462020e+01,-4.605000960674533239e+00,-2.770867555940292348e+01,-1.689467167494822508e+00,1.439212086317139416e+01,1.554737250365605838e+01,-1.801111072692287252e+01,-9.447380166859280948e+00
1.826997758471434352e+01,1.800818550120868622e+01,-1.141471037592098270e+01,-1.657703205023545934e+01,-2.555326076088598342e+01,-2.729908215586442921e+01,-1.460483908442271428e+01,-1.441630680894182248e+01,-2.562279134600368380e+00,1.018232291639802511e+01,2.508683379828769322e+00,-8.520529371721814016e+00,-8.309394662901055995e+00
1.806573358740840973e+01,4.363411558103140919e+01,-2.315242902971969485e+01,8.850656062810696056e+00,-3.143156416146613807e+01,-2.040935320161561428e+00,-1.261824274135163293e+01,-1.917778359578037950e+01,1.082486344309109683e+01,1.037245472463276474e+00,1.258476189628467168e+01,-6.028128374464748696e+00,-2.586083982146092364e+00
1.817874155223326227e+01,2.339771449648161550e+01,-1.079440064141490296e+01,-1.624743720102143385e+01,-2.606511029619272790e+01,-2.252917293197752002e+01,-1.871640935668801475e+01,-1.787953342044237459e+01,-5.531890874093588373e+00,8.177790098214243741e+00,1.426884548105679329e+01,-7.966706836821332516e+00,-5.170704061226318871e+00
1.760538387229492230e+01,3.226898148749152284e+01,-2.052640645708639155e+01,-4.602851515124060100e+00,-2.822255518125128404e+01,-2.053415528795767742e+01,-1.675971188655723765e+01,-3.206877150101296792e+01,-1.079332635805957885e+01,3.080175461944187898e-01,1.899969563456003740e+01,-8.877130348114853575e+00,-1.435176633101213817e+01
1.581587515802151067e+01,3.095321158943297135e+01,-7.962321327229111567e+00,-3.944078316121623740e+00,-1.631676145483812945e+01,-4.519683609091538656e+00,-1.190165574068969612e+01,-2.301213526656137986e+01,-4.913196627264968974e+00,7.641927715173435498e-01,1.268739656533108295e+01,-2.948847048364667600e+00,-7.160219730131357707e+00
1.407830084020951134e+01,2.556420696797017911e+01,-5.438114854598406822e+00,-6.978464207784404572e+00,-8.994406117120307798e+00,-2.953462517627970740e+00,-5.003940481525755324e+00,-2.131817992147687946e+01,-1.010748966835532592e+01,3.269318199735811614e+00,2.212077116220984685e+00,-5.091415138530447138e+00,-1.236387717627740912e+01
1.354371193371376236e+01,3.444697375751426449e+01,-9.725255461171151694e+00,3.661109316438732719e+00,-8.018030837481276762e+00,-4.187560082917028303e+00,-7.685831836257226435e+00,-3.443473964957720312e+01,-1.052507729380915080e+01,-3.363797188922499903e-01,-3.975148260872600758e+00,-1.440543018805032816e+01,-2.163523862200321801e+01
1.275006724431718297e+01,3.543191328658524242e+01,-1.380318058034073481e+01,3.861939749947091105e+00,5.291691282293685461e+00,7.004090030964239766e+00,8.476215128543513444e+00,-3.488141408239482644e+01,-5.143235780524641143e+00,2.058058329090140859e+01,-6.187494467078328064e+00,-2.421689314831410478e+00,-2.133598532532392511e+01
1.236521606610285673e+01,2.042691668958352835e+01,-1.727443211929222144e+01,2.520826744971615518e+00,-6.674530881681053351e+00,1.082409259823093706e+01,9.770416110640180563e+00,-2.596223451730544340e+01,3.459164935072554403e+00,4.653938381899878962e+00,-3.639385942361435422e+00,-5.464220980747780843e+00,-2.515867990964608936e+01
1.477204532765508027e+01,2.489563682748094209e+01,-3.493072046391142038e+01,2.037733611332262385e+01,-2.431454564126515905e+01,-1.498005097859527979e+01,1.102277087567576608e+01,-3.518519347950102372e+01,1.237621267663175217e+01,3.299959702507986314e+00,-5.656347933426030927e+00,2.804759856253475903e-01,-1.945058452364618162e+01
1.760128623187085495e+01,1.759706656348106790e+01,-1.008306151395002104e+01,-1.319339612120762872e+01,-3.013380566757530588e+01,-2.723788007328826666e+01,-2.713745737906537059e+01,-4.128599057624140301e+01,-1.662666844186137638e+01,1.193748720548436282e+00,3.116172070421673101e+00,5.735388356602782345e+00,-3.956307860477538352e+00
1.807723168258322488e+01,2.184596428159597892e+01,-1.151041535134852190e+01,-1.558388187555760318e+01,-3.032415644012020195e+01,-2.732498538885619155e+01,-2.862211741588403058e+01,-4.148020316147766806e+01,-2.213313879095649739e+01,-4.848715656080268666e+00,5.031711807314222185e+00,3.512462132933037218e+00,-4.292640099816824595e+00
1.767562400474515627e+01,2.197625884562549814e+01,-6.296561312460322135e+00,-1.102015061365367288e+01,-1.732084698694299618e+01,-1.479108831712465744e+01,-1.063192456319151091e+01,-1.725496904940471055e+01,-5.433014852027700847e+00,7.613859507366435686e+00,1.094666888960087725e+01,1.457378442685171471e+00,-1.272124172605625070e+01
1.751189855329263878e+01,4.015302907886658801e+01,-2.411730643179957312e+01,6.889375951183310143e+00,-3.200061245210216754e+01,-1.003698040608256115e+01,-5.087832339191243669e+00,-2.678476105581050959e+01,8.868109958558065387e+00,5.668433426588490143e+00,1.570981539134748139e+01,9.994294476239881098e-01,-9.913655575346602689e+00
1.745832411885646707e+01,2.398065392941215990e+01,-1.145819373058898805e+01,-1.173838632479409227e+01,-2.659580507980131969e+01,-1.952306583484669034e+01,-1.919954663056618571e+01,-2.914223624518064781e+01,-8.325612963598590710e+00,3.075612732821248585e+00,5.951104696781629677e+00,-1.880516321011549641e+00,-7.450004512954347291e+00
1.679717341816352771e+01,3.393150947145421981e+01,-1.738440239205818472e+01,-9.390445892568171971e+00,-2.785588601698892930e+01,-5.261127240935582705e+00,1.380620865377002016e+00,-2.460814964999009646e+01,4.655177215067442198e+00,1.980815431691882234e+00,-6.908861407408903865e+00,-2.046311089733178434e+00,-1.478591267402166842e+00
1.715042068278381393e+01,2.602101939292828803e+01,-1.864995456054870715e+01,-2.233493969362620390e+01,-2.266129445033953260e+01,-5.755483879610492792e+00,-9.699520472670327464e+00,-2.016462300640490568e+01,1.458425075578306362e+00,-1.601033011685368823e+00,2.371397598925730321e+00,7.260665826178211546e+00,-2.443883774593061720e+00
1.641522822533060832e+01,2.154902422171192455e+01,-1.397377601710010531e+01,-2.191977739101769629e+01,-1.864521397086203436e+01,8.288792410095755514e+00,-1.748744444227376738e+00,-2.126087509542789888e+01,1.336841130431486224e+00,9.392275832118116563e-01,-8.999874015920101833e-01,-3.445208745148764073e+00,-3.533322410713934936e+00
1.626641007313828169e+01,2.488336677403693287e+01,-2.145495984978755288e+01,-1.359336630303914717e+01,-2.654015474508915418e+01,6.180696227297139522e+00,-1.697446265611293414e+00,-1.371555954181907566e+01,1.719627379687723945e+01,5.223821103938470323e+00,1.450705179065102612e+01,4.284565280766802431e+00,-8.387787939602864284e+00
1.490934775198558349e+01,2.136619794080731793e+01,-1.802441855825281181e+01,-8.025312336019458925e+00,-1.773844538229580081e+01,3.697114242445255883e+00,-3.193944795262357417e+00,-1.208366580333106022e+01,1.499287402073805175e+01,-3.450070655043904200e+00,2.489088422225249619e+00,-6.725149559812050981e+00,-1.732256182198930716e+01
1.522291238510929468e+01,2.443311476355034273e+01,-2.349572767364916004e+01,-7.749381029876344584e+00,-3.539901225979144073e+01,1.595381017198445273e+00,2.551489807053361147e+00,-2.341263954480472265e+01,-5.004870977477039462e-01,-1.871758665129938493e+01,-1.255121778910890384e+00,-9.827811474035843986e+00,-1.644965604669004478e+01
1.513642691231221526e+01,2.024905357786492388e+01,-2.093656833503975889e+01,-1.253110927476493153e+01,-1.966442565500722139e+01,1.656771701739091496e+00,4.759211147342480963e+00,-2.353189035778075322e+01,1.960832532615798263e+00,-8.734116978003902076e+00,-1.016022856776145389e+01,-1.157094395780736473e+00,-1.323041535146630565e+01
1.425808199972285273e+01,2.714212323282450257e+01,-3.106885667268274176e+01,6.074855289359029520e+00,-3.090513312497834519e+01,1.622465420537313463e+01,-1.468628496102619252e+01,-3.767413205953539546e+01,-1.862522247422865984e+00,-2.946489673527933917e+01,-1.500241710561272335e+01,-1.670662632335585229e+01,-6.894146145390474878e+00
1.379387914538658322e+01,2.406765407687888469e+01,-1.387433013533323667e+01,-5.705387238806681971e+00,-1.942600880441132105e+01,1.070046686962583848e+01,-1.054776121688667700e+01,-2.531574191975562016e+01,7.154351288164162881e+00,-1.628132505516488138e+01,-8.814382956514272394e+00,-1.351039856581213172e+01,-9.562131843933682873e+00
1.370638371276825040e+01,2.774463636765164765e+01,-1.691550683445743886e+01,-9.619258193265396439e-01,-2.270342727095657764e+01,8.831287950212690419e+00,2.951184070547765881e+00,-2.510688300103045378e+01,6.403043957543375519e+00,-1.372953230071925823e+01,-2.206303816077278057e+01,-2.230306310146765725e+01,-1.792460002385594109e+01
1.343949482128430084e+01,3.153685953180109536e+01,-1.230574914380137486e+01,3.886839509297654871e+00,-2.396001841194111392e+01,7.011844083074216805e-01,5.679208803052402388e-01,-2.088211039805750602e+01,1.512682058911672911e+01,-9.232230509726596424e+00,-1.664923983997399759e+01,-1.930722578587025495e+01,-9.463775258592912465e+00
1.235049813924795359e+01,2.904311773692032972e+01,-2.222646325709975113e+00,3.343333303989270533e+00,-1.014081393332288528e+01,-3.175705198821515918e+00,1.766401702952932640e+00,-1.513470560759472683e+01,8.675822013249927522e+00,1.478141650448117517e+00,-1.533350367877938325e+01,-4.741912315825826063e+00,-7.261569062184780599e+00
1.068711696532269251e+01,2.710358530977483227e+01,1.690406212270556763e+00,4.460704190110607037e+00,-4.436801107728131299e+00,-7.078229306665538623e+00,-5.952455980052351769e+00,-1.513832694293261305e+01,1.409738693788409947e+01,-1.862933930019098350e-01,-2.032616350782123149e+01,-6.249347313451479202e+00,-1.969858889131266055e+00
8.724881077527069095e+00,2.066897189813169788e+01,3.371727319016253888e-01,3.248117626893306742e+00,9.096585232019331002e+00,-6.877001864729666014e-01,-7.791630931900821899e+00,-1.019110769436897179e+01,1.002575275184123171e+01,7.381344801157713187e-02,-1.382309635752378618e+01,-6.370407017484486012e+00,-4.618761164646858930e+00
7.262058202117405159e+00,1.147925851238125716e+01,-1.756808514714731873e+00,-1.180227462521778570e+01,1.131789711331373294e+00,-1.303043134321259977e+01,-2.764757272109947195e+01,-1.572004024275817002e+01,-8.185707430000014995e+00,-1.527503570519485265e+01,-1.759850882604513700e+01,-1.702864663068043427e+01,-1.419318778933345193e+01
6.618470749323014601e+00,1.021404595514934854e+01,2.050700365682707638e+00,-8.055367111192294871e+00,1.110725486290336406e+01,-2.097839582009109471e-01,-2.016413039989053146e+01,-1.070825846622225619e+01,-5.732857533837407260e+00,-1.108328603918613808e+01,-7.440520099866321679e+00,-7.732885526167700974e+00,-1.650433857525877457e+01
5.299317761493919754e+00,-6.072889877229913580e+00,-1.094541965119868010e+01,-1.592116791849786139e+01,7.591533249784920834e+00,3.533280063308831043e+00,-1.225088108662232855e+01,-7.111652954931876103e+00,-1.420528160653407568e+01,-2.159600444619658788e+01,-1.099366556069762346e+01,-1.148351555127109691e+01,-9.402856698918428791e+00
4.458419589132102345e+00,-1.311182996320015270e+01,-7.107959904882217295e+00,-1.376094716286667463e+01,-4.538952563176090194e-01,-3.317656958077961349e+00,-1.815944030824134003e+01,-4.557482973955178096e+00,-3.660391637546078325e+00,-1.701031504253071347e+01,-1.363369061114077674e+01,-9.502297748871926686e+00,-1.289532910375062613e+01
4.338296222196866836e+00,-1.542191566988629603e+01,-7.279417749301734020e+00,-1.404816433840898071e+01,-9.732665316037135028e+00,-2.220603473577035469e+00,-6.127386077586609581e-01,1.075941832540986098e+01,1.792335184852891672e+01,2.169994420454639528e+00,-7.573791474441564198e+00,-1.709447979358189373e+00,-1.316000072995588743e+00
4.471799860748664202e+00,-1.604472528551431054e+01,-1.257599690416146032e+01,-2.519262943641638586e+01,-2.048019094314916444e+01,-1.269175610269280519e+01,-7.528590593895057914e+00,5.746482408644064677e+00,4.280791500399562466e+00,-1.459587521775259944e+01,-1.387030053985537492e+01,-8.860016990661343073e+00,-1.090940862763612351e+01
4.630931012133935987e+00,-1.807818013118243528e+01,-1.588663592944559255e+01,-2.244940615464494016e+01,-8.425591772142343672e+00,-5.766512302383791422e+00,-2.462267735722912576e+00,1.309955072867157710e+01,8.626942479789677876e+00,-1.430293434637630767e+01,-2.101424673567653301e+01,-1.435723118661714537e+01,-1.193131385085206730e+01
4.674312292953458403e+00,-2.071817759321345775e+01,-2.150442583894706061e+01,-2.593131078551401458e+01,-1.308960011226243125e+01,-1.277361164243923319e+01,-1.832315673852115623e+01,-5.575286848143630181e+00,-1.128701540922252500e+00,-1.432562085467889901e+01,-1.421113870930749101e+01,-8.226096004833031827e+00,-1.494624173140427636e+01
5.004258526494852255e+00,-1.895039476662290312e+01,-2.007609177049875981e+01,-1.498037351429400665e+01,3.246373695840020890e+00,-5.886204989889647354e-01,-1.715528914712246333e+01,-9.973482554276246859e+00,9.716612435249883717e+00,-2.633119715629415936e+00,2.708649301256855324e+00,8.796807906688677292e+00,-1.406766815439974572e+01
5.153647294641192644e+00,-2.495893370321018168e+01,-2.908164409853085530e+01,-1.940343597703223466e+01,-2.522458888856191628e+00,-1.392526555387467013e+01,-3.186876497984681578e+01,-2.108400182062990780e+01,1.506540217355300637e+00,2.222043872939740261e+00,1.104762949541720474e+01,1.058401887999088231e+01,-1.477663883175585369e+01
5.403654849518737535e+00,-2.048886179962659781e+01,-2.448865066287840619e+01,-1.407987726065267786e+01,1.270518630550731221e+00,1.592456688161849820e+00,-1.836920988578270197e+01,-1.732143959383708420e+01,8.803148841124263768e+00,5.464917637982741994e+00,1.495937604519244779e+01,2.457189929085521740e+01,-1.525676505846033670e+01
5.166895181017229888e+00,-2.367707773306066699e+01,-2.281216845891599831e+01,-1.475077877549320959e+01,3.838820558496744528e+00,1.391336157905787019e+01,-8.011317808199557078e+00,-1.703127054502124693e+01,7.708349077992466825e+00,1.910746440703704252e+00,1.618757003261887917e+01,2.803774188482818630e+01,-6.882761588729797708e+00
4.206573047688332068e+00,-2.637469774110115495e+01,-1.202426875902242465e+01,-1.071808858925124497e+01,-1.636421572254280976e+00,1.579075334795065899e+01,3.181540331934212151e+00,-1.263807146576855267e+01,-1.299995588587260054e+00,-4.087819376125944038e-01,6.964588385873579313e+00,1.200200016870527087e+01,-5.104474840421450388e+00
3.195244446625658874e+00,-3.437396639835346690e+01,-1.907049407048166145e+01,-1.817096259130759606e+01,-1.899940580190880013e+01,-5.984070196643965112e+00,-8.622088922632041630e+00,-2.593536552529258898e+01,-1.443123321413486693e+01,-6.557158893916315456e+00,-4.750090262442314248e+00,7.969367957010860870e+00,-9.318506842410728908e+00
1.580413121879806093e+00,-4.091498359777386185e+01,-1.574883143108523598e+01,-1.329913525707320687e+01,-9.093072076381538693e+00,-4.436255928839915263e+00,-4.029016949950995574e+00,-6.130222150655392888e+00,-1.860101661298566578e+00,-1.315973956433321268e+00,-3.453746857744715903e+00,6.557533786697780087e-01,4.274809249830295421e+00
1.917017650174998922e+00,-3.500504336087997359e+01,-1.571318916276133315e+01,-1.865009078416710597e+00,-7.634751761706961126e+00,-4.376703739002176796e+00,-1.480643374850077976e+01,-6.385471518334838947e+00,-7.348902792538450690e+00,-1.227216410907995225e+01,-1.035732525477067689e+01,7.521851822758073070e+00,6.186966178520671988e-01
2.609911419103218222e+00,-3.638422839721440027e+01,-2.042253830266307801e+01,-1.135841156913757288e+01,-1.405849448804213964e+01,-1.215303253341554246e+01,-1.932272414760009838e+01,-2.407714898390578995e+01,-1.529330548929926437e+01,-2.383327393582384346e+01,-1.934805778729301551e+01,-5.445316056162830876e+00,-7.664462847985512362e+00
3.266947285891911967e+00,-3.032551716522188912e+01,-1.418055764702179822e+01,-1.082150396315601348e+01,-1.138729723628382828e+01,-9.798032115990885416e+00,-1.978048007724734703e+01,-2.603073734152179242e+01,-1.412331254329288655e+01,-2.113294465558227131e+01,-8.447236692501991939e+00,1.308334597863520443e+01,-1.291619647338339671e+00
3.107085410815075832e+00,-2.913788432334657230e+01,-1.117066756836482710e+01,-8.794750732717876218e+00,-5.926740341976435289e+00,-5.259852806931331948e+00,-1.644580529452010609e+01,-1.778385091349302272e+01,-1.169334342103923774e+01,-1.065034785670295214e+01,-7.211405616717584621e+00,8.501673870548614786e+00,-3.786799819294796698e+00
2.716102602178192438e+00,-2.517285601985157939e+01,-7.370030815815394654e+00,-1.298741339610906431e+00,9.169369142724711486e-01,-2.101720420880993645e-01,-6.639036710185004075e+00,-4.831164386677059497e+00,-9.757427610363954562e-01,5.328425027858544105e+00,5.269755345919095113e+00,2.920885450621697910e+00,-4.442901457175237212e+00
2.369616299486227984e+00,-2.528146662882759443e+01,-1.080569130350988338e+01,-7.082252340921193046e+00,-7.642448855933478669e+00,-6.769615124019109587e+00,-9.475563046397825318e+00,-7.721064662836658599e+00,-2.392033978681117556e+00,8.206377867055783426e+00,8.637196520029327473e+00,-1.580286611202023517e+00,-7.235750747258824944e+00
1.360889309746673437e+00,-3.311544696995371595e+01,-2.005834349967093289e+01,-7.862850766824855064e+00,-1.146884398148140072e+01,-7.977206066500303727e+00,-5.829007004007823234e+00,-7.387458663192826513e+00,-1.923372278184205975e+00,-3.990793221690691617e+00,3.221735878195750580e+00,2.871987987210446569e+00,4.514539289998788618e+00
6.640859966733477782e-01,-2.780051536014887148e+01,-1.528164050875781044e+01,-1.836951142210034149e+01,-2.192141194409883198e+00,-9.940233274711502531e+00,-1.189695777814108624e+01,-4.194678845122059019e-01,-1.066297538697407710e+01,-5.820607749344851811e+00,-1.288183198583750633e+00,-4.614711257825696578e+00,5.797287353630370177e+00
2.170049320646556534e+00,-2.950893510798177388e+01,-1.888233406330222053e+01,-1.488328472640790068e+01,-9.000137378297981883e+00,-1.315834763206488489e+01,-1.705497647262258099e+01,-1.574633379954282830e+01,-5.658377749922764544e+00,-1.183251544917946596e+01,4.312700132444446943e+00,7.707389320606339744e+00,3.263994656746065814e+00
1.222119016866245911e+00,-2.029635207122480622e+01,-6.396514945810243269e+00,-5.273753587052359748e+00,5.364673597720772680e-01,-3.093448820408317701e+00,-7.135316037569544356e+00,-1.082559444185400999e+01,4.570286070316938343e+00,-3.441709423191575912e+00,1.315299956901339273e+00,-7.601703672084936247e-01,-3.738966660985500123e+00
-3.604365338911715355e+01,0.000000000000000000e+00,0.000000000000000000e+00,0.000000000000000000e+00,0.000000000000000000e+00,0.000000000000000000e+00,-3.432169450445465983e-14,0.000000000000000000e+00,0.000000000000000000e+00,0.000000000000000000e+00,9.640286916519939396e-15,0.000000000000000000e+00,0.000000000000000000e+00
-3.604365338911715355e+01,0.000000000000000000e+00,0.000000000000000000e+00,0.000000000000000000e+00,0.000000000000000000e+00,0.000000000000000000e+00,-3.432169450445465983e-14,0.000000000000000000e+00,0.000000000000000000e+00,0.000000000000000000e+00,9.640286916519939396e-15,0.000000000000000000e+00,0.000000000000000000e+00
-3.604365338911715355e+01,0.000000000000000000e+00,0.000000000000000000e+00,0.000000000000000000e+00,0.000000000000000000e+00,0.000000000000000000e+00,-3.432169450445465983e-14,0.000000000000000000e+00,0.000000000000000000e+00,0.000000000000000000e+00,9.640286916519939396e-15,0.000000000000000000e+00,0.000000000000000000e+00
-3.604365338911715355e+01,0.000000000000000000e+00,0.000000000000000000e+00,0.000000000000000000e+00,0.000000000000000000e+00,0.000000000000000000e+00,-3.432169450445465983e-14,0.000000000000000000e+00,0.000000000000000000e+00,0.000000000000000000e+00,9.640286916519939396e-15,0.000000000000000000e+00,0.000000000000000000e+00
-3.604365338911715355e+01,0.000000000000000000e+00,0.000000000000000000e+00,0.000000000000000000e+00,0.000000000000000000e+00,0.000000000000000000e+00,-3.432169450445465983e-14,0.000000000000000000e+00,0.000000000000000000e+00,0.000000000000000000e+00,9.640286916519939396e-15,0.000000000000000000e+00,0.000000000000000000e+00
-3.604365338911715355e+01,0.000000000000000000e+00,0.000000000000000000e+00,0.000000000000000000e+00,0.000000000000000000e+00,0.000000000000000000e+00,-3.432169450445465983e-14,0.000000000000000000e+00,0.000000000000000000e+00,0.000000000000000000e+00,9.640286916519939396e-15,0.000000000000000000e+00,0.000000000000000000e+00
-3.604365338911715355e+01,0.000000000000000000e+00,0.000000000000000000e+00,0.000000000000000000e+00,0.000000000000000000e+00,0.000000000000000000e+00,-3.432169450445465983e-14,0.000000000000000000e+00,0.000000000000000000e+00,0.000000000000000000e+00,9.640286916519939396e-15,0.000000000000000000e+00,0.000000000000000000e+00
-3.604365338911715355e+01,0.000000000000000000e+00,0.000000000000000000e+00,0.000000000000000000e+00,0.000000000000000000e+00,0.000000000000000000e+00,-3.432169450445465983e-14,0.000000000000000000e+00,0.000000000000000000e+00,0.000000000000000000e+00,9.640286916519939396e-15,0.000000000000000000e+00,0.000000000000000000e+00
-3.604365338911715355e+01,0.000000000000000000e+00,0.000000000000000000e+00,0.000000000000000000e+00,0.000000000000000000e+00,0.000000000000000000e+00,-3.432169450445465983e-14,0.000000000000000000e+00,0.000000000000000000e+00,0.000000000000000000e+00,9.640286916519939396e-15,0.000000000000000000e+00,0.000000000000000000e+00
-3.604365338911715355e+01,0.000000000000000000e+00,0.000000000000000000e+00,0.000000000000000000e+00,0.000000000000000000e+00,0.000000000000000000e+00,-3.432169450445465983e-14,0.000000000000000000e+00,0.000000000000000000e+00,0.000000000000000000e+00,9.640286916519939396e-15,0.000000000000000000e+00,0.000000000000000000e+00
-3.604365338911715355e+01,0.000000000000000000e+00,0.000000000000000000e+00,0.000000000000000000e+00,0.000000000000000000e+00,0.000000000000000000e+00,-3.432169450445465983e-14,0.000000000000000000e+00,0.000000000000000000e+00,0.000000000000000000e+00,9.640286916519939396e-15,0.000000000000000000e+00,0.000000000000000000e+00
-3.604365338911715355e+01,0.000000000000000000e+00,0.000000000000000000e+00,0.000000000000000000e+00,0.000000000000000000e+00,0.000000000000000000e+00,-3.432169450445465983e-14,0.000000000000000000e+00,0.000000000000000000e+00,0.000000000000000000e+00,9.640286916519939396e-15,0.000000000000000000e+00,0.000000000000000000e+00
-3.604365338911715355e+01,0.000000000000000000e+00,0.000000000000000000e+00,0.000000000000000000e+00,0.000000000000000000e+00,0.000000000000000000e+00,-3.432169450445465983e-14,0.000000000000000000e+00,0.000000000000000000e+00,0.000000000000000000e+00,9.640286916519939396e-15,0.000000000000000000e+00,0.000000000000000000e+00
-3.604365338911715355e+01,0.000000000000000000e+00,0.000000000000000000e+00,0.000000000000000000e+00,0.000000000000000000e+00,0.000000000000000000e+00,-3.432169450445465983e-14,0.000000000000000000e+00,0.000000000000000000e+00,0.000000000000000000e+00,9.640286916519939396e-15,0.000000000000000000e+00,0.000000000000000000e+00
-3.604365338911715355e+01,0.000000000000000000e+00,0.000000000000000000e+00,0.000000000000000000e+00,0.000000000000000000e+00,0.000000000000000000e+00,-3.432169450445465983e-14,0.000000000000000000e+00,0.000000000000000000e+00,0.000000000000000000e+00,9.640286916519939396e-15,0.000000000000000000e+00,0.000000000000000000e+00
-3.604365338911715355e+01,0.000000000000000000e+00,0.000000000000000000e+00,0.000000000000000000e+00,0.000000000000000000e+00,0.000000000000000000e+00,-3.432169450445465983e-14,0.000000000000000000e+00,0.000000000000000000e+00,0.000000000000000000e+00,9.640286916519939396e-15,0.000000000000000000e+00,0.000000000000000000e+00
-3.604365338911715355e+01,0.000000000000000000e+00,0.000000000000000000e+00,0.000000000000000000e+00,0.000000000000000000e+00,0.000000000000000000e+00,-3.432169450445465983e-14,0.000000000000000000e+00,0.000000000000000000e+00,0.000000000000000000e+00,9.640286916519939396e-15,0.000000000000000000e+00,0.000000000000000000e+00
-3.604365338911715355e+01,0.000000000000000000e+00,0.000000000000000000e+00,0.000000000000000000e+00,0.000000000000000000e+00,0.000000000000000000e+00,-3.432169450445465983e-14,0.000000000000000000e+00,0.000000000000000000e+00,0.000000000000000000e+00,9.640286916519939396e-15,0.000000000000000000e+00,0.000000000000000000e+00
-3.604365338911715355e+01,0.000000000000000000e+00,0.000000000000000000e+00,0.000000000000000000e+00,0.000000000000000000e+00,0.000000000000000000e+00,-3.432169450445465983e-14,0.000000000000000000e+00,0.000000000000000000e+00,0.000000000000000000e+00,9.640286916519939396e-15,0.000000000000000000e+00,0.000000000000000000e+00
-3.604365338911715355e+01,0.000000000000000000e+00,0.000000000000000000e+00,0.000000000000000000e+00,0.000000000000000000e+00,0.000000000000000000e+00,-3.432169450445465983e-14,0.000000000000000000e+00,0.000000000000000000e+00,0.000000000000000000e+00,9.640286916519939396e-15,0.000000000000000000e+00,0.000000000000000000e+00
-3.604365338911715355e+01,0.000000000000000000e+00,0.000000000000000000e+00,0.000000000000000000e+00,0.000000000000000000e+00,0.000000000000000000e+00,-3.432169450445465983e-14,0.000000000000000000e+00,0.000000000000000000e+00,0.000000000000000000e+00,9.640286916519939396e-15,0.000000000000000000e+00,0.000000000000000000e+00
-3.604365338911715355e+01,0.000000000000000000e+00,0.000000000000000000e+00,0.000000000000000000e+00,0.000000000000000000e+00,0.000000000000000000e+00,-3.432169450445465983e-14,0.000000000000000000e+00,0.000000000000000000e+00,0.000000000000000000e+00,9.640286916519939396e-15,0.000000000000000000e+00,0.000000000000000000e+00
-3.604365338911715355e+01,0.000000000000000000e+00,0.000000000000000000e+00,0.000000000000000000e+00,0.000000000000000000e+00,0.000000000000000000e+00,-3.432169450445465983e-14,0.000000000000000000e+00,0.000000000000000000e+00,0.000000000000000000e+00,9.640286916519939396e-15,0.000000000000000000e+00,0.000000000000000000e+00
-3.604365338911715355e+01,0.000000000000000000e+00,0.000000000000000000e+00,0.000000000000000000e+00,0.000000000000000000e+00,0.000000000000000000e+00,-3.432169450445465983e-14,0.000000000000000000e+00,0.000000000000000000e+00,0.000000000000000000e+00,9.640286916519939396e-15,0.000000000000000000e+00,0.000000000000000000e+00
-3.604365338911715355e+01,0.000000000000000000e+00,0.000000000000000000e+00,0.000000000000000000e+00,0.000000000000000000e+00,0.000000000000000000e+00,-3.432169450445465983e-14,0.000000000000000000e+00,0.000000000000000000e+00,0.000000000000000000e+00,9.640286916519939396e-15,0.000000000000000000e+00,0.000000000000000000e+00
