-3.604365338911715355e+01,0.000000000000000000e+00,0.000000000000000000e+00,0.000000000000000000e+00,0.000000000000000000e+00,0.000000000000000000e+00,-3.432169450445465983e-14,0.000000000000000000e+00,0.000000000000000000e+00,0.000000000000000000e+00,9.640286916519939396e-15,0.000000000000000000e+00,0.000000000000000000e+00
-3.604365338911715355e+01,0.000000000000000000e+00,0.000000000000000000e+00,0.000000000000000000e+00,0.000000000000000000e+00,0.000000000000000000e+00,-3.432169450445465983e-14,0.000000000000000000e+00,0.000000000000000000e+00,0.000000000000000000e+00,9.640286916519939396e-15,0.000000000000000000e+00,0.000000000000000000e+00
-3.604365338911715355e+01,0.000000000000000000e+00,0.000000000000000000e+00,0.000000000000000000e+00,0.000000000000000000e+00,0.000000000000000000e+00,-3.432169450445465983e-14,0.000000000000000000e+00,0.000000000000000000e+00,0.000000000000000000e+00,9.640286916519939396e-15,0.000000000000000000e+00,0.000000000000000000e+00
-2.609675711974368192e-02,-4.250091658151035290e+01,-9.790366853338868580e+00,-1.343095800337643730e+01,-6.960883642502062152e+00,-8.031222187632916842e+00,-4.297623621107987901e+00,-4.180367572012086086e+00,-1.877898162744784827e+00,-3.132803455801610237e+00,-2.105341623726515010e+00,-1.833905247323580179e+00,-1.144239785545399846e+00
6.653379904088290164e-01,-3.887677601572092101e+01,-1.462851965362657936e+01,-1.054789903264214956e+01,-9.977030120917561362e+00,-6.287417966114489332e+00,-6.100041782422654713e+00,-3.308851655253449930e+00,-3.121293266046563986e+00,-2.686260699289817921e+00,-2.580843224403427172e+00,-5.683885030482617173e-01,6.871655199970813088e-01
-2.952818161661053403e-02,-3.540434916174698543e+01,-1.787947181672801733e+01,-5.751665733072359288e+00,-1.395123688808997464e+01,-1.751792794015393229e+00,-9.904579180739411015e+00,7.870214550176044543e-01,-6.266472547842104390e+00,7.200919391278410853e-01,-5.443080607173174990e+00,1.019291722730410577e+00,-3.557260303727910689e+00
-3.604365338911715355e+01,0.000000000000000000e+00,0.000000000000000000e+00,0.000000000000000000e+00,0.000000000000000000e+00,0.000000000000000000e+00,-3.432169450445465983e-14,0.000000000000000000e+00,0.000000000000000000e+00,0.000000000000000000e+00,9.640286916519939396e-15,0.000000000000000000e+00,0.000000000000000000e+00
-2.516617685266591548e-02,-2.784629561105472817e+01,-2.356658312385945919e+01,-5.088149118022644579e+00,-8.897752177581443433e+00,-1.201744363662714576e+01,4.315737483913985706e+00,-1.574392382508802335e+01,1.078404866734670087e+01,-1.526020547878121292e+01,8.290705936785705887e+00,-9.759191882796836026e+00,4.031149244287326461e+00
-3.604365338911715355e+01,0.000000000000000000e+00,0.000000000000000000e+00,0.000000000000000000e+00,0.000000000000000000e+00,0.000000000000000000e+00,-3.432169450445465983e-14,0.000000000000000000e+00,0.000000000000000000e+00,0.000000000000000000e+00,9.640286916519939396e-15,0.000000000000000000e+00,0.000000000000000000e+00
-3.604365338911715355e+01,0.000000000000000000e+00,0.000000000000000000e+00,0.000000000000000000e+00,0.000000000000000000e+00,0.000000000000000000e+00,-3.432169450445465983e-14,0.000000000000000000e+00,0.000000000000000000e+00,0.000000000000000000e+00,9.640286916519939396e-15,0.000000000000000000e+00,0.000000000000000000e+00
-3.604365338911715355e+01,0.000000000000000000e+00,0.000000000000000000e+00,0.000000000000000000e+00,0.000000000000000000e+00,0.000000000000000000e+00,-3.432169450445465983e-14,0.000000000000000000e+00,0.000000000000000000e+00,0.000000000000000000e+00,9.640286916519939396e-15,0.000000000000000000e+00,0.000000000000000000e+00
-3.604365338911715355e+01,0.000000000000000000e+00,0.000000000000000000e+00,0.000000000000000000e+00,0.000000000000000000e+00,0.000000000000000000e+00,-3.432169450445465983e-14,0.000000000000000000e+00,0.000000000000000000e+00,0.000000000000000000e+00,9.640286916519939396e-15,0.000000000000000000e+00,0.000000000000000000e+00
-3.604365338911715355e+01,0.000000000000000000e+00,0.000000000000000000e+00,0.000000000000000000e+00,0.000000000000000000e+00,0.000000000000000000e+00,-3.432169450445465983e-14,0.000000000000000000e+00,0.000000000000000000e+00,0.000000000000000000e+00,9.640286916519939396e-15,0.000000000000000000e+00,0.000000000000000000e+00
-3.604365338911715355e+01,0.000000000000000000e+00,0.000000000000000000e+00,0.000000000000000000e+00,0.000000000000000000e+00,0.000000000000000000e+00,-3.432169450445465983e-14,0.000000000000000000e+00,0.000000000000000000e+00,0.000000000000000000e+00,9.640286916519939396e-15,0.000000000000000000e+00,0.000000000000000000e+00
-3.604365338911715355e+01,0.000000000000000000e+00,0.000000000000000000e+00,0.000000000000000000e+00,0.000000000000000000e+00,0.000000000000000000e+00,-3.432169450445465983e-14,0.000000000000000000e+00,0.000000000000000000e+00,0.000000000000000000e+00,9.640286916519939396e-15,0.000000000000000000e+00,0.000000000000000000e+00
-3.604365338911715355e+01,0.000000000000000000e+00,0.000000000000000000e+00,0.000000000000000000e+00,0.000000000000000000e+00,0.000000000000000000e+00,-3.432169450445465983e-14,0.000000000000000000e+00,0.000000000000000000e+00,0.000000000000000000e+00,9.640286916519939396e-15,0.000000000000000000e+00,0.000000000000000000e+00
-3.604365338911715355e+01,0.000000000000000000e+00,0.000000000000000000e+00,0.000000000000000000e+00,0.000000000000000000e+00,0.000000000000000000e+00,-3.432169450445465983e-14,0.000000000000000000e+00,0.000000000000000000e+00,0.000000000000000000e+00,9.640286916519939396e-15,0.000000000000000000e+00,0.000000000000000000e+00
-3.604365338911715355e+01,0.000000000000000000e+00,0.000000000000000000e+00,0.000000000000000000e+00,0.000000000000000000e+00,0.000000000000000000e+00,-3.432169450445465983e-14,0.000000000000000000e+00,0.000000000000000000e+00,0.000000000000000000e+00,9.640286916519939396e-15,0.000000000000000000e+00,0.000000000000000000e+00
-3.604365338911715355e+01,0.000000000000000000e+00,0.000000000000000000e+00,0.000000000000000000e+00,0.000000000000000000e+00,0.000000000000000000e+00,-3.432169450445465983e-14,0.000000000000000000e+00,0.000000000000000000e+00,0.000000000000000000e+00,9.640286916519939396e-15,0.000000000000000000e+00,0.000000000000000000e+00
2.941611465778539714e+00,-2.666469651411428998e+01,-6.516478845279860543e+00,1.114440647843422916e+01,-2.208786364779219724e+01,5.555261708341725502e+00,1.169978127217934016e+01,-8.231128543663814412e+00,1.466973624407563825e+01,1.998296542591563973e+00,-3.045728111983532926e+01,9.022033756628950130e+00,-3.489048654367216340e+00
3.466835407985585871e+00,-4.419392550395622976e+01,-2.325796751533153284e+01,-9.775332303341683016e+00,-3.444549876897789886e+01,-7.648206925272944545e+00,1.303792688063377447e+00,-2.699850584582614488e+01,1.170592971879277044e+01,7.219575589797166515e+00,-2.276744171817387752e+01,2.148086663487982406e+01,5.279836496646036714e+00
-3.604365338911715355e+01,0.000000000000000000e+00,0.000000000000000000e+00,0.000000000000000000e+00,0.000000000000000000e+00,0.000000000000000000e+00,-3.432169450445465983e-14,0.000000000000000000e+00,0.000000000000000000e+00,0.000000000000000000e+00,9.640286916519939396e-15,0.000000000000000000e+00,0.000000000000000000e+00
-3.604365338911715355e+01,0.000000000000000000e+00,0.000000000000000000e+00,0.000000000000000000e+00,0.000000000000000000e+00,0.000000000000000000e+00,-3.432169450445465983e-14,0.000000000000000000e+00,0.000000000000000000e+00,0.000000000000000000e+00,9.640286916519939396e-15,0.000000000000000000e+00,0.000000000000000000e+00
-3.604365338911715355e+01,0.000000000000000000e+00,0.000000000000000000e+00,0.000000000000000000e+00,0.000000000000000000e+00,0.000000000000000000e+00,-3.432169450445465983e-14,0.000000000000000000e+00,0.000000000000000000e+00,0.000000000000000000e+00,9.640286916519939396e-15,0.000000000000000000e+00,0.000000000000000000e+00
-3.604365338911715355e+01,0.000000000000000000e+00,0.000000000000000000e+00,0.000000000000000000e+00,0.000000000000000000e+00,0.000000000000000000e+00,-3.432169450445465983e-14,0.000000000000000000e+00,0.000000000000000000e+00,0.000000000000000000e+00,9.640286916519939396e-15,0.000000000000000000e+00,0.000000000000000000e+00
-3.604365338911715355e+01,0.000000000000000000e+00,0.000000000000000000e+00,0.000000000000000000e+00,0.000000000000000000e+00,0.000000000000000000e+00,-3.432169450445465983e-14,0.000000000000000000e+00,0.000000000000000000e+00,0.000000000000000000e+00,9.640286916519939396e-15,0.000000000000000000e+00,0.000000000000000000e+00
-3.604365338911715355e+01,0.000000000000000000e+00,0.000000000000000000e+00,0.000000000000000000e+00,0.000000000000000000e+00,0.000000000000000000e+00,-3.432169450445465983e-14,0.000000000000000000e+00,0.000000000000000000e+00,0.000000000000000000e+00,9.640286916519939396e-15,0.000000000000000000e+00,0.000000000000000000e+00
-3.604365338911715355e+01,0.000000000000000000e+00,0.000000000000000000e+00,0.000000000000000000e+00,0.000000000000000000e+00,0.000000000000000000e+00,-3.432169450445465983e-14,0.000000000000000000e+00,0.000000000000000000e+00,0.000000000000000000e+00,9.640286916519939396e-15,0.000000000000000000e+00,0.000000000000000000e+00
-3.604365338911715355e+01,0.000000000000000000e+00,0.000000000000000000e+00,0.000000000000000000e+00,0.000000000000000000e+00,0.000000000000000000e+00,-3.432169450445465983e-14,0.000000000000000000e+00,0.000000000000000000e+00,0.000000000000000000e+00,9.640286916519939396e-15,0.000000000000000000e+00,0.000000000000000000e+00
2.115025560676822458e+00,-2.424799148477077892e+01,5.269301245560876978e+00,9.355535233881262513e+00,2.709553029601279750e+00,-1.691593827849376552e+01,-2.834936164031121475e+00,3.859720974607294242e+00,-3.305342293714889301e+00,-2.735293218203418864e+00,-1.087935146254584673e+01,-1.597234271026398034e+01,-1.525660902959892695e+01
2.613604038552451936e+00,-2.153631477459583365e+01,1.244706405889785428e+00,2.920548498604008891e+00,-5.211014566082790012e+00,-1.242343220156927508e+01,-3.681274485924216577e+00,-7.181948756821049606e+00,-9.509286893668624785e+00,-4.867227979302775509e+00,-6.844745751059138072e+00,-8.633540457084668773e+00,-6.985055375099452846e+00
2.063351682954227773e+00,-1.596028014752210566e+01,-3.185561216187439815e+00,-6.608227727350152847e+00,-1.581973361294196412e+00,3.056511472373813376e+00,-5.411005918820171345e+00,-8.783134775552012385e+00,-1.647517105455552056e+01,-2.608095434349214514e+01,-1.913243655045506131e+01,-1.811047417946029725e+01,-8.245720000138810235e+00
2.650945439315611551e+00,-1.666992677170756210e+01,-2.148146736698627990e+00,-3.338025516409455662e+00,-4.825588691678195374e+00,-1.953951344667022916e+00,-5.223992767382039659e+00,-9.745193446942316484e+00,-7.268762316462516360e+00,-1.145518940789311380e+01,-9.611878875172520154e+00,-1.081828462911614963e+01,-3.290637717877766266e-01
2.277870668642361984e+00,-1.992136213679780710e+01,-8.251580085749274929e+00,-9.829254362581254512e+00,-1.032279880331619459e+01,-6.501561148291856718e+00,-6.560591072515531863e+00,-1.335460148682110137e+01,-9.326143237318579082e+00,-1.691894208613459583e+01,-1.190934099629029319e+01,-5.508289376866046361e+00,8.546509592430687974e+00
-2.764704097844210631e-02,-2.033190405763810205e+01,-1.546950838625761726e+01,-2.241673195738457025e+01,-7.498071120747863416e-01,-2.056230283232279188e+00,-1.639199014578590052e+01,5.158537806389884572e-01,7.654085439296320459e+00,-2.162592791272152937e+01,1.385330095341319101e+01,-7.569644449097523875e+00,-4.408954960780168797e+00
-3.604365338911715355e+01,0.000000000000000000e+00,0.000000000000000000e+00,0.000000000000000000e+00,0.000000000000000000e+00,0.000000000000000000e+00,-3.432169450445465983e-14,0.000000000000000000e+00,0.000000000000000000e+00,0.000000000000000000e+00,9.640286916519939396e-15,0.000000000000000000e+00,0.000000000000000000e+00
-3.604365338911715355e+01,0.000000000000000000e+00,0.000000000000000000e+00,0.000000000000000000e+00,0.000000000000000000e+00,0.000000000000000000e+00,-3.432169450445465983e-14,0.000000000000000000e+00,0.000000000000000000e+00,0.000000000000000000e+00,9.640286916519939396e-15,0.000000000000000000e+00,0.000000000000000000e+00
-3.604365338911715355e+01,0.000000000000000000e+00,0.000000000000000000e+00,0.000000000000000000e+00,0.000000000000000000e+00,0.000000000000000000e+00,-3.432169450445465983e-14,0.000000000000000000e+00,0.000000000000000000e+00,0.000000000000000000e+00,9.640286916519939396e-15,0.000000000000000000e+00,0.000000000000000000e+00
-3.604365338911715355e+01,0.000000000000000000e+00,0.000000000000000000e+00,0.000000000000000000e+00,0.000000000000000000e+00,0.000000000000000000e+00,-3.432169450445465983e-14,0.000000000000000000e+00,0.000000000000000000e+00,0.000000000000000000e+00,9.640286916519939396e-15,0.000000000000000000e+00,0.000000000000000000e+00
-3.604365338911715355e+01,0.000000000000000000e+00,0.000000000000000000e+00,0.000000000000000000e+00,0.000000000000000000e+00,0.000000000000000000e+00,-3.432169450445465983e-14,0.000000000000000000e+00,0.000000000000000000e+00,0.000000000000000000e+00,9.640286916519939396e-15,0.000000000000000000e+00,0.000000000000000000e+00
-3.604365338911715355e+01,0.000000000000000000e+00,0.000000000000000000e+00,0.000000000000000000e+00,0.000000000000000000e+00,0.000000000000000000e+00,-3.432169450445465983e-14,0.000000000000000000e+00,0.000000000000000000e+00,0.000000000000000000e+00,9.640286916519939396e-15,0.000000000000000000e+00,0.000000000000000000e+00
-3.604365338911715355e+01,0.000000000000000000e+00,0.000000000000000000e+00,0.000000000000000000e+00,0.000000000000000000e+00,0.000000000000000000e+00,-3.432169450445465983e-14,0.000000000000000000e+00,0.000000000000000000e+00,0.000000000000000000e+00,9.640286916519939396e-15,0.000000000000000000e+00,0.000000000000000000e+00
-3.604365338911715355e+01,0.000000000000000000e+00,0.000000000000000000e+00,0.000000000000000000e+00,0.000000000000000000e+00,0.000000000000000000e+00,-3.432169450445465983e-14,0.000000000000000000e+00,0.000000000000000000e+00,0.000000000000000000e+00,9.640286916519939396e-15,0.000000000000000000e+00,0.000000000000000000e+00
-3.604365338911715355e+01,0.000000000000000000e+00,0.000000000000000000e+00,0.000000000000000000e+00,0.000000000000000000e+00,0.000000000000000000e+00,-3.432169450445465983e-14,0.000000000000000000e+00,0.000000000000000000e+00,0.000000000000000000e+00,9.640286916519939396e-15,0.000000000000000000e+00,0.000000000000000000e+00
-3.604365338911715355e+01,0.000000000000000000e+00,0.000000000000000000e+00,0.000000000000000000e+00,0.000000000000000000e+00,0.000000000000000000e+00,-3.432169450445465983e-14,0.000000000000000000e+00,0.000000000000000000e+00,0.000000000000000000e+00,9.640286916519939396e-15,0.000000000000000000e+00,0.000000000000000000e+00
-3.604365338911715355e+01,0.000000000000000000e+00,0.000000000000000000e+00,0.000000000000000000e+00,0.000000000000000000e+00,0.000000000000000000e+00,-3.432169450445465983e-14,0.000000000000000000e+00,0.000000000000000000e+00,0.000000000000000000e+00,9.640286916519939396e-15,0.000000000000000000e+00,0.000000000000000000e+00
-3.604365338911715355e+01,0.000000000000000000e+00,0.000000000000000000e+00,0.000000000000000000e+00,0.000000000000000000e+00,0.000000000000000000e+00,-3.432169450445465983e-14,0.000000000000000000e+00,0.000000000000000000e+00,0.000000000000000000e+00,9.640286916519939396e-15,0.000000000000000000e+00,0.000000000000000000e+00
-3.604365338911715355e+01,0.000000000000000000e+00,0.000000000000000000e+00,0.000000000000000000e+00,0.000000000000000000e+00,0.000000000000000000e+00,-3.432169450445465983e-14,0.000000000000000000e+00,0.000000000000000000e+00,0.000000000000000000e+00,9.640286916519939396e-15,0.000000000000000000e+00,0.000000000000000000e+00
-3.604365338911715355e+01,0.000000000000000000e+00,0.000000000000000000e+00,0.000000000000000000e+00,0.000000000000000000e+00,0.000000000000000000e+00,-3.432169450445465983e-14,0.000000000000000000e+00,0.000000000000000000e+00,0.000000000000000000e+00,9.640286916519939396e-15,0.000000000000000000e+00,0.000000000000000000e+00
-3.604365338911715355e+01,0.000000000000000000e+00,0.000000000000000000e+00,0.000000000000000000e+00,0.000000000000000000e+00,0.000000000000000000e+00,-3.432169450445465983e-14,0.000000000000000000e+00,0.000000000000000000e+00,0.000000000000000000e+00,9.640286916519939396e-15,0.000000000000000000e+00,0.000000000000000000e+00
-3.604365338911715355e+01,0.000000000000000000e+00,0.000000000000000000e+00,0.000000000000000000e+00,0.000000000000000000e+00,0.000000000000000000e+00,-3.432169450445465983e-14,0.000000000000000000e+00,0.000000000000000000e+00,0.000000000000000000e+00,9.640286916519939396e-15,0.000000000000000000e+00,0.000000000000000000e+00
-3.604365338911715355e+01,0.000000000000000000e+00,0.000000000000000000e+00,0.000000000000000000e+00,0.000000000000000000e+00,0.000000000000000000e+00,-3.432169450445465983e-14,0.000000000000000000e+00,0.000000000000000000e+00,0.000000000000000000e+00,9.640286916519939396e-15,0.000000000000000000e+00,0.000000000000000000e+00
-3.604365338911715355e+01,0.000000000000000000e+00,0.000000000000000000e+00,0.000000000000000000e+00,0.000000000000000000e+00,0.000000000000000000e+00,-3.432169450445465983e-14,0.000000000000000000e+00,0.000000000000000000e+00,0.000000000000000000e+00,9.640286916519939396e-15,0.000000000000000000e+00,0.000000000000000000e+00
-3.604365338911715355e+01,0.000000000000000000e+00,0.000000000000000000e+00,0.000000000000000000e+00,0.000000000000000000e+00,0.000000000000000000e+00,-3.432169450445465983e-14,0.000000000000000000e+00,0.000000000000000000e+00,0.000000000000000000e+00,9.640286916519939396e-15,0.000000000000000000e+00,0.000000000000000000e+00
-3.604365338911715355e+01,0.000000000000000000e+00,0.000000000000000000e+00,0.000000000000000000e+00,0.000000000000000000e+00,0.000000000000000000e+00,-3.432169450445465983e-14,0.000000000000000000e+00,0.000000000000000000e+00,0.000000000000000000e+00,9.640286916519939396e-15,0.000000000000000000e+00,0.000000000000000000e+00
1.075236637279564311e+00,-2.713976962631601708e+01,-2.070333868303752567e+01,-1.570259229497038689e+01,-8.559833867818175790e+00,-6.954836418151175259e+00,-1.330512196410652948e+01,3.309732915564103983e+00,-8.295706678073949902e+00,-1.274135184591889347e+00,-8.338169377541826410e-01,-4.591111867468065988e+00,2.726955496084912056e+00
1.075236637279564089e+00,-2.663026998262390066e+01,-1.994659928603935839e+01,-1.479871121161960090e+01,-7.639601453358926264e+00,-6.185638269206010342e+00,-1.285014043281326579e+01,3.331747559432577610e+00,-8.743464410000553855e+00,-2.100012076037085951e+00,-2.078989249044873144e+00,-6.204271952857496331e+00,9.027212436023702713e-01
6.653379904088289054e-01,-3.940609244362192243e+01,-1.567876635454352829e+01,-1.228083841773430329e+01,-1.242099890837875620e+01,-9.326955732251949627e+00,-9.582748057434873346e+00,-7.138815219876756046e+00,-7.172888868267000895e+00,-6.832466672884042858e+00,-6.932987968933474576e+00,-5.586063331042060653e+00,-5.565894366450264030e+00
-3.604365338911715355e+01,0.000000000000000000e+00,0.000000000000000000e+00,0.000000000000000000e+00,0.000000000000000000e+00,0.000000000000000000e+00,-3.432169450445465983e-14,0.000000000000000000e+00,0.000000000000000000e+00,0.000000000000000000e+00,9.640286916519939396e-15,0.000000000000000000e+00,0.000000000000000000e+00
1.762397235556268260e+00,-3.456469815244739152e+01,-1.916390832713184622e+01,-8.058761799113600688e+00,-8.947930595436631052e+00,3.491735527572041864e+00,-7.011898605875720447e-01,1.478648615087274409e+00,-5.494064600893906913e+00,1.011727998846289012e+01,5.303685134358508080e+00,7.706073471588533508e+00,1.000483878631949652e+00
2.804435335606107582e+00,-3.085024139552271549e+01,-1.695252976529464206e+01,-8.908745179252745672e+00,-6.314876217109451240e+00,-6.263219258632501507e+00,-1.467876579994619846e+01,-2.222428006634585529e+01,-1.874071980237769353e+01,2.686289344389822364e+00,6.892148926684568799e+00,2.485316733807257261e+00,7.108679680564046199e-01
2.863083281677963221e+00,-2.833853449526285573e+01,-2.033600654182317058e+01,-1.830809552520307193e+01,-1.088564218266667538e+01,-1.156319039760065159e+01,-1.865005102674289716e+01,-2.432064647778448929e+01,-1.841510238521455634e+01,-5.164361640746913729e+00,7.358309517116966347e+00,3.084602821354865299e+00,1.822837993811729840e+00
2.110376752312146831e+00,-2.286926584430343823e+01,-1.318006919561178947e+01,-7.494981124172924503e+00,2.577542419589592182e+00,-9.891783225530165202e-02,-4.122330831949160057e+00,-1.466979111675284031e+01,-1.275842504503339292e+01,-9.746001621169080309e+00,3.913403770184221919e+00,-1.184515521033836016e+01,-7.860081774790891096e+00
-3.604365338911715355e+01,0.000000000000000000e+00,0.000000000000000000e+00,0.000000000000000000e+00,0.000000000000000000e+00,0.000000000000000000e+00,-3.432169450445465983e-14,0.000000000000000000e+00,0.000000000000000000e+00,0.000000000000000000e+00,9.640286916519939396e-15,0.000000000000000000e+00,0.000000000000000000e+00
-3.604365338911715355e+01,0.000000000000000000e+00,0.000000000000000000e+00,0.000000000000000000e+00,0.000000000000000000e+00,0.000000000000000000e+00,-3.432169450445465983e-14,0.000000000000000000e+00,0.000000000000000000e+00,0.000000000000000000e+00,9.640286916519939396e-15,0.000000000000000000e+00,0.000000000000000000e+00
-3.604365338911715355e+01,0.000000000000000000e+00,0.000000000000000000e+00,0.000000000000000000e+00,0.000000000000000000e+00,0.000000000000000000e+00,-3.432169450445465983e-14,0.000000000000000000e+00,0.000000000000000000e+00,0.000000000000000000e+00,9.640286916519939396e-15,0.000000000000000000e+00,0.000000000000000000e+00
-3.604365338911715355e+01,0.000000000000000000e+00,0.000000000000000000e+00,0.000000000000000000e+00,0.000000000000000000e+00,0.000000000000000000e+00,-3.432169450445465983e-14,0.000000000000000000e+00,0.000000000000000000e+00,0.000000000000000000e+00,9.640286916519939396e-15,0.000000000000000000e+00,0.000000000000000000e+00
-3.604365338911715355e+01,0.000000000000000000e+00,0.000000000000000000e+00,0.000000000000000000e+00,0.000000000000000000e+00,0.000000000000000000e+00,-3.432169450445465983e-14,0.000000000000000000e+00,0.000000000000000000e+00,0.000000000000000000e+00,9.640286916519939396e-15,0.000000000000000000e+00,0.000000000000000000e+00
-3.604365338911715355e+01,0.000000000000000000e+00,0.000000000000000000e+00,0.000000000000000000e+00,0.000000000000000000e+00,0.000000000000000000e+00,-3.432169450445465983e-14,0.000000000000000000e+00,0.000000000000000000e+00,0.000000000000000000e+00,9.640286916519939396e-15,0.000000000000000000e+00,0.000000000000000000e+00
-3.604365338911715355e+01,0.000000000000000000e+00,0.000000000000000000e+00,0.000000000000000000e+00,0.000000000000000000e+00,0.000000000000000000e+00,-3.432169450445465983e-14,0.000000000000000000e+00,0.000000000000000000e+00,0.000000000000000000e+00,9.640286916519939396e-15,0.000000000000000000e+00,0.000000000000000000e+00
-3.604365338911715355e+01,0.000000000000000000e+00,0.000000000000000000e+00,0.000000000000000000e+00,0.000000000000000000e+00,0.000000000000000000e+00,-3.432169450445465983e-14,0.000000000000000000e+00,0.000000000000000000e+00,0.000000000000000000e+00,9.640286916519939396e-15,0.000000000000000000e+00,0.000000000000000000e+00
-3.604365338911715355e+01,0.000000000000000000e+00,0.000000000000000000e+00,0.000000000000000000e+00,0.000000000000000000e+00,0.000000000000000000e+00,-3.432169450445465983e-14,0.000000000000000000e+00,0.000000000000000000e+00,0.000000000000000000e+00,9.640286916519939396e-15,0.000000000000000000e+00,0.000000000000000000e+00
-3.604365338911715355e+01,0.000000000000000000e+00,0.000000000000000000e+00,0.000000000000000000e+00,0.000000000000000000e+00,0.000000000000000000e+00,-3.432169450445465983e-14,0.000000000000000000e+00,0.000000000000000000e+00,0.000000000000000000e+00,9.640286916519939396e-15,0.000000000000000000e+00,0.000000000000000000e+00
-3.604365338911715355e+01,0.000000000000000000e+00,0.000000000000000000e+00,0.000000000000000000e+00,0.000000000000000000e+00,0.000000000000000000e+00,-3.432169450445465983e-14,0.000000000000000000e+00,0.000000000000000000e+00,0.000000000000000000e+00,9.640286916519939396e-15,0.000000000000000000e+00,0.000000000000000000e+00
-3.604365338911715355e+01,0.000000000000000000e+00,0.000000000000000000e+00,0.000000000000000000e+00,0.000000000000000000e+00,0.000000000000000000e+00,-3.432169450445465983e-14,0.000000000000000000e+00,0.000000000000000000e+00,0.000000000000000000e+00,9.640286916519939396e-15,0.000000000000000000e+00,0.000000000000000000e+00
-3.604365338911715355e+01,0.000000000000000000e+00,0.000000000000000000e+00,0.000000000000000000e+00,0.000000000000000000e+00,0.000000000000000000e+00,-3.432169450445465983e-14,0.000000000000000000e+00,0.000000000000000000e+00,0.000000000000000000e+00,9.640286916519939396e-15,0.000000000000000000e+00,0.000000000000000000e+00
-3.604365338911715355e+01,0.000000000000000000e+00,0.000000000000000000e+00,0.000000000000000000e+00,0.000000000000000000e+00,0.000000000000000000e+00,-3.432169450445465983e-14,0.000000000000000000e+00,0.000000000000000000e+00,0.000000000000000000e+00,9.640286916519939396e-15,0.000000000000000000e+00,0.000000000000000000e+00
-3.604365338911715355e+01,0.000000000000000000e+00,0.000000000000000000e+00,0.000000000000000000e+00,0.000000000000000000e+00,0.000000000000000000e+00,-3.432169450445465983e-14,0.000000000000000000e+00,0.000000000000000000e+00,0.000000000000000000e+00,9.640286916519939396e-15,0.000000000000000000e+00,0.000000000000000000e+00
-3.604365338911715355e+01,0.000000000000000000e+00,0.000000000000000000e+00,0.000000000000000000e+00,0.000000000000000000e+00,0.000000000000000000e+00,-3.432169450445465983e-14,0.000000000000000000e+00,0.000000000000000000e+00,0.000000000000000000e+00,9.640286916519939396e-15,0.000000000000000000e+00,0.000000000000000000e+00
-3.604365338911715355e+01,0.000000000000000000e+00,0.000000000000000000e+00,0.000000000000000000e+00,0.000000000000000000e+00,0.000000000000000000e+00,-3.432169450445465983e-14,0.000000000000000000e+00,0.000000000000000000e+00,0.000000000000000000e+00,9.640286916519939396e-15,0.000000000000000000e+00,0.000000000000000000e+00
-3.604365338911715355e+01,0.000000000000000000e+00,0.000000000000000000e+00,0.000000000000000000e+00,0.000000000000000000e+00,0.000000000000000000e+00,-3.432169450445465983e-14,0.000000000000000000e+00,0.000000000000000000e+00,0.000000000000000000e+00,9.640286916519939396e-15,0.000000000000000000e+00,0.000000000000000000e+00
-3.604365338911715355e+01,0.000000000000000000e+00,0.000000000000000000e+00,0.000000000000000000e+00,0.000000000000000000e+00,0.000000000000000000e+00,-3.432169450445465983e-14,0.000000000000000000e+00,0.000000000000000000e+00,0.000000000000000000e+00,9.640286916519939396e-15,0.000000000000000000e+00,0.000000000000000000e+00
-3.604365338911715355e+01,0.000000000000000000e+00,0.000000000000000000e+00,0.000000000000000000e+00,0.000000000000000000e+00,0.000000000000000000e+00,-3.432169450445465983e-14,0.000000000000000000e+00,0.000000000000000000e+00,0.000000000000000000e+00,9.640286916519939396e-15,0.000000000000000000e+00,0.000000000000000000e+00
-3.604365338911715355e+01,0.000000000000000000e+00,0.000000000000000000e+00,0.000000000000000000e+00,0.000000000000000000e+00,0.000000000000000000e+00,-3.432169450445465983e-14,0.000000000000000000e+00,0.000000000000000000e+00,0.000000000000000000e+00,9.640286916519939396e-15,0.000000000000000000e+00,0.000000000000000000e+00
-3.604365338911715355e+01,0.000000000000000000e+00,0.000000000000000000e+00,0.000000000000000000e+00,0.000000000000000000e+00,0.000000000000000000e+00,-3.432169450445465983e-14,0.000000000000000000e+00,0.000000000000000000e+00,0.000000000000000000e+00,9.640286916519939396e-15,0.000000000000000000e+00,0.000000000000000000e+00
-3.604365338911715355e+01,0.000000000000000000e+00,0.000000000000000000e+00,0.000000000000000000e+00,0.000000000000000000e+00,0.000000000000000000e+00,-3.432169450445465983e-14,0.000000000000000000e+00,0.000000000000000000e+00,0.000000000000000000e+00,9.640286916519939396e-15,0.000000000000000000e+00,0.000000000000000000e+00
-3.604365338911715355e+01,0.000000000000000000e+00,0.000000000000000000e+00,0.000000000000000000e+00,0.000000000000000000e+00,0.000000000000000000e+00,-3.432169450445465983e-14,0.000000000000000000e+00,0.000000000000000000e+00,0.000000000000000000e+00,9.640286916519939396e-15,0.000000000000000000e+00,0.000000000000000000e+00
-3.604365338911715355e+01,0.000000000000000000e+00,0.000000000000000000e+00,0.000000000000000000e+00,0.000000000000000000e+00,0.000000000000000000e+00,-3.432169450445465983e-14,0.000000000000000000e+00,0.000000000000000000e+00,0.000000000000000000e+00,9.640286916519939396e-15,0.000000000000000000e+00,0.000000000000000000e+00
-3.604365338911715355e+01,0.000000000000000000e+00,0.000000000000000000e+00,0.000000000000000000e+00,0.000000000000000000e+00,0.000000000000000000e+00,-3.432169450445465983e-14,0.000000000000000000e+00,0.000000000000000000e+00,0.000000000000000000e+00,9.640286916519939396e-15,0.000000000000000000e+00,0.000000000000000000e+00
-3.604365338911715355e+01,0.000000000000000000e+00,0.000000000000000000e+00,0.000000000000000000e+00,0.000000000000000000e+00,0.000000000000000000e+00,-3.432169450445465983e-14,0.000000000000000000e+00,0.000000000000000000e+00,0.000000000000000000e+00,9.640286916519939396e-15,0.000000000000000000e+00,0.000000000000000000e+00
-3.604365338911715355e+01,0.000000000000000000e+00,0.000000000000000000e+00,0.000000000000000000e+00,0.000000000000000000e+00,0.000000000000000000e+00,-3.432169450445465983e-14,0.000000000000000000e+00,0.000000000000000000e+00,0.000000000000000000e+00,9.640286916519939396e-15,0.000000000000000000e+00,0.000000000000000000e+00
3.083422631409714842e+00,-1.620954571930241883e+01,8.697235717528602805e+00,-1.304876432822235310e+00,-1.597198606284405820e+01,-2.702641058829363274e+01,-3.163078127471827727e+01,-2.849419283917575640e+01,-2.260921003895965598e+01,-3.170976906273960338e+00,6.749847123683736960e+00,-6.609153423870960609e+00,-7.225343376716258703e+00
7.150046543734726257e+00,1.192096665891924800e+01,8.273835392341036155e+00,-4.411481399754246246e-01,-4.509618896093837037e+00,-1.037589167649458410e+01,-1.313373126187745221e+01,-4.441823732486123610e+00,-1.069937031825778373e+00,-2.798177146072795551e+00,-2.404331446693340979e+00,6.058786711821866344e-01,2.464167302572392304e-01
1.383378539423549114e+01,2.723198010651139356e+01,1.706138986905622446e+01,1.221007329678425180e+01,7.875587595390665996e+00,3.006606112625233251e+00,-2.448546420320070638e+00,-9.235408116719984406e+00,-1.047534751218150362e+01,-7.222583919381816209e+00,-5.611116425250129325e+00,-1.029215335977768575e+01,-1.202511120170556680e+01
1.503947669162408474e+01,3.880022736414727547e+01,1.903157733498271753e+01,1.730443448945079865e+01,1.223945431551335616e+01,-5.906711446832354717e+00,-1.148888367557367829e+01,-1.189770233533893062e+01,-1.135877206764605418e+01,-1.161988510475687519e+01,-1.187025946058956904e+01,-5.157781660714327643e+00,2.483622736313727764e+00
1.550076129038211548e+01,2.522889215531158413e+01,1.205248822020850596e+01,9.565429923037070736e+00,5.356030841923898222e+00,-9.280142329280055336e+00,-1.825382906871867661e+01,-1.221173690516463317e+01,-3.015048542121778752e+00,-1.008844109601310990e+01,-1.881876678819838489e+01,-1.175528643201769619e+01,-4.456709247268235141e-01
1.577867540477640951e+01,2.677745354665145427e+01,9.065520483824567322e+00,1.618487172661972728e+00,1.369714328648308221e+00,-9.165501977969800151e+00,-2.387917182465064059e+01,-2.368817138065355721e+01,-1.045309223428518841e+01,-9.720989180666430585e+00,-1.976272141321678788e+01,-1.830626808418418250e+01,-4.690458712520614526e+00
1.597774386631971844e+01,2.407377172266702203e+01,4.524239914232834892e+00,1.007112955259804998e+01,1.640303051147858682e+01,2.232724363166720405e+00,-2.107628082307131479e+01,-2.787666867390237968e+01,-1.698883408551132845e+01,-1.184151559461042424e+01,-7.203655199043361712e+00,2.428917694715685638e+00,4.194841198959337270e+00
1.773359085828413839e+01,1.005669122065363830e+01,-1.209744510148837016e+01,-1.112982358622462442e+01,-8.841698632003378577e+00,-1.170826026808610010e+01,-1.150470679199279012e+01,-1.148307145264638152e+01,-1.092508845252974936e+01,-1.510673692146826319e+01,-1.315886581180108372e+01,-1.250592753906931254e+00,2.168189457849420521e+00
1.992465670199771921e+01,3.956508460269220961e+01,-3.499368333211943849e+01,-6.390966642253386176e+00,-1.703739872718619353e+01,-1.802380163059348916e+01,-1.160886861417072957e+01,-2.012657104654483220e+01,-1.071551702180979060e+00,1.615185821559882839e+01,2.256979486405182911e+01,1.013252102667057564e+01,-7.930084401940038497e+00
2.045995646302991133e+01,3.555203618211326955e+01,-3.786166905960462969e+01,-1.262818955310316049e+01,-1.804838310790671230e+01,-2.471120927691537261e+01,-3.237250273212588958e+00,-1.042205243985030627e+01,4.567034792426752254e+00,2.822704819581778679e+01,1.536991832112731160e+01,-6.388258747666421655e+00,-1.556621795437940037e+01
2.043865804251995755e+01,2.041846345459464729e+01,-2.939094694853756451e+01,-1.768656211620369589e+01,-1.448666708833077976e+01,-2.819646404363549763e+01,-1.600534325910827604e+01,-1.637345645287958007e+01,3.904467633505441237e-01,3.177496337689485628e+01,1.686618377070400143e+01,-1.382146648263643840e+01,-1.646585874497984392e+01
2.048816737631460327e+01,3.454209718093598269e+01,-4.666979086742050242e+01,7.658068040618742911e-01,-1.502837008873625635e+01,-2.175855792060188776e+01,-4.444057154329486004e+00,-1.348437004622812019e+01,1.647062847932285123e+01,3.620125987168570703e+01,1.648824923649685559e+01,-1.378148597566969613e+01,-1.275351160747028700e+01
2.057511628794992120e+01,2.828253821730438489e+01,-4.987643306943336796e+01,-3.133397260362864145e+00,-1.594247787313246967e+01,-3.284451423626813238e+01,-6.603762989753323431e+00,-2.101491672930762533e+01,6.040898997151452399e+00,2.736267513478650315e+01,9.442713622600487966e+00,-1.291226911289810531e+01,-1.030025885923301310e+01
2.062615496823118733e+01,1.735528156692903323e+01,-4.830627310104266314e+01,-2.113582658619893806e+01,-2.278218441746611234e+01,-4.003050658160584874e+01,-1.711836814729663558e+01,-2.024577789857441346e+01,-4.162814998102394526e+00,2.304072591684329652e+01,5.900836236099732623e+00,-2.047576119509746562e+01,-1.359969909801889010e+01
2.039366905063765145e+01,2.134636541179227720e+01,-4.433345348024645460e+01,-1.643968447701195856e+01,-1.140065488020392159e+01,-2.766910808238539232e+01,-1.083557188994053533e+01,-1.849018766350662091e+01,3.681066480298576526e-01,3.554204248947579714e+01,1.725517564329274123e+01,-1.070063308353818954e+01,-5.276991819018599372e+00
2.035895319850435214e+01,1.376081290480101771e+01,-3.591127338283052950e+01,-2.107232604330541292e+01,-5.481698886204052990e+00,-1.711789145853703786e+01,-2.059813968297742193e+01,-2.520697822177168135e+01,-6.842265390317477269e+00,2.418251687158302943e+01,1.807577572258869125e+01,-8.402190163470230289e+00,-7.569106158845061216e+00
2.021131809147155778e+01,2.343971804802595216e+01,-2.953250796279731816e+01,-7.620309726630750902e+00,5.068536697393279056e+00,-7.994708345247210524e+00,-1.517600943593770069e+01,-2.522223089514812600e+01,-4.564014685756006884e+00,2.417637700423648539e+01,1.442767887973029772e+01,-2.378129771415619764e+00,-2.110372018678757122e+00
1.999132673726232667e+01,2.046698094811115709e+01,-2.512817538949254725e+01,-1.931166543116642842e+01,-4.950792422545232441e+00,-1.333129587033050889e+01,-1.969873508584878508e+01,-2.281790702065510601e+01,1.224834491965641980e+00,3.275507052151952792e+01,2.211312732160344297e+01,-3.067693476500581884e+00,-1.878585919162545137e+00
2.014363136694900902e+01,1.051729277462350431e+01,-2.300850605741923971e+01,-2.277224681030016740e+01,-1.401008714407430666e+01,-1.861839310933360991e+01,-3.191929566971500876e+01,-3.610414556737089242e+01,-5.148779930109492753e+00,2.669914798312386850e+01,1.858827336158931942e+01,-6.355443350707210115e+00,-1.167273732880550874e+01
2.025186893959081402e+01,2.124913399038510775e+01,-1.711095327003209832e+01,-1.335603332279259625e+01,-1.359692954379072205e+01,-1.482503105024667356e+01,-1.336099874787315400e+01,-2.844901708361895132e+01,-1.940369782162002288e+00,3.562057502229504280e+01,2.192665565332996280e+01,-6.635199127534083807e+00,-1.117068853732322609e+01
2.005532203050226414e+01,3.207647204157288456e+01,-2.254748616500977931e+01,1.237430475498793925e+00,-2.023671055990693191e+01,-1.898062652110959547e+01,-9.358709340987390490e+00,-4.153779052980113562e+01,-3.205015804858810213e+00,4.071897129426162820e+01,2.786095121749082182e+01,3.652731229932535406e+00,-7.954682540965945847e+00
1.892320649287577794e+01,2.934158072780536486e+01,-1.784733578680948440e+01,-2.607151701361408946e+00,-2.052803545097139448e+01,-2.191629583521826419e+01,-9.853145384531439177e+00,-4.255151817833552030e+01,-1.046647697776394281e+01,3.877593313346953607e+01,2.939699166338688840e+01,1.139179680115868010e+00,-7.434478230576783808e+00
1.619951649280642059e+01,1.846246527179113173e+01,-1.863681900005545700e+01,-5.085509092596078418e+00,-1.998751785241861967e+01,-2.790080007381371630e+01,-1.946125859202584962e+01,-4.289091830035857100e+01,-1.660555473439426422e+01,1.946051792560243854e+01,-8.474581756735609650e-01,-1.819482454307931363e+01,-1.219071098385464857e+01
1.472724672637780330e+01,2.457447112008685153e+01,-1.732855090766746287e+01,1.800461732788076930e+01,-6.496392909493883927e+00,-1.681981767373421421e+00,-9.316350156246640424e+00,-6.451085030347941540e+01,-1.783040842514023439e+01,1.954927883206813277e+01,1.215073479349872976e+01,-2.367888265105880130e+00,-1.407629907526306745e+01
1.440315962174180697e+01,2.387085116733735290e+01,-1.080569298860826954e+01,-3.358195804867646128e+00,-9.196160672079562559e+00,9.424361023485084976e-01,-8.855008278363452945e+00,-4.787168653793874284e+01,-2.083500011273929431e+01,1.545641013599464930e+00,-1.238190315687076826e+01,-1.374978721961153738e+01,-1.546722081953597083e+01
1.433909631426057985e+01,2.468597143170890362e+01,-7.377166215380023928e+00,4.206680358579174772e+00,3.084277822970399097e+00,4.317796402729298322e+00,-6.069375120451841354e+00,-4.293174763652716308e+01,-1.874590053206356544e+01,1.175753346835054280e+01,1.365048662826675585e+00,-1.451816484725901191e+01,-1.930147003083601476e+01
1.442535520902220902e+01,2.824319324126241071e+01,-1.705500677577768798e+01,2.552188149061101807e+00,-1.484823475394101955e+01,-9.028611367996248305e+00,-1.313323768220589294e+01,-5.673925954779097225e+01,-2.233672692200827825e+01,5.998405778075853512e+00,3.788133124996209133e+00,-9.786967446377596858e+00,-2.381223643513971311e+01
1.513778651197134195e+01,7.509137303903607119e+00,-1.380200190072911504e+01,2.331581195870164436e+01,-1.286675574036860148e+01,5.271474979785719661e+00,-5.448480175324787567e+00,-4.619823609422806499e+01,-9.976179315326231034e+00,-5.455768591806936518e-01,1.300903314697187163e+01,-2.968017504868107892e-01,-2.103409816781914543e+01
1.626116712947422371e+01,1.138476409038735859e+01,-2.172575086358974872e+01,1.090839185743638673e+01,-2.309285432622873913e+01,-8.530635605536605937e+00,-1.235981255982073002e+01,-5.478157875510256503e+01,-8.335042304879062058e+00,1.568172838456063589e+00,2.400459635058119101e+00,-3.860571989819222338e+00,-1.926541992371914702e+01
1.849284126136476658e+01,1.318348700968156884e+01,-2.166885794712757374e+01,-1.858929295266852133e+00,-1.851241080190615662e+01,-2.875367188837095966e+01,-2.659289994891129894e+01,-5.416696700378808060e+01,-2.534713840556276310e+01,1.677874264274660732e+01,1.251594060516181628e+01,2.913027442721844995e+00,-1.931138989763689695e+00
1.970489388064969205e+01,2.237680197831686613e+01,-3.166938638465101974e+01,6.019921924980454087e+00,-3.765105799479358861e+00,-2.976787002554807415e+01,-2.476225380194250292e+01,-5.152137178066746515e+01,-2.009426081455353597e+01,3.233650865508891314e+01,2.491751594545693749e+01,4.007021968252261424e+00,-4.518908861577602742e+00
1.966892454791071998e+01,2.474163354039812290e+01,-2.873363779294501441e+01,8.391323913227789477e-01,-7.402687026523623537e+00,-3.000375739461624747e+01,-2.454962494994352795e+01,-4.043231306070794773e+01,-1.664452495613476657e+01,2.921849553473550287e+01,2.682923345466826959e+01,-1.620037142125931862e+00,-7.227157710351741038e+00
1.980862909030422259e+01,1.721476211824626290e+01,-3.096120990500355319e+01,-4.398845093637770987e+00,-1.623929972265688804e+01,-4.755088235748367964e+01,-3.161438477599703845e+01,-3.642643962670044289e+01,-1.983647963033641659e+01,2.543526415787652795e+01,2.072274626257427244e+01,-5.590348576951605253e+00,-2.340020911065993747e+00
2.028874579540696033e+01,1.678499514708427753e+01,-3.154635050676958841e+01,-7.497110923323646148e+00,-1.122454011523209161e+01,-4.209714309493779183e+01,-2.049889163312892748e+01,-1.980095513810336172e+01,-7.967027165736169536e+00,3.704541186434954625e+01,2.206796188000982895e+01,-6.658186325185490695e+00,3.979348350536786150e+00
2.035954897310432798e+01,3.966279601721176107e+01,-3.924103364634852653e+01,1.523690505925048555e+01,-6.485906383294887334e+00,-3.571641810976915110e+01,-1.581364304925589970e+01,-2.356896681558554363e+01,-4.396842806820734140e+00,4.116161230852841868e+01,2.517803927077257953e+01,-1.296697110503341221e+01,-2.035873990909502051e+00
1.999678718851383508e+01,2.211389247677517744e+01,-1.765274996495894655e+01,-2.367286650078890275e+00,-1.479377076815119274e+01,-3.089600343022946305e+01,-1.224258632877300457e+01,-2.492182040315762848e+01,-1.451239877280292312e+01,3.619124996041561815e+01,2.706998413661882807e+01,-1.275206137777402837e+01,-4.139425783472538534e+00
1.911789122273872721e+01,1.818058897215028580e+01,-2.011198403236567245e+01,-6.046922212069086200e+00,-1.242875989652810098e+01,-3.477734031773555756e+01,-1.667418879566529810e+01,-2.043269190246381228e+01,-1.124335283366008653e+01,2.867358060724791002e+01,2.107430611170918766e+01,-3.419708841163375368e+00,1.368613156980728718e+00
1.801249255885123191e+01,1.264452452022991480e+01,-2.760501245607294862e+01,-7.835293865405518865e+00,-2.574719131726680743e+01,-4.106876984457871060e+01,-2.580340786749660253e+01,-4.865178819840595281e+01,-2.962868252560324578e+01,1.868170728191424956e+01,4.552763506895947998e+00,-1.067502790129942980e+01,-9.277482223119876137e-01
1.722580145899654980e+01,2.269726213104177148e+01,-2.533238651537469721e+01,1.684481214144720340e+01,-9.312607317186408551e+00,-3.617523659687903148e+01,-2.085815527011239467e+01,-5.200246919994912531e+01,-2.065942296492169916e+01,3.303582093348829574e+01,1.168592552069534385e+01,-9.384269205507866474e+00,-3.798184728937937793e-01
1.538955879795358506e+01,3.222509060038879625e+01,-2.224296699367072705e+01,1.802469678884164850e+01,-1.756518144670873482e+01,-9.014018539439526023e+00,-6.347155762414581126e+00,-4.542779232534637401e+01,-1.501132257578948703e+01,9.997830245449918607e+00,-6.189532903999576119e-01,-6.955356099867220365e+00,1.203218479987497780e+01
1.363293844722039339e+01,2.385173182079933341e+01,-1.565224786537549484e+01,6.639741015738317209e+00,-7.305113852495807691e+00,-1.924451831569917459e+01,-1.707268787979461422e+01,-5.357335527109012929e+01,-4.451741106035090212e+01,2.331369040492285549e+00,8.563170994475912678e+00,-1.274843196570139270e+01,-8.507045576187332259e+00
1.348299663407303761e+01,2.554413316979545101e+01,-1.301131752389963658e+01,1.850293731315391987e+00,-8.647565404499047759e+00,-1.909298483093218834e+01,-4.617407715837106963e+00,-4.635220385042923397e+01,-3.988639097628438179e+01,2.104839185071006824e+01,2.772420835122167659e+01,1.122925983627353475e+01,-7.130305481333263806e+00
1.378632033485779296e+01,1.843803937323506759e+01,-2.813992572861384289e+01,-4.853215260490197025e+00,-3.247277676569315474e+01,-2.944152339580846434e+00,-1.721131378947605484e+01,-5.475650587884150156e+01,-1.996131600323981914e+01,9.708890901105498017e+00,4.765192782687505257e+01,1.609984871621286118e+01,-2.722518770756682027e+00
1.364294050093975130e+01,-7.452876006130249031e-01,-3.676131909727064340e+01,-2.445701463479363458e+00,-5.488951774785211768e+01,-4.064049039241407257e+00,-1.950272033060828747e+01,-5.317841826219765977e+01,-1.279635598785045048e+01,-6.861540693739414110e+00,2.601466870986954305e+01,1.488122531626219214e+01,-1.821539628516800846e+01
1.678687462850652778e+01,-1.070371410209548557e+01,-2.664086003686226434e+01,1.856990168553818066e+01,-4.126436825266904407e+01,1.721955092415356381e+00,-1.315369671132792906e+00,-1.880799033705257983e+01,2.394449355527473600e+01,7.388355183519689007e+00,1.033445516816050347e+00,7.660620530344298906e+00,-1.250971960574745623e+01
1.895213952796299495e+01,-2.073572065014704080e+01,-3.005665129855927376e+01,2.917031504399757225e+01,-5.292265543229171243e+01,-8.656814477781590966e+00,3.923318497561391283e+00,-4.406132629588196181e+01,1.056215468649884848e+01,1.332696372272710228e+01,7.120206057765651408e+00,-6.081716817695494548e+00,-1.240039165039984859e+01
1.945768185969651043e+01,-4.901222857773573693e+00,-4.106985254448925815e+01,5.210357561718355157e+01,-6.138968575063521627e+01,2.890106687060937762e+00,-1.648601191379963637e+00,-4.754178371283425975e+01,1.186810764442496868e+01,4.522192313736250746e+00,1.632189831058185447e+01,-1.545119000998512515e+00,-7.852313462779485498e+00
1.874080526788770484e+01,1.910682741905011994e+01,-2.059776708175781579e+01,3.210364374519960506e+01,-4.724583631113453208e+01,-6.130479522757779520e+00,-1.067562194033873268e+01,-5.937497942518995586e+01,-5.583728265950103520e+00,1.257176073338143674e+01,1.892907205748635135e+01,1.417980792810310575e+01,-1.381068709937888350e+01
1.982002349772179883e+01,1.590447952126199205e+01,-1.469358027227996821e+01,-3.188638186758365300e+00,-3.280542189577530365e+01,-3.100735588596025138e+01,-3.018201670858423213e+01,-5.157418680208478889e+01,-6.934759202143958134e+00,2.126488115981153726e+01,1.737771273555972940e+01,3.258306304666084063e+00,-1.196699344395857700e+01
1.985720303442500168e+01,2.797695947920102810e+01,-4.202282508107055037e+01,-7.258022314002244180e+00,-3.313501448920487036e+01,-3.890733666076552311e+01,-2.156035602912153237e+01,-5.142599459378959637e+01,1.673991537672203878e+00,1.431951916212291209e+01,1.496100544663960186e+01,1.267698993834992294e+01,-2.199361335877732415e+01
1.952715664836359366e+01,1.973251792431217666e+01,-2.530488475659620562e+01,-1.545809150324352466e+01,-1.527505050268181463e+01,-2.578578090712918325e+01,-1.007770988382015176e+01,-1.293211067581313678e+01,-4.060192300383676844e+00,2.270251324655483671e+01,2.079461705879942457e+01,-1.102068344445340298e+00,-1.057509806329164981e+01
1.956577019854722721e+01,2.400897251673577060e+01,-3.058283131310814795e+01,-2.384215498537846756e+01,-2.242013845679615258e+01,-3.292289334021234737e+01,-1.266581949298271681e+01,-8.739859474672547535e+00,-8.361061644105928892e+00,1.140624910446283735e+01,1.348219030932610885e+01,-5.356844551137850630e+00,-3.114066493567245519e+00
1.898513042999417522e+01,2.482534056523672206e+01,-1.356775347087535266e+01,-1.198334644595207621e+01,-1.849668453791304401e+01,-2.508914082290174363e+01,-1.163570601674226879e+01,-3.419095758937123808e+00,5.224716879994055763e-01,1.745710951324061844e+00,1.344584805100779512e+01,1.270461886942910112e+01,4.605233644347168642e+00
1.717344918723809855e+01,2.095710826723814435e+01,-6.108974892212133412e+00,-6.354358612085472480e+00,-3.294797831676807220e+01,-2.096505987087343570e+01,-4.377282365047120649e+00,-1.187757112273395244e+01,2.011145190002223693e+00,-5.466925875173408222e+00,5.307656128231812431e+00,1.530918381329843214e+01,2.085156133958457669e+00
1.617627159231073009e+01,1.275845101955474981e+01,-2.245830704992894411e+01,2.152808023927634262e-01,-6.292347992487201935e+01,-3.452026040961090558e+00,-1.173061121093981285e+01,-5.232453409788345056e+01,3.770509962923107850e+01,-1.670983825824650637e+01,1.672204211010429731e+01,4.185882778100861401e+01,-1.734821868577179771e+01
1.559212539068647452e+01,-4.987157630077134307e+00,-8.239129306384690210e+00,-3.713577285071941070e+00,-5.073327582818146908e+01,3.798915686928068247e+00,-2.254938044850494094e+00,-3.343453582753728170e+01,-5.128294156455871722e+00,3.482951265185556977e+00,3.843361415866817765e+01,4.199461851717312300e+01,9.895310268792295583e-01
1.513548263459177257e+01,2.179530770308332777e+01,-3.463549108717162284e+01,-6.088576137601528160e+00,-5.961280962623434476e+01,-7.217968713423315030e-01,-2.922183103805273685e+00,-5.122667144630732849e+01,-8.508342302628234322e+00,-4.011169640118784407e+00,6.290913353606476477e+01,4.933394220662987095e+01,-1.824734820401223701e+01
1.429256662767291530e+01,2.293721997084838193e+01,-2.183351875326173186e+01,-2.249096329635522196e+01,-2.831466460485520642e+01,-3.757510424461310894e+00,-3.231287561878472214e+00,-3.336800792727466813e+01,-1.709247318476328203e+01,3.763025238294877450e+00,3.636431298911706023e+01,2.919207770764324650e+01,-6.004641584613511718e+00
1.246656054689555049e+01,1.306055980309522724e+01,-2.388552673042843821e+01,-2.565120357536047990e+01,-2.096637808649032664e+01,-1.300935763232031306e+01,-1.694968481414544570e+01,-3.748363975148404847e+01,-2.166299575135057509e+01,1.251543372617299887e+01,4.265608296553818946e+01,2.914025672785058774e+01,-7.971529078266413215e+00
1.132511444922796429e+01,1.565233084710982148e+01,-2.544350662142722896e+01,-3.060979000348716639e+01,-3.773020154917014679e+01,-1.065846324408006573e+01,-6.231069725973293671e+00,-4.153578560514785778e+01,-8.922203233825088731e+00,1.599812507364506331e+01,3.858352005796859885e+01,2.473884751769132606e+01,-9.459250393957860936e+00
1.155469792255232875e+01,2.134753677160350804e+01,-2.227349480670710591e+01,-1.329923964394677327e+01,-3.387883871927309087e+01,2.383333805110122494e+00,-3.643825495144426885e+00,-3.764571126708519699e+01,-1.216042326034940890e+00,1.774222551276304793e+00,4.151249148319114823e+01,2.428181914276752806e+01,-4.267082220061778841e+00
1.386045668423812316e+01,2.499124618052804081e+01,-1.201221261743753388e+01,1.179872285371049401e+01,-4.843125016818218143e+01,-2.938988094550802010e+00,-1.655279786513345996e+01,-4.589721038568622191e+01,3.191665501009838035e+00,-2.348102022927155375e+01,1.962262140118339815e+01,3.181267703704194361e+01,-2.870925036734176317e+01
1.618672614396332676e+01,2.666525410581493105e+01,5.540960743194703220e+00,1.466942973214617041e+01,-2.235464830745878473e+01,-1.042397558045934325e+01,-1.080750709002279031e+01,-3.093573565332586028e+01,9.781193367080396328e+00,-1.069169518068308200e+01,-8.329305998418522705e+00,1.119347528016511717e+01,-2.883720849406840259e+01
1.746765226390440517e+01,2.783103166496934477e+01,6.135222488305764443e+00,9.679293310817767448e+00,-3.199852231879463460e+01,-3.063037873241349374e+01,-9.011315929039776407e+00,-2.292581580830708532e+01,8.336819860130670889e+00,2.678783686290658661e+00,-9.017579334709772354e+00,9.480189734030336268e+00,-2.393414077305476440e+01
1.781101174618214245e+01,2.636160514427185930e+01,-3.621034825516312505e+00,4.441097480133215036e+00,-4.749034316356610930e+01,-4.296428838066746891e+01,-2.167156124051132338e+01,-2.797177315252549690e+01,1.398260912113810583e+01,-2.561351792363776969e+00,-1.117445066032195733e+01,8.049133514289437130e+00,-2.279116249456121679e+01
1.775434169479799706e+01,4.526740937776263252e+01,-9.579788640276314382e+00,2.967240230083390173e+01,-5.022646344330721035e+01,-2.661530098984922788e+01,-2.592015292980111596e+01,-3.590135980987932385e+01,2.931099783810395465e+01,-1.385227563066944612e+01,-7.079992772381605848e-01,5.515706369570116507e+00,-1.674945454686106672e+01
1.767834103944650437e+01,3.523123826693743155e+01,7.070021887462119459e+00,1.444109459405187934e+01,-2.718693595212725356e+01,-2.488888771900749575e+01,-2.192410154225016683e+01,-3.060286429156860777e+01,9.456352794682638674e+00,-9.981907833825324872e+00,-1.547653137936270262e+01,1.086028260977424509e+01,-2.261939826631457429e+00
1.762058716988335050e+01,3.400170770672927745e+01,1.090943215146675449e+01,1.010859230014820298e+01,-2.565231836753794070e+01,-2.515536056677889576e+01,-1.155546223223250202e+01,-1.830535229158487098e+01,6.216952915343892272e+00,-2.181349310696258037e+00,-1.159531709898791796e+01,1.143262195925289149e+01,3.440151091303633279e+00
1.753548266039604897e+01,3.454478158170159929e+01,9.864961552828129143e+00,1.261026227168854952e+01,-3.556866963528236170e+01,-3.746196377580399428e+01,-2.684155758534243930e+01,-3.577246250919760939e+01,5.007425670997554867e+00,-8.052093205394241782e-01,-1.265442403886553890e+01,2.397016690283793494e+00,-1.672929258063171076e+01
1.752599788018215321e+01,2.887945226394799292e+01,1.293701496397902773e+01,-3.741250098183174777e-01,-3.133692188394521949e+01,-2.923440108804607718e+01,-2.301688226347360455e+01,-3.139377720840552755e+01,-8.145120613449675417e+00,-4.338229573682538032e+00,-1.360061283431165435e+01,-4.868562341741268895e+00,-7.528481684126915319e+00
1.737809989710279623e+01,2.868980471362805673e+01,1.126432996908158657e+01,9.543774767693866679e+00,-1.379436508093133362e+01,-1.417174320696533840e+01,-1.021117825432005510e+01,-2.477271551468356847e+01,-4.570358290625298636e+00,-2.441315380815611391e+00,-1.626988664753728386e+01,7.160752474271133039e+00,1.408423146099039514e+01
1.754903402204223184e+01,2.777971294449275774e+01,9.813304832410855383e+00,1.314440595336411555e+01,-1.086954854000493853e+01,-1.399037255971002303e+01,-7.375997977506333569e+00,-1.926581000652647546e+01,-1.558506086702587545e+01,-1.603431428177149343e+01,-1.308703472945349944e+01,1.016793416406971851e+01,2.173789802155895501e+01
1.781319856906306143e+01,2.243790301258981401e+01,6.880609857842811650e+00,7.725363573991127497e-01,-1.247686361980005110e+01,-1.407853036052552298e+01,-1.201829664628026606e+01,-1.962176638505162529e+01,-1.883869717462749449e+01,-1.772092974300565871e+01,-1.392757828960021804e+01,3.420909479721679247e+00,1.623178597744941243e+01
1.785722927464968990e+01,2.066162669608018732e+01,1.365810019203341774e+00,-3.710048988769229616e+00,-9.990283972149764935e+00,-1.695602802531596964e+01,-2.123356293198754585e+01,-2.650317767837572447e+01,-2.543390544801589925e+01,-2.243007457352384293e+01,-1.250739394094260248e+01,2.449359725004163657e+00,8.272356829345161700e+00
1.772982438528536875e+01,2.585118494363659281e+01,2.593568170472416057e+00,-4.895676508975725483e+00,-1.022593359115791145e+01,-1.189866602370005566e+01,-1.272109504603931995e+01,-1.749280534240674356e+01,-2.499097374821228357e+01,-2.997153875865251393e+01,-9.596181388398271395e+00,1.415391329486515559e+01,1.529360858788637501e+01
1.740756145669005051e+01,2.948453206245519809e+01,3.461661811605976635e-01,3.877264183936037778e+00,3.496509874190393274e-01,-9.973847739921539723e-01,-1.655522003210144533e+01,-3.320545489247404447e+01,-2.172816290432981745e+01,-1.912104123185327254e+01,1.031605130957852001e+00,2.243810527324100690e+01,1.696821301396822079e+01
1.715119658046614148e+01,3.288933704759102739e+01,-4.347515800570294076e+00,6.028213657706686490e+00,1.212177788937131240e+00,-7.128499454266196800e+00,-1.490907709895938105e+01,-3.252273630491622214e+01,-2.754626350504335264e+01,-1.233269831395625005e+01,4.385289939782863300e+00,1.170290948419849464e+01,1.373603612314275857e+01
1.722849650965092394e+01,3.311345229842579130e+01,-7.493351195979838231e+00,5.371388678998481048e+00,-3.604020282719575530e-01,-9.223696366994682094e+00,-2.098712112570728650e+01,-4.782541411947524779e+01,-3.336391571894375829e+01,-7.580484583738395621e+00,2.071677563045792869e+00,6.036807536458338674e+00,1.408149696768140124e+01
1.753339588899240198e+01,3.264375696325030418e+01,-3.927694036127761912e+00,2.014930394153157334e+00,-1.148935617861153879e+01,-1.421605587830564588e+01,-9.994878620361335564e+00,-3.526805042929510847e+01,-2.325222685739429451e+01,-9.204273107334929094e+00,-4.070062271269081933e+00,8.786597878089619229e+00,1.422103572250813031e+01
1.799003183171685194e+01,3.352228679518002252e+01,-6.332843801370692915e+00,8.916851458398200592e+00,-1.609875092432279331e+01,-2.054219302795330648e+01,-1.201733905310099360e+01,-3.356982021705339037e+01,-3.355559199315223395e+01,-1.321340106971578443e+01,3.302913317147453842e+00,9.397797936281762077e+00,1.947468919892166284e+01
1.814519532085853015e+01,2.599205321530687129e+01,-3.259822788123832638e+00,5.589861168351026421e+00,-2.175914112536890599e+01,-3.727614267936066739e+01,-2.959054157991746692e+01,-3.714529310415356633e+01,-3.460947754075240113e+01,-2.214491205266347507e+01,-8.293257544198448628e+00,3.235772504477607114e+00,1.068333311624530069e+01
1.828733339411557424e+01,2.120545752756716595e+01,4.068226084668995490e+00,-1.280629518667247557e-01,-1.593895143927321989e+01,-2.966480785702747625e+01,-2.928945951624232080e+01,-2.577719871026658538e+01,-1.274997001769499860e+01,-8.886881883934901083e+00,-1.087998857573672673e+01,3.145186170286291105e+00,1.309800311021013641e+01
1.834787908666586986e+01,1.942930161311277715e+01,9.394226288360342236e-01,-3.358251813556286436e+00,-1.711564647061377897e+01,-2.897598775560717144e+01,-3.148317241436597413e+01,-3.163837835685390232e+01,-1.565160869821792922e+01,-6.011354845232061095e+00,-7.386344525711780129e+00,7.126181887743673116e+00,1.947636750598545419e+01
1.841623372167411077e+01,4.148609301322015597e+01,-7.789328132411450945e+00,1.493109303813988653e+01,-1.840182539674089668e+01,-2.726296845588982265e+01,-2.057732699904956064e+01,-3.480609451152700018e+01,1.252517308332394386e+00,-9.567916381247677293e+00,-1.061508906666679408e+01,1.167080369355678293e+01,1.711736796153970985e+01
1.868251779975635074e+01,2.235735898585440395e+01,5.032393014993272295e+00,-2.309635041599408911e+00,-1.277795727878510590e+01,-2.630480011868805335e+01,-3.273430060759009308e+01,-2.046867192853924777e+01,-9.044597369925714281e-01,9.908762337073034887e-01,6.742577677479934195e+00,1.382740099517577903e+01,6.064857006985231003e+00
1.854446421716544791e+01,3.624006675510755571e+01,-4.651340941191862144e-01,-8.703050066925823725e-01,-1.608021360094797458e+01,-3.011318431005915741e+01,-3.974233303148733398e+01,-1.224700631223841008e+01,1.582166492230238042e+01,-2.164079402397408813e+01,-1.517522214443637907e+01,1.287605006540638541e+01,1.718533670903445199e+01
1.745097353780115768e+01,3.436106093646418458e+01,-5.383267140266094763e-01,-1.825491422910369699e-01,-1.667516137233946694e+01,-2.692080253825236014e+01,-1.956830205537410805e+01,-5.168335696240963451e+00,5.370411110368867647e+00,-1.847794836952483166e+01,-2.202716914969736095e+01,7.853521141547230577e+00,2.239471187376101824e+01
1.535099029212310207e+01,3.009642301776813866e+01,-1.423375129368869452e+01,3.354512242835230307e-01,-2.743681384117191513e+01,-1.923074712139490927e+01,-6.936129841331555745e+00,-1.970741801792259906e+01,5.666130451894444420e+00,-1.745646459285195107e+01,-2.481158944095364305e+01,-1.496551178157536910e-01,7.476210710548880201e+00
1.549965290298221809e+01,2.356568067318613657e+01,-2.494970063796272441e+01,1.124479485910807419e+01,-4.081060709237847917e+00,6.937455653108880682e+00,-7.415612011822064531e+00,-3.358972144367515256e+01,1.257493768007106993e+01,-9.503851391626563228e+00,-1.938781216129632057e+01,1.197880020229455766e+01,8.721220282764795328e+00
1.637812955207469301e+01,3.172825719604533745e+01,-3.168140517979918158e+01,3.198048238280562927e+01,-2.033840077493354670e+01,3.191428966615843965e+00,-2.465976155196714714e+01,-3.718244881462715767e+01,-1.092743630748390871e+00,-2.702708499979001289e+01,-7.516039155035636909e+00,1.487164484806870135e+01,9.123389553792042861e-01
1.572792534872924186e+01,1.860647699020099921e+01,-1.901723168420375387e+01,6.740699203824013885e+00,-2.094983384245799130e+01,-1.167638904077348805e+01,-2.122844207898186042e+01,-3.985172655324966939e+01,-5.778260482913960550e-01,-3.261768545101615757e+01,-1.988971345378149636e+01,7.484142347404336704e+00,-7.981437671861210781e+00
1.462027114193474908e+01,2.447319489105636237e+01,-2.890241903435792992e+01,3.049895773674311883e+01,-1.103514009614160152e+01,1.574617397340908376e+01,-5.530994590998358440e+00,-4.979138545458162923e+01,6.010462376581496180e+00,-5.058717810322874442e+01,-2.372304050128923691e+01,2.578535763019531046e+01,8.396057176459099658e-01
1.541515421387410711e+01,1.754009637207639472e+01,-3.256976017777317622e+01,3.270628231243830442e+01,-1.281084861038794465e+01,6.712712882809615422e+00,-4.046909121213539073e+00,-5.746661872681665528e+01,-1.187304565212338581e+01,-5.428514316686335661e+01,-2.512268200888597391e+01,1.739349838306314666e+01,-6.054172671258980287e+00
1.557942574879649023e+01,2.555072895720000759e+01,-3.678627402117027145e+01,3.983882314432275251e+01,-2.523948369423528959e+01,3.612876518448580043e+00,-1.547020648440306623e+01,-5.455385338513134030e+01,-1.331175701260792898e+01,-5.527333541705220910e+01,-1.349633885044151249e+01,7.684928835495702160e+00,-1.937116366191165184e+01
1.510215288641448517e+01,1.903819770436461667e+01,-1.954044638991472382e+01,3.454220874916266126e+01,-1.101365339774691421e+01,-7.890476539582136795e+00,-1.143984609371179140e+01,-4.307906261021662431e+01,-3.553889577478137607e+00,-3.701899859917071467e+01,-6.753524471749496882e+00,3.713668675900651639e+00,-1.848216760440407569e+01
1.581797211415917737e+01,2.256184864605184970e+01,-3.412884203793097271e+01,4.845216367755045184e+01,-1.899761104097106212e+01,-8.581021076326459607e+00,-1.171410508802389927e+01,-4.053396221886007567e+01,-2.218624161558867414e+01,-3.587034571966665908e+01,-3.556978400978308308e+00,-1.048916056386038420e+01,-2.885661372460727137e+01
1.702357423388702173e+01,2.153501254135997556e+01,-3.102253116210899719e+01,3.899873502501936429e+01,-5.150633904985875589e+00,-1.034447762633299739e+01,-1.733737877285784990e+01,-3.946448994733874116e+01,-2.871454597119624452e+01,-1.558397706320898379e+01,-2.095681980997202842e+01,-2.822905397543559758e+01,-1.400173471747267762e+01
1.785708761341893691e+01,1.183461504664352937e+01,-2.325739095133407730e+01,3.043171727861557230e+01,4.762070190816348969e+00,-4.040049610138572689e+01,-3.481672497893264762e+01,-5.417877682347704393e+01,-4.133952346527495791e+01,-3.821255975585390097e+00,-1.734968016140843616e+01,-3.999102089798850557e+01,-8.659068329141856424e+00
1.786041810236435978e+01,3.160280127637827263e+01,-3.883464010703020364e+01,4.916847958210437497e+01,-1.471096035392702284e+01,-2.011437687943059061e+01,-1.725192765596601419e+01,-4.743485583873950162e+01,-2.261490661362854837e+01,-2.868099880684900516e+00,-1.643199256290206378e+01,-3.045886956103205989e+01,-1.113111947124720480e+01
1.767199848652550287e+01,1.602293363906156287e+01,-1.798728404642074707e+01,3.075781597108131038e+01,-1.601424879648393640e+00,-3.066876807517976644e+01,-1.391966008097864105e+01,-4.318310059275727042e+01,-1.353372802410465781e+01,2.211407230448659611e+00,-3.242161860148534203e+01,-3.139383585763492590e+01,-3.703705634702001870e+00
1.760204558418660170e+01,2.127184199426870848e+01,-2.457268705940948550e+01,3.687275164307319386e+01,-5.805210621671336391e+00,-1.754615039937350573e+01,-6.757644959895404924e+00,-4.800109535281290363e+01,-1.369273158339748342e+01,1.226515328938427407e+00,-2.852414676114491954e+01,-2.626739271992431668e+01,-8.997608779916195232e+00
1.753436668959119160e+01,2.842289746919185589e+01,-3.394894280406707310e+01,5.319423862529927760e+01,-1.417362542110734402e+01,-4.037726405436032451e+00,-1.579113125129499373e+01,-4.999314853498839994e+01,-9.898563561117297738e+00,-6.910200902877697615e+00,-2.467001548757626139e+01,-3.649740389680994213e+01,-2.908945053690182636e+00
1.759126193763608725e+01,1.182970211222675871e+01,-1.807277921310635804e+01,4.038878643499255361e+01,4.090271357498191929e-01,-1.112832530601529157e+01,-1.333869977304271792e+01,-4.965764544072977316e+01,-1.269884443093657644e+01,-6.158310514920960266e+00,-3.047185507556941886e+01,-2.682704321372043665e+01,-1.016350787530289423e+01
1.775211554611709985e+01,1.123255740603596387e+01,-2.260758823688788155e+01,4.705210483495943663e+01,-5.372189671328108318e+00,-1.380158144639661089e+01,-6.372598169629075215e+00,-5.042990484222679015e+01,-1.514966821952426379e+01,-9.235585627657124874e+00,-2.290101441288836526e+01,-2.386858360552421132e+01,-1.566890738054341270e+01
1.769654198535613077e+01,1.520459439356500653e+01,-3.478080132311974637e+01,8.160733958826452294e+01,-1.914139216537402532e+01,5.458393600604174445e+00,-2.114099674936331397e+01,-4.952731896601703454e+01,-8.312120752790925771e-01,-7.782943108676696475e+00,-1.248817819442965416e+01,-2.376156149149719710e+01,-1.981530388468400616e+01
1.875938082805247831e+01,-1.440111619089345574e+01,-1.728861512325076433e+01,3.870777500497097634e+01,-1.532386860602462342e+01,-6.209627519832739750e+00,5.270262609149510169e+00,-4.418110002864936092e+01,-1.380319460670444620e+01,4.720681399971787151e+00,-7.606639876723241933e+00,-1.924082117980266915e+01,-1.691835917845347836e+01
2.003193337193329526e+01,-2.385956131714638317e+01,-3.642960068218813063e+01,4.198329464326769767e+01,-1.341576571888603731e+01,9.996845972420370430e+00,7.183324536309855901e+00,-4.962915345558979396e+01,1.278108550163053536e+01,2.230490441131139434e+01,3.571568055973328271e+00,-1.035584867841543577e+01,-1.452336119213329546e+01
2.031641558215558518e+01,-1.640591403091873346e+01,-3.354189046583903178e+01,3.998241109330591314e+01,-2.809478675847033813e+01,1.176071436007075022e+01,9.883814100228374144e+00,-4.641016816822886426e+01,1.555283681979686428e+01,1.553681286897519165e+01,-3.766517104088046852e-01,-1.679165440670044873e+01,-1.181717086341885015e+01
2.004668702975383709e+01,-1.923406968962512664e+01,-3.781250243450607229e+01,4.450640806590156728e+01,-4.530045297623014022e+01,2.294251698724762178e+01,1.241829834712440039e+01,-4.617447355131654518e+01,1.801631028943334911e+01,1.144320528348219845e+01,1.311510476406748005e+01,-1.772714539341403395e+01,-6.618247796890904588e+00
1.917498881667820143e+01,-2.339507170415915382e+01,-2.940132596816770061e+01,3.438344145612826708e+01,-3.229065386138318416e+01,1.814591516423942608e+01,1.899723702191840058e+00,-3.808751399904012658e+01,1.528526641797627939e+01,8.503978005307439858e+00,9.827145815313889088e+00,-1.774917219308392902e+01,-8.610572378475509936e+00
1.775411469482008187e+01,-1.891043085084386988e+01,-3.090395670973191855e+01,2.885214325434948179e+01,-3.501027129184567599e+01,2.200263482376264434e+01,3.720049029584257649e+00,-3.157588823883232365e+01,2.458610774761471873e+01,1.652641027216055658e+00,1.195733638814239219e+00,-1.618403318189255558e+01,-6.248542089177443692e+00
1.655169048856860670e+01,-2.332828151261678329e+01,-3.905785454883799446e+01,1.625503086646082451e+01,-3.770343846509454977e+01,1.775669742264710038e+01,-9.349840974682203765e+00,-4.527149972958522284e+01,1.289267600459989715e+01,-1.473145402167495099e+01,-9.904720937529029712e+00,-1.543493104720919362e+01,-7.120117609210286247e+00
1.643036129646852572e+01,-1.757627550625843682e+01,-3.542134676079567157e+01,3.115240017927951044e+01,-2.440501365063322936e+01,1.576902019239078534e+01,-5.191580974536585957e-01,-2.924453018577912289e+01,1.618734598747143139e+01,-1.035021500303077246e+01,-2.449114539591715989e+00,-1.055570691907774794e+01,-9.821920887686365731e+00
1.635802381157409613e+01,3.567059239503677093e-01,-4.370032101396942181e+01,3.866459566328435216e+01,-4.423356163737471292e+01,-2.038267815452788412e+01,-7.327102336206817057e+00,-4.801096162512423149e+01,2.192316426661600914e+01,1.387820383193300033e+00,1.101763183208933228e+01,1.555117310484272597e+00,-9.343562658909670304e+00
1.609571652931602515e+01,-6.553876056910044490e+00,-1.981164195106170922e+01,2.396409380442160852e+01,-3.111454763149881231e+01,-1.840168121057003603e+01,-3.855826152421637065e+00,-4.266549017879576411e+01,3.934229435894903482e+00,1.996592157904603582e+01,1.141993738966158212e+01,3.455878502666626328e+00,-5.979012003333362024e+00
1.783350599888255061e+01,2.226865248900456606e+01,-1.539940968946168987e+01,2.929527040444190078e+01,-2.366851038694020559e+01,-1.921879603615271392e+01,-1.723042400200830215e+01,-5.760797856571738862e+01,-5.682866968200942281e+00,1.244630200478753324e+01,9.809134252891608341e+00,9.655486415696163505e+00,-1.592034203239312617e+01
1.897909041636794925e+01,2.190786256539606569e+01,-1.677364130117596730e+01,5.600154970191720594e+00,-8.132729985407090467e+00,-2.844731710777965361e+01,-2.527953720624391920e+01,-3.484351955217329788e+01,-9.086814203370071397e+00,1.230936097195560031e+01,1.226654295661016469e+01,8.669233222112703530e+00,-6.350275543111476573e+00
1.947228661139908468e+01,1.726010432520700988e+01,-2.123816735496692232e+01,-2.581697119740013591e+00,-1.116689567168431019e+01,-3.648121167303580137e+01,-3.309126506342587248e+01,-2.987462364815347726e+01,-8.709686414976639313e+00,1.668061885241181130e+01,1.654440778744771734e+01,4.200155589150017521e-02,-6.452838275729315676e+00
1.966005341316841282e+01,3.015205817544739375e+01,-3.779230580365042869e+01,8.219038748641336767e+00,-1.176929150708193283e+01,-4.084220040096644766e+01,-2.885337699342954565e+01,-3.617743956783743897e+01,-2.892915431818997352e+00,1.863510418710486505e+01,2.588597915498792901e+01,3.695889991757930204e+00,-1.117540548435773040e+01
1.938356130088456553e+01,1.710711926861701215e+01,-2.403882535182331637e+01,-1.867618126257162103e+01,-2.071933531596214806e+01,-3.860821392252324813e+01,-3.552616965355422707e+01,-2.909236596727185287e+01,-9.733364743644797201e+00,1.169483264289472224e+01,7.861373212325506010e+00,-9.247511485401259890e+00,-1.193160143126167050e+01
1.908222592057681410e+01,2.082433507053869803e+01,-1.650218305344940717e+01,-1.264083964196137089e+01,-1.469476977588556998e+01,-2.700462395409796201e+01,-2.577103623085596240e+01,-2.726962081270562877e+01,7.684404921605147987e-01,2.959933638230005570e+01,1.827112526219904609e+01,-5.300309655260456054e+00,-1.325026375961260250e+01
1.926104056918020646e+01,3.893829421265142088e+01,-4.599138596903509324e+01,1.273754992950705756e+01,-4.346632713282438232e+01,-2.673813601878394053e+01,-3.581681915280756101e+01,-4.989543587478704723e+01,1.847126211425682030e+01,8.874334544215704668e+00,2.851390681094213875e+01,-2.132460844069044725e+01,-1.297667021957836830e+01
1.925440582229686015e+01,2.095099103058139889e+01,-2.040884282233661651e+01,-1.316111358518138985e+01,-3.116091710384063163e+01,-3.740718954181366485e+01,-3.170730892527932454e+01,-3.586942471616529104e+01,4.061095488453276836e+00,1.692465765904786323e+01,-2.850292240265763333e+00,-1.430198592958896597e+01,-1.536894726291404112e+01
1.898120725671255471e+01,1.958989068700918068e+01,-1.220334295764013532e+01,-1.439629022292394112e+01,-2.059280769706801095e+01,-2.203143384316856768e+01,-2.082742887809964571e+01,-2.059993972096508585e+01,1.458166065658749844e+01,2.749120401250755208e+01,5.065284584104940535e+00,4.786875780648497392e-01,-4.547428559873106270e-03
1.880759846880646435e+01,4.175882134369171439e+01,-3.827947768877779566e+01,1.403146152498549526e+01,-3.238770225484690002e+01,-1.552396490319913624e+01,-2.403339884329531273e+01,-3.522294679820423369e+01,1.778648568003033859e+01,2.188303573448197525e+01,1.016904726135846282e+01,-4.652679471678408341e+00,6.605951087023900214e+00
1.864612032938130426e+01,3.190274639449297567e+01,-3.232786111896984238e+01,7.108111002494063690e+00,-2.915704454752462027e+01,-1.910483118061489449e+01,-2.699657480318129643e+01,-3.898232233435031446e+01,2.108632790194873508e+01,2.164333370391464229e+01,8.458485595500528476e+00,-7.001289854698244497e+00,4.803070071216684056e+00
1.856396552003834799e+01,2.558672031829595639e+01,-1.665827205746034068e+01,3.181321727486911666e+00,-1.469828350906499637e+01,-1.921994596662201360e+01,-2.660018118460794767e+01,-3.419467750689361196e+01,2.152210547368798288e+01,3.258629513491164431e+01,6.187331162967232956e+00,-1.287702489150844443e+01,-1.378339005513732474e+01
1.844568563730798516e+01,1.904845164992336493e+01,-1.664365898604685512e+01,-6.035382132287352874e+00,-1.996870022049641236e+01,-2.027600436806059037e+01,-2.034184910429063464e+01,-3.084703630746430747e+01,1.101496619910082764e+01,2.910819449894748345e+01,5.606345719094997015e+00,-1.224960385936330098e+01,-5.295220002338210108e+00
1.823570020252386570e+01,2.172940944019132559e+01,-1.870650229355914007e+01,-3.679503201969988702e+00,-1.702886683383177058e+01,-1.757410783573496360e+01,-1.178901206575628002e+01,-2.839013983514232109e+01,5.357311903780182405e+00,2.332052116605613534e+01,2.823812136339800993e+00,-1.073615493973489166e+01,-9.677608967747387325e+00
1.816323700117381179e+01,2.958740165032399716e+01,-3.144901702918627961e+01,1.793966973793887831e+01,-2.546539948653603247e+01,-1.366878841324860439e+01,-2.878006521788246275e+01,-4.140037961990014281e+01,9.285150626680637842e+00,3.240323323340390260e+01,1.279605674075498634e+01,-7.305845511733841668e+00,-8.857616584920993574e+00
1.785261616373350080e+01,2.651193907605383515e+01,-3.039724862874380307e+01,1.155400875461672960e+01,-1.999128941485671973e+01,-1.952973475867043618e+01,-1.977241827749220349e+01,-4.283325311006642266e+01,5.289445998932703397e+00,2.460138904010156935e+01,1.670569184852231714e+01,-1.135104776863721199e+01,-1.207241306433741812e+01
1.753292761157032231e+01,3.803031661723490231e+01,-4.227906603887927162e+01,2.988036011783291812e+01,-3.650422209877203983e+01,-1.016536763770014318e+01,-3.197002428577612321e+01,-4.991009635725402660e+01,7.552667105357777189e+00,1.326213960491499044e+01,3.867042559111465039e+01,-2.239982565045280083e+01,-1.017214140543856793e+01
1.666989923955356545e+01,3.412049852193678134e+01,-3.195412019354796485e+01,1.627044851769789702e+01,-2.498389869446712908e+01,-1.516627975646780513e+01,-3.193356811291773667e+01,-4.450712868651376652e+01,-1.689644113646816592e+01,1.055032776217288237e+01,2.252378039779279106e+01,-2.493650644100716107e+01,-1.528468683032477493e+01
1.623687468936747536e+01,2.065761850230070351e+01,-5.506590761844461390e+00,5.717064068032298607e+00,-1.348129974032377376e+01,-2.552620182306340624e+01,-2.107313756080450062e+01,-3.616327944987097709e+01,-3.185349987557861695e+01,-6.493036011534079499e+00,7.726617525830537403e+00,-1.855521065401384107e+01,-1.432261786177478058e+01
1.616370068616957312e+01,2.343272842645300358e+01,5.821167655737689850e-02,9.396989948163724904e+00,-1.158493124215657666e+01,-1.739784087050899331e+01,-7.036235659845232249e+00,-3.034298420205784197e+01,-3.719808916364038964e+01,-5.429790477543149585e+00,3.551880096287354238e+00,-2.298761622841334429e+01,-8.625134338626839536e+00
1.603523009807754462e+01,4.033300505085242804e+01,-1.548479465831703905e+01,4.495120722838730387e+01,-1.942322445821189092e+01,-1.892930371457761396e+01,2.166623654050106873e-01,-3.543758264915907574e+01,-1.989276031498131303e+01,-3.728533218035257057e+00,2.494813682566660873e+01,-3.133639644873690244e+01,-9.342764971397926388e+00
1.587974847821519653e+01,1.645149878401242205e+01,1.370320933038367661e+00,1.787994405501566320e+01,-4.234997773003422061e+00,-2.456796708716660049e+01,-1.396137416358676653e+01,-2.416760052933717873e+01,-2.529483170081937615e+01,-4.822873039228665060e-01,-5.488599360791596160e-01,-9.314482826013069428e+00,9.125809081511507159e+00
1.704080464691659103e+01,2.045929999520191345e+01,-1.154732809380206859e+01,5.093631415328285783e+00,-1.267700624345429361e+01,-4.135485942926402458e+01,-3.299006899236714929e+01,-2.916578235457518176e+01,-1.758328673610667536e+01,5.426658527374338625e+00,8.604272022814313914e+00,-9.716877651994868970e+00,-6.516726930690671438e+00
1.738044188417167035e+01,2.484885287179870161e+01,-2.425872699108663966e+01,3.237991356003620536e-01,-1.627371278274179645e+01,-3.433492139058095205e+01,-4.075141027885266709e+01,-4.143408342944711364e+01,-8.786557621976154309e+00,8.758708237549862829e+00,1.121144354605901228e+01,-1.263760920262483012e+01,-5.562778868628369011e+00
1.720154441042546978e+01,1.998496985810026416e+01,-2.213708574756403635e+01,-1.174274807948219213e+01,-1.741097398541131014e+01,-3.494894009406465329e+01,-4.021692448309308077e+01,-2.983177845661814942e+01,-9.069611338189911720e+00,6.715314363844487211e+00,-4.194807589157145862e-03,-2.090647293741761814e+01,-8.436744694153633262e+00
1.710204030300595335e+01,2.155032839233135533e+01,-8.405338340952152265e+00,-5.547771542677301326e+00,-1.399919885927617713e+01,-2.465221572948185980e+01,-2.627578839144744549e+01,-1.896567164951471796e+01,1.060301934991373685e+01,2.480001976516308915e+01,6.691450737103982194e-01,-1.637198157934624021e+01,-1.880611293885202429e+00
1.630139935951067187e+01,2.643208305279109283e+01,-1.809836066273096122e+01,9.832686780523719472e-01,-2.230801643027180958e+01,-2.319037762886165055e+01,-1.789943061576659389e+01,-3.277740475840855794e+01,1.378470227815596871e+01,1.944817184416006484e+01,-1.277838235441525505e+01,-9.850379106332738388e+00,-4.387656630351028375e-01
1.565506625762662374e+01,3.207172257813936511e+01,-3.607615103490409325e+01,1.297030828269509506e+01,-4.908327878567370561e+01,-2.268104197278129774e+01,-1.923092359313742605e+01,-4.874474001742002827e+01,6.699724108858744032e+00,5.868482207357980762e+00,-2.121745562528118967e+01,-2.029869738865788875e+01,-7.031508165217680073e+00
1.542247182659472138e+01,3.505538628166767268e+01,-4.110739122186576111e+01,1.983107370031725836e+01,-4.191469419150807596e+01,-1.383732255025600821e+01,-1.731648795181981448e+00,-5.842462990097816800e+01,1.032038496613689027e+01,9.406092008407423322e+00,-1.733597250435274795e+00,-2.302238066237386249e+01,-7.200372454320626225e+00
1.483397512375376515e+01,1.822452937239094339e+01,-2.216216851926251152e+01,-2.809873155027152958e+00,-2.182807557669273990e+01,-7.829010751589477124e+00,-3.395670546390061162e+00,-4.530445019456769984e+01,-9.328161155139467198e+00,1.777819488401660308e+01,-1.193690133961774080e+01,-2.275223765735508152e+01,-7.457362549221099535e+00
1.450222519725838843e+01,1.818065389114677544e+01,-1.688396815890528302e+01,-5.606902304023981820e-01,-7.682954125594254613e+00,-3.874827667959521271e+00,-7.163595778590648777e+00,-2.674566195381651923e+01,3.118829227846819929e+00,1.675911811270350427e+01,4.979496715130738771e+00,-6.266934353696666626e+00,-1.241016765988518067e+01
1.414363205569085657e+01,2.416605020756587763e+01,-1.892699136804437288e+01,-1.047731913007418747e+00,-2.077409427850943047e+01,-1.357076336640894665e+00,-7.994908831930259474e+00,-4.211724658794265252e+01,-3.687870736887383316e+00,4.415360482560311439e+00,8.790673743783451732e-02,-1.525677592660184345e+01,-1.691723756747946439e+01
1.370570630461088868e+01,2.804610297874350167e+01,-1.849725102303235147e+01,9.665484037393755612e-01,-2.873620965427762997e+01,-5.205741920805977835e-02,-1.280213813876771489e+01,-5.848784672863017420e+01,-5.230795797493074772e+00,-1.084338657088573932e+01,-1.627264427610170472e+01,-2.442254623573383299e+01,-2.742034850863661077e+01
1.326160411825644125e+01,2.662890518391223438e+01,-5.947466239305475355e+00,1.625246376109403101e+01,-2.115416721498612418e+01,-2.858827688252457033e+00,-1.729888256076188924e+01,-5.129369134133774821e+01,5.060461142986470762e+00,1.100215977866057404e+00,-6.389178836583040422e+00,-1.971317272055541991e+01,-2.472435601960233242e+01
1.274009950571083039e+01,2.929572265097555217e+01,-4.132145135815642689e+00,1.741631037033336682e+01,-2.701209057907128042e+01,1.686097140364175795e+00,-1.043295025539029730e+01,-4.925077429652735361e+01,1.080006780763610941e+01,-7.591076820265076464e+00,-1.800867614435839670e+01,-1.649221493982093989e+01,-2.971714906905340925e+01
1.145426479750721604e+01,2.266561561525512758e+01,5.653753527434283832e+00,1.060654243949006492e+01,-1.154961017279816815e+01,8.632747094458951054e+00,-3.552056010711197587e+00,-2.867601792853936615e+01,3.312960431222744528e+00,-1.190612070958747992e+01,-1.237604181114612878e+01,-9.782129320795064586e+00,-2.434798806890616163e+01
9.006871840556755160e+00,1.671411317903385552e+01,-4.308264146859339228e+00,1.148171595290290270e+01,-1.174900149288582263e+01,6.832711644759957181e+00,1.374304649299126657e+00,-2.311981647990672428e+01,1.710228941360633570e+01,-4.092910391063801612e+00,-1.426098130641034345e+01,-1.707327844575339260e+00,-2.247718629114146438e+01
8.173044825609006026e+00,1.362058411865797147e+01,-9.987071134842214093e+00,3.589664557528710054e-01,-7.111060891763360203e+00,-6.221578143814747719e+00,-1.738681137472235605e+01,-2.619289563635889451e+01,8.904229073932700800e+00,-9.984781289883574829e+00,-1.623328398123980065e+01,1.576846804501713883e+01,-1.246190315767225520e+01
6.503730734911608913e+00,3.159030083029123137e+00,-1.212376748060871634e+01,-1.307530776622601110e+01,-1.783370284942431994e+01,-1.513245507433025949e+01,-1.803644055728370432e+01,-1.572268047302025451e+01,2.141982242844017836e+00,-2.195485342960787278e+01,-2.009617871763840924e+01,2.600015997627184383e+00,-1.542981107842789790e+01
5.865100975594501165e+00,-8.886637783685039094e-02,-8.685536245856621207e+00,-2.160686595010345101e+01,-1.607103829919763882e+01,-6.530585789581827783e+00,-2.186592978749498428e+01,-2.929515587444567615e+01,-1.294293327065794363e+00,-9.034115896898498477e+00,-7.745201539248356859e+00,8.458525425209185045e+00,-1.360508367582006706e+01
5.872697984795927972e+00,-3.162266055517307439e+00,-1.241471368095575123e+01,-3.115526980463357987e+01,-1.130089493255216837e+01,3.617263885714645522e+00,-1.327920764868403758e+01,-2.267695618332389174e+01,-2.912165984538586994e+00,2.341560771086768522e+00,3.694594383041985619e+00,2.667891062134416291e+00,-3.069938480340816511e+00
5.629491231202108814e+00,-1.024292416960805951e+01,-2.052774879955501675e+01,-3.282328877042598947e+01,-7.387758721424693142e+00,4.544110258633262234e+00,-9.578180005856642865e+00,-2.309843995415319640e+01,3.441004283569953248e+00,1.283514699893603961e+01,-1.432126650186892114e+00,4.245172276155386726e-01,-3.288936937937546046e-01
6.262723279261264153e+00,-1.016640763987058627e+01,-2.742886947946734466e+01,-3.615738777651560554e+01,-3.917407212849498332e+00,1.395755403053659371e+01,-4.279182084924302742e+00,-1.674045110264333758e+01,2.129613132626757110e+00,3.710956289351123871e-01,-1.685559377136267045e+01,-7.622958819017419785e+00,6.799536709567385095e+00
6.222171114470653741e+00,-6.705218466297980129e+00,-2.241576457398724642e+01,-2.971504247963799372e+01,5.716614258280014127e+00,2.094587173299670724e+01,-1.325655137201353861e+00,-6.859528218459471915e+00,8.488702850643745634e+00,-2.091239900121250717e+00,-1.963698378479605466e+01,-3.030905069829735954e+00,1.234168619351273399e+01
5.838563810304359336e+00,-7.370702449293254688e+00,-1.663141400738430065e+01,-2.396933252367638900e+01,-1.318345209400172191e+00,-3.281194381958643103e+00,-2.047961049879475937e+01,-1.444769876537067965e+01,1.411862492036204308e+01,6.395796564082832703e+00,-1.422026017868591730e+01,4.824706401611167372e-01,1.190843437231823998e+01
5.974877158191436166e+00,-1.286199206744845647e+01,-2.444275313096079927e+01,-3.272657091316417421e+01,-1.571061254971122878e+01,-1.232102321239406351e+01,-2.650931501408819457e+01,-8.610611026692213343e+00,3.200945851400097553e+01,2.304819319465693184e+01,-1.788523998440324059e+00,-3.617131702381724434e+00,-1.169505072905558718e+00
5.437941637252592386e+00,-1.335953626442954700e+01,-2.081714033498478855e+01,-2.780327119860389118e+01,-1.441256364825188463e+01,-8.294982941941009713e+00,-2.201964050919900018e+01,-4.539105999155371940e+00,2.249665398714542519e+01,1.943196174129803211e+01,-2.683867468566929482e+00,-1.149752812631555932e+00,-1.832700253773711152e+00
4.785417889733039942e+00,-1.354459515554506588e+01,-1.205446560565089698e+01,-2.324876553866932483e+01,-1.205597642524007540e+01,-6.064016890979244678e+00,-9.848909633160586097e+00,-1.088486530187820822e+00,8.955925995148721341e+00,1.147465159958176883e+01,-1.013893155695823056e+00,-7.083852299079013370e+00,-9.431309341373243171e+00
4.986018860016987908e+00,-1.474655692068642843e+01,-1.580766606043877154e+01,-1.985611387239331904e+01,6.785122891572994419e+00,3.990875722315508689e+00,-6.057428812688225861e+00,1.874880733371483421e+00,8.910303744263622150e+00,4.514947261537996859e+00,-1.225364364177922205e+01,-6.358059179154198937e+00,-5.223333759832394563e+00
5.095046659216871276e+00,-1.552041442245938896e+01,-2.055401846003310240e+01,-2.433778841471198362e+01,2.804652256990101566e+00,1.029799794336906338e+01,5.801919664330543180e-02,2.801716716968527088e+00,4.495837001382795295e-01,-1.888979462682107879e+01,-2.839113511065804829e+01,-7.461579832400978773e+00,1.481864967765449626e+00
5.467723960061139366e+00,-1.428567011502627437e+01,-2.142688623708001927e+01,-3.158846338832963241e+01,-6.117666303452137022e+00,1.848921046302960391e+01,1.345775951261671644e+01,7.468612028509731715e+00,-5.915360980026658666e+00,-1.826597008146231005e+01,-1.302530854754284206e+01,4.069051102368448358e-01,5.654383710771731408e+00
5.434734540881255960e+00,-1.394876138624806217e+01,-1.769430419848460190e+01,-3.661321150309223782e+01,-1.300552115956379851e+01,1.636822071579060633e+01,1.806894821590571709e+01,1.991544308892499560e+00,-1.723961077867384617e+01,-1.680478302039204053e+01,-3.127874286443080187e+00,4.463084434490021124e-01,-1.477300061147670984e+00
4.669290963022391772e+00,-2.209719836470756960e+01,-1.882642132980782890e+01,-3.997713695739683004e+01,-1.883870706909897663e+01,1.250632768445395726e+01,1.910664956997876018e+01,2.064108659597903017e+00,-1.275124799216660065e+01,-1.777523107370514666e+01,-4.037976239291298342e+00,4.357888063676547574e+00,8.656101811597734397e+00
3.557015158833325863e+00,-2.315242523429611765e+01,-1.336922712396456703e+01,-2.833356034380738819e+01,-1.766981822267483082e+01,8.265516225681709628e+00,1.805540100362965816e+01,-4.140018370549735649e-01,-1.293729030921579337e+01,-1.459469505672841372e+01,7.372168316725887571e+00,1.307645127269029928e+01,9.781566473021472419e+00
1.075204247797505897e+00,-2.569569089128220796e+01,-1.604656211766527818e+01,-1.018503330796223771e+01,-7.737484945687958415e+00,3.922596853138119455e-01,3.855058861776394785e-02,-4.667967646693249151e+00,-1.699814172963796777e+00,-9.922927344456846654e+00,-5.300825409537584854e+00,4.949551796328482745e+00,-1.024341543661459575e+00
-2.609675711974368192e-02,-4.250091658151036000e+01,-9.790366853338893449e+00,-1.343095800337643730e+01,-6.960883642502070145e+00,-8.031222187632918619e+00,-4.297623621107971914e+00,-4.180367572012084310e+00,-1.877898162744767285e+00,-3.132803455801594694e+00,-2.105341623726503908e+00,-1.833905247323576848e+00,-1.144239785545408727e+00
-3.604365338911715355e+01,0.000000000000000000e+00,0.000000000000000000e+00,0.000000000000000000e+00,0.000000000000000000e+00,0.000000000000000000e+00,-3.432169450445465983e-14,0.000000000000000000e+00,0.000000000000000000e+00,0.000000000000000000e+00,9.640286916519939396e-15,0.000000000000000000e+00,0.000000000000000000e+00
-3.604365338911715355e+01,0.000000000000000000e+00,0.000000000000000000e+00,0.000000000000000000e+00,0.000000000000000000e+00,0.000000000000000000e+00,-3.432169450445465983e-14,0.000000000000000000e+00,0.000000000000000000e+00,0.000000000000000000e+00,9.640286916519939396e-15,0.000000000000000000e+00,0.000000000000000000e+00
-3.604365338911715355e+01,0.000000000000000000e+00,0.000000000000000000e+00,0.000000000000000000e+00,0.000000000000000000e+00,0.000000000000000000e+00,-3.432169450445465983e-14,0.000000000000000000e+00,0.000000000000000000e+00,0.000000000000000000e+00,9.640286916519939396e-15,0.000000000000000000e+00,0.000000000000000000e+00
-3.604365338911715355e+01,0.000000000000000000e+00,0.000000000000000000e+00,0.000000000000000000e+00,0.000000000000000000e+00,0.000000000000000000e+00,-3.432169450445465983e-14,0.000000000000000000e+00,0.000000000000000000e+00,0.000000000000000000e+00,9.640286916519939396e-15,0.000000000000000000e+00,0.000000000000000000e+00
-3.604365338911715355e+01,0.000000000000000000e+00,0.000000000000000000e+00,0.000000000000000000e+00,0.000000000000000000e+00,0.000000000000000000e+00,-3.432169450445465983e-14,0.000000000000000000e+00,0.000000000000000000e+00,0.000000000000000000e+00,9.640286916519939396e-15,0.000000000000000000e+00,0.000000000000000000e+00
-3.604365338911715355e+01,0.000000000000000000e+00,0.000000000000000000e+00,0.000000000000000000e+00,0.000000000000000000e+00,0.000000000000000000e+00,-3.432169450445465983e-14,0.000000000000000000e+00,0.000000000000000000e+00,0.000000000000000000e+00,9.640286916519939396e-15,0.000000000000000000e+00,0.000000000000000000e+00
-3.604365338911715355e+01,0.000000000000000000e+00,0.000000000000000000e+00,0.000000000000000000e+00,0.000000000000000000e+00,0.000000000000000000e+00,-3.432169450445465983e-14,0.000000000000000000e+00,0.000000000000000000e+00,0.000000000000000000e+00,9.640286916519939396e-15,0.000000000000000000e+00,0.000000000000000000e+00
-3.604365338911715355e+01,0.000000000000000000e+00,0.000000000000000000e+00,0.000000000000000000e+00,0.000000000000000000e+00,0.000000000000000000e+00,-3.432169450445465983e-14,0.000000000000000000e+00,0.000000000000000000e+00,0.000000000000000000e+00,9.640286916519939396e-15,0.000000000000000000e+00,0.000000000000000000e+00
-3.604365338911715355e+01,0.000000000000000000e+00,0.000000000000000000e+00,0.000000000000000000e+00,0.000000000000000000e+00,0.000000000000000000e+00,-3.432169450445465983e-14,0.000000000000000000e+00,0.000000000000000000e+00,0.000000000000000000e+00,9.640286916519939396e-15,0.000000000000000000e+00,0.000000000000000000e+00
-3.604365338911715355e+01,0.000000000000000000e+00,0.000000000000000000e+00,0.000000000000000000e+00,0.000000000000000000e+00,0.000000000000000000e+00,-3.432169450445465983e-14,0.000000000000000000e+00,0.000000000000000000e+00,0.000000000000000000e+00,9.640286916519939396e-15,0.000000000000000000e+00,0.000000000000000000e+00
-3.604365338911715355e+01,0.000000000000000000e+00,0.000000000000000000e+00,0.000000000000000000e+00,0.000000000000000000e+00,0.000000000000000000e+00,-3.432169450445465983e-14,0.000000000000000000e+00,0.000000000000000000e+00,0.000000000000000000e+00,9.640286916519939396e-15,0.000000000000000000e+00,0.000000000000000000e+00
-3.604365338911715355e+01,0.000000000000000000e+00,0.000000000000000000e+00,0.000000000000000000e+00,0.000000000000000000e+00,0.000000000000000000e+00,-3.432169450445465983e-14,0.000000000000000000e+00,0.000000000000000000e+00,0.000000000000000000e+00,9.640286916519939396e-15,0.000000000000000000e+00,0.000000000000000000e+00
-3.604365338911715355e+01,0.000000000000000000e+00,0.000000000000000000e+00,0.000000000000000000e+00,0.000000000000000000e+00,0.000000000000000000e+00,-3.432169450445465983e-14,0.000000000000000000e+00,0.000000000000000000e+00,0.000000000000000000e+00,9.640286916519939396e-15,0.000000000000000000e+00,0.000000000000000000e+00
-3.604365338911715355e+01,0.000000000000000000e+00,0.000000000000000000e+00,0.000000000000000000e+00,0.000000000000000000e+00,0.000000000000000000e+00,-3.432169450445465983e-14,0.000000000000000000e+00,0.000000000000000000e+00,0.000000000000000000e+00,9.640286916519939396e-15,0.000000000000000000e+00,0.000000000000000000e+00
-3.604365338911715355e+01,0.000000000000000000e+00,0.000000000000000000e+00,0.000000000000000000e+00,0.000000000000000000e+00,0.000000000000000000e+00,-3.432169450445465983e-14,0.000000000000000000e+00,0.000000000000000000e+00,0.000000000000000000e+00,9.640286916519939396e-15,0.000000000000000000e+00,0.000000000000000000e+00
-3.604365338911715355e+01,0.000000000000000000e+00,0.000000000000000000e+00,0.000000000000000000e+00,0.000000000000000000e+00,0.000000000000000000e+00,-3.432169450445465983e-14,0.000000000000000000e+00,0.000000000000000000e+00,0.000000000000000000e+00,9.640286916519939396e-15,0.000000000000000000e+00,0.000000000000000000e+00
-3.604365338911715355e+01,0.000000000000000000e+00,0.000000000000000000e+00,0.000000000000000000e+00,0.000000000000000000e+00,0.000000000000000000e+00,-3.432169450445465983e-14,0.000000000000000000e+00,0.000000000000000000e+00,0.000000000000000000e+00,9.640286916519939396e-15,0.000000000000000000e+00,0.000000000000000000e+00
-3.604365338911715355e+01,0.000000000000000000e+00,0.000000000000000000e+00,0.000000000000000000e+00,0.000000000000000000e+00,0.000000000000000000e+00,-3.432169450445465983e-14,0.000000000000000000e+00,0.000000000000000000e+00,0.000000000000000000e+00,9.640286916519939396e-15,0.000000000000000000e+00,0.000000000000000000e+00
-3.604365338911715355e+01,0.000000000000000000e+00,0.000000000000000000e+00,0.000000000000000000e+00,0.000000000000000000e+00,0.000000000000000000e+00,-3.432169450445465983e-14,0.000000000000000000e+00,0.000000000000000000e+00,0.000000000000000000e+00,9.640286916519939396e-15,0.000000000000000000e+00,0.000000000000000000e+00
-3.604365338911715355e+01,0.000000000000000000e+00,0.000000000000000000e+00,0.000000000000000000e+00,0.000000000000000000e+00,0.000000000000000000e+00,-3.432169450445465983e-14,0.000000000000000000e+00,0.000000000000000000e+00,0.000000000000000000e+00,9.640286916519939396e-15,0.000000000000000000e+00,0.000000000000000000e+00
-3.604365338911715355e+01,0.000000000000000000e+00,0.000000000000000000e+00,0.000000000000000000e+00,0.000000000000000000e+00,0.000000000000000000e+00,-3.432169450445465983e-14,0.000000000000000000e+00,0.000000000000000000e+00,0.000000000000000000e+00,9.640286916519939396e-15,0.000000000000000000e+00,0.000000000000000000e+00
-3.604365338911715355e+01,0.000000000000000000e+00,0.000000000000000000e+00,0.000000000000000000e+00,0.000000000000000000e+00,0.000000000000000000e+00,-3.432169450445465983e-14,0.000000000000000000e+00,0.000000000000000000e+00,0.000000000000000000e+00,9.640286916519939396e-15,0.000000000000000000e+00,0.000000000000000000e+00
-3.604365338911715355e+01,0.000000000000000000e+00,0.000000000000000000e+00,0.000000000000000000e+00,0.000000000000000000e+00,0.000000000000000000e+00,-3.432169450445465983e-14,0.000000000000000000e+00,0.000000000000000000e+00,0.000000000000000000e+00,9.640286916519939396e-15,0.000000000000000000e+00,0.000000000000000000e+00
-3.604365338911715355e+01,0.000000000000000000e+00,0.000000000000000000e+00,0.000000000000000000e+00,0.000000000000000000e+00,0.000000000000000000e+00,-3.432169450445465983e-14,0.000000000000000000e+00,0.000000000000000000e+00,0.000000000000000000e+00,9.640286916519939396e-15,0.000000000000000000e+00,0.000000000000000000e+00
-3.604365338911715355e+01,0.000000000000000000e+00,0.000000000000000000e+00,0.000000000000000000e+00,0.000000000000000000e+00,0.000000000000000000e+00,-3.432169450445465983e-14,0.000000000000000000e+00,0.000000000000000000e+00,0.000000000000000000e+00,9.640286916519939396e-15,0.000000000000000000e+00,0.000000000000000000e+00
-1.685214051630591278e-02,-1.230170370610020925e+01,4.672675603593897109e-01,-2.728077424169450982e+00,-2.516715915815546989e+00,-7.604112222483429662e+00,-1.075821239296106668e+01,-1.410798100781499187e+01,-9.885634791745113503e+00,-1.941061322124677746e+00,7.676654999013272196e+00,8.566722627888212926e+00,6.470558048930250550e-01
1.592125952723693283e+00,-1.439862743983069393e+01,-3.655714781291949933e+00,-1.982132669722917351e+00,-9.367841499147085138e-02,-7.573563381615231016e+00,-2.741537212908753851e+00,-1.040269916136687733e+01,-1.036108454653067668e+01,-1.213310246353889887e+01,-8.577910686460711531e+00,-1.971551626945659219e+00,-2.447215011711823873e+00
1.480610483447413417e+00,-1.836985729643993182e+01,-4.474731502497730773e+00,-9.484971295996968976e+00,-7.588243054310618518e+00,-4.294933691128182573e+00,-5.462308509740790186e+00,-6.548997173827315166e+00,6.244936924154173008e-01,1.197926440597762321e+00,-4.334489337211464566e+00,-3.249882329650617407e+00,-3.744403748188415815e+00
-7.346998293127972035e-01,-1.517519444331800571e+01,-5.835200257467906049e+00,-9.940063822797778670e+00,-7.309362214487082454e+00,-6.957509918588973719e+00,-2.320328882241380786e+00,-6.564587893780470251e-01,3.961873157233624654e-01,-2.541806932598573709e+00,-2.420336515872254068e+00,-7.627400707771216926e-01,2.137059555340404260e-01
-3.604365338911715355e+01,0.000000000000000000e+00,0.000000000000000000e+00,0.000000000000000000e+00,0.000000000000000000e+00,0.000000000000000000e+00,-3.432169450445465983e-14,0.000000000000000000e+00,0.000000000000000000e+00,0.000000000000000000e+00,9.640286916519939396e-15,0.000000000000000000e+00,0.000000000000000000e+00
-3.604365338911715355e+01,0.000000000000000000e+00,0.000000000000000000e+00,0.000000000000000000e+00,0.000000000000000000e+00,0.000000000000000000e+00,-3.432169450445465983e-14,0.000000000000000000e+00,0.000000000000000000e+00,0.000000000000000000e+00,9.640286916519939396e-15,0.000000000000000000e+00,0.000000000000000000e+00
-3.604365338911715355e+01,0.000000000000000000e+00,0.000000000000000000e+00,0.000000000000000000e+00,0.000000000000000000e+00,0.000000000000000000e+00,-3.432169450445465983e-14,0.000000000000000000e+00,0.000000000000000000e+00,0.000000000000000000e+00,9.640286916519939396e-15,0.000000000000000000e+00,0.000000000000000000e+00
-3.604365338911715355e+01,0.000000000000000000e+00,0.000000000000000000e+00,0.000000000000000000e+00,0.000000000000000000e+00,0.000000000000000000e+00,-3.432169450445465983e-14,0.000000000000000000e+00,0.000000000000000000e+00,0.000000000000000000e+00,9.640286916519939396e-15,0.000000000000000000e+00,0.000000000000000000e+00
-3.604365338911715355e+01,0.000000000000000000e+00,0.000000000000000000e+00,0.000000000000000000e+00,0.000000000000000000e+00,0.000000000000000000e+00,-3.432169450445465983e-14,0.000000000000000000e+00,0.000000000000000000e+00,0.000000000000000000e+00,9.640286916519939396e-15,0.000000000000000000e+00,0.000000000000000000e+00
-3.604365338911715355e+01,0.000000000000000000e+00,0.000000000000000000e+00,0.000000000000000000e+00,0.000000000000000000e+00,0.000000000000000000e+00,-3.432169450445465983e-14,0.000000000000000000e+00,0.000000000000000000e+00,0.000000000000000000e+00,9.640286916519939396e-15,0.000000000000000000e+00,0.000000000000000000e+00
-3.604365338911715355e+01,0.000000000000000000e+00,0.000000000000000000e+00,0.000000000000000000e+00,0.000000000000000000e+00,0.000000000000000000e+00,-3.432169450445465983e-14,0.000000000000000000e+00,0.000000000000000000e+00,0.000000000000000000e+00,9.640286916519939396e-15,0.000000000000000000e+00,0.000000000000000000e+00
