3.830839312476272426e+03
3.418195281888299178e+03
2.820445845472740075e+03
2.051506527129204187e+03
1.038879690927524052e+03
1.299869542375321089e+03
1.100915728340565693e+03
9.096681817839736368e+02
9.599204746374975912e+02
9.310730962600405292e+02
1.386283887932085463e+03
1.881496074973189707e+03
3.646008857131189416e+03
5.375856894416519026e+03
3.479000924243011013e+03
4.026811404965591919e+03
3.623443040059347368e+03
3.152064538535743850e+03
2.724633366073437173e+03
2.598140671920979912e+03
2.574903876350180326e+03
2.115187694057137833e+03
2.048841095967250567e+03
2.322105225452037303e+03
1.940178875666264048e+03
1.719342907350715222e+03
2.258141691199749403e+03
2.593101783748707021e+03
2.243992642360433365e+03
2.960655291463699996e+03
2.649841993141657895e+03
2.873622385364623369e+03
2.171195998424354457e+03
1.857767382058315661e+03
2.882130354814088605e+03
2.730826620972960882e+03
2.371061384685319808e+03
3.451414029272864809e+03
2.119264864263712298e+03
3.511489473220493437e+03
4.707448040239009060e+03
3.840856315544659083e+03
3.052254438220259999e+03
3.633682027183144783e+03
3.297431355110959430e+03
3.361226611265612974e+03
2.650634810614577418e+03
4.460323075726091702e+03
3.645858693361154110e+03
3.849532160114635190e+03
2.171975991769286793e+03
3.478679780331899110e+03
3.519623351761643789e+03
3.511679393924921897e+03
2.953901718547028850e+03
3.873271740492642948e+03
2.203774791190501674e+03
2.559995871490666559e+03
3.728409078362556556e+03
2.499150281151378294e+03
2.567633408287373641e+03
3.668557774128199071e+03
3.217125134460152367e+03
3.262740233765960966e+03
3.568921418503133282e+03
2.430723240260310376e+03
2.581741532055602875e+03
3.534988107485859018e+03
4.328687531897759072e+03
3.190954819738005881e+03
2.793621174280145624e+03
3.195487288617798185e+03
2.115759543263292016e+03
1.893678008341463737e+03
3.191251195870873744e+03
3.020556076042339100e+03
3.177802433769586514e+03
2.142550961600310075e+03
2.161303325972638504e+03
2.665383790568023414e+03
1.893820123924388554e+03
2.409825332657955641e+03
1.688436664477989780e+03
2.482494269364493448e+03
1.824735864060979793e+03
1.937756929647193829e+03
1.770801871878467637e+03
3.743674014076695585e+03
2.733469410637562305e+03
2.820372749421813751e+03
4.051076598045063292e+03
3.447447631749294487e+03
4.765106841271464873e+03
3.946707724857307312e+03
2.437972748541117198e+03
1.292781702702199709e+03
1.357418365076499640e+03
1.270260637682253218e+03
9.181055691915764783e+02
1.273243516912529230e+03
3.056019942233469010e+03
1.962050277322289048e+03
2.453937167607508854e+03
1.906238082219149874e+03
2.245949154200788598e+03
2.363969943930873796e+03
2.623169396858720575e+03
1.506934106025217716e+03
3.290206717327562274e+03
6.078559103306345605e+03
4.888154696284680540e+03
5.854713518966981610e+03
4.617467557876342653e+03
5.928144665455904033e+03
7.064961845093823285e+03
6.144714219701239017e+03
3.677776286344450000e+03
3.282464891807356707e+03
2.840715516238376495e+03
2.527231605787657827e+03
4.187014988966778219e+03
3.827446367634535363e+03
2.190139965183915592e+03
2.765699529028451707e+03
2.394437941746877186e+03
1.712123816517620526e+03
1.470870367738964205e+03
1.123870532063275732e+03
1.627422150036033827e+03
1.339207440335246247e+03
1.546979163962902021e+03
1.578412020163101261e+03
1.295132625594546425e+03
9.998581210860437523e+02
1.429460027412139652e+03
1.135747730833802734e+03
1.085049697791708013e+03
1.262456204881592384e+03
1.834089405789540706e+03
1.601617732614781289e+03
1.235573824017879133e+03
1.600397198128530817e+03
1.570379251748534216e+03
1.929448224847059919e+03
1.907407930499426584e+03
1.759847629824835849e+03
1.742108600810570579e+03
1.848560871214230019e+03
1.799461530672519984e+03
2.319738550161414878e+03
1.876440811694038530e+03
2.328226199464760612e+03
2.159947929114438011e+03
2.688318052610140512e+03
2.802499399333070414e+03
2.269069353584749933e+03
2.325694026753416438e+03
2.050764323292165500e+03
2.250217521205793219e+03
2.497236241544796030e+03
2.389609246100803830e+03
2.432978810169462577e+03
2.914989963461122443e+03
1.976524987441338226e+03
2.028286016152038655e+03
1.583409141351171456e+03
1.726104708283460923e+03
1.842385891728083152e+03
1.595818855799848279e+03
1.999359663586163151e+03
2.562406351764910141e+03
2.010762606749757651e+03
2.075877418111166662e+03
1.679967428061629562e+03
2.096257149036607643e+03
1.708297217564413813e+03
2.060784291865559680e+03
2.155930139957625215e+03
2.040702478413928247e+03
2.027643616439816924e+03
2.121038707960181455e+03
1.871189042557629136e+03
1.544632508651522357e+03
1.718088393068667756e+03
1.637619588672582267e+03
1.229356589887774589e+03
1.460373787448871326e+03
1.553943010240134299e+03
1.068389643150054098e+03
2.424561880786332949e+03
3.528630368993791762e+03
4.491611380579378419e+03
4.351288854963957419e+03
5.096520712030213872e+03
3.637121242981131672e+03
4.645589922973083958e+03
3.391630507153207418e+03
4.192862656370393779e+03
3.140001845519409926e+03
4.589963228232984875e+03
4.099102597710510054e+03
3.387472540528934587e+03
2.949612482730808097e+03
2.696036527565659071e+03
2.048970905131460768e+03
4.589513097406979796e+03
3.149132342448729105e+03
3.514517619680122607e+03
4.633891537744137167e+03
2.326043374276072882e+03
3.367481663029141600e+03
3.753343480270958480e+03
2.499249819563906385e+03
2.827267900595541960e+03
2.524007384805251604e+03
2.505072595917897615e+03
2.356077120383239617e+03
2.014883258357854629e+03
2.987232513872388608e+03
2.877842808624952795e+03
2.753165893926330682e+03
2.605118678502603416e+03
2.399904283670682162e+03
2.208667034172492549e+03
1.924644752221596036e+03
2.513010588581549655e+03
2.507187526572261959e+03
2.227703608128113956e+03
2.803705865025142884e+03
2.126934658765133918e+03
3.101255951709561032e+03
2.812272306394209863e+03
2.755156721910649139e+03
3.234269121194450236e+03
2.908452333413693395e+03
3.179264145902198379e+03
4.301094729461121460e+03
3.849244770706402960e+03
2.923574093748942232e+03
2.766592971296513952e+03
2.563659112505246412e+03
3.125706972912449601e+03
2.778838749394756178e+03
2.317494651575018452e+03
2.833928899578802429e+03
2.589258079786885901e+03
2.070691838523504885e+03
2.122745084165734170e+03
3.047522326254174004e+03
3.228008980907046407e+03
2.211052749693093574e+03
2.881395590007778537e+03
3.441552554290376065e+03
2.170693972644749010e+03
3.229431982427473940e+03
3.143073834758382873e+03
2.900990583181073362e+03
2.905175792769919099e+03
4.112840037697756998e+03
3.505795746183976462e+03
2.459902389766671604e+03
2.362072481132096982e+03
3.025464949928753867e+03
3.174390944531405694e+03
2.444226263968308103e+03
4.197410327159805092e+03
3.868764528487149619e+03
4.560105327422359551e+03
3.727191322418628260e+03
4.098004005529518508e+03
3.033434020587303621e+03
1.344306916843661838e+03
9.005956486148434124e+02
9.823796260173926385e+02
4.349574641569815867e+03
6.622017863992277853e+03
6.281078734879344665e+03
4.877300831962606026e+03
6.011250980707513008e+03
5.386042835304035179e+03
4.707193396102047700e+03
5.198666560304227460e+03
3.954630775862955488e+03
2.625414974125485969e+03
1.788886176639377936e+03
2.556010376209112565e+03
2.095893402800623790e+03
2.464645093156080748e+03
2.822173394598679806e+03
1.842163942965573597e+03
2.132795575472924156e+03
2.765454197027842383e+03
2.500664139844988313e+03
2.255818774497845425e+03
4.006192844777971914e+03
3.833536920547139744e+03
3.825414778206376468e+03
3.714681691819562275e+03
2.712441652421594426e+03
2.172121646708007574e+03
1.957484593201567122e+03
1.668812768935438044e+03
1.654521448491035699e+03
1.629264293267146513e+03
1.691001343130398482e+03
1.220551640199977555e+03
1.082980562710968570e+03
2.557963251777185633e+03
4.815089357985079005e+03
5.815373162166180919e+03
5.260220656092064019e+03
4.916024415642336862e+03
3.909975945283838428e+03
3.919595824352236832e+03
3.795328035027489022e+03
4.269456618956339298e+03
2.476446632951188803e+03
3.618590217568349090e+03
3.659517263180004193e+03
4.255725117646587933e+03
4.082344956270599141e+03
3.801332226459517187e+03
4.293619815553480294e+03
4.230442077579426041e+03
4.424335217297408235e+03
4.313341430364996995e+03
3.963736088110882520e+03
3.045912937232672903e+03
2.733032124569270309e+03
4.093792935139606016e+03
4.252783986063688644e+03
3.971103721660627798e+03
4.731801161028950446e+03
4.638907285852469613e+03
4.004794571824308150e+03
5.043409253890884429e+03
4.449960675585551144e+03
3.836559096128818055e+03
2.250653625444876070e+03
2.521843076302080135e+03
1.738709528988098555e+03
4.246908318052104732e+03
5.304110188713554635e+03
4.977767706676475427e+03
3.223516212497811466e+03
3.373283500598980027e+03
2.954281477347829423e+03
3.857593281409739120e+03
3.235678681149592649e+03
3.330630359253855659e+03
2.782567220087367787e+03
2.716454598350318065e+03
2.993709404451350565e+03
2.864983380641725489e+03
2.872634202435130192e+03
3.172169886046138799e+03
2.357554568202964674e+03
2.442646174225005780e+03
2.331301020775159486e+03
2.799833173023052495e+03
1.913908622537413748e+03
1.632920641840517192e+03
1.188860020526774861e+03
1.296842694457491007e+03
2.035898042080451432e+03
1.718031393904994729e+03
1.716208834450902714e+03
1.474210408463816066e+03
1.768859178110393032e+03
1.361744581808554813e+03
2.136441852304821623e+03
2.702140112554819552e+03
2.075440136529008214e+03
2.330300468941722102e+03
2.321449352224524773e+03
2.977650906834912803e+03
1.806505138324806012e+03
1.689765404569973271e+03
1.617861892024230201e+03
1.820441225772522785e+03
1.984691819508869912e+03
1.753952499769924088e+03
1.781894493735201195e+03
1.783283352339928570e+03
2.436677089015468937e+03
2.193508786505156877e+03
2.029540824026525115e+03
2.325852924744630400e+03
2.328728416042560639e+03
2.053126254785068795e+03
2.147357381134496791e+03
2.373466765904346630e+03
1.808934155630805662e+03
9.618062265691394259e+02
9.358895393096917132e+02
1.088678251356897817e+03
4.309933637416383135e+03
4.910382191218761363e+03
2.060776569443056360e+03
3.914955778118679973e+03
4.103660049305632128e+03
3.879803979164351858e+03
3.079269870438760336e+03
1.833579438072092444e+03
1.617411949130835183e+03
2.509126460778534238e+03
3.062252862510828891e+03
2.570349881169042874e+03
4.180701305858226078e+03
2.918531952344975707e+03
2.103377632532205553e+03
3.717267294104005032e+03
4.121494902392601034e+03
2.068830548213552902e+03
5.750017157316724479e+03
3.463402131250413731e+03
3.283543529842403132e+03
1.964036062150184080e+03
1.564156924573181186e+03
1.295991917116120931e+03
2.222369761624907369e+03
2.184503280531667770e+03
1.325749990682582393e+03
1.628747519945098929e+03
1.482096941792749021e+03
2.618251908045669097e+03
2.177860286587569590e+03
4.831071207960971151e+03
3.363921795448151443e+03
3.995481944663828017e+03
3.221562228284703906e+03
3.151574054960133253e+03
2.688996359248852059e+03
3.133944805893750981e+03
2.755820324215541859e+03
2.413048184145844516e+03
1.442730451951472787e+03
2.321339906509491357e+03
4.042446378827870376e+03
3.277980627626815021e+03
5.346700791704286530e+03
2.981175152188425272e+03
3.960932658533423819e+03
3.845643400846144232e+03
3.548127540110690461e+03
3.876910992574440570e+03
2.829432332555487392e+03
3.344536600761049158e+03
1.855715517890353567e+03
2.311170728434003195e+03
4.173242189446127668e+03
3.693299203608878543e+03
4.043948108141279135e+03
3.140830555499595448e+03
4.115336369158716479e+03
3.112317057924897654e+03
3.040748461375855641e+03
3.073868811812832064e+03
2.054457010715592332e+03
2.294902008640033728e+03
3.767488360051930613e+03
2.870622957102803866e+03
4.137755616671561256e+03
2.649450913982640941e+03
2.615206199070104049e+03
3.171884499150637566e+03
3.541794721670536546e+03
3.481844917514026292e+03
3.467136153463041865e+03
3.717393477927148524e+03
3.662965503223618271e+03
3.700510441925339364e+03
3.187476970356283800e+03
2.652624962504418363e+03
2.422007723882285973e+03
2.442992710496577729e+03
4.255407337199175345e+03
3.879858145584332306e+03
3.504361977211157409e+03
3.750839886268521695e+03
3.789679138334135587e+03
4.143277140432411215e+03
3.840148248283453086e+03
3.746573555693022172e+03
4.021420146891457534e+03
4.438991005386908910e+03
6.075838509022388280e+03
3.356446788713018123e+03
2.952028928559886026e+03
3.062521214282406618e+03
3.181551241983385808e+03
2.890806643826101663e+03
2.774238188860117134e+03
2.568846149058128049e+03
1.858497343207562380e+03
