1.688568199301320874e+03
2.383140289722780381e+03
1.457503875595996533e+03
1.279923274703275411e+03
1.361211407807828209e+03
1.494318154384078298e+03
1.051543464843497077e+03
1.179763873897247549e+03
1.596142530208743210e+03
1.758827200929863011e+03
1.449716882491734168e+03
1.288379737517305557e+03
1.285501175123211851e+03
1.440468152563365038e+03
1.030515121821373441e+03
1.381666319511727806e+03
1.693254133824209021e+03
2.060206870308012640e+03
1.567274935492394889e+03
1.077884994609140222e+03
1.153585920018170327e+03
1.403839561250286806e+03
1.227814561418956600e+03
9.827658424676955065e+02
1.004784103677279859e+03
1.421668512219756394e+03
1.908289061449207338e+03
1.357838060765868022e+03
1.352072046584042937e+03
1.773803472467357551e+03
1.394500543142482002e+03
1.310011340270409391e+03
8.087787115123757076e+02
9.016259725238688816e+02
1.210104828682355901e+03
1.713291463022018434e+03
1.254995003761201815e+03
9.980646734471825994e+02
9.381674019003141893e+02
9.624089389726615309e+02
9.678623278577797464e+02
8.979211191140593655e+02
8.679548263167428104e+02
8.130523739928759142e+02
9.614713117865637741e+02
1.009843011369180203e+03
9.363037665474214464e+02
1.235289903248439714e+03
1.207454550995270665e+03
9.652183977156552146e+02
1.031516714336585437e+03
1.001064492287777512e+03
9.979005356960885820e+02
8.836378877637177993e+02
1.142921267677465039e+03
7.721602876543431648e+02
1.198783478941391422e+03
1.134103483564185353e+03
1.282212250764105875e+03
1.008728799268733269e+03
9.170870943650934350e+02
9.700440567762824458e+02
1.336181596677444986e+03
1.270102121203374281e+03
9.142748107487626612e+02
7.584118775685998344e+02
7.954482090735357360e+02
8.894998118846854140e+02
8.941238930013671506e+02
9.735293314095407595e+02
1.020903460745597840e+03
1.083250888690055490e+03
1.263889485622024722e+03
9.011899683134710131e+02
1.078070500117971278e+03
1.017952231212807533e+03
9.851940465990193161e+02
1.084772858286988139e+03
8.775689528701357176e+02
1.818679785423776593e+03
3.593290728232779202e+03
3.353873246401272354e+03
3.252433371450509640e+03
5.415831944892644060e+03
4.064068616520694832e+03
3.834757073200767081e+03
5.245139239842824281e+03
3.051346710973103654e+03
2.447742551939107670e+03
2.513744747070788435e+03
1.974732816160601487e+03
1.020043472006028537e+03
2.059336678027698781e+03
1.912102526638860354e+03
2.034492320940945319e+03
3.852465918779346339e+03
5.783516054616870861e+03
4.966253348963477038e+03
5.588460121061535574e+03
6.339728233187849582e+03
6.691625545150373910e+03
2.202714087656185256e+03
2.263256640073933340e+03
1.134362411140371933e+03
9.342818759141223381e+02
2.115961198358429101e+03
2.563185134236701742e+03
1.806140897258152791e+03
3.787839933885198661e+03
3.552954722584691353e+03
3.607374481730158550e+03
3.412825445474704338e+03
4.082013545551619700e+03
4.226971944758364771e+03
3.786342684138326149e+03
2.909293178042938507e+03
2.384316378015842474e+03
3.520698034371040649e+03
2.903518601485533509e+03
1.601786306613473016e+03
1.957714710499120429e+03
1.285572643463513714e+03
1.966910049702325523e+03
1.766951781099147183e+03
2.901060649426642613e+03
3.358374685191306980e+03
2.181028759950391304e+03
3.403481189147944406e+03
3.577337085002224740e+03
3.430460414899877833e+03
3.463963362636645797e+03
2.943344914766508282e+03
1.994664786149980046e+03
1.632053614760050095e+03
3.329629443889817139e+03
3.807560010869807684e+03
3.854388223166513853e+03
3.926778854878241873e+03
3.974367648518016267e+03
3.716108951945979243e+03
3.874613869051293932e+03
3.470474061504513884e+03
3.718323606128550637e+03
4.196533304983941889e+03
3.086931833375235783e+03
5.840930794172321839e+03
4.149107872546114777e+03
4.215512223353809532e+03
2.880646252732458379e+03
4.176903046071331119e+03
3.841011544153381237e+03
4.396658498542035886e+03
4.354367373422046512e+03
4.738938103999814302e+03
4.998116535519668105e+03
4.952874369261146057e+03
4.816640644601844542e+03
4.240492196838375094e+03
3.518954549870079973e+03
4.559757210351231151e+03
3.188708115357447241e+03
3.766421343139448709e+03
3.852761413408695262e+03
2.894347427693133795e+03
4.220615853118941232e+03
3.925213882806207039e+03
2.719569004357940685e+03
2.303048940219429369e+03
2.960945053054249001e+03
3.500092642852647259e+03
2.654677893433569807e+03
2.926344877314853875e+03
3.372088132761623001e+03
2.769238505347776481e+03
3.047486776156309588e+03
2.852457270681615682e+03
2.956183654200001001e+03
3.743880010721161852e+03
4.536234165804362419e+03
4.203843239598645596e+03
3.114374452688422025e+03
3.555956919632699737e+03
3.346272606644035932e+03
4.359239055991741225e+03
3.230345309216186706e+03
3.411242661045462228e+03
3.189175262150821254e+03
2.075347935792960925e+03
2.475071681489531784e+03
2.698924746544679692e+03
3.424974110451183151e+03
3.779689769506600442e+03
3.162988592829727168e+03
3.349269914001081816e+03
3.283515612999236055e+03
3.515917633382388885e+03
4.001672763148807007e+03
3.930798572664207313e+03
3.399665684549154321e+03
3.190697824450386634e+03
3.915476664249914847e+03
3.475196334042418130e+03
2.824193622818409040e+03
2.565596813592224862e+03
3.226339953417485958e+03
2.322253355761928105e+03
2.956039702715707335e+03
2.986366898001168920e+03
2.750194713562383640e+03
2.736842793060702206e+03
4.391520884683724944e+03
3.303073657866571466e+03
4.097562296915984916e+03
3.095597814376634688e+03
1.758001628543524703e+03
1.867998693666816052e+03
1.399104288985840867e+03
1.720730407559465220e+03
1.722578694957897369e+03
1.948644474588951880e+03
1.510045086819436392e+03
1.735999608117891967e+03
1.848942995138054357e+03
2.077156282283887322e+03
2.114262237854607974e+03
2.179592752812847266e+03
1.672790549190346383e+03
2.207505445116146802e+03
1.883731256564805335e+03
4.036433182426641451e+03
4.006174146443237987e+03
2.328044398501288470e+03
3.940705250329331648e+03
2.683992755699719964e+03
4.002694700744228612e+03
2.884419626062351654e+03
4.590056946307106045e+03
4.545421241169078712e+03
3.020634359725883314e+03
3.584602103980128049e+03
3.336706261818506391e+03
3.448289564617042743e+03
3.143518303649104382e+03
2.689662554170586645e+03
3.282761343383349868e+03
3.548503766483428080e+03
3.622122235742861903e+03
3.964945976945573875e+03
3.563718705521600441e+03
3.323870403379724848e+03
2.721716975040136276e+03
2.979003354360681897e+03
4.042155133416496938e+03
3.439804335248442840e+03
3.668713707818852527e+03
3.467608883238883664e+03
1.867169492794917687e+03
4.756980310038266907e+03
2.784479685063075522e+03
1.872706994532683893e+03
3.337008599291541486e+03
3.453271699411161990e+03
2.457398923689483581e+03
3.396488606635018186e+03
3.278548444774146901e+03
3.151342462312723455e+03
1.503163062903673335e+03
2.392642904824071593e+03
2.169386580844268792e+03
1.228927775809125251e+03
1.492678616739979361e+03
1.467754518197570633e+03
1.591483417498858671e+03
1.482949866252730772e+03
9.733819023442172238e+02
7.216503084046651111e+02
8.389431000213652396e+02
1.015391896083600614e+03
2.012268795310087853e+03
1.694492537494813632e+03
1.455641196705565108e+03
1.172398286549801469e+03
1.065290903135212375e+03
1.066207962862569502e+03
1.143585341312673563e+03
1.087892555638689373e+03
1.264724606438512637e+03
1.179914871504443454e+03
1.887949919531842170e+03
3.738998813255594087e+03
4.296787336658906497e+03
4.128784622223404767e+03
4.140154116306746801e+03
4.042131032027712081e+03
3.890148091543819191e+03
4.547873147896617411e+03
3.937316012469014368e+03
3.008543439725289318e+03
2.005376741673771676e+03
2.083832068246277686e+03
2.969714975266188048e+03
3.253078524795800604e+03
3.355674702713819897e+03
4.977893393702139292e+03
4.920318856887662150e+03
3.318879045556659094e+03
4.486096145075085587e+03
3.626743028120048621e+03
1.414457145371377464e+03
2.484465710380841756e+03
3.056693481045288991e+03
2.432708484320637581e+03
2.149775386802157300e+03
2.722007444882408890e+03
1.530805671795710623e+03
1.833000851447700143e+03
1.090883336887219230e+03
1.244235534697606226e+03
1.121313788731189561e+03
2.166392686163284452e+03
3.133091074014967944e+03
1.481863562668439954e+03
4.096637434790661246e+03
7.217290397956621746e+03
3.470192192063266702e+03
3.705106847781542001e+03
4.268226625830764533e+03
3.826601157727450300e+03
3.326745964077081226e+03
2.562200453017786458e+03
1.990235916881246567e+03
1.061220073340599356e+03
1.417216100082860521e+03
1.103248585167563760e+03
4.683089415499279312e+03
3.520380102495732444e+03
3.483615581662722889e+03
3.456675706099358194e+03
3.359082087310852330e+03
2.952545319275662678e+03
5.140323842988642355e+03
3.074028201272324623e+03
2.104475057183098215e+03
3.367809269760937241e+03
2.860697312582734412e+03
2.389769391932150484e+03
2.801117836106075629e+03
2.597165073926070363e+03
2.793152737418071865e+03
2.813421193776900964e+03
3.258556590277684791e+03
2.663349353969282674e+03
2.355690296015902277e+03
2.893203225529052816e+03
2.328167434495346697e+03
1.831323756051345526e+03
2.152741374936645570e+03
2.822425383213473197e+03
3.442630432727048174e+03
3.797738133465911233e+03
3.635454601138688759e+03
2.317738129039552859e+03
2.108647658708814561e+03
2.269163377228464924e+03
1.369044984101281443e+03
1.088779061501499655e+03
1.049544965515464355e+03
2.602318689811981130e+03
1.444561243765859444e+03
2.288630365012317725e+03
2.643501009815953239e+03
2.956521963577038605e+03
3.550017083196980821e+03
2.724907126257918208e+03
3.466095265362059763e+03
4.205641576766599428e+03
3.649230182768025770e+03
3.275652128343143431e+03
3.181944252256165782e+03
2.713701822959949823e+03
3.689723318280534841e+03
3.801496074666803906e+03
4.285888328300543435e+03
2.768334035310247600e+03
3.066730044819566046e+03
1.782304256002109014e+03
1.117502996005969635e+03
4.569939269550333847e+03
2.200277448315581751e+03
2.388445985108170589e+03
2.684355402659790343e+03
3.245345824528337744e+03
3.655056028650135886e+03
4.174910135065909344e+03
4.312485945758658090e+03
3.866609856382134694e+03
2.427303949876590195e+03
1.647114767317456881e+03
1.733904477894443517e+03
6.669237315501495686e+02
9.921339670033723905e+02
1.104112003547304994e+03
2.209008001031616004e+03
2.973075751674511594e+03
3.232960277477486670e+03
4.320365741308329234e+03
4.127889264450494920e+03
3.352264928488378700e+03
3.540991389942794740e+03
3.801737827348530573e+03
3.979595273286664451e+03
4.150184088737304592e+03
2.912314579298205445e+03
2.810723674472150378e+03
2.797424663933315514e+03
2.752661647471449214e+03
3.748092296931912642e+03
5.641469212018547296e+03
4.744648833621158701e+03
4.809918917520382820e+03
4.352472728002939220e+03
3.230601662860260149e+03
2.442474742174332278e+03
2.409668293346488099e+03
4.504821843996167445e+03
3.422706150991095001e+03
4.092198241006974968e+03
5.258364524113279913e+03
3.394273049227349929e+03
4.167212570789570236e+03
2.731361435365728084e+03
4.759456308227667250e+03
3.864822719839615274e+03
5.619496166035257374e+03
2.721369124311736414e+03
3.571104065947981780e+03
4.817648609561132616e+03
3.802722517706197777e+03
2.906777231038429363e+03
5.001000747208882785e+03
4.956367317977125822e+03
5.131940231016350481e+03
6.247069608912275726e+03
3.935070516242194117e+03
5.289763065871050458e+03
2.242439354359713434e+03
1.870949757607969104e+03
2.752216511620064466e+03
3.305494789951612347e+03
2.923693920564826840e+03
3.000115502367640602e+03
3.227626862444534254e+03
2.975252175076580443e+03
2.119094032275427253e+03
1.848646653779727330e+03
9.566334963517433607e+02
7.582722271957495650e+02
1.029982172330851199e+03
9.425820771205524125e+02
1.351123128179272499e+03
9.816498749430754742e+02
8.371931111445685474e+02
1.037203817109106694e+03
1.439073100583438645e+03
4.814782884558204387e+03
3.835069318750014645e+03
5.162202998771478633e+03
2.989004578074609526e+03
3.130023489428413995e+03
3.135762758197774019e+03
4.580163604605942055e+03
4.747122545807641472e+03
3.113509195177336096e+03
3.315244446132671328e+03
3.484924253119069817e+03
3.707263212909758749e+03
3.129217241119891696e+03
3.734657669723283107e+03
4.352512768159700499e+03
3.925764173489767927e+03
5.249674474141231258e+03
3.450788072905900208e+03
3.229002692087153719e+03
2.393347883954361805e+03
2.488550775762154444e+03
3.266103739690782731e+03
1.975564817747981806e+03
3.263286258718708723e+03
3.778369179928860831e+03
4.043410213555175687e+03
4.396870344118969115e+03
3.326004487836145927e+03
3.800894326920175445e+03
3.882644397606205530e+03
3.782756376922124218e+03
2.648246917325672712e+03
2.770409352695317921e+03
2.736937709117043596e+03
