2.891139864172823309e+03
3.490483281464259562e+03
5.297759756399704202e+03
3.489790516585443584e+03
4.410241936806834929e+03
4.963464770385353404e+03
5.747882506449526772e+03
3.226279783711473101e+03
3.723544486082258118e+03
3.920998818552337525e+03
4.360461500013962905e+03
2.273119819166083289e+03
2.153665481631085186e+03
2.522874842107019504e+03
2.368083793269353009e+03
2.048472342412345370e+03
3.006676142339650596e+03
2.080895409796659351e+03
2.606844956767625717e+03
1.743384904167059176e+03
2.401078781541778426e+03
2.438017437284604057e+03
3.243912512433540996e+03
5.079386349782233992e+03
3.200297928006898928e+03
3.270259264954084756e+03
2.208297026469706452e+03
3.199124237650314171e+03
2.408869223364689788e+03
2.021891646973704837e+03
5.508241350049906941e+02
5.716902429098571474e+02
2.823810952437588639e+03
6.468663939167163335e+03
3.165810480809605906e+03
4.491642263129220737e+03
4.709049745057337532e+03
3.793500114461086014e+03
3.838661639795405335e+03
3.192286613765901620e+03
3.171748071228586014e+03
2.937306808895048107e+03
3.258964234354512428e+03
3.567202609185294023e+03
5.628647107054526714e+03
4.690880736839501878e+03
2.054307283473228836e+03
2.396057151360488660e+03
3.549431835520950699e+03
2.908925470343697270e+03
3.715581133334125298e+03
4.282342300153526594e+03
2.050792758329603657e+03
6.099162692971740398e+03
2.868655062329907196e+03
5.619858677186570276e+03
3.771423204797827111e+03
3.860930900752012349e+03
3.568596018348249345e+03
5.698764703500818541e+03
3.999758282261404474e+03
4.992306270740898071e+03
3.551928346523875462e+03
5.237734613010371504e+03
3.004323817525677441e+03
4.315163045399300245e+03
2.924044327225881261e+03
2.890455420722460531e+03
3.017003685459173539e+03
3.796068560301259367e+03
3.882738981575499565e+03
3.199417797769466233e+03
5.224615799927621083e+03
2.839178474922633541e+03
4.161659407368209941e+03
3.012968257646619350e+03
2.550381737392367995e+03
3.512098101803131158e+03
3.255250698920610830e+03
2.881789455412168991e+03
2.855976091606754835e+03
3.419605154226911509e+03
3.483857333670275239e+03
4.329977327226592934e+03
4.611100844555579897e+03
3.660025793042206260e+03
4.528893384902741673e+03
3.148991455284646690e+03
3.405198938526294569e+03
4.559660792219804534e+03
3.264028232212231615e+03
3.311824724374373545e+03
4.327754997451126656e+03
2.555563413973428396e+03
3.805749978097839175e+03
2.554536826040581673e+03
3.525596942946963736e+03
3.250054481030637362e+03
3.890662876103730014e+03
3.474608399743916834e+03
3.816844859821228511e+03
5.100061424817695297e+03
4.829414544095254314e+03
5.524872711476393306e+03
5.000326452378436443e+03
4.284203246340853184e+03
4.315421561194163587e+03
4.113487142718133327e+03
2.746590350542168380e+03
2.673310324133234190e+03
2.716364390208786972e+03
1.935365847474321527e+03
2.321378278847657839e+03
2.205488081879520905e+03
4.184484696394554703e+03
2.394992026763948161e+03
2.656651078188684096e+03
1.565471005944295030e+03
2.699190758396912770e+03
2.206736955923791356e+03
2.119329461762196388e+03
2.762795075662833369e+03
2.212945798568087412e+03
1.758673745422300726e+03
1.788959191082681627e+03
2.325654507940141229e+03
3.062334505536286088e+03
1.560403995474566273e+03
1.608566945689114164e+03
1.080584392678194945e+03
1.096811141191861225e+03
8.675390683349361325e+02
8.204649350380705073e+02
7.664336848748714601e+02
8.004618714879696881e+02
8.588723313122268337e+02
2.365185408570310756e+03
2.421034900176660358e+03
3.456205337358838733e+03
4.532287726145243141e+03
4.201602539024692305e+03
5.201764629705518928e+03
2.734528462959676745e+03
3.027473417870039157e+03
5.764649509340824807e+03
3.379246777187019688e+03
4.085415168251381147e+03
2.583876605031048712e+03
2.453030350767493474e+03
1.919443847285256652e+03
3.243851431295632210e+03
3.077853730605044802e+03
2.775144769886269387e+03
3.045302872401328841e+03
3.856414775153798018e+03
4.021288030815535421e+03
3.477499672983054097e+03
3.950268617031256781e+03
5.229370738717780114e+03
4.191116346662214710e+03
4.501869254042744615e+03
3.830552348349816384e+03
3.025028168409427963e+03
3.764328094383360167e+03
2.829758239473786489e+03
2.830726583982140255e+03
3.253314614783457728e+03
3.049808667588379194e+03
3.752116496407010800e+03
5.625923311371100681e+03
4.736029990567852110e+03
2.884702084557680791e+03
4.823945816935856783e+03
4.127125412653771491e+03
3.781532723126882502e+03
2.089759560389944454e+03
1.849967866359436130e+03
1.376909675168989907e+03
1.391880524624713189e+03
2.076485986096030501e+03
2.875283193559965184e+03
1.777875905192033542e+03
2.893220769985357492e+03
4.570358630410110891e+03
3.965731691192992457e+03
2.956755675468606569e+03
4.071049756104580865e+03
2.440421147009882588e+03
2.132123191377439980e+03
2.671810830735035779e+03
3.365077310065074016e+03
2.897015532816037648e+03
3.386326662354761538e+03
3.352027179639984752e+03
2.505473068798032273e+03
3.240893872612705763e+03
3.631107978822422410e+03
2.366580334346412656e+03
2.883032333792942609e+03
1.979202706851215680e+03
2.176811613721770755e+03
2.279263043829307662e+03
3.403250183560452570e+03
3.299170153530164498e+03
1.832695727538410438e+03
1.318888663033427065e+03
1.414204007261864490e+03
3.014646465832339345e+03
3.239755565761155594e+03
3.341650301508167104e+03
2.790479799791660753e+03
2.892648007214379049e+03
2.925908313550308776e+03
2.386784524398342000e+03
3.402771020513270742e+03
3.869863382586289390e+03
2.974472678746687961e+03
2.499417125912612391e+03
2.432727030209969598e+03
1.923395121948198266e+03
2.086714861246462533e+03
2.780889210277902748e+03
2.897115966414136437e+03
3.353949240505672151e+03
4.410957320628809612e+03
3.674451328520375228e+03
3.567247769969890214e+03
3.205451038833214625e+03
3.141255133158889748e+03
3.726410170617295535e+03
3.775772710363764872e+03
4.456236998601582854e+03
6.817895613242841137e+03
3.956044211049090791e+03
5.372591551217699816e+03
3.376946029084060683e+03
2.181996333163167037e+03
5.729137107453347198e+03
5.451873837614590229e+03
3.471787565226771676e+03
1.892895529639255301e+03
3.185941229304109584e+03
1.338592898483695308e+03
1.375349511236767739e+03
1.521814272869620936e+03
1.605583555643849195e+03
9.695986652445128584e+02
9.308463576370854753e+02
9.732222800243248457e+02
8.577100765406540859e+02
9.156456047203402022e+02
9.296269981184213975e+02
7.070576079381372665e+02
7.650792780142651281e+02
7.603130697431075760e+02
7.673260385586235088e+02
8.790784686492834226e+02
1.031249748432555407e+03
8.887536964649108313e+02
9.657565385991792937e+02
8.702793153064999387e+02
7.727197856887954686e+02
7.643719900247566557e+02
9.072784685162725964e+02
8.045743889046689219e+02
8.561067513933923010e+02
7.417543922694633238e+02
7.530148367682742219e+02
6.765233647287602707e+02
7.040560370552186669e+02
7.394165022174482829e+02
8.336274454921750703e+02
8.631600482734544357e+02
1.084529308601559705e+03
8.424692111037780933e+02
8.094169250324090399e+02
8.861052617167836161e+02
8.811380919873513449e+02
8.070075012611094962e+02
6.196316908633872345e+02
7.040310701712397758e+02
7.284431290376531933e+02
1.046942870442000412e+03
8.320644792630638449e+02
7.439812243904483466e+02
8.801487792007972075e+02
1.111425824559669763e+03
8.457670684068768878e+02
7.209046214371765018e+02
1.017134092574523379e+03
1.230188529898061688e+03
1.170872804295096557e+03
1.108769093577363947e+03
9.881789457406636075e+02
1.043716805550326626e+03
1.102033046276953883e+03
1.238317056805492257e+03
1.311898410094968312e+03
1.078624234566177392e+03
9.761740149267526476e+02
1.134980287975610509e+03
1.406074689181178201e+03
1.564617876929460863e+03
1.380319673808176503e+03
1.112472783221763848e+03
1.287375115298393212e+03
1.325896672700037698e+03
1.452826681157800522e+03
1.379842721884361936e+03
1.431241770279255888e+03
1.078415930413408432e+03
1.274357461413400415e+03
1.297805689563739861e+03
1.771039616727635348e+03
1.588541549954066795e+03
1.686277693255615759e+03
1.525945153144394681e+03
1.726106561369360861e+03
1.439222568948433263e+03
1.760490754224694911e+03
1.949136405791119159e+03
1.563059868998798038e+03
2.023587275494613095e+03
1.383420702067517595e+03
1.352794709319588037e+03
1.498133131585580486e+03
1.209012621786744603e+03
1.155077843450598266e+03
1.317350872144566665e+03
1.219600091607397189e+03
1.300622262562525293e+03
1.421545002625782445e+03
2.056822413945104472e+03
1.729476903186229038e+03
1.769990491979074932e+03
1.204589082370215920e+03
1.345790893445170241e+03
1.382427176746090026e+03
1.604631054484858623e+03
1.574321254380151004e+03
1.438357300754120388e+03
1.498644821358443551e+03
1.318486790571866550e+03
1.544960762079091865e+03
1.965070768507092680e+03
1.791276282947946811e+03
2.054844110032407116e+03
2.002158476447709745e+03
1.689625144906499145e+03
1.428400367027421680e+03
1.331453978368915614e+03
1.871155242403450529e+03
1.665685868430269466e+03
1.372938012943282729e+03
1.620683125852492367e+03
1.597920573253060184e+03
1.627630091345578194e+03
1.880299149319520211e+03
1.890937848734945646e+03
1.881788346868939470e+03
1.582283289997065140e+03
1.659930064583198146e+03
2.004602888954584159e+03
2.031398160975579458e+03
2.055422835798744018e+03
1.642150994586430897e+03
1.571070836529877624e+03
1.637429204450221505e+03
1.520795049535552607e+03
1.295590696211200111e+03
1.976915904515101374e+03
1.439305654113715264e+03
1.673193594144336203e+03
1.697277911492926023e+03
1.676244771701949048e+03
1.294216428675915040e+03
1.633935110793089279e+03
1.497561753831728311e+03
1.655628194250981551e+03
1.104170753637578173e+03
1.673129025095744510e+03
1.734035161892467613e+03
1.526261698981840482e+03
1.276081486967892943e+03
1.737532558984110892e+03
1.584199396350764118e+03
1.747628407593005250e+03
1.931629784940623949e+03
1.612528175649134937e+03
1.763461301790451671e+03
1.600690952368359603e+03
1.671224221868787026e+03
1.819565266096657751e+03
1.825930980383994438e+03
1.313056856673006905e+03
1.184685479064992023e+03
1.304149008274981725e+03
1.679836232746579981e+03
1.766345786854364633e+03
1.565682516734919545e+03
1.249531690334002406e+03
1.447307964960580193e+03
1.244168869733107840e+03
1.121883126467719649e+03
1.193300949365905581e+03
1.578968722177510017e+03
1.820723385520373995e+03
1.903032971788940813e+03
1.377025022289004937e+03
1.167156523180673958e+03
1.000953458884167503e+03
8.952902655864938879e+02
8.724888026235944380e+02
9.938037577061865022e+02
1.074860820809952656e+03
9.485131869785778918e+02
7.870899836018843416e+02
1.222059383190755625e+03
1.087164279188518321e+03
1.137876347357481563e+03
8.156955584844143914e+02
8.417380275016203086e+02
9.018223296562041469e+02
1.047584190516680792e+03
1.084149334865402352e+03
1.472683034918384465e+03
1.537083758325479039e+03
1.315487882563632411e+03
9.570025527126483667e+02
8.401981359586941380e+02
8.514936720601293700e+02
9.084611306316378432e+02
7.260489106865074973e+02
9.687121788816282333e+02
1.295237243211696750e+03
1.158875612681206803e+03
6.236703379479088198e+02
7.924706411698000466e+02
7.373511683919225561e+02
9.036710957563063857e+02
1.110744736279959852e+03
1.079108401515478363e+03
6.818045262632826962e+02
7.182780352738687952e+02
6.897697788647258221e+02
1.042115394687791650e+03
8.581544616718889529e+02
9.048755080733188834e+02
1.026718459847322720e+03
1.095421872223838363e+03
7.869733628662961564e+02
1.048434799682864650e+03
8.450962837743456930e+02
8.537672654781111987e+02
9.063130013397186531e+02
8.470116779247890690e+02
8.446030390817668376e+02
8.967474204999276708e+02
8.872355733617717988e+02
1.033299125758754144e+03
1.041829806216128190e+03
7.229438313624476677e+02
7.613728750645437913e+02
8.360477481944036526e+02
1.151213532187715828e+03
7.951547707328423940e+02
1.403417913203668149e+03
1.700010957045503346e+03
1.751086313885678010e+03
7.069299326378426258e+02
8.769310724689603376e+02
9.066628096533871712e+02
8.304435830519478259e+02
8.892985525384627863e+02
8.418130412121840891e+02
8.796163928887314114e+02
7.557375089535664756e+02
6.514938464609609809e+02
7.056759612606148266e+02
6.899197640472822286e+02
6.926585748126390172e+02
7.455729911197877300e+02
9.523730376220607923e+02
9.703132147116688202e+02
6.754384054687292291e+02
8.679857358590825243e+02
8.878703478652522563e+02
1.027640982871992264e+03
8.051489488324510830e+02
8.549482157133445526e+02
8.885051519915349445e+02
9.049808959377165820e+02
7.309808884605523644e+02
8.335678464834606984e+02
8.900231616261595491e+02
1.138848931253371120e+03
9.142087895449418511e+02
7.861427854273267712e+02
8.591457126358426422e+02
