3.063930666150640263e+03
4.718775267794786487e+03
4.322439828161115656e+03
4.927199136049265690e+03
3.906683750845923441e+03
3.183958688205006183e+03
4.115787869226523981e+03
4.331715635893392573e+03
3.922971601880100934e+03
4.659841937729705933e+03
4.776305215738209881e+03
3.749333530019998761e+03
4.331135517180199713e+03
4.909529803161869495e+03
5.144902266478876300e+03
4.813754798918235792e+03
3.004047722718264140e+03
3.616508636819005915e+03
6.384281225969964908e+03
3.473980167059533414e+03
3.961536582321134119e+03
4.615380178500587135e+03
3.844444352926305328e+03
3.505067675767212222e+03
3.816328007586884723e+03
5.831152707099834515e+03
4.373851463203102867e+03
5.353190850662812409e+03
4.275349604616471879e+03
4.317011531956900399e+03
3.145852703078563536e+03
3.466651731242630376e+03
3.434258822286093164e+03
4.217704347907691044e+03
4.216593131881036243e+03
3.474497144687260061e+03
4.319240982432208511e+03
3.152658609594951486e+03
4.542626673103540270e+03
4.811925456445437703e+03
2.726799858419889460e+03
2.855950150170025154e+03
2.107479221072475866e+03
2.508193545054929473e+03
2.648490114277490193e+03
2.209052634560488059e+03
2.967511513733815718e+03
2.796266373086338263e+03
3.958926643720134507e+03
2.931096977282779790e+03
4.311424034414485504e+03
3.261847029093548372e+03
2.915595400638272622e+03
4.157137204407898935e+03
5.183997411998177995e+03
3.077716326676013523e+03
4.222013704916057577e+03
2.474255869219030956e+03
3.553155226485529511e+03
4.402393757193906822e+03
4.250560948681054469e+03
3.420202382783920712e+03
2.845114513294967310e+03
3.194501434232833162e+03
2.922858836300958046e+03
2.988774356539423025e+03
3.783707610095862037e+03
3.206844715638414527e+03
2.934802283565917605e+03
3.393203901294763909e+03
2.513929902396873331e+03
2.298853567666680647e+03
2.643727542618836196e+03
2.681136511201476424e+03
2.136689467420910205e+03
2.098802748362204966e+03
2.721916911969288321e+03
2.081394202399474125e+03
1.870000897189363059e+03
2.182017337893732929e+03
2.522071814267657828e+03
2.214024408922480688e+03
2.643949589315071989e+03
2.295284514201600814e+03
2.658949476546370988e+03
2.287541579600543628e+03
3.090795581147817302e+03
1.968639337829393980e+03
1.586902604015995166e+03
2.227229929088431163e+03
1.905141527562647752e+03
2.313550078198623851e+03
3.538362002201792166e+03
2.267936784608970811e+03
1.722986709919706755e+03
1.254480367208844200e+03
1.805795473423469502e+03
1.861641351711925608e+03
2.078897827823444459e+03
2.076258055357321155e+03
3.066951551756781100e+03
1.373993770769465982e+03
1.225071038955113863e+03
1.617872402917985937e+03
1.651785074540015103e+03
2.180568694250533099e+03
1.609303645692609734e+03
2.570019473642145840e+03
2.724396247700361528e+03
1.827885621088184735e+03
2.349159887367010924e+03
1.648882013165697117e+03
2.496490744595669184e+03
2.869659853690538966e+03
4.034793877769032861e+03
2.858535095256447221e+03
3.508867265225408119e+03
3.190271832597282810e+03
3.002522445788503774e+03
4.850843968192640205e+03
3.469610694783729741e+03
4.038465857386502194e+03
3.739822531185865955e+03
4.216652146747075676e+03
4.078738981750160747e+03
3.838102008747915534e+03
2.840266916571519687e+03
4.004955628748530671e+03
4.232880468628830386e+03
3.300746266512006969e+03
2.704424335330743816e+03
2.888103575812310282e+03
3.354624675017613299e+03
3.543772063176625124e+03
3.019403777443342278e+03
4.661263118957898769e+03
3.061837652518863706e+03
3.237053180491583134e+03
2.408104075066366477e+03
3.840178561052133318e+03
2.961712028097405891e+03
3.483889761578314392e+03
3.793149290569619097e+03
4.050602770455785048e+03
3.116390076057361966e+03
3.534520482954537329e+03
4.531854726184935316e+03
3.365511637537106253e+03
4.214206631201460368e+03
3.608964311700738108e+03
3.270871013521724308e+03
4.170687255753379759e+03
2.741555360169974392e+03
3.450233559709163274e+03
4.161086562103798315e+03
4.068544586335174245e+03
2.898058154748501238e+03
4.944337408064990086e+03
3.400688504961319268e+03
2.300604237174846730e+03
3.591613189546002104e+03
3.017888226549607680e+03
3.797129330536367888e+03
3.228861136239667758e+03
3.753232490354580477e+03
2.882729797122723085e+03
3.733079996259971722e+03
2.314954777944892612e+03
4.783523310447953918e+03
3.980400215915237823e+03
2.574458576374772747e+03
3.408765339004851285e+03
2.456615414518030775e+03
3.068810389575696718e+03
3.458992211285648409e+03
3.219926014058030887e+03
3.824204964171319261e+03
2.417391208176501095e+03
5.435078658311834261e+03
3.713754239121704359e+03
2.976418954443618532e+03
4.081814326639842420e+03
3.090125036729464227e+03
3.589720419884875810e+03
2.740079694883162119e+03
3.075041143083939005e+03
2.600178222868441480e+03
3.024889943015238714e+03
3.987088055415491908e+03
3.235456513261784949e+03
3.618555718991709909e+03
4.216114255968400357e+03
3.299973644486775811e+03
3.044013671359079126e+03
3.408269767844120906e+03
3.917008707091944416e+03
2.493481851882143474e+03
3.079270748847795858e+03
2.772036073986992960e+03
2.573523076611076249e+03
2.239360874438986684e+03
2.709649325896116807e+03
2.881717846749754244e+03
3.048171143605718953e+03
2.885519538389311037e+03
3.899003295861798506e+03
3.577877651077237715e+03
2.871811432392312327e+03
2.793276035053331725e+03
3.854762213635604439e+03
1.900461344542427469e+03
2.417363600212063830e+03
2.849422022975747041e+03
2.651351082862656767e+03
2.111643897704113897e+03
1.407392071359717647e+03
9.538744155127682234e+02
1.692276162049778350e+03
2.935581276654408612e+03
1.898477623456352148e+03
1.337620137472016268e+03
1.413628687126362593e+03
3.456184704614452585e+03
3.469688503763733024e+03
3.892274046719206581e+03
3.318025715232999573e+03
3.153157031293652835e+03
4.539919017951216119e+03
1.874439596590977544e+03
4.538173930456086055e+03
3.099723322253973038e+03
3.306773983456014776e+03
2.894238475133684460e+03
3.346306763462851450e+03
3.014870192773779763e+03
4.238123190337633787e+03
3.231851811481706591e+03
4.542774348482608730e+03
4.490696689712284751e+03
4.253725490850124515e+03
4.072777634393720291e+03
3.062461816218980402e+03
3.437576662966350796e+03
3.578095867947224633e+03
2.879543610371695650e+03
4.336855584426688438e+03
3.243423527177151755e+03
3.114839896444951592e+03
3.843543155335501524e+03
3.553603951899816821e+03
3.787155086641265370e+03
3.385974957505928160e+03
3.097762963108012173e+03
3.203828821034291195e+03
3.375818105729504623e+03
3.281769881896322204e+03
4.826920716459824689e+03
5.334045051781891743e+03
5.103743361334470137e+03
4.666629445045111424e+03
4.876869079669611892e+03
5.410402772073658525e+03
6.074296534263057765e+03
3.715736500869134943e+03
4.499443367968343409e+03
5.723303234317456372e+03
4.488657112261297698e+03
3.928040402539363185e+03
3.975833417240727158e+03
4.919365224289323123e+03
4.485418414597133051e+03
6.002488344597765717e+03
4.660821030887015695e+03
4.250867659615923912e+03
5.110608057947194538e+03
4.789544115585003965e+03
5.967312590933930551e+03
5.246775058582724341e+03
4.454382996712384738e+03
4.312570663848564436e+03
7.296429625583349662e+03
4.719528812540559557e+03
3.917107089983110654e+03
7.096685942537992560e+03
5.418777053922440246e+03
5.853823768709647084e+03
4.355647100024463725e+03
2.981898581633682625e+03
6.992154788189583087e+03
6.309377072030482850e+03
3.477727676191245337e+03
5.774479971009796827e+03
4.346625220559328227e+03
4.244082056503426429e+03
4.040220944478250658e+03
4.515741294421027305e+03
5.487968393904113327e+03
5.314312242461408459e+03
3.019253995340082383e+03
6.433103053066325629e+03
7.016806629168559084e+03
6.943712513101580043e+03
4.290664414671256964e+03
4.519846811259536480e+03
4.706952405902471583e+03
4.568898999432988603e+03
3.800880438513780973e+03
4.114727378717524516e+03
3.502493593280159985e+03
4.114351004395691234e+03
3.858327236962288680e+03
4.118127505678711714e+03
3.855674174414949448e+03
4.935679883084324501e+03
5.214147201583460628e+03
3.609996171562986547e+03
3.125764707203734815e+03
3.501836227646016141e+03
4.065460418830956769e+03
4.350278974626315176e+03
5.017430533068486511e+03
5.103927063694436583e+03
3.924979410676545740e+03
3.333789681085539087e+03
4.647547612623402529e+03
3.569824209160556620e+03
2.809776175982131917e+03
2.357792973212238394e+03
2.546731466399427518e+03
3.875745562902712209e+03
3.774515391488369914e+03
3.672369321819064680e+03
2.691992823672504528e+03
3.324836008416575623e+03
3.287001813188847336e+03
2.848654114152141574e+03
2.484758234147558596e+03
2.869896811973375861e+03
2.943426950969473637e+03
3.967441814786715440e+03
2.227985120542343793e+03
1.658033063498509364e+03
1.963473711563714687e+03
2.879465061373841763e+03
2.168497123605740398e+03
2.194072322434708440e+03
2.140496322693380534e+03
1.576509045513141245e+03
1.995467773776281774e+03
1.826493838423867828e+03
2.475872999386660922e+03
1.554089963973957538e+03
2.248232614914438273e+03
1.431841866486814524e+03
1.030061339854574044e+03
1.851634063815229410e+03
2.969670905989872153e+03
1.867578876035726353e+03
1.027086155350326635e+03
1.008439792229595355e+03
8.310422545651499604e+02
9.196855062568548647e+02
7.723100092326935737e+02
1.017023729790024504e+03
1.191143959610383035e+03
1.185015414734406932e+03
1.098018983755763657e+03
8.051466957474427772e+02
1.004280846758557004e+03
2.320469283467358764e+03
2.102534716141080935e+03
8.012830782339170810e+02
5.532496898377006573e+02
5.814358085297536718e+02
4.059959616701633536e+02
7.338226299143271945e+02
6.736687834790268425e+02
1.131941428705604267e+03
1.176020292263251577e+03
1.278754496074220469e+03
8.040333665761902466e+02
1.098217695556606714e+03
8.249636551210945754e+02
9.970788740573191262e+02
7.821765787491202673e+02
5.564496644254979856e+02
5.283336852447488354e+02
1.014528177725633441e+03
8.892382301807875820e+02
5.997373003463935675e+02
8.317030809085425744e+02
5.770183430946339058e+02
8.733996703057413242e+02
7.027309665909004934e+02
9.025486656276522126e+02
1.559266345623137113e+03
9.004973181350291043e+02
9.433797863829940979e+02
5.599208354089942077e+02
6.717245198176560734e+02
1.054974196812424680e+03
5.588342032578237877e+02
4.216577238147892785e+02
5.418691975107881262e+02
5.116343509479136173e+02
7.210839796687638454e+02
5.529612014390708055e+02
5.211150349077867077e+02
3.485885053568568992e+02
6.524549735033356228e+02
7.336715490365702408e+02
9.553204275324153514e+02
2.006845759392223499e+03
8.301304498029151091e+02
3.471011502267797937e+02
3.565758965407710548e+02
5.057978583327860633e+02
1.174903858949392315e+03
5.655503920229996311e+02
5.190265780960860411e+02
4.618483350133801650e+02
9.572403277294680493e+02
3.743431125886904169e+02
5.513440769117651143e+02
5.523675187986051469e+02
6.932280653804858730e+02
6.258519542864379446e+02
8.058939354624180851e+02
1.347911863188219058e+03
1.458795440242714903e+03
1.767544716405195686e+03
2.747179150064972873e+03
1.633043976533758951e+03
2.369756917733200225e+03
2.445457928435771464e+03
2.787636427093559632e+03
2.964544450189561758e+03
2.257629154628463311e+03
2.488337317689836709e+03
3.096904748301415566e+03
2.397981094101691269e+03
2.847670069137447626e+03
3.924125023300426164e+03
3.423455845946798490e+03
3.861967483284020091e+03
3.109496268867267645e+03
3.993781917170030283e+03
6.153270068432812877e+03
4.389310564628985048e+03
4.901683422651043657e+03
5.164066175182262668e+03
5.289647001657131113e+03
5.015904602754580992e+03
4.188106874110774697e+03
4.011708950954422562e+03
3.656179886642049496e+03
4.770971036515818014e+03
3.959584654175558626e+03
4.787994605031071842e+03
4.863008501325435645e+03
5.416581283692632496e+03
4.454988492272822441e+03
3.422177967517026445e+03
3.059851132528580820e+03
4.029205241234925325e+03
4.069270779432968084e+03
3.779109512191319027e+03
3.765163309242048854e+03
3.551378139122504763e+03
4.144926188568125326e+03
4.000368599659580468e+03
2.797220884524549092e+03
3.941973004178502833e+03
3.691081860172076176e+03
3.446657452535868288e+03
2.715281986635744488e+03
3.224478217173101712e+03
2.698879619937579719e+03
3.362914944275573362e+03
3.232348349717122801e+03
3.638272863668569244e+03
3.563532385788945703e+03
4.617771154236090297e+03
5.228253017393513801e+03
4.044629912598553801e+03
4.820095821578363029e+03
4.308844825741717614e+03
5.485140062049048538e+03
5.044661754746492988e+03
5.587466139810774621e+03
5.641238321824735976e+03
5.829971809088451664e+03
5.008060844028491374e+03
4.255340328558157125e+03
5.574900541689795318e+03
6.637455814945108614e+03
3.624547972696509078e+03
4.648390917596883810e+03
5.163699231710525055e+03
