2.800641875562118912e+03
4.390135028862717263e+03
3.553703362480122451e+03
5.067758907551746233e+03
3.755138567110614531e+03
3.275104432664366868e+03
2.670386502023308822e+03
3.495273708000332135e+03
3.471537112479352800e+03
2.936978710982671601e+03
3.027421264389746284e+03
3.772936842155772865e+03
3.048885146595289370e+03
3.618419674337131255e+03
2.678544051311183011e+03
2.522868764438914695e+03
1.675131260789387625e+03
3.075425954656689555e+03
4.283435788362746280e+03
2.982654643556369592e+03
4.172970284294773592e+03
3.210600374452002143e+03
3.739322930722991714e+03
4.452555254378977224e+03
4.076920573886789498e+03
2.768233568522059613e+03
3.172463348151455648e+03
3.863749635168149780e+03
4.656203975639914461e+03
4.786246290318177671e+03
3.821781850320596277e+03
5.037943457607678283e+03
3.865099778801853063e+03
3.472918591821736300e+03
4.444836306970432815e+03
3.609188077118005822e+03
3.748352543022236659e+03
3.733928657179581023e+03
2.952473860347613481e+03
3.352344428762145526e+03
3.302451210866285237e+03
2.556387290784693050e+03
3.205110745499545374e+03
3.284171729828509797e+03
2.017801699935417673e+03
2.511539089267162126e+03
3.394403815081702305e+03
2.180348407060390855e+03
1.851135451484320811e+03
1.886032919596655574e+03
2.160420215138436106e+03
1.978641538389563266e+03
3.711821864644022298e+03
5.447136339793434672e+03
3.528160468894419409e+03
3.204880169231793388e+03
3.323348557234324289e+03
3.579005626901594951e+03
2.731637138467942350e+03
4.315129284608124181e+03
2.449173082671923567e+03
2.562556602257717714e+03
2.630058945639486865e+03
3.026607270852593501e+03
2.675586583812502795e+03
2.792560997468115147e+03
4.490168542791973778e+03
2.371648687816446909e+03
1.564298548305077475e+03
2.701151191332741291e+03
3.637009513644860363e+03
3.542009891741168758e+03
2.999034877105280884e+03
3.890370105228344983e+03
1.547276695134636157e+03
2.034946262896170538e+03
1.191071491521377084e+03
1.836298990958041031e+03
1.299244846741804849e+03
1.294856822488698981e+03
1.602542124335124072e+03
2.397670973243799381e+03
2.943658932512914362e+03
2.586670690785151237e+03
1.700830241660224374e+03
1.871685195498019539e+03
1.185757189179105580e+03
1.425796936722417286e+03
2.649558703153181341e+03
4.084539724169730562e+03
2.916310116043835933e+03
4.087343435541961298e+03
3.095748237447352494e+03
4.753516108124196762e+03
3.952731096033885024e+03
3.650847708302561841e+03
3.705361566440176375e+03
5.311994995802325320e+03
4.340355039932564068e+03
3.691818531664879174e+03
3.621866227524661099e+03
3.550073797705237666e+03
3.025321387379763109e+03
4.721741773995055155e+03
3.243187103090991059e+03
2.152856654821654502e+03
4.552380694999000298e+03
3.308088277264652788e+03
3.428479479205299413e+03
2.803484395252735339e+03
2.694059661256336312e+03
3.502104795404456581e+03
2.703628519602841152e+03
3.609454432310777520e+03
2.691862504822709070e+03
3.524296437404257176e+03
4.461273483952405513e+03
4.244319231633242453e+03
3.000740808874330469e+03
3.013914783883085875e+03
2.873831298951007284e+03
2.095901860153960570e+03
2.612152483934604334e+03
2.993404067277436297e+03
1.842158547677021943e+03
2.715248364183791182e+03
4.337000237507403654e+03
3.914910378712320380e+03
3.068965518529474593e+03
3.476039745057978507e+03
2.909031684692933140e+03
2.647831298489963956e+03
3.398279578983729607e+03
2.054705037219389396e+03
1.565452301221868083e+03
1.688463130320367327e+03
2.491646360025390550e+03
2.449558636892898903e+03
2.734957743441680122e+03
2.357696986259298683e+03
2.352895307002178015e+03
3.284040772989798825e+03
3.082487486750346761e+03
2.970590463861763055e+03
5.511089226857959147e+03
3.643752858424773422e+03
5.159162911234288913e+03
2.039856077535723216e+03
2.538968445974061979e+03
3.066055128457185674e+03
3.202778371917215281e+03
2.491230725239874118e+03
3.657191817720376548e+03
2.279899004778166727e+03
2.729031871895872428e+03
1.793638984511057288e+03
3.542969486730910830e+03
2.527751557885281272e+03
3.517333149038518513e+03
1.853828499165865878e+03
2.742516631764311114e+03
2.955579225623458569e+03
2.470958567398107789e+03
3.858408220901539153e+03
3.014117143393719743e+03
2.846710206531815857e+03
3.057419752841262834e+03
3.113209844802458520e+03
4.228019925681090172e+03
3.402815983691394649e+03
4.355049056144358474e+03
3.808096691832163742e+03
3.162288474131824842e+03
3.137454076226453708e+03
2.821143219773545752e+03
2.799772539465107457e+03
3.146649882108975817e+03
2.920914699068295704e+03
2.589096088038767903e+03
2.728211339255936764e+03
2.813736897634277739e+03
3.447045006630494754e+03
2.395951707552198059e+03
2.852461096803063356e+03
2.708090907268771389e+03
2.411627766870316009e+03
3.161074278039558521e+03
4.176470363371119674e+03
4.083227357252968886e+03
4.580328401095962363e+03
5.294038512608989549e+03
4.540928404174559546e+03
3.856094469946497611e+03
3.779544833190546797e+03
4.168095898193863832e+03
3.851697008854705928e+03
3.335773477438354803e+03
2.789363242449985592e+03
4.763619528974113564e+03
2.592624873139852298e+03
2.662656430062801519e+03
2.454212556014051188e+03
3.822104394124180089e+03
1.918246505895983319e+03
1.434983098999337017e+03
1.965145944899840515e+03
4.801368810135876629e+03
1.983460375810077494e+03
1.814593967791450268e+03
3.156019875234858773e+03
2.242986120036579450e+03
2.722656587742520969e+03
1.861651685305266255e+03
2.208285014883635540e+03
2.326205664421168876e+03
2.333999115218178304e+03
2.474072580897509852e+03
2.346314705669266004e+03
4.185901944886218189e+03
3.276471252561312212e+03
4.711304033581763179e+03
2.952473416047492265e+03
3.582119042801812611e+03
2.824795405222023419e+03
1.367594803505703567e+03
3.082319899204713238e+03
3.560205513872929714e+03
3.971675408703690664e+03
4.325903170702074021e+03
3.895680079522176129e+03
2.793513002238204081e+03
2.565740244620927115e+03
4.097547629603189307e+03
1.977051284391736999e+03
4.830810006239335962e+03
3.114399127683022925e+03
3.628552306168702216e+03
3.247369394022925917e+03
4.503591250603864864e+03
2.004999005047833180e+03
1.746889122954415598e+03
2.945639171003830597e+03
2.435743926288648254e+03
2.044666518459627014e+03
3.904691212188102327e+03
2.781113141844908114e+03
2.221393351492659804e+03
1.826644662443447260e+03
2.638847310963155451e+03
2.771033918061771601e+03
3.085088986213854696e+03
3.088299970840396782e+03
4.381698916363443459e+03
2.613409279891828191e+03
3.800771441291615247e+03
2.414283644825113697e+03
1.751749515670148867e+03
1.705568663113911043e+03
1.980587595355441863e+03
1.716341581730212965e+03
2.331453479651906946e+03
1.807991699084261654e+03
1.645902732724892758e+03
2.128851556911911757e+03
2.259285468916369609e+03
2.823024593955620730e+03
3.417588642579976749e+03
1.635904484671326600e+03
2.821930706609016397e+03
3.916610409162103224e+03
4.579968641461624429e+03
4.544779762667341856e+03
3.397587701906734765e+03
2.968814707432578416e+03
4.020158365343655078e+03
2.934555197463002060e+03
2.820564530834823927e+03
3.354603405429895702e+03
3.086258085458608093e+03
3.205572301623909880e+03
3.649093566616023054e+03
3.660951479755342461e+03
3.657076138355126204e+03
2.947107480549270804e+03
3.885284839200515762e+03
1.574255803572462128e+03
1.421707257853347983e+03
1.851326802243274187e+03
1.749741804264160464e+03
2.383606401996227305e+03
2.256192611341507018e+03
1.938670298866925577e+03
3.044907413514326890e+03
2.696879924804871735e+03
1.862702732456657259e+03
1.475366143549122626e+03
1.848478557442377223e+03
1.749157858359938928e+03
1.389259591039776524e+03
2.219835118132466960e+03
1.856914030105277789e+03
2.469156545319997804e+03
1.337483133293230139e+03
2.828284155787724103e+03
3.557873879655243854e+03
3.305237748976944204e+03
3.377770775727766249e+03
5.181413227705640566e+03
3.737118280109262741e+03
3.615393676796388263e+03
3.098749428131166951e+03
3.469218094351840591e+03
3.065346100783479869e+03
3.072049857071585848e+03
2.773291513635918818e+03
2.582493962627228939e+03
2.247195223347307092e+03
2.319457606821788431e+03
2.678979230315087079e+03
2.015381108193233786e+03
1.765644807977947039e+03
1.269210606906558041e+03
1.126538652677519394e+03
1.941052216704311377e+03
2.190480503745517581e+03
1.184890669582750888e+03
1.138339528917353618e+03
2.652741854465170491e+03
3.567924428269318014e+03
1.343731533482872692e+03
1.139309891457286994e+03
2.291702094075361401e+03
1.887344883391392614e+03
1.364774484312132017e+03
1.880579725284600045e+03
1.999595972389478447e+03
1.398538157848463243e+03
1.366047127684530324e+03
2.462375193260276319e+03
1.379339597811727344e+03
1.059778898516763320e+03
1.599199244389571504e+03
1.257465550379286242e+03
1.542253948834043513e+03
1.823417120719540890e+03
1.798001421423710326e+03
1.387267585428643770e+03
1.871754267429464790e+03
1.799553587170589935e+03
2.018889540835854177e+03
3.108073609050059986e+03
1.321874320776902550e+03
1.959352077041931352e+03
1.349208103245470738e+03
1.026385756252139572e+03
1.471078058141865995e+03
1.522658666697644776e+03
1.266118888856676676e+03
1.263551663705440205e+03
1.317716511900469413e+03
1.277773726570398594e+03
1.259213222551092258e+03
1.629647258132996285e+03
2.348998595819816273e+03
2.152215912717359060e+03
2.247109390622556930e+03
2.836043608314847461e+03
2.321550207934536047e+03
1.944522434257102759e+03
1.682235406024795566e+03
2.558206380666041241e+03
2.198396054396709133e+03
2.297408574679478988e+03
2.279532975822681692e+03
2.757164889250735541e+03
2.299873216422799032e+03
3.262489662471702559e+03
3.292513783654890631e+03
2.617080424854186276e+03
2.783369001467059206e+03
3.502376696384022125e+03
3.212803167337171544e+03
2.474313793420869843e+03
2.033779670471950567e+03
2.681470511163572610e+03
2.929144015873298031e+03
2.585224048785528339e+03
3.556303380359601306e+03
3.042040168947616166e+03
2.370003303824792965e+03
3.956152179426811927e+03
2.221325737957385172e+03
1.772319429785148259e+03
2.515250964921219293e+03
1.688010292899012939e+03
1.237610413576708879e+03
4.563049451289347417e+03
3.697796789687331056e+03
4.322678787160233696e+03
5.269111926588748247e+03
5.062571255293920331e+03
4.781297103943956245e+03
4.247816011382697980e+03
4.006228009642900815e+03
4.405033062774829887e+03
4.444783109723841335e+03
3.496598152928625950e+03
3.543799491280602979e+03
4.649981646310377982e+03
5.434120709570433064e+03
4.821301952665910903e+03
7.201037415269114717e+03
4.350010207567477664e+03
4.916963412763298038e+03
4.491932074690812442e+03
4.121171673857914357e+03
2.564087580010723286e+03
3.646131491672999346e+03
2.511179844021615736e+03
2.405992838040264814e+03
3.100231497844277783e+03
3.866840521405928030e+03
4.999510589461206109e+03
2.359613672873065298e+03
2.377847624540634115e+03
4.027429803607531994e+03
3.863259421655128790e+03
3.105889626048824539e+03
3.391377225003697731e+03
3.076863021625748843e+03
3.158322480075495605e+03
4.878261136843055283e+03
3.127244658840939792e+03
2.595215214512571947e+03
4.391397904107789145e+03
2.415124382226782018e+03
2.086877249582644708e+03
2.948795295178044853e+03
2.569253012620417849e+03
4.064042605528575223e+03
2.988877199589449901e+03
4.016822544371365439e+03
2.767820429572915600e+03
1.893006400763359125e+03
3.097190489299483033e+03
2.914706456188876018e+03
3.623830539261904960e+03
3.781295502405650495e+03
3.523955145084538799e+03
2.149754804695872281e+03
4.009426796813949295e+03
3.420780367334203220e+03
4.527364975335754934e+03
2.735197496995501751e+03
3.206689550498828794e+03
3.529340441441718212e+03
3.703988584729676859e+03
4.465103771324314948e+03
3.806066485390977505e+03
3.749856942989098116e+03
2.972965255419425375e+03
3.823249990143190644e+03
3.429153256842106657e+03
2.478821637330835983e+03
2.436166997172656011e+03
4.327261662840909594e+03
3.665608289137692282e+03
2.082555223291765742e+03
1.817142652325803056e+03
2.216794104595577210e+03
1.662336270182233875e+03
3.825875768962166603e+03
3.474879872971569966e+03
3.331399227720230556e+03
3.770805713714878948e+03
3.535943997969891370e+03
4.215955755517119542e+03
4.606160475795780258e+03
6.692458230101101435e+03
4.118924313289299789e+03
2.292694947852448422e+03
2.795588536017944080e+03
3.028836441476115397e+03
4.150635630382584168e+03
3.059259095795166104e+03
2.486553465011944354e+03
3.012724511237645856e+03
2.786445848201503395e+03
3.316183281000599891e+03
4.301610408595464833e+03
2.851594109587155344e+03
2.908051211989604781e+03
4.189217076478120362e+03
3.310144861888201831e+03
