6.957807743081988292e+02
1.172803149633500880e+03
1.116124707731332364e+03
7.826171008258156689e+02
1.009146169271777808e+03
1.374063654323910441e+03
1.263192913385583779e+03
9.245556121882724483e+02
9.967534674254158062e+02
1.138592584520354649e+03
1.360563142567111981e+03
1.142024544674454091e+03
7.401549456031987120e+02
8.585552694313214488e+02
1.067313885248526958e+03
8.741022194053714429e+02
8.131342764880737377e+02
9.291825807859160022e+02
9.981467181741944614e+02
1.075756382241104802e+03
1.800237632023272681e+03
1.660105823527218490e+03
1.184716390620071707e+03
7.895949188945987771e+02
9.438559208185130274e+02
1.004171248758011643e+03
8.986889001494303102e+02
7.381921109183181215e+02
7.085829780197249192e+02
8.022914868023630106e+02
8.137811247386368905e+02
9.566922511499735720e+02
1.273553454084826626e+03
8.547038043982937552e+02
8.580483029361095078e+02
1.169104682689518995e+03
8.043346417203131296e+02
9.573562350986065894e+02
1.001568885747337845e+03
1.273774668922681030e+03
1.089897891539197644e+03
9.250955745478594281e+02
1.140909227553675009e+03
9.342955658654541367e+02
8.487174857981257219e+02
9.661597739352257577e+02
1.084552639857290160e+03
1.284887359412218530e+03
1.160090603019915534e+03
1.206540011635213204e+03
1.337776849957023842e+03
1.501708003032413899e+03
2.266723524054683821e+03
1.217850006248830368e+03
8.972941522512294341e+02
1.167204142719652054e+03
1.299833691347594822e+03
1.219565250991430275e+03
1.186084207066389354e+03
9.589952770094803327e+02
9.641886775417177660e+02
1.184442913721200739e+03
1.166004386026604834e+03
1.059721876997225309e+03
9.275485040145191533e+02
8.809981252057827987e+02
9.160069249514558578e+02
7.293166571577825152e+02
7.177948334012473879e+02
8.007332745915329042e+02
8.697263374188936496e+02
1.163135672682709128e+03
1.062551886584753220e+03
1.078490938663470843e+03
1.246026068550726222e+03
1.229670264763803971e+03
9.800653317980510337e+02
9.599610964588255229e+02
1.051540097980313703e+03
1.223695535349993861e+03
1.388662917258631524e+03
1.020576812936638476e+03
7.201955677316481115e+02
8.486988528791937370e+02
9.997097505410470148e+02
1.232642029419135042e+03
1.394913913106303198e+03
1.478698593554555600e+03
1.887974207579986569e+03
1.413345218647684533e+03
1.156266461445024106e+03
1.307961326414560290e+03
8.039273645700621955e+02
1.195768922540836911e+03
1.800213145352671518e+03
1.600575817646869382e+03
1.118524297063854647e+03
1.661741386175171101e+03
1.519718971783145207e+03
1.958303951829374000e+03
1.313029269687360056e+03
1.251298042735716535e+03
1.162735525306225782e+03
9.931788730766687650e+02
1.099636186094762024e+03
1.095725036280492759e+03
1.361756272309971109e+03
1.577297896773875891e+03
1.130630745132728634e+03
1.074116636851121257e+03
1.088013962965304927e+03
1.105009505597621910e+03
1.618110231653485471e+03
1.167590240292063072e+03
1.274164178333724522e+03
1.067930377655752636e+03
1.135577387638415530e+03
1.373430611077234744e+03
1.648012924973482086e+03
1.473478485602370938e+03
1.161376723147795019e+03
1.189232087095969973e+03
1.140531794649451967e+03
1.365446516406247383e+03
1.240783467381876108e+03
1.393248481279420048e+03
1.334557860230932874e+03
1.137074788891243315e+03
1.075171875795818778e+03
1.248491618134998134e+03
1.019770557047294233e+03
9.789437627151394281e+02
1.138368582458294213e+03
1.171853013790380373e+03
9.765183912653087646e+02
9.999112855144613832e+02
1.358490546832948894e+03
1.292981794075761854e+03
1.361972326272091323e+03
1.181143638689975205e+03
1.061441866837838234e+03
9.618413794794196292e+02
1.029043474607818325e+03
7.553324687101932113e+02
7.251372265587594939e+02
9.814772532502855711e+02
9.971359757080944064e+02
1.048714320828879181e+03
1.519067369087869565e+03
1.418397821873604471e+03
1.153376295327006346e+03
1.071685835497294420e+03
8.001703632333975520e+02
7.203076352983346169e+02
6.888492202301767975e+02
9.944477346157475495e+02
1.127894758636779216e+03
1.491948896444944239e+03
1.383194731128840431e+03
1.016109759147351269e+03
1.337382608516855726e+03
1.403521565591212493e+03
1.341182224589065527e+03
7.993932650558253954e+02
7.964832729081089155e+02
9.513881783312103835e+02
1.671577902201396228e+03
1.532668123071720402e+03
1.497544026242094333e+03
1.240281464887656966e+03
1.237837855656464399e+03
1.607119411258038781e+03
8.556672850282755007e+02
1.075740784892699367e+03
1.157059090075584436e+03
1.861669816698055229e+03
2.406241934572476566e+03
1.403530604624238094e+03
8.846883037247608854e+02
7.200305594270063239e+02
7.120236696518527424e+02
1.062701889400174878e+03
1.273790304603194272e+03
1.276931497648768982e+03
9.113098069291897900e+02
8.858060392278739528e+02
1.248920488037735595e+03
1.343528045987812220e+03
1.391670164591372668e+03
9.944052957464881501e+02
1.186211473007009772e+03
1.353588304487807818e+03
1.073740034904335062e+03
1.050087225866084509e+03
1.182588376324203864e+03
1.560768586552283750e+03
1.039763750219379745e+03
9.112485749722246737e+02
8.469947697927967738e+02
8.891122679283686239e+02
1.091842993815804448e+03
1.188170287319195495e+03
1.291954297065101173e+03
1.055225087701508073e+03
8.157124809410071293e+02
8.125724748105386652e+02
9.148182349657037093e+02
8.015953646881096120e+02
1.238182131578177632e+03
1.812614627796461036e+03
1.233979470342309696e+03
1.081146396635126393e+03
1.152333480284132065e+03
1.329133638903307656e+03
1.138690638752977520e+03
1.437924914237300300e+03
1.223743830627836587e+03
1.354471099970875002e+03
1.006449414904798459e+03
1.191804363013763123e+03
1.227540489036437748e+03
1.869391067913936240e+03
1.676730165531251032e+03
1.244696836286915641e+03
1.100456334876772644e+03
8.652584004659000811e+02
8.411730739961698191e+02
9.335392875389279652e+02
1.142230902377209532e+03
1.228658632953762890e+03
1.264022696555302673e+03
1.138391121538625839e+03
9.569175951466634160e+02
9.893189396883735753e+02
1.122798884216676925e+03
8.894635339198082420e+02
1.002506450424604736e+03
9.663130537135806435e+02
1.556859621109185582e+03
1.170566108962980934e+03
1.035524089773386095e+03
1.041665672274758435e+03
1.081624068587300144e+03
1.039955710107246659e+03
1.057735613114045918e+03
9.506129255187620402e+02
1.059924859940205351e+03
8.721498922636568523e+02
1.073140851504141210e+03
1.025775359954080386e+03
1.170565649729350525e+03
1.108407891597390972e+03
1.161477233860942306e+03
8.647178227262050996e+02
9.666469976920177487e+02
7.320101468384466443e+02
9.096690813026444857e+02
8.839320631701127695e+02
1.040436107767765179e+03
1.076078611640481540e+03
1.101740341115958927e+03
1.195677190863189708e+03
1.037262743100783609e+03
1.714873257953705888e+03
1.207350681212632026e+03
1.043885634306113388e+03
1.069158177685377041e+03
8.914600949287763569e+02
9.631539472588315220e+02
9.524965985215068258e+02
8.530832977855899344e+02
7.629589423133037371e+02
9.868249856694544633e+02
1.016521473868873613e+03
1.216128207312837503e+03
1.068102604873768996e+03
8.841496287095629896e+02
9.643531667773216896e+02
8.669580959110965068e+02
9.099720381143398527e+02
9.829951808821175518e+02
1.224206609990085553e+03
1.132096067466172371e+03
1.083847000755386489e+03
9.170277650080375906e+02
1.092382240328833859e+03
1.144133713728570683e+03
9.688812502669737796e+02
9.860456710530144164e+02
1.194652257023653419e+03
1.176283272026621944e+03
1.067333937737961151e+03
1.380105112894552349e+03
1.132961331468873595e+03
1.110761359738804913e+03
9.627233889796870017e+02
9.396782555948343543e+02
1.269959321021798360e+03
1.168379479952357997e+03
7.880029707047935972e+02
1.039106875374299079e+03
1.122079839581515671e+03
9.058241903972980253e+02
6.753318570508909033e+02
8.058683154564947699e+02
9.799138039508334259e+02
8.292429423605127567e+02
9.175256060609251563e+02
9.116744651380537334e+02
8.616019854658031818e+02
9.112346958887286519e+02
9.569911630279627843e+02
9.534495770189944324e+02
9.914728872880371000e+02
8.281262123698327287e+02
7.556819487521164547e+02
8.917529342376740260e+02
7.858238122176019260e+02
7.526928683863472997e+02
8.900500060104177464e+02
1.179873600307481183e+03
1.305468703251586930e+03
1.234003671384791232e+03
1.274811126225159114e+03
1.164191589171494797e+03
1.081125878811022403e+03
8.995162155338189223e+02
8.152414909243065040e+02
1.038812405733553760e+03
1.090831218413154829e+03
8.776290038152451416e+02
8.231225429214354108e+02
8.862263024173163330e+02
9.294319150180525639e+02
1.044259159358372926e+03
1.026217032524709111e+03
1.420538692525494071e+03
1.193262934850562033e+03
1.145170654426070087e+03
1.031027113819105580e+03
1.458020066392780564e+03
7.945356783307627211e+02
1.133963245866741545e+03
8.709451199841067819e+02
8.180268841055766416e+02
7.903224971730599009e+02
1.430506243912518130e+03
2.095272028743252577e+03
1.492318186410679800e+03
1.877874102690456084e+03
1.610412040450115001e+03
1.376571461273769046e+03
9.714361125019721612e+02
2.836081552484472923e+03
2.686688921405089786e+03
4.355623789121590562e+03
4.056048772262546663e+03
3.726674236455721257e+03
4.109267239512480955e+03
3.054997025704964017e+03
2.853147775194134738e+03
2.548483739573071034e+03
1.685004360827723076e+03
3.204505586826884610e+03
2.696416903648306288e+03
2.303308809586292682e+03
2.508938999572058947e+03
4.217696130636316411e+03
3.135041035486650344e+03
2.753215223810067528e+03
2.926106737985242944e+03
2.613798606991708311e+03
1.883445747903647771e+03
3.568999797727753503e+03
3.913257312182897294e+03
4.464483502935954675e+03
4.042559645166760674e+03
2.257419733606148839e+03
1.673358488995534799e+03
3.666562508057938885e+03
2.407058100232914512e+03
2.669140293261051738e+03
3.109224402075506987e+03
4.531004430025424881e+03
3.287948688366674105e+03
2.608366176132424243e+03
2.432031327264757692e+03
3.505060366674961642e+03
3.039940722666378406e+03
1.381836027006277391e+03
1.644034006062422804e+03
2.738938176595429468e+03
2.337211368251667409e+03
1.968751392500526208e+03
2.333600996928832501e+03
2.680988703545785029e+03
3.014936568457859266e+03
2.984859377624468380e+03
2.759450266856857525e+03
4.612206004859851419e+03
4.225316146922323242e+03
3.859266678127050909e+03
3.615659306257856770e+03
3.665679646043466164e+03
3.826960432772470540e+03
3.875027054642844632e+03
3.749895365267265333e+03
5.262741631841096932e+03
3.789194565041762871e+03
5.347355447070062837e+03
3.379249148309362681e+03
5.198555552819980221e+03
2.635499882178712596e+03
2.961147739209414794e+03
3.501502938815426205e+03
3.208826103835897811e+03
4.173348554847297237e+03
3.633165281233463702e+03
3.529622150880795289e+03
3.554289939724042597e+03
3.610415670980148661e+03
4.506726872838731651e+03
2.499064818127199942e+03
1.230420491490526956e+03
3.045977453444545063e+03
5.157329113067748040e+03
4.794107789338781004e+03
1.781196101235653714e+03
4.272823164365241610e+03
6.544728883106967260e+03
5.588639624098283093e+03
3.880357012788802422e+03
4.002839053321247775e+03
4.520362593649168957e+03
6.443448383449651374e+03
3.128996129163384467e+03
5.298414091281551919e+03
2.760714645818408826e+03
2.250424270334469384e+03
1.032118053911666038e+03
1.361197969122511040e+03
1.700954400429049429e+03
4.565413795633688096e+03
6.843697208802418572e+03
2.528187453395820739e+03
2.499528426806144125e+03
4.199100952529801361e+03
3.123035496795061590e+03
2.776442610722881000e+03
3.179928421833923039e+03
5.236406097572225008e+03
3.710005706043594273e+03
2.932251246140168405e+03
4.492403305924840424e+03
5.004851209944876246e+03
4.039103451248376132e+03
3.214706067508899196e+03
3.643542715178688013e+03
2.674346276755316921e+03
3.521435395529760171e+03
3.952858307080931809e+03
2.508208471200735858e+03
2.117266656315515320e+03
2.639720162699850789e+03
2.074285193536272345e+03
2.526011600006765548e+03
2.381807924309557166e+03
1.424079821921445500e+03
1.369768355333744012e+03
1.943174917983229989e+03
2.223819346084908830e+03
3.553644279997909507e+03
2.788384219363465036e+03
2.546091811930144559e+03
3.734141143403413935e+03
5.814666926141097065e+03
4.825376844563026680e+03
3.943139297305684977e+03
4.285902127266186653e+03
4.265828544731362854e+03
4.144800023840860376e+03
2.986842326301398316e+03
3.206195771376163520e+03
2.258831051406693859e+03
2.141802488663751774e+03
1.586573561829041410e+03
1.538688857046418207e+03
1.639258899241933477e+03
2.418191652668249844e+03
3.207334849228020630e+03
2.641194419132984876e+03
3.950224170506143309e+03
3.785117379472110315e+03
4.942246118168736757e+03
4.009307612488672930e+03
3.634646093808068599e+03
4.243571457460617239e+03
