4.810353118274166263e+03
5.938385705085807786e+03
5.953277007218206563e+03
4.648330833865362365e+03
6.497605757382069896e+03
6.205483212573037235e+03
2.575617635568632068e+03
3.553179366040679270e+03
4.587896178023684115e+03
2.383600017613644468e+03
2.758713738926699989e+03
3.089538092335035344e+03
3.459070315214764378e+03
6.164511487123862935e+03
5.074468306042759650e+03
3.737778659051081831e+03
4.156882779392747580e+03
4.053334945324208547e+03
4.710016671293790750e+03
3.618409107355985725e+03
4.103245876884097925e+03
4.803647073357861700e+03
3.223935489442335893e+03
3.504738749977523184e+03
4.385177694053719279e+03
5.397302499958600492e+03
4.549417033102446112e+03
4.962344728953737103e+03
5.557717642990766763e+03
5.270465262120938860e+03
6.312409376260283352e+03
6.597395938243372257e+03
5.576401821653198567e+03
4.778725420945539554e+03
4.072070579968176844e+03
2.882750911401414214e+03
2.428128254851930706e+03
2.743044757954702618e+03
2.886305115049451615e+03
3.247904875605753659e+03
3.359127063646521947e+03
3.987359013783105638e+03
3.339328369884814947e+03
3.319957915323808265e+03
3.243993224994928823e+03
3.490563004753072164e+03
2.962303015954645161e+03
2.714624325166061226e+03
2.849174852504175760e+03
3.284311584911433329e+03
3.072732525557312329e+03
2.803557045871325954e+03
2.277139662594772290e+03
4.956779464302172528e+03
6.065826734456043596e+03
5.436405449977483840e+03
5.376959121850093652e+03
5.286846547669116262e+03
5.718929305506841047e+03
5.039127151813649107e+03
3.542429592876337665e+03
4.065550067251863766e+03
3.376477082674551184e+03
3.583636557008325781e+03
3.511514202406178811e+03
4.232773198468294140e+03
3.547774895949032270e+03
3.387164951421880232e+03
3.099346368202292979e+03
3.547720091467299881e+03
3.113723618374442594e+03
3.335247608032010248e+03
4.204752902774536778e+03
4.362893699699467106e+03
4.300042185054725451e+03
4.216725712198493966e+03
4.049063057598569230e+03
2.677299883414731084e+03
1.968766866646050630e+03
2.613689774093706092e+03
2.419265637811306988e+03
2.312857889899682959e+03
2.131766853328307207e+03
2.660544582889357116e+03
3.325308951837419499e+03
3.209840479629902347e+03
3.754496235671229897e+03
4.460117846870924041e+03
4.886744443779040012e+03
4.473332598208280615e+03
4.547336632501882377e+03
4.344088372212627291e+03
4.180932296538546325e+03
3.122382057742963298e+03
3.165404181356644131e+03
4.026482311999719514e+03
5.172995020755782207e+03
4.169035195589407522e+03
5.072522712286375281e+03
5.033640957823823555e+03
5.045109644178390226e+03
4.762936950189139679e+03
3.998419292955741639e+03
3.552872849294127718e+03
1.690609770598005298e+03
2.574935420785521728e+03
3.657893320568267427e+03
2.131967763050491158e+03
2.984156438839830116e+03
2.302027079417646291e+03
2.502250789021925357e+03
2.254482094226450045e+03
2.625360286380403068e+03
3.744565542264024771e+03
4.254445785445112051e+03
3.982232284691283439e+03
4.775410294839758535e+03
5.213629932864311741e+03
4.723244057551333754e+03
3.943066078760756682e+03
3.371460996597478243e+03
4.043948131712794293e+03
2.282893305124374820e+03
3.155820555868466727e+03
3.408606462219373043e+03
2.793787939699872368e+03
2.767357211669915614e+03
2.890447774319896780e+03
3.669142809810847211e+03
2.789490294073586483e+03
2.983679409904229033e+03
3.558318517991578119e+03
3.450619045362205270e+03
2.834015407601419611e+03
2.848847340541570247e+03
3.575002769064778477e+03
3.020434943365562958e+03
3.155842773103945547e+03
3.617472959991235712e+03
2.688542507379696417e+03
3.086618291472860619e+03
3.523820765606204077e+03
3.161636234668737416e+03
1.572907892233476332e+03
1.698187660123956903e+03
2.874037258159617522e+03
3.328923703728671171e+03
3.216554634340744087e+03
4.054794302065994088e+03
3.973943170137490142e+03
3.127522799242619385e+03
4.937890520301534707e+03
3.386254099728911569e+03
5.121906716170380605e+03
5.767911568353140865e+03
3.749232421296621396e+03
4.699298387687224931e+03
7.565656897753339763e+03
9.036660175345221433e+03
5.231169589653567527e+03
5.343249529197445554e+03
4.766232120777109230e+03
3.890890739429555651e+03
3.502683503122530965e+03
4.261577984730574826e+03
3.866166114838480098e+03
3.843048768374243991e+03
3.600336632035711773e+03
4.270645429336084817e+03
4.462080436566584467e+03
4.151441031333544743e+03
4.727137640546086004e+03
5.706203125835208994e+03
3.819652575390866787e+03
2.927020077413612398e+03
4.017691381733207436e+03
3.948191335896608962e+03
2.512834551191790524e+03
3.015189629833128492e+03
3.809374531255726652e+03
1.938161685873030365e+03
3.130819510879950940e+03
2.335010302420246262e+03
1.588214552800063302e+03
1.539766237946296087e+03
1.370600561020993382e+03
2.112973184857527940e+03
1.824319320320304769e+03
1.515672979897788082e+03
1.389044561503190835e+03
1.317044212801968342e+03
1.277879602249580785e+03
1.835202129047025437e+03
1.288427304426722912e+03
1.352099533295976698e+03
1.461252066755806936e+03
1.774635201122110630e+03
3.412892578497779596e+03
2.708462469155565032e+03
2.368936721020505502e+03
1.863570299101006640e+03
1.616862494536254871e+03
2.072550305586759350e+03
1.807782392958337368e+03
1.941704803852901023e+03
1.773197894340524044e+03
2.200370620506327668e+03
2.002134856578713880e+03
2.076518900223107266e+03
2.661192746652340247e+03
1.719048599423268570e+03
1.969356665291069476e+03
2.217561672914906467e+03
2.238017005399779919e+03
1.884103036635005310e+03
1.790323928306140260e+03
1.410056075148274886e+03
1.803076877709899918e+03
1.766594621971942615e+03
1.453659710683633193e+03
2.195204733952234619e+03
4.604635292977992322e+03
4.712515417199922013e+03
2.691702943119029442e+03
2.065398635576379547e+03
3.100845219539269237e+03
4.254334625236505417e+03
5.022533111318894044e+03
6.055631174377859679e+03
2.043399456082600182e+03
3.623142119599093803e+03
4.699851318640438876e+03
5.055957169465636980e+03
5.080635978608564074e+03
4.019596757904020251e+03
4.402027557326511669e+03
3.780897880464133323e+03
4.244099938975758960e+03
4.136905092625345787e+03
4.456162950055662805e+03
3.968729073680630336e+03
3.898328663373604741e+03
4.796923280646125932e+03
4.010964858084616026e+03
3.395249443805736973e+03
4.481287286963109182e+03
3.341547660935484146e+03
3.459637786561775101e+03
3.202375463691897494e+03
2.964979029581410032e+03
4.138861340319720512e+03
3.150649976263413009e+03
2.698270093798224025e+03
4.216129909016925012e+03
2.922101978546483679e+03
3.333699918719151810e+03
4.554235351031798928e+03
4.737800248228740202e+03
4.219133263236861239e+03
2.900142413132280126e+03
2.834393930041075237e+03
4.804279256683570566e+03
6.917987752612134500e+03
3.500081243013351013e+03
3.132177710201906848e+03
3.142384338956447664e+03
6.835594538613589975e+03
3.907522423619476740e+03
2.976949878745140268e+03
3.912609867602361646e+03
3.370260988629750955e+03
2.796165265531290970e+03
2.971281026421209390e+03
1.425278226551879470e+03
1.284872184074033385e+03
1.591948894673374753e+03
3.044272079880833189e+03
5.338421637622926028e+03
5.461365808972354898e+03
4.321467308039157615e+03
3.710172083237117022e+03
2.949914196387400352e+03
5.277636480381217552e+03
2.691193796412943357e+03
2.106687817054242259e+03
1.942494841399325423e+03
1.837008656491855845e+03
2.675381454202655732e+03
2.049020409369421486e+03
2.332719686151862788e+03
2.824317230426827336e+03
2.519652661648631238e+03
2.932006053146734303e+03
3.978966705425063083e+03
3.838743561548556954e+03
3.294059120541960056e+03
4.332267159872893899e+03
3.861414496993339981e+03
2.818781514817525476e+03
2.520709511552364802e+03
2.892900512932797028e+03
3.230594608483557749e+03
2.716456151980676623e+03
3.262550475900867696e+03
3.721270795530386295e+03
4.298342630998797176e+03
3.808430889088111599e+03
3.913955489626475810e+03
2.448263229242159923e+03
2.277662144047412312e+03
1.273224554999985912e+03
1.503842507516760861e+03
1.516548874899182465e+03
1.984408093566267780e+03
1.493017718138900591e+03
1.861314613707121225e+03
2.906156077697196451e+03
3.307861996278676997e+03
4.587535422790324446e+03
6.434625717244703992e+03
6.064527020724868635e+03
7.422592605949442259e+03
5.128699618663388719e+03
4.525914139888253885e+03
3.279971983786945202e+03
3.384803810362176137e+03
2.826792875640381226e+03
4.183923377320707914e+03
2.933930140590080100e+03
2.797305732506859840e+03
2.688517529393533550e+03
1.579882033548330583e+03
3.371695965667478049e+03
2.958269267096320164e+03
4.072186661085618198e+03
5.280173505521768675e+03
5.587304580651999458e+03
4.524906347353338788e+03
2.866537497153218283e+03
2.899752452221844578e+03
3.553684487387831723e+03
2.330861572924399297e+03
2.973346614191525987e+03
2.772635810972046784e+03
2.740104479562318375e+03
3.419891992316727737e+03
2.667334156024959157e+03
2.962983223250323590e+03
2.921638182657725338e+03
2.840052488959856419e+03
2.655936500310168867e+03
1.624169257201133632e+03
2.237838677372033089e+03
3.626471836999596690e+03
2.555214004890177421e+03
2.753560924568019345e+03
2.788814523106251727e+03
2.337338228730225637e+03
2.570650440149250699e+03
2.820219884618214110e+03
3.312135467652860370e+03
3.535991287387597822e+03
3.472775879390364480e+03
3.408471654859733462e+03
1.751696645609087682e+03
3.054925357166351205e+03
2.646138373014698118e+03
3.480251044165820531e+03
5.007242789460298809e+03
3.687554041501989559e+03
3.597268133848750040e+03
5.799553897039527328e+03
5.514703347547733756e+03
6.060285120043125062e+03
4.822452723786429488e+03
4.986700003925332567e+03
3.966463744456315453e+03
3.930418232239345798e+03
3.434488937481478388e+03
3.921440165456823706e+03
3.519147018229883543e+03
4.615568693652625370e+03
3.718662956138692152e+03
3.666608036974273546e+03
4.342003033287083781e+03
4.544395951753309419e+03
4.277283878276539326e+03
2.420802225329736757e+03
3.717569223528279963e+03
3.963427682088049096e+03
4.745413667029337375e+03
4.560835195644754094e+03
4.495965342113577208e+03
4.641410675683170666e+03
4.410925126137848565e+03
3.190425662163776451e+03
2.090633606621679519e+03
2.068255349032409413e+03
2.080023497016240526e+03
2.339871510967998802e+03
2.581550596022240825e+03
2.027490961264824591e+03
2.015643617388160237e+03
2.771116809565700805e+03
2.428427534992265919e+03
1.902040237577426069e+03
1.559742456516167522e+03
1.488665990965635046e+03
2.011771185525539750e+03
4.349452989117206016e+03
4.003156449103856175e+03
4.246202561277438690e+03
2.701211723280035130e+03
3.600337136943848691e+03
2.526866767966980206e+03
2.574045056566862058e+03
3.293968963029401493e+03
2.519421210559298743e+03
2.535839141627788649e+03
2.469626901293584069e+03
2.782251702373158423e+03
2.786079756859566714e+03
2.301891897927606351e+03
3.417978541836015211e+03
3.525899280693234687e+03
3.302324252701064779e+03
2.729454018524736057e+03
3.337750602013344178e+03
3.866647595790258038e+03
3.937326330486306233e+03
4.120306298544282072e+03
3.562567341554019549e+03
2.531289726628202970e+03
3.571465533257658535e+03
2.385690458556421163e+03
2.865457828040155164e+03
3.645220151734757110e+03
4.480689562643770842e+03
4.261173087151704749e+03
4.082024261429192848e+03
3.670339737455758950e+03
4.344277624786498563e+03
3.075508072547710981e+03
3.561583883439996043e+03
3.153242773005097661e+03
3.605822484978415105e+03
4.208099430826700882e+03
4.167154644129289409e+03
3.850365327301096386e+03
3.988122786851140972e+03
3.199277822965043470e+03
2.483699026167185821e+03
2.703042984984053874e+03
2.492523125398203319e+03
3.446803207666710023e+03
3.660231436880922502e+03
2.463838566008032558e+03
2.571381823405881732e+03
2.468402993604293897e+03
3.360152536580795186e+03
3.396929235444364622e+03
3.603905767228378863e+03
3.292058897456087834e+03
5.038170251582610945e+03
5.034175029549591272e+03
3.417844465855302133e+03
2.445176869017609079e+03
2.293107717116127333e+03
2.863539615110770228e+03
1.950817939926993859e+03
1.990217754860864261e+03
1.539375136753321613e+03
2.712663722929586584e+03
4.587426086803377984e+03
4.458377158292745662e+03
4.437248977051435759e+03
5.707346601572782674e+03
4.903912230379843095e+03
3.753696376868444531e+03
4.006669589939137495e+03
3.771053612428507677e+03
4.593168251993528429e+03
3.184467457088559968e+03
4.930848231539808694e+03
3.484980270465629019e+03
3.436149575224423643e+03
4.240756301865993009e+03
2.809679863931277396e+03
3.588481687001381033e+03
3.902872018315943023e+03
5.519599379190409309e+03
3.312198579182237154e+03
4.397215249053865591e+03
