5.872717726500716708e+03
2.938323658360136960e+03
2.811049947946368775e+03
4.373444140929233981e+03
3.204214346179385302e+03
2.869426678514266314e+03
4.205290895504389482e+03
2.768559308545581189e+03
3.950248881043620713e+03
4.475903368237976792e+03
3.917337658894595279e+03
4.301906812937324503e+03
5.184397580173806091e+03
3.255741979836806422e+03
2.421673867124052322e+03
3.636301827645044796e+03
3.258032807775300171e+03
2.697495513550964461e+03
3.010604915258656547e+03
3.923935764609149828e+03
4.236052058491867683e+03
3.017544254134352286e+03
4.142570596883779217e+03
4.317862875118239572e+03
3.151079313602166621e+03
4.730204810735961473e+03
3.786221699607021037e+03
4.193608724227411585e+03
4.061858774905722385e+03
2.961645860085379809e+03
4.650269731341109946e+03
4.005919604929511479e+03
5.359356033580914300e+03
3.414826560111659091e+03
2.957338548173794152e+03
6.317997614399309896e+03
2.684434816445019351e+03
2.954139198220183061e+03
2.233592202735240335e+03
2.950596379765047914e+03
3.180487630029487264e+03
4.299882769164443744e+03
4.152560581601805097e+03
4.179599179289333733e+03
3.660433438493063022e+03
3.407927026033747097e+03
5.653242993926236522e+03
5.062204183069641658e+03
3.722075413086993194e+03
3.578228776883478531e+03
3.087895925665865434e+03
3.616773632176475985e+03
3.735757076245664848e+03
3.555644021240206712e+03
3.118833359573369762e+03
2.001376801466694360e+03
2.353654921605024356e+03
2.214622354669791093e+03
3.447131725808894316e+03
3.794183186167681015e+03
2.690929080537868231e+03
2.699126574265246745e+03
2.985088285285019083e+03
2.954698969012893940e+03
3.938250822117602183e+03
2.998443819958757558e+03
2.726596434140446945e+03
2.651946337578749535e+03
2.052931493664183563e+03
2.390429270458761494e+03
2.000865743431969577e+03
1.927790039613257932e+03
2.343058169380747586e+03
2.963780124361516300e+03
2.664364897732943973e+03
2.654738355308685641e+03
2.199946329273222545e+03
2.403454228943047383e+03
1.685190808169637194e+03
2.529658334330742036e+03
2.521735547501094516e+03
2.067717805238276469e+03
1.555208392206863664e+03
2.162529973072931625e+03
2.331829192385936949e+03
3.145532460042984439e+03
2.909242464564384136e+03
2.461656127342176660e+03
2.038727200681475097e+03
2.130355822016696493e+03
2.776665554997934578e+03
2.912392238468728920e+03
3.255545644942026229e+03
2.990701562965172798e+03
2.651970160310286701e+03
2.527751153080031600e+03
2.626416291164647191e+03
3.251781021131843772e+03
3.632744623599421175e+03
2.760554729208362915e+03
3.034318897664487395e+03
1.804352186543105290e+03
1.599594533131612707e+03
1.951111379388281193e+03
1.904201422180560257e+03
1.916792892204180362e+03
1.452089341779198094e+03
1.423893301629216012e+03
9.363022183997808270e+02
1.457845312224166491e+03
1.498104575557064436e+03
1.319090502471048012e+03
9.820806424123228453e+02
1.146613965812266315e+03
8.577497413876129713e+02
1.103527095757153575e+03
1.278788756051733799e+03
1.096341401833851251e+03
1.484046615306247986e+03
1.027006181608280031e+03
1.158486738161790754e+03
1.291812586126568476e+03
1.317413221840500682e+03
1.153040010650723616e+03
1.040564536505111619e+03
1.124214282159977301e+03
1.060841240363145062e+03
7.668241723231054721e+02
5.712585064730833437e+02
7.712442553104415310e+02
1.048638760088948857e+03
1.254191505640368860e+03
9.090559727226113864e+02
8.205682199008302860e+02
6.048071883493964833e+02
5.147150838371933332e+02
7.972053518318646184e+02
7.008497413928930655e+02
8.747927513778280399e+02
7.401333588821710237e+02
5.677083263446015735e+02
5.326960439739175399e+02
9.277080148647843316e+02
5.481916129506695370e+02
8.356247176272688648e+02
1.026012138821541157e+03
1.215899159614139307e+03
8.734228672469358798e+02
8.108602156872753994e+02
7.263880597614512453e+02
6.357559988575853822e+02
7.336919358849281707e+02
9.903028597265835060e+02
1.218858423606955739e+03
1.479498071501314371e+03
1.024084955656260263e+03
1.267702496302140617e+03
1.574105594289517285e+03
1.980776603858351791e+03
3.981440799167844943e+03
3.391271945035620320e+03
2.531695256021063869e+03
3.091748905312114857e+03
3.675499111536714281e+03
4.603302143332617561e+03
2.963120775502326978e+03
3.329446421823023229e+03
4.011730792044807458e+03
4.326996565980640298e+03
3.046537668308078082e+03
3.030455754159812386e+03
2.810698398319957505e+03
6.155273122092113226e+03
2.674258060413841577e+03
3.505397068799897625e+03
4.214861055315969679e+03
4.124205932898185893e+03
4.238696833714638160e+03
4.075968025572716215e+03
4.932795242098938616e+03
4.635868134984418248e+03
3.671371072479634677e+03
3.472082536763410644e+03
3.890953286152175679e+03
4.472718511084511192e+03
3.495337173326106495e+03
2.021101076593870403e+03
2.191589528481458728e+03
2.880736892263073514e+03
4.220295285079685527e+03
4.244024272140594803e+03
3.617665189582873154e+03
4.791155777576425862e+03
2.688021567100526227e+03
2.796048039348067505e+03
2.836483012898861034e+03
2.941486826790289797e+03
2.596493213394736813e+03
2.783399333248288258e+03
3.081497126047750953e+03
3.110244356085519939e+03
2.552485402140759561e+03
2.304577720594362290e+03
3.341717017742781536e+03
3.741864332811833265e+03
3.659309338006711187e+03
3.579533963234023304e+03
3.077513548059566801e+03
3.102558201062349326e+03
2.877787360463037658e+03
3.619546188975676159e+03
3.878674528407002981e+03
4.882902056352791988e+03
4.140502504066443180e+03
4.238580158138371189e+03
3.672706770807962130e+03
2.207193950076795772e+03
3.094289907647590553e+03
2.899315816987719245e+03
3.582268600145520395e+03
3.316303598861040882e+03
3.171581495788686880e+03
3.466659403053144615e+03
3.588253763750462895e+03
2.788698277804663121e+03
2.365206914098270772e+03
3.063211325492072319e+03
3.470468817211120040e+03
5.185160351338701730e+03
4.236712209708172850e+03
3.920720439396594429e+03
3.916343615586616124e+03
3.067152228286227455e+03
3.495262675203694471e+03
3.335512959754034455e+03
2.741941413393150015e+03
2.347816643749748437e+03
2.888519831620183140e+03
4.893674587949269153e+03
3.479702006827918467e+03
3.010445221266285444e+03
3.535647100939635493e+03
3.084846850060117049e+03
3.603644280050165889e+03
4.993287236427611788e+03
4.853748013040276419e+03
4.250197332072742029e+03
4.783939005208659182e+03
4.412755943073534581e+03
4.132685829459087472e+03
3.229816086014551729e+03
3.603285577906635353e+03
3.481699413631803964e+03
4.402330354200667898e+03
4.065283011750455898e+03
3.669850007449173518e+03
3.946721080360011456e+03
4.922507787588680912e+03
4.984541600002604355e+03
3.889131873864405861e+03
2.684701404050313158e+03
4.655719747486388769e+03
4.185478002124766135e+03
6.076230239361089843e+03
4.437589388272047472e+03
3.988548856060260732e+03
2.682907438162078506e+03
3.176623919554941949e+03
3.301913456772196696e+03
4.692595316975797687e+03
4.739523242473526807e+03
4.291886749508792491e+03
4.119740499741584244e+03
3.521343190155076172e+03
4.376830731407458188e+03
4.282134329436464213e+03
3.820011885998010257e+03
3.594556659043064428e+03
3.852531692707684670e+03
4.221092055030370830e+03
4.447220741440135498e+03
3.577333248744034790e+03
4.420766388944948631e+03
4.683239208956143557e+03
5.344854477260253589e+03
4.724585241845894416e+03
4.663184878085590753e+03
4.504373787344859920e+03
4.719744310124458934e+03
4.495359132140032671e+03
5.282680640748870246e+03
4.697441969080803574e+03
4.746680375072466632e+03
4.673559980627376717e+03
4.721592172021171791e+03
4.627176979812176796e+03
4.436651674787652155e+03
4.632071762824288271e+03
4.087347320941792987e+03
4.042935692218924032e+03
3.534992245886775436e+03
3.750694890348308945e+03
2.915231777111853262e+03
2.741175570052077092e+03
3.914172950537633369e+03
3.296812681113992312e+03
3.113467907500755246e+03
2.434596938240570125e+03
2.805466318724114899e+03
3.334148770202969899e+03
3.064347995219757649e+03
2.582327887565569654e+03
2.885343115190828485e+03
2.572094327765146318e+03
4.688250156336604960e+03
3.065012029479464672e+03
3.070837149864443745e+03
2.733277160025339526e+03
3.235218452319974404e+03
4.382615940413596036e+03
3.791960740250012805e+03
3.068431706435621891e+03
2.796733178858114115e+03
2.695630661672669248e+03
4.335699967415213905e+03
3.515136770942484873e+03
2.953968674428895611e+03
3.341839255800129195e+03
3.285718121936813077e+03
2.333205228956859628e+03
2.328050880123019397e+03
3.219318269752543529e+03
3.112572124989980239e+03
3.697473563684960482e+03
3.803297094495914735e+03
3.180210886081546505e+03
2.939436256912438694e+03
3.652466287122448648e+03
5.902245191003185937e+03
4.312019446392359896e+03
2.929811196169715458e+03
3.738418458814331643e+03
3.388505028829713410e+03
3.587729627217291636e+03
3.613140602222018515e+03
5.308698339359953025e+03
6.690503439640249780e+03
3.763951635405866000e+03
4.736438763894726435e+03
5.781173277568772392e+03
4.302886190223894118e+03
3.729881921551633695e+03
4.727814535851147411e+03
4.559678556539393867e+03
4.431269642427311737e+03
3.936446844928781047e+03
3.356447247035277996e+03
3.041853727725417230e+03
3.225449033043469171e+03
2.538619639233353155e+03
3.098421268657931250e+03
2.747364964268286712e+03
2.091315552259107335e+03
2.877680338602755910e+03
2.789934636991373281e+03
2.683160239420113612e+03
2.210384422715818800e+03
3.218108263104361413e+03
3.674740739309580476e+03
3.774337468888641979e+03
3.212026157993146626e+03
2.900644529210507244e+03
3.151523163376214143e+03
3.454064549999645806e+03
3.727322438180243807e+03
4.094663329737682488e+03
3.725868466891777643e+03
4.841643342616922382e+03
3.945883282454611617e+03
4.279898676817439082e+03
4.471286044451086127e+03
2.797878458618510649e+03
4.514589276396427522e+03
4.087467349534853838e+03
3.160843613828703383e+03
2.972311474966459627e+03
1.917066984087692163e+03
3.233668219050901826e+03
3.785071743887080629e+03
3.303333936624193939e+03
3.317195404814402082e+03
3.878393066500133955e+03
3.198209765711689215e+03
4.579029089050650327e+03
3.561233876919573049e+03
3.126234002601365319e+03
3.649053891898283837e+03
3.971823296528131323e+03
2.903563690343262351e+03
3.355400913434541053e+03
4.129325319446520552e+03
3.184978978882467345e+03
3.091614103890468414e+03
3.497620784857730996e+03
2.991699115007457749e+03
3.182242115154657768e+03
3.514279861418602195e+03
4.081121988283633527e+03
3.849825764747159155e+03
3.813862688335388611e+03
3.389121071354305059e+03
2.514498514224922928e+03
3.738511487495921756e+03
4.190881155305991342e+03
3.319229738128087320e+03
4.033848752025307931e+03
4.064111563813355133e+03
4.582639206574620403e+03
3.759537851000164665e+03
4.197685627682070844e+03
7.064940377497889131e+03
3.138412881721681060e+03
2.874515796623340066e+03
3.172007252829900608e+03
4.265531332199362623e+03
3.489186223084030644e+03
4.602251907613928779e+03
4.048147933465549158e+03
2.949882769646599172e+03
2.953206513137893126e+03
2.880645441774343453e+03
2.605405263067310443e+03
3.423905631658457878e+03
2.813553779660787313e+03
2.645511482131843422e+03
3.577559506295060601e+03
3.522294133509560652e+03
3.020970378780167721e+03
3.079413635519619675e+03
2.548213886403123979e+03
2.363409789302957961e+03
2.285136414052815326e+03
2.920820763803658338e+03
3.975910148157148797e+03
3.490331113827482568e+03
3.318369661188984992e+03
3.610130673479941379e+03
4.158727975935869836e+03
3.889859506964133743e+03
5.377583631033517122e+03
4.354369300253187248e+03
4.697130418856886536e+03
4.611466364916458588e+03
5.063004447397393051e+03
4.066840153895358071e+03
5.379529301806252079e+03
3.653169358847314470e+03
5.049632354956863310e+03
4.621599612233038897e+03
4.510759383187248204e+03
3.476206172847866583e+03
3.193066599503659745e+03
3.692931376041879503e+03
3.816676967994691495e+03
3.343490467567715314e+03
3.937902648994689571e+03
3.523700831258603102e+03
3.641808226517890489e+03
3.468216307059461087e+03
3.595951648195280086e+03
3.620995062681007312e+03
3.872892526480325159e+03
3.743402623592722648e+03
3.202889355902696934e+03
3.836030008047147930e+03
4.171033304769894130e+03
4.653933683919353825e+03
3.333845578373913668e+03
3.277511212417022307e+03
3.726248093246365443e+03
2.712115182746049868e+03
2.995171968415858828e+03
3.142717890144250759e+03
3.492639145560481666e+03
3.792409642231532416e+03
4.073184748110728833e+03
3.909027867032095855e+03
3.686188031421484993e+03
3.987565998235656934e+03
3.299854777136321900e+03
5.770253582764898965e+03
4.526814144816137741e+03
3.842816179748490867e+03
3.237150812233139732e+03
4.108770520531457805e+03
4.391827821614725508e+03
4.099530461595413726e+03
4.155308000437670671e+03
3.647239606064847067e+03
