8.877935314767911450e+02
6.975949365724507061e+02
5.312016494262913966e+02
4.939604970208093278e+02
5.346110626060984714e+02
9.281244305137466881e+02
1.268055201935886771e+03
1.071661292538886528e+03
8.552032676626528200e+02
9.142772612299039565e+02
7.405365225747812019e+02
6.972401288634705452e+02
9.783349385690105464e+02
1.136189239918148587e+03
9.730916164655534430e+02
1.041612096059218857e+03
1.138560183564106183e+03
1.061338276831695566e+03
1.137515273907458322e+03
1.259692506700109561e+03
8.022299103955183455e+02
7.809468807493815348e+02
7.844000579732210099e+02
8.818228447447175995e+02
8.074472032326470980e+02
8.779349990205039376e+02
1.265342423837971182e+03
8.735711567252619716e+02
9.364753638893414518e+02
5.204780760203932459e+02
6.125165836646890511e+02
5.534387011978399187e+02
4.314332328220716590e+02
5.364389259923208328e+02
7.511386145988035423e+02
9.069533798627199985e+02
9.029666080137395738e+02
1.181925525384590401e+03
9.579398676430744217e+02
8.352146801473215874e+02
8.110606605861277103e+02
6.625677677954747651e+02
1.050948992073797399e+03
1.160522960252167422e+03
1.436708380439024040e+03
2.466171495296982357e+03
1.046301589344418289e+03
1.152602226326109758e+03
1.147227460677217550e+03
7.500659013596280147e+02
7.392176229731238664e+02
8.362012725233204264e+02
6.566322179733303983e+02
6.668653826283879198e+02
7.290462136203494765e+02
8.274725149607871799e+02
9.716456384579971655e+02
9.095268209597463738e+02
7.406999690189152261e+02
6.802283116473167865e+02
8.950869375803365529e+02
1.196254782216711874e+03
1.617033027413345053e+03
1.005063360431592855e+03
6.191854130046292539e+02
1.274116377053737779e+03
1.207153865678852526e+03
1.072821945160788800e+03
1.466736722905435045e+03
9.556292110272810305e+02
8.048442212289921827e+02
6.057312283219868050e+02
6.486286812131756960e+02
7.405146302710517148e+02
8.941358392952317899e+02
8.513875870275314810e+02
6.759666263312398087e+02
6.575669876248142600e+02
5.584282682329082945e+02
7.581656050236723559e+02
6.006424393548170428e+02
5.556275787246123627e+02
7.063645010904729133e+02
8.229705332330441934e+02
9.694308785885433508e+02
6.194457459217280757e+02
1.126187021858153912e+03
1.361132043299657425e+03
1.255413457150622435e+03
1.548878018194214746e+03
8.513159224177484248e+02
8.919321385726309472e+02
1.166019717589584161e+03
1.015187179270065599e+03
1.370728392715453992e+03
1.624318250769267934e+03
1.750757454151266757e+03
2.510530329846051700e+03
2.946184669219636362e+03
3.916465505023177229e+03
4.320570053686916253e+03
3.992578014710209118e+03
6.450394557763492230e+03
4.063136997688035535e+03
3.689616979437259488e+03
3.117908331156198983e+03
3.755382156591504554e+03
4.794247945529810750e+03
3.794460608667747692e+03
6.002144153752669808e+03
5.434226378890470187e+03
4.473526295513772311e+03
4.040329473160335965e+03
5.830569809371377232e+03
4.161949690953196296e+03
3.692828217063842658e+03
3.163105278392033142e+03
3.790926344810137380e+03
4.119282644053143486e+03
4.966211841492872736e+03
4.583071431248715271e+03
2.808571318707591672e+03
2.822397598868507885e+03
3.897197204404087188e+03
4.981414164705717667e+03
4.778052072109001529e+03
3.455206953616553619e+03
2.276704132823358123e+03
3.224045105860288459e+03
3.968514819145774709e+03
3.158867701877257332e+03
3.266302072306839364e+03
3.633263014874941746e+03
3.962639347063242440e+03
3.728908806602572440e+03
3.498153329235664842e+03
3.252904541740195782e+03
3.260897496442185911e+03
3.672305404874781289e+03
3.763082807397850956e+03
4.142808888617997582e+03
3.707510127601427030e+03
3.600302550859218627e+03
4.594866890064146901e+03
3.655601521201066134e+03
2.794457932609974705e+03
3.731614474774071823e+03
3.795319022335838326e+03
2.588921125449629017e+03
2.450644963037945672e+03
3.621151603074681134e+03
2.896137369684553960e+03
4.214512782496149157e+03
5.253606328678105456e+03
4.812622175233046619e+03
4.333015736687896606e+03
4.427729578880063855e+03
3.167742834403240522e+03
4.237916693387901432e+03
4.238983724184516177e+03
3.540551418834729702e+03
3.376571171892500843e+03
4.618974186362878754e+03
5.208305225521226930e+03
4.285070994454842548e+03
2.388153650920489781e+03
2.625063240043252335e+03
2.577223841839919260e+03
3.550035427443369372e+03
2.470035208226739087e+03
2.478104855432888144e+03
3.524145934857244356e+03
4.753986612124385829e+03
4.369053854781006521e+03
3.654139506811603042e+03
2.511074767564596641e+03
2.250764391963424714e+03
2.749445727423021253e+03
3.927790353522516398e+03
3.350741020972688602e+03
3.149446689985039484e+03
3.901198037997859046e+03
3.853305086178806050e+03
2.553495295918451120e+03
3.296134494666302544e+03
4.152649868829297702e+03
4.816975428437840492e+03
4.597871275170579793e+03
4.258176807585427014e+03
4.398333538451642198e+03
4.733467081847767076e+03
4.111730312252659132e+03
3.587557883881871476e+03
3.758353020919014398e+03
4.334537234446988805e+03
4.222736060730075224e+03
3.755566785618619178e+03
4.625338195517239001e+03
3.909633221396606132e+03
4.846343712137277180e+03
4.317503133867117867e+03
3.983143206521984212e+03
6.432904074924758788e+03
4.203096872273469671e+03
4.155332533393559061e+03
5.786545899817078862e+03
4.374548461814936672e+03
5.155500250088039138e+03
4.726206958737821878e+03
4.014722976873386415e+03
6.386071484257205157e+03
2.737012439865989109e+03
4.158182511506998708e+03
6.070507387734264739e+03
6.216346883901888759e+03
5.263724704051699518e+03
5.920134215733948622e+03
6.633256804720713262e+03
3.750870737558827841e+03
6.420030375904842003e+03
3.469842005514244647e+03
5.812060705889005476e+03
3.773335077034008918e+03
3.646968031266635990e+03
3.379646506758395844e+03
3.455634954464416296e+03
3.026785436559175650e+03
2.519078289857262007e+03
2.786730872854373956e+03
3.800759909221548696e+03
3.119893626037962804e+03
3.056228904869853068e+03
2.309099530294015494e+03
2.251865501947319899e+03
2.635698988203168938e+03
2.822538860676704189e+03
2.771751302658024542e+03
2.744995220080237686e+03
2.164104933119466295e+03
3.187275397817856629e+03
2.177469905361074325e+03
2.046890190847201893e+03
3.150472601608715649e+03
2.635932740733559513e+03
2.390029678213428269e+03
4.148319955635254701e+03
3.371589845241873263e+03
3.016745092184506575e+03
3.485060152059364555e+03
2.803613483226523840e+03
2.137550112501235617e+03
1.981300971118722600e+03
3.342113709094774549e+03
1.932954864264920161e+03
2.489456811111783736e+03
4.191869748843135312e+03
4.356698578893564445e+03
3.263764583352544832e+03
3.150188139718767616e+03
3.860910980393617592e+03
2.164406171256755442e+03
2.782290973615360144e+03
2.089695434061764900e+03
1.565186002801960058e+03
1.776382046110310284e+03
2.069181463621924649e+03
1.776766750119537619e+03
2.760202369090124648e+03
2.517170462228630186e+03
3.065765894758643753e+03
2.497669763143283490e+03
2.462345340237311120e+03
4.064431915407491488e+03
2.089628633459979028e+03
2.690725473096826136e+03
3.095761249424380821e+03
3.425297644747396589e+03
2.509295060806423862e+03
2.789643131719160465e+03
2.851654679126678730e+03
2.348858526851099214e+03
2.375919174053643928e+03
2.602097667815791283e+03
3.157764574643018932e+03
3.713563078190264605e+03
3.048381830955464011e+03
2.693292047079516578e+03
2.333065165989626621e+03
3.031055774917089821e+03
3.451310712525951658e+03
2.796869118818134666e+03
3.175996805062799012e+03
3.846772768255576466e+03
4.331159990500859749e+03
5.940629035014504552e+03
5.157922128090231126e+03
8.372003743164779735e+03
5.310741239135259093e+03
5.286908558197052116e+03
5.881399044932616562e+03
4.671257324083272579e+03
5.741588495960898399e+03
5.094635398909726973e+03
4.733579452982408839e+03
5.737308495238919932e+03
4.841631468068142567e+03
3.900298918900266472e+03
4.937513329842951862e+03
4.851344296369583390e+03
4.635625121273544210e+03
4.586567555325782450e+03
5.158806913980869467e+03
3.355827956738708963e+03
4.954636905834636309e+03
5.106200530411653745e+03
4.525944991608422242e+03
3.982308479737118887e+03
4.082041217963961572e+03
4.360229162183978588e+03
4.507812089436655697e+03
4.066591749332381369e+03
4.538464829474922226e+03
3.088791190807394287e+03
3.893844249642445448e+03
4.568013325030512533e+03
3.206070430181357551e+03
2.864572578861678267e+03
3.676161490343323749e+03
5.674577058689237674e+03
3.511090315281937819e+03
3.214914572071829298e+03
2.390339595200748136e+03
3.463678327115164393e+03
5.214482744422265569e+03
3.993059772383298423e+03
4.464046418605277722e+03
4.135568761798235755e+03
4.362336875891337513e+03
4.287930028573331583e+03
5.899256638301218118e+03
5.097239290239146612e+03
3.723997558758411742e+03
3.475258454073937628e+03
5.708162246527199386e+03
3.248296602403002453e+03
3.667953275376888996e+03
4.924406937214127538e+03
5.239960134146434939e+03
4.524222557452008004e+03
3.029712801882459644e+03
2.709320150308245957e+03
3.754175121088705055e+03
3.281729263472620460e+03
2.809196133754592665e+03
2.395186274151372345e+03
4.027812461991949476e+03
2.745391998756374051e+03
2.867777046052692185e+03
2.225148721927095266e+03
1.791866803774932123e+03
2.347536109018285060e+03
1.892889399311201032e+03
2.091951068237192885e+03
3.591972468425096395e+03
2.571209791701721770e+03
2.336953204863200881e+03
2.201998869249633572e+03
1.944832053755074639e+03
1.879180809193388541e+03
1.319923140639912617e+03
2.275369184490605221e+03
1.472794949770388712e+03
1.690359157852341923e+03
2.141033573409447854e+03
1.544267739031205338e+03
1.335511496264111656e+03
1.771231246870165478e+03
1.382806158572530876e+03
9.362718041360294592e+02
1.784333991576310609e+03
1.843464899301766764e+03
1.684857036870256479e+03
1.006334578519741513e+03
1.118400526616527486e+03
1.160644344662629237e+03
1.148422467617297116e+03
7.676355155755185251e+02
7.727258005253175952e+02
2.091184548603694566e+03
1.633708109155322063e+03
9.412005913454923984e+02
1.578749832703449556e+03
1.007237208697002302e+03
1.096098351765135703e+03
1.176157036595688623e+03
6.659197100514894601e+02
1.514408295288591717e+03
1.061892118215446999e+03
1.175086867648388079e+03
1.110968347902256255e+03
1.270582245086551438e+03
7.860722683767722856e+02
1.618213647483611567e+03
1.415932995951918883e+03
1.256367276813394710e+03
8.591898818414042580e+02
2.607827496825253547e+03
1.350211169007729950e+03
1.052220444871846212e+03
7.729261952451644220e+02
1.067580559492506609e+03
8.581671102774167821e+02
1.153751442140401196e+03
7.713093269228415920e+02
7.224110036195140765e+02
7.979908235875778928e+02
8.555074486647457661e+02
1.185020811988495325e+03
1.233679315411137168e+03
8.485749209381826859e+02
7.613811395349474651e+02
8.428191357069830474e+02
5.727880164377560277e+02
7.205700604945074019e+02
5.935192905871608673e+02
6.432890135419194166e+02
7.712130825716349136e+02
6.524860086133862751e+02
4.905290937077713807e+02
5.759651123825074137e+02
3.746715505269273763e+02
7.499034470012528573e+02
5.075985070475631460e+02
1.083745881914167967e+03
6.589149626615740090e+02
5.639372576623703708e+02
4.740777134611557244e+02
6.234621145162310540e+02
6.129023235135284722e+02
7.777641686141362243e+02
6.726724186591314947e+02
8.317462316683672725e+02
4.219017337416948976e+02
9.146179715914395274e+02
9.786583356747071321e+02
5.816278336160793287e+02
7.494093968027184474e+02
4.880086677770254937e+02
6.334475045940234850e+02
5.672782077638942155e+02
5.051589008598395480e+02
6.045090546524672845e+02
1.119209487692078028e+03
7.319465189494654851e+02
8.977252521224904740e+02
1.144886222773427335e+03
1.050068589400887731e+03
9.869567510165232989e+02
7.466617199170359527e+02
5.357363283539393706e+02
9.209829398368542570e+02
1.122543123003751134e+03
8.004985993044502948e+02
1.271677289175861461e+03
5.567456679562604904e+02
7.599087413985797639e+02
9.785728182075757786e+02
2.147559267396292853e+03
1.932480838214634332e+03
8.403837112898594341e+02
1.056838878887173678e+03
8.466793914311208482e+02
1.353386313678350689e+03
8.236603433142119002e+02
6.559614314222554867e+02
1.244960735385456928e+03
8.796794377834756915e+02
4.940653348958587685e+02
8.072930515586197089e+02
9.734105225456596600e+02
1.256828007315115201e+03
1.030282024778270170e+03
8.644954594904768328e+02
1.221452102949095661e+03
9.924766197482001644e+02
6.374894279886379991e+02
5.320028389131880431e+02
4.454064819140550640e+02
4.982363822023297075e+02
6.820032387896783348e+02
6.261752325105147747e+02
8.336387875899324627e+02
6.740111400409772386e+02
7.208929341271459634e+02
7.349966343544339225e+02
4.144773197649010967e+02
5.265971335768349491e+02
6.257229766673449376e+02
