2.643123848851119874e+03
3.996274779576821857e+03
2.772163624167715625e+03
2.613070935059367002e+03
2.596802669981324925e+03
2.093430985361906551e+03
2.100776622245810358e+03
2.333984315031022561e+03
1.822996190725860970e+03
2.737574527398858208e+03
1.930574934867891443e+03
1.683352491243593704e+03
3.905709769742505614e+03
4.442428476833454624e+03
2.856290661125355200e+03
5.660586494269793548e+03
4.370555607594002140e+03
5.115469732660109003e+03
3.544011579137439185e+03
3.080835966117011139e+03
2.694177707113423367e+03
2.222228431772761724e+03
1.987230747831320969e+03
2.207159076726223702e+03
2.514858375768351380e+03
2.534856050173932090e+03
2.431225809770260184e+03
2.338294014984412115e+03
3.059579016538668384e+03
2.499867412666443670e+03
3.427187683748109521e+03
3.420303463605498109e+03
6.681391804586525723e+03
3.245215586595558307e+03
3.425756950822168164e+03
3.310086694984970109e+03
2.494916512158139994e+03
3.322786509639151063e+03
3.568934599464629628e+03
3.607732138421266882e+03
3.692653263547804727e+03
5.047765135429890506e+03
3.906022461839420430e+03
1.046714901400110875e+03
1.088161075532100995e+03
1.444340788241341897e+03
1.234133063565031080e+03
3.316965298086437997e+03
6.728444563324219416e+03
6.674704512375373270e+03
3.119810777646033330e+03
1.358086989363874636e+03
1.420137140725076961e+03
3.402808620319605325e+03
3.107946145870285363e+03
2.978173960894715947e+03
9.963965577617809686e+02
2.246077648871992551e+03
2.172476236171683468e+03
1.000669270849778513e+03
8.206040511320575206e+02
1.710472931959152447e+03
1.371094826411528629e+03
9.095278098397069471e+02
3.545083554242714854e+02
1.905881057114763053e+03
4.369667576598536471e+03
5.486995664630981082e+03
3.665529982481486513e+03
3.792650882011651902e+03
2.859936826504898818e+03
4.073211883219726133e+03
6.313792046773198308e+03
3.995979198808058754e+03
3.568354477751246577e+03
2.181662519390429679e+03
4.738235527541331066e+03
2.713323268124005153e+03
1.932737645647905538e+03
2.885553952957553975e+03
2.623742565101525997e+03
2.056515228100232889e+03
1.492264595278428260e+03
2.093504588793042331e+03
2.777941765051009497e+03
3.437348405323463339e+03
3.580225802299974021e+03
3.160390288212146061e+03
1.954043003220906940e+03
2.340816200623829445e+03
2.416686697572809408e+03
3.195804844925149155e+03
2.529208372424491699e+03
3.389954347078048613e+03
4.520016720323731533e+03
5.093104605206888664e+03
5.258357413995504430e+03
5.340122046660872911e+03
3.954759159341350824e+03
3.709736375093053994e+03
2.123804765966324339e+03
2.187922495447451638e+03
2.218784277213087080e+03
2.210765883699461028e+03
2.341669257305877636e+03
2.564683088126596431e+03
2.426677638296850546e+03
2.077243110986746160e+03
1.715185782519190980e+03
2.687242114692398900e+03
3.067716149796913214e+03
2.602744099630728670e+03
3.449502202366114489e+03
2.734906089494939806e+03
1.871016832550695426e+03
1.855597159592490698e+03
1.999206796982456581e+03
2.578121025051349534e+03
2.201572646178055948e+03
2.536002730525992320e+03
2.450486282196922275e+03
2.455399660256971856e+03
2.640374786250764373e+03
2.380724852616147018e+03
2.266379032309636841e+03
2.357060105808423032e+03
1.937615289326022548e+03
2.318654561562714662e+03
3.065881274249039507e+03
2.625150354991700624e+03
2.948852718853002443e+03
2.768750730812831080e+03
2.445975480543836511e+03
2.263732319103922237e+03
3.691775388939307049e+03
2.865786878848447486e+03
3.288453203583594131e+03
3.119004391846886847e+03
3.090600104555693633e+03
3.349876592408373199e+03
2.296809669524919627e+03
3.794905300906278626e+03
2.651201835171708808e+03
2.316556836395468963e+03
3.448519624616445981e+03
1.953879997306626137e+03
2.654793273985468204e+03
2.214415602461645904e+03
2.839223645361544186e+03
2.544364064830693678e+03
2.912912632050761658e+03
2.705165932735123533e+03
2.459750589180860061e+03
2.487144402022448048e+03
1.692658547871404608e+03
1.634556098074611327e+03
3.477362261266812311e+03
2.378261161961726884e+03
2.437282905145805671e+03
3.702959693925437932e+03
3.210118924981667533e+03
2.880186684749330198e+03
2.047513077815285442e+03
2.607577054588122337e+03
1.306098888355516920e+03
8.477381151574226124e+02
8.792621964873667366e+02
5.000933975080748155e+02
4.768924443860689735e+02
6.389608121948600683e+02
7.668343481590164856e+02
8.114042993348869004e+02
8.901966331647756761e+02
9.258998931832395556e+02
1.493142916152279213e+03
1.372389712956877929e+03
1.243742103793815886e+03
1.136338692429968432e+03
1.462203114508129374e+03
1.110901761345443219e+03
1.065467717369533375e+03
8.901969959428323591e+02
8.143023707061515779e+02
8.387000617213581108e+02
1.035749182334879606e+03
1.583537417440215222e+03
1.566890559174465352e+03
1.424429981277365869e+03
9.488305658261344888e+02
1.202303473320838293e+03
1.244445602675710006e+03
1.308216416019514099e+03
9.976341584438628161e+02
9.455194640731079971e+02
1.156769281291252128e+03
9.322470383767077919e+02
1.144925884281458366e+03
9.502570861796182271e+02
9.191613125203941763e+02
9.979738387440952465e+02
1.101235156670371452e+03
1.086994864041027540e+03
1.049027163215406745e+03
1.021880295849125673e+03
1.982728352510791638e+03
2.864380138609625646e+03
2.628362430750436033e+03
1.152635340714257609e+03
1.204132634904574161e+03
1.141606814545137468e+03
1.313947712294675739e+03
1.204639173601161474e+03
8.500016380230725872e+02
8.297346417803680652e+02
1.078449958918603670e+03
1.213994140457409685e+03
1.047280884238720773e+03
8.350013980946829406e+02
1.048716652950589832e+03
1.449503710056892942e+03
1.204926633316977131e+03
1.088728354880649704e+03
1.065708954453837805e+03
1.222552462089077380e+03
1.249520981932245604e+03
1.510985374570748945e+03
1.647717156624443760e+03
1.685860602970392847e+03
1.226967749043762296e+03
1.760491910213441770e+03
1.439906720643942890e+03
1.197609253968821122e+03
1.052514133853499516e+03
8.687390901635411637e+02
1.312727850236988843e+03
1.594176281034862768e+03
1.182997926806009445e+03
1.069673312368399138e+03
1.080104691367799887e+03
1.649068669421802497e+03
1.339624313085029144e+03
9.972621052524496008e+02
1.143506140254181901e+03
9.275311146806384386e+02
8.162508669216994122e+02
9.469956570613468330e+02
1.307528091456897982e+03
1.127629008432327510e+03
1.130323586601210991e+03
1.025605651592190725e+03
9.577557934642921964e+02
9.469456983911915131e+02
1.147867031447322688e+03
1.260855111085126509e+03
1.255802190577197507e+03
1.239426619310335582e+03
1.190461925641514881e+03
1.617840955725540653e+03
9.900396601966580192e+02
8.740164434477089799e+02
8.541274962091662246e+02
9.221984797105320695e+02
1.481557309547680688e+03
1.442933248636984899e+03
9.863857530647319436e+02
1.067779577159417840e+03
9.248026200290987617e+02
1.318005775582400702e+03
1.345981993171877093e+03
1.330070494809194088e+03
1.188582678760789804e+03
9.699697703062172423e+02
1.375114694961255964e+03
1.254959561710927801e+03
9.789041180575616181e+02
9.296639173354019476e+02
1.194798405940067596e+03
9.726411599976697744e+02
9.761477210475138691e+02
9.330610481858400362e+02
1.002574777520364364e+03
8.413728837823994127e+02
1.121252476618534729e+03
1.327937153044322031e+03
1.215598925819369015e+03
1.148655934522037569e+03
1.012703336919336834e+03
1.070374331622263071e+03
1.214792316773994798e+03
1.009007183529632698e+03
1.106037393471920950e+03
1.292078725808818490e+03
1.565221876776772888e+03
1.296227196755741033e+03
1.120125291770436888e+03
1.078003031435146795e+03
1.544325736706384305e+03
1.809689025840327304e+03
1.353741450500560632e+03
1.153998034656817481e+03
1.543350984722569365e+03
1.233352388628294420e+03
1.902200193349776100e+03
1.212151580029049683e+03
1.493003662369471840e+03
1.649964193234865661e+03
1.153813590702393412e+03
1.111075819721914058e+03
1.239839669856533874e+03
1.434338993901963477e+03
1.715534008289760322e+03
1.360687197871717444e+03
1.332352642941300246e+03
1.493894172413232809e+03
1.608846829368593035e+03
2.075154453130613092e+03
1.945365542624186673e+03
1.784462098491394727e+03
1.513883873385828338e+03
8.034290904904942181e+02
2.142698071095837804e+03
4.763705794736401003e+03
4.186280819995244201e+03
4.234306741932941804e+03
3.175517532292635678e+03
3.541152262322497336e+03
4.350566405517186467e+03
4.736197586912920997e+03
4.243375956101693191e+03
5.289757137814194721e+03
4.600185360995836163e+03
6.041895887654153739e+03
4.017347363584151026e+03
3.797931766911886371e+03
3.338326095311326753e+03
3.559173979047603552e+03
2.615857606648416095e+03
1.679361327688655138e+03
1.036594006133069342e+03
1.038087735978636147e+03
1.001793793500741799e+03
6.851916747046009277e+02
1.072171277215825512e+03
1.547707513769659499e+03
3.492900381069419382e+03
3.263810778215287428e+03
2.975625482228587771e+03
3.115729836529546446e+03
2.690404534499510646e+03
2.366162965382163748e+03
1.568960241561839211e+03
1.479661239901371346e+03
4.423413326255436004e+03
5.764004599305835654e+03
4.478814839247951568e+03
4.011202281156943172e+03
4.622176030656133662e+03
1.376702145402310862e+03
2.186463460380878132e+03
1.642159096801558917e+03
1.585255753696844977e+03
2.320349459864204164e+03
2.758740322872781690e+03
4.595834757525357418e+03
4.080895851524093359e+03
4.492812402921614193e+03
4.298765221757211293e+03
3.556428002597490377e+03
3.609758626358021502e+03
3.789431363073051216e+03
4.494831137853700966e+03
3.121380419639634511e+03
1.785559722410637733e+03
2.891135221790803826e+03
2.534631501575226594e+03
2.368638243327837245e+03
2.770738643535744814e+03
3.261174591660945680e+03
2.568428448575241873e+03
2.453551216544508407e+03
3.949436905218915399e+03
4.459463139632965976e+03
4.297140659662662074e+03
3.771189341309828706e+03
3.719116704348356507e+03
3.524224007022185560e+03
3.134234665602516088e+03
3.228033501733667435e+03
3.374434848597597011e+03
3.012041439643639933e+03
2.897396359668023706e+03
3.367077977550706237e+03
2.585516115136095323e+03
2.515053042793996610e+03
3.164560812789448391e+03
2.430990628651934912e+03
2.296130924275860252e+03
2.293873454292866427e+03
1.845179177863215955e+03
2.436928265160387582e+03
5.829886157386763443e+03
4.154788948888710365e+03
3.402778593713819646e+03
3.827741893836085637e+03
2.844791599437111017e+03
5.991260659088803550e+03
2.617699423965141250e+03
4.026527320899899678e+03
3.376779518819012537e+03
3.474203687871012335e+03
3.361108492102165656e+03
3.806621227128825012e+03
4.038550687451594058e+03
3.200022774467862746e+03
3.861472803955434301e+03
4.874127847955558536e+03
3.555616346517324928e+03
4.649312117394265442e+03
3.142474529571246876e+03
3.300976509924825223e+03
3.729988934604152291e+03
3.052762389145345423e+03
3.084911906761893988e+03
2.559459990691014355e+03
3.044138541178067044e+03
3.697140997067546323e+03
3.336513659566470778e+03
2.454526003248788129e+03
2.818545923652397505e+03
3.152354688186823751e+03
2.149752964984961181e+03
1.937136741542995196e+03
1.981016814246479044e+03
5.594650800964046766e+02
2.836139582860164410e+03
3.253372071796338787e+03
1.819326649443688893e+03
1.165426452116794962e+03
1.010865629210585098e+03
5.218142142672884347e+02
4.993358136920567631e+03
4.201594129032817364e+03
3.808295706448320743e+03
5.633043505275779353e+03
6.654251897490976262e+03
7.826995410710107535e+03
7.604128380898704563e+03
4.342208697062867031e+03
1.892807495038760635e+03
2.648576654732285988e+03
2.106552784142887504e+03
9.981374818471924755e+02
2.330836950130620153e+03
4.784106636497132058e+03
4.835723700481536071e+03
2.934986611190367512e+03
2.957947666741722969e+03
3.752257556260685305e+03
8.417828265195446875e+03
4.269226985153467467e+03
3.797097370441975272e+03
5.118206124505792104e+03
4.236019779234778071e+03
3.083565678029766786e+03
3.037159387315895856e+03
1.906415119288614051e+03
2.630752421749249152e+03
2.475659853102085890e+03
2.747953710460863022e+03
2.760624819943812781e+03
3.061664181505580473e+03
2.542850720842156989e+03
3.115178156619548190e+03
2.756965563360512988e+03
2.668043825656949593e+03
2.209332509203591599e+03
1.642782480003367027e+03
1.601284316290343895e+03
2.708623297856251156e+03
2.222738659841956178e+03
2.134048278246112659e+03
4.912967005255771255e+03
4.089111244757514214e+03
7.193490687753267594e+03
4.347216304070707338e+03
3.417407208224653004e+03
1.873186618920393585e+03
1.571492158458324411e+03
2.516606725824697151e+03
4.117166761994234548e+03
5.019356547886889530e+03
4.405449229554243175e+03
4.687143526442661823e+03
4.204808946029271283e+03
4.688834524851596143e+03
4.115149257335274342e+03
4.475830621836738828e+03
3.870428993621555037e+03
4.321237716519350215e+03
