1.685555064846576897e+03
2.367116159197530123e+03
3.867084041125527165e+03
2.918000656294655982e+03
2.138757700464676873e+03
3.297937426798758224e+03
3.169152874016483111e+03
4.399155502288343996e+03
3.757263130661414834e+03
3.113278213388498443e+03
2.516823488184190410e+03
3.179263403040250978e+03
3.226124120502390724e+03
3.999042768624252403e+03
3.767642185155048082e+03
3.073747603885224180e+03
2.724381281373690854e+03
2.402245899765965078e+03
3.004142881263818254e+03
3.547081672072783022e+03
1.890335772092289517e+03
3.391400999100180798e+03
3.312568217571287732e+03
3.748337607625143391e+03
2.446856285390375888e+03
2.933948980073792427e+03
2.594518928400780624e+03
2.998041138680770473e+03
2.358128029068109754e+03
2.137193209678755011e+03
2.829775880630180382e+03
2.372833432946430548e+03
2.107733853403599824e+03
1.887042280286101231e+03
2.142613264913358307e+03
2.156030490099854433e+03
2.095148946387792876e+03
2.165268102462646766e+03
2.209482581848121754e+03
2.151536502883080175e+03
2.213173962128415496e+03
3.248992096376906375e+03
3.064063547941060733e+03
2.642072732791654744e+03
2.126120556588709860e+03
3.322651919056203951e+03
3.733369703163931717e+03
3.507293874290432996e+03
2.792832660981779554e+03
2.717994642905795899e+03
3.346926443172261315e+03
3.395604703573372262e+03
4.279607815101532651e+03
4.218945924991556240e+03
4.375938535430890624e+03
4.320334285249368804e+03
3.677311311596357882e+03
2.410263275044468628e+03
2.448680230388252767e+03
2.623422112828942772e+03
1.891809865266850238e+03
2.460186860171978878e+03
3.067618421855616361e+03
2.719082108440257343e+03
2.802453433504315399e+03
2.940882481581092634e+03
4.245746794269818565e+03
5.036287064644880047e+03
5.512156499068047196e+03
4.341709587263117101e+03
3.558553593600740896e+03
4.955458028790286335e+03
3.920033276235772973e+03
4.923621647647870304e+03
4.061816439457244087e+03
3.390133523693254574e+03
2.337407270691912345e+03
1.453047191246678722e+03
1.165061902561746365e+03
1.093318274485754273e+03
8.263211615930067637e+02
1.135452440206676101e+03
1.550990953480063354e+03
1.133050167522070069e+03
1.343482871510846735e+03
1.792876946426704308e+03
1.697303559900277605e+03
1.472562312155637983e+03
2.029343252331269923e+03
1.484994603201649397e+03
1.346882637583482619e+03
1.336319876920505294e+03
1.865620295206862920e+03
1.683511438567981941e+03
1.649134736157631778e+03
1.787169820242884953e+03
2.597987236527052119e+03
1.838732839023764654e+03
2.129347060603427508e+03
1.793970517169141885e+03
1.357143075106685728e+03
1.678215620033671712e+03
1.502217891699648590e+03
2.280574732461644544e+03
1.805959465642041096e+03
2.530240799261604025e+03
2.049005990649807245e+03
2.317981540336428225e+03
2.189821851603904179e+03
2.186214757896063020e+03
2.501771899916216626e+03
2.315290583397507362e+03
2.373402826015957089e+03
1.932166363603345417e+03
1.925188853568125978e+03
1.923646976267801847e+03
1.988742975467123415e+03
1.729812662757433600e+03
1.534616409157290718e+03
1.741744841286458268e+03
2.597429213730516494e+03
1.655693855704914085e+03
1.608005654290287112e+03
1.724637213014988447e+03
2.187557556214560464e+03
1.939953034531118874e+03
1.422668494877993908e+03
9.800380942910026079e+02
3.401545159087107777e+02
4.061110078212499275e+02
8.984276314635988001e+02
3.007271595832281491e+03
2.704329206708094262e+03
1.308871498521847570e+03
9.397517377020031972e+02
9.158315830012697916e+02
4.412628740139383581e+02
4.668696056981065112e+02
1.517076015907299507e+03
2.085219274020723333e+03
2.583061196856207516e+03
2.209815235271584697e+03
1.680780228426738176e+03
2.588859117861700270e+03
2.592986980221232443e+03
2.950933518809033103e+03
2.591943646368652935e+03
2.993146999146134931e+03
2.270247215408844568e+03
3.063312517929359728e+03
4.149084609780215942e+03
2.463387098486800369e+03
2.700780313975614717e+03
2.953119451739254146e+03
2.610228589650154845e+03
3.147283313802383873e+03
4.424639499573126159e+03
3.139803308435957206e+03
2.829331350107942853e+03
2.790202599214888778e+03
2.300806579790127216e+03
2.473028134189110915e+03
3.393443912286547402e+03
3.247112046900512723e+03
4.443061106726197067e+03
5.899226974268786762e+03
4.023005672385885646e+03
5.156156150759780758e+03
4.557586482661096852e+03
3.149831037121949521e+03
2.586200935077929444e+03
4.453361709238959520e+03
4.762847126964386007e+03
4.332572874448924267e+03
3.746288978362478701e+03
4.834587621224266513e+03
3.971085010976443755e+03
4.406368386248331262e+03
3.830781000872131244e+03
4.297614880778509360e+03
3.506932786552883499e+03
3.989830219489743286e+03
3.902707348623800499e+03
3.879372671437309236e+03
3.617922857868757546e+03
3.335572846315225434e+03
3.495255305846230840e+03
3.743070794976355955e+03
3.609189342752751600e+03
4.195970145724115355e+03
3.560730033827612715e+03
3.772138200389103986e+03
4.126822568052677525e+03
4.692985912109648780e+03
4.084131164725977669e+03
6.404158896091174029e+03
5.081401842545775253e+03
5.761547006149869958e+03
5.364908167023204442e+03
4.377755221568209890e+03
7.194369392898117439e+03
5.327771628353028063e+03
5.552232332215782662e+03
6.432141138254706675e+03
5.035051696777363759e+03
4.936579711012123880e+03
5.624761796575163316e+03
4.883904782364251332e+03
4.906628811059857981e+03
4.845120314131941996e+03
4.873720860985559739e+03
5.619098694804889419e+03
5.184942608125193146e+03
5.206594237082230393e+03
5.255171058600536526e+03
4.160891754237667556e+03
4.376084010982550353e+03
4.425598075132661506e+03
5.768089759244372544e+03
6.999370493413875010e+03
7.676261593731666835e+03
6.973435911675639545e+03
4.902411439626419451e+03
5.492846644354773161e+03
5.219224157626457782e+03
4.339483605359446301e+03
5.756793324615185156e+03
6.944601078180993682e+03
5.041309234161754830e+03
5.735102263713985849e+03
5.344050831372261200e+03
4.805800580655252816e+03
4.870347176525076065e+03
5.476268330669838178e+03
4.785861841950395501e+03
6.788368558841093545e+03
5.271582065488953049e+03
5.355781580478851538e+03
3.890244198999694618e+03
2.984356475943938676e+03
1.623867351877374631e+03
2.311486315302457115e+03
2.024931870702957667e+03
2.718278798759221445e+03
2.168223317087767100e+03
2.384189381849369965e+03
4.399946588234206502e+03
3.351845883389206392e+03
3.418633576453771184e+03
2.808088544598193039e+03
4.002030440642236499e+03
2.472894580871277412e+03
3.394401772584173614e+03
3.900769572266680825e+03
3.322456145936193025e+03
2.417230889704884703e+03
1.191442489732709873e+03
8.664011252619058041e+02
9.440148856727929569e+02
1.431351544929255169e+03
1.247023905729404760e+03
8.373972853310734763e+02
9.071962815812836425e+02
1.122936005552978713e+03
7.926550211431897424e+02
5.358779500265088700e+02
6.081717799849415087e+02
4.930486087915861049e+02
8.697509953142435961e+02
1.231254641761745916e+03
1.018452591113581320e+03
8.102461132187711428e+02
7.953971622227812759e+02
1.058013928905676721e+03
7.282864236870465220e+02
5.257446152744728352e+02
5.000788722930263930e+02
6.277949810814129705e+02
5.033760591718664728e+02
3.072221688386852065e+02
4.757284355587419213e+02
4.179682003203449199e+02
3.753103626303019951e+02
3.154887033663432021e+02
2.323093602322924653e+03
2.937271224590637758e+03
3.208142800826197345e+03
2.361325155744211315e+03
4.866446980949742283e+03
3.154227212174046599e+03
3.826543933853800354e+03
4.025547627232692776e+03
3.688178129127867123e+03
3.168056569138152554e+03
2.352942508778636238e+03
2.919615713059835798e+03
1.935308216198719947e+03
2.510630694537927866e+03
2.145935325986412408e+03
3.400048809242908192e+03
3.431136753065736684e+03
3.543167546171917365e+03
4.080992279601256087e+03
3.858931417379988034e+03
3.940722225961343611e+03
3.015894386421165109e+03
2.285939424198916640e+03
2.627544831633925696e+03
4.688414711931151032e+03
4.103735662506343942e+03
4.024868371289366678e+03
4.075044805248186094e+03
4.717793353240684155e+03
4.400725809828605634e+03
3.564008123197842906e+03
5.283560738163648239e+03
4.062974514296986854e+03
2.930446224451594389e+03
2.234020379837946166e+03
2.057978653352048241e+03
3.467871575915402900e+03
2.463702064256111498e+03
3.112452966102799564e+03
2.022594798282742659e+03
3.168944889044054889e+03
3.194028197822584389e+03
2.825195531072040922e+03
3.267337424594139975e+03
4.074728205952737426e+03
4.887565684872722159e+03
2.720884063036702173e+03
2.913245018360173162e+03
3.834132193739133527e+03
5.087058698540879050e+03
3.259729945432210570e+03
2.425769527920198925e+03
1.259212464499918951e+03
2.179836672305392767e+03
4.926690374279404750e+03
4.280671421573956650e+03
5.417830120472743147e+03
4.514650760033366168e+03
3.878287239104022319e+03
4.046889402184533083e+03
4.317987543104523866e+03
3.124780681810867009e+03
2.454277788468768449e+03
2.838316673282125521e+03
2.154226355900446379e+03
2.031979112578384274e+03
3.125800378490234380e+03
2.941565286996610212e+03
3.370877116181978636e+03
3.865480337068389417e+03
3.079538636629826215e+03
3.877604187890070079e+03
4.706825806976662534e+03
4.451022712428836712e+03
4.564073505153840415e+03
4.140247303990719956e+03
5.465494604688120489e+03
3.871073725711343286e+03
3.172039240163870090e+03
2.699978443024211629e+03
2.845571467903346729e+03
3.705423958102095185e+03
3.161844760581664104e+03
1.682117873784702851e+03
1.816763209666613193e+03
2.169181849095476537e+03
5.588141540750889362e+03
3.720772400110518447e+03
4.278617355484564541e+03
3.887303269373515832e+03
4.883747349725550521e+03
3.751820056015994851e+03
3.925247012791156067e+03
2.731760320762441097e+03
3.231072384080157462e+03
3.706079987351259206e+03
3.525782170596146898e+03
3.500842321732699929e+03
3.360199405753750398e+03
3.496032997230635829e+03
4.284728743196566029e+03
3.591645535344372547e+03
3.722919923198606739e+03
4.231065917621410335e+03
3.518634353330339309e+03
3.623862499373788523e+03
3.491315931376826484e+03
3.129745005657121510e+03
4.429232296164740546e+03
2.207518851170208563e+03
2.213647394253226139e+03
3.044848125945683933e+03
1.834153994735614560e+03
3.715767902966956171e+03
2.649819949479862316e+03
4.332959105285733131e+03
4.090980589884237361e+03
2.991775908593466283e+03
3.571987791913642013e+03
2.769566844729231434e+03
2.340525765205522021e+03
3.943474675112252498e+03
3.860242465323839497e+03
2.801680113009000252e+03
3.219926738106608809e+03
2.764213752410241796e+03
3.180836340751521675e+03
2.166989134048059896e+03
1.801269005017885320e+03
2.568270194182471641e+03
2.513634680447896244e+03
3.689436577665426285e+03
4.087136381390070255e+03
4.260550756108019414e+03
3.029185530199156801e+03
2.610151312961879739e+03
3.153728317942156082e+03
3.232721317027958776e+03
3.044818596123637235e+03
2.984313964218658839e+03
3.921484321780132632e+03
3.334240198616423186e+03
5.295164753643823133e+03
2.881826613276408807e+03
3.214060881006993441e+03
3.797236622142774650e+03
3.076912071534686675e+03
2.983151837536929634e+03
3.237415246476035918e+03
3.455517817428421495e+03
3.559172299330225997e+03
3.843624837889114588e+03
3.669974738063011500e+03
2.887938473864961907e+03
3.081668417455910458e+03
2.937651915992181785e+03
4.122140009395989182e+03
4.157790363360638366e+03
4.810135479511313861e+03
6.023920259275003446e+03
3.848163921294632019e+03
5.075343539668689118e+03
5.277696240826711801e+03
3.918649998449779559e+03
4.304370305745892438e+03
4.349962885221342731e+03
5.665032682743127225e+03
4.080173539723917202e+03
3.932949022367814905e+03
3.217567643933441559e+03
2.487869910719215568e+03
3.787264869179797188e+03
3.865258289865472761e+03
2.791508343735315520e+03
2.173494949005506896e+03
2.306478872237911219e+03
2.301213214993135807e+03
1.714475531524252347e+03
3.580781008804904559e+03
4.827649066179242254e+03
3.547160377974100356e+03
3.214083935997895878e+03
3.817199142879422197e+03
3.388081147373319254e+03
2.946110327763483838e+03
3.124474841788066897e+03
1.839808139819593634e+03
3.165109439246783950e+03
3.397893549439498202e+03
4.449919040596307241e+03
4.756278184280502501e+03
4.826151413865590257e+03
3.855231253186239883e+03
5.940943986102547569e+03
5.132393106901646206e+03
3.905433112668833019e+03
4.548959078740437690e+03
3.975375186550934359e+03
3.961955236849106768e+03
3.882808409139745891e+03
2.123258959460391907e+03
2.681303782368644534e+03
3.023659674932626785e+03
1.712478014781405591e+03
1.979089258594896592e+03
2.613495628293645495e+03
2.462386459341980299e+03
1.914172456770974804e+03
3.101266816338886201e+03
3.108103258199984339e+03
1.572374729027147623e+03
1.138688528437099649e+03
