2.480835678081361493e+03
3.954143928940419300e+03
2.684790887540805670e+03
2.597371996408583072e+03
3.395393512212238420e+03
3.178490088413010199e+03
2.522640523934874636e+03
2.658385575472143955e+03
2.744974878877952051e+03
3.090716649447088002e+03
4.208367723800051863e+03
2.035215683374534819e+03
1.910785616606226313e+03
3.265358820979582106e+03
3.552593536333985867e+03
2.965611377512522267e+03
4.364996059584476825e+03
4.828088503814237811e+03
3.966663148823040046e+03
3.549737838022336291e+03
3.806837618973676399e+03
3.738098451151121481e+03
3.794024981654069052e+03
3.622328036276142939e+03
3.316242184535097294e+03
3.429805544629211454e+03
4.367162163381452046e+03
4.620754157052145274e+03
4.322220439036975222e+03
4.443691994186673583e+03
3.977900360949905917e+03
3.122715768511972328e+03
2.929977158341119321e+03
3.814840352694129706e+03
3.939294700993631523e+03
3.854677918458549357e+03
4.096417192732508738e+03
4.553341132931273023e+03
3.389524924546169586e+03
3.536826117856640849e+03
4.559033338422391353e+03
4.705675859889465755e+03
4.676081970506886137e+03
4.755770078814387489e+03
3.442354374940583511e+03
2.471599625326818114e+03
2.336786511830113795e+03
3.067488047927035950e+03
2.569005240911519650e+03
1.887583233260270845e+03
2.079182782907970250e+03
1.963473096669303686e+03
2.926708982598917373e+03
4.268373992602948420e+03
5.082026654879576199e+03
4.213300617894788957e+03
3.436605938872608021e+03
3.735663773253696036e+03
4.185871437364044141e+03
3.453420259758240718e+03
2.457026182666515524e+03
2.932266810124262065e+03
3.541108302630983871e+03
4.868962737535767701e+03
3.825712885860065398e+03
3.338280302397801279e+03
2.634493977658230506e+03
2.421400070898135255e+03
2.042403951498440392e+03
3.181832514030238144e+03
3.035966606113677699e+03
3.785113708353999755e+03
4.405918776339992291e+03
2.629428639363888578e+03
3.217914506063042609e+03
2.457062452949173348e+03
2.420889382240383839e+03
2.213175886315462776e+03
2.966439797158653619e+03
3.871338841346715071e+03
4.775343575614816473e+03
4.602935567778034965e+03
4.334095633736890704e+03
3.893112384439464222e+03
3.392206465720141750e+03
3.295687079920147880e+03
3.202576303373061364e+03
3.773125035776137338e+03
3.378849092931972791e+03
2.898529545852073170e+03
3.109882084865822435e+03
2.911736910310329677e+03
3.119584227139544055e+03
2.982574988650651903e+03
3.064982907330598664e+03
3.556959069389156866e+03
4.287122987846237265e+03
3.748891406406065471e+03
4.490751080456937416e+03
4.251555422193750928e+03
3.533214462479783833e+03
2.892701336409144915e+03
3.727366986171306507e+03
3.008673864486237562e+03
4.370564564813881589e+03
3.756922253204906156e+03
3.281734446761806794e+03
2.379313223349633518e+03
2.420362483589653039e+03
2.512703379728643995e+03
3.459988724398056092e+03
3.318536887121153086e+03
2.812007205548855381e+03
3.913820292234877343e+03
3.670133308515057251e+03
3.373785050216175478e+03
3.045856124731054479e+03
2.551097301992366738e+03
1.991040292319270748e+03
2.165512403809463649e+03
2.257690278007603411e+03
1.721002745305323060e+03
2.430728975703032120e+03
5.406799910775846911e+03
4.174684415981473649e+03
3.986651208629575649e+03
4.242474163504656644e+03
4.602798560497765720e+03
3.741848402395992252e+03
4.083681980854149060e+03
3.207382042127169370e+03
3.206597277461703925e+03
2.894194506986927536e+03
3.776099820614301734e+03
3.460482992229095544e+03
3.420027578705551150e+03
2.343929293745666200e+03
3.906749165825516684e+03
2.800477738995085929e+03
3.363581080515440590e+03
5.243808078393631149e+03
5.024315032772269660e+03
4.635498289567941356e+03
5.574225722421409955e+03
5.424187269015919810e+03
3.140077574288400228e+03
3.659823352969468488e+03
3.346068828264097647e+03
2.688625969123037976e+03
2.968164127272821133e+03
2.960096073257029730e+03
3.539903072310376956e+03
3.724267085867011701e+03
4.579471960324385691e+03
3.108167079690831542e+03
2.795583815343549304e+03
1.984402681627089805e+03
3.371323435570490346e+03
2.971256438240690841e+03
2.605780611855459028e+03
4.931383738047737097e+03
5.031517504509663013e+03
3.994200387146696812e+03
5.802248249187057809e+03
4.762890956295073011e+03
4.390885852284736757e+03
3.230362059478321498e+03
3.509781090445963855e+03
5.548329667989329209e+03
4.729881654696667283e+03
3.390976755323998987e+03
4.093607477058502354e+03
3.297884524227386009e+03
3.975216814068508029e+03
3.142523812734755211e+03
2.839452950265451364e+03
3.466938394656524906e+03
2.973775476200116373e+03
2.821568150458108903e+03
4.195530257869310844e+03
3.838259514294047221e+03
3.536830552187440844e+03
2.929860857355025018e+03
2.184570621568372644e+03
1.676639957887086894e+03
1.526735989234985254e+03
1.456185681946583372e+03
1.914332425028083208e+03
1.485914054897933738e+03
1.340452051913093328e+03
2.086097924052565304e+03
2.826578512668429539e+03
2.014265267006642716e+03
3.739967349743280010e+03
3.196056449280344168e+03
3.923405110353131022e+03
2.757389642341571744e+03
5.068431410519770907e+03
3.703582848112404463e+03
1.915080168833576181e+03
2.127005493006236520e+03
2.176548381266145043e+03
1.993106344260656897e+03
2.512322941499719036e+03
1.455731439585513272e+03
2.113839208788219821e+03
3.696557771224601765e+03
3.678285327557373876e+03
5.903949410618631191e+03
4.466172874658617729e+03
3.534116411685142793e+03
5.264708250636947923e+03
3.411658791815818859e+03
4.085194993926429106e+03
4.503244817602174408e+03
1.450075079940132355e+03
2.543570324225310287e+03
2.001454513757299082e+03
3.264111784406645256e+03
1.972709902143843237e+03
1.707970684528631864e+03
2.152219789454787133e+03
2.366002038841167632e+03
2.795233658142414697e+03
2.341546575465127262e+03
3.082116097856907800e+03
1.982444247346291604e+03
2.391223628113809809e+03
2.861637082557881058e+03
2.227176229112988494e+03
2.651556217489066967e+03
2.414287876021639477e+03
1.902314017281797533e+03
2.785642825557500146e+03
3.008433357578679988e+03
3.975299423913123064e+03
2.386137612859566616e+03
2.694326828012850456e+03
3.203701193287573915e+03
2.875092388308292357e+03
3.259455386092901335e+03
2.888541104885330242e+03
3.501049105704573776e+03
3.011022644568128726e+03
1.890055914238185096e+03
2.207697460076847619e+03
2.262931430039178849e+03
1.319711706879588291e+03
1.767379223368428939e+03
1.815275353398130846e+03
1.970563941377055926e+03
1.522171634038164939e+03
3.028165532973875997e+03
2.548460968091384984e+03
2.530369731316630350e+03
1.977252346389953345e+03
1.525091970744831087e+03
2.521728838402596011e+03
1.904117298135151486e+03
1.551298488372989368e+03
2.509762000879570678e+03
2.753928576936723857e+03
2.458081826181002725e+03
2.105074536053454267e+03
3.173814320158222927e+03
2.590480696644062846e+03
2.728076089819587196e+03
3.202582581210395801e+03
2.180335608630587558e+03
2.697169445012269080e+03
3.622148475336219690e+03
2.190347486351258794e+03
2.705399682411177764e+03
2.235775321471603547e+03
2.442780709069588283e+03
2.393813206480641384e+03
2.800531275023400667e+03
2.871591828702187286e+03
3.063148964778316895e+03
2.992766860634778368e+03
3.811272938552088362e+03
4.169680047836935955e+03
2.266497966634070053e+03
1.821900968822205641e+03
1.774778518470307972e+03
2.404215194940283254e+03
2.113713252395529253e+03
1.682272704664553430e+03
1.903841215736697905e+03
2.589189915851601199e+03
2.728464534401810852e+03
4.289889548836133145e+03
4.078211500622459880e+03
4.858616221435106127e+03
5.607572242616886797e+03
3.268952741218716710e+03
4.397480206003206149e+03
4.934964610807206554e+03
5.065381915957370438e+03
4.824637110246575503e+03
5.141830008857462417e+03
3.864536870824230846e+03
1.828785982976859714e+03
1.782763452658378355e+03
2.002930256961272107e+03
2.476233046356201612e+03
1.849701286826919386e+03
2.292129540222108517e+03
2.362568757066948820e+03
1.784466338352173352e+03
2.248360279023776457e+03
2.278025313240265859e+03
2.679448939152233379e+03
1.914239744929890549e+03
2.508801491497742518e+03
2.278758850295042521e+03
4.600209504554081832e+03
3.888340673531759421e+03
4.120105970424827319e+03
3.591103291260366404e+03
4.878778965011860237e+03
4.895966486076650654e+03
5.400536466762335294e+03
5.813466110266386750e+03
5.133758906909180041e+03
4.783562985588763695e+03
5.264310496639302073e+03
6.031194763428348779e+03
4.416425727528520838e+03
4.297594388076665382e+03
4.585237640315885074e+03
3.433441045421572653e+03
3.201177533158182996e+03
2.720023381021448131e+03
3.322940939681182499e+03
3.917520957966263722e+03
3.170820701431458474e+03
4.438105694056082029e+03
3.215936043303798670e+03
3.723493261288263966e+03
2.998745838000238109e+03
2.923680274932769407e+03
2.847215377910412371e+03
4.070171131597891872e+03
3.460917942529007632e+03
3.834185796522918736e+03
4.723958639017831956e+03
5.722142251097413464e+03
3.991070150973063392e+03
3.754496536804518655e+03
3.917998750662324710e+03
5.707735412807277498e+03
4.707978406546428232e+03
4.475641371819161577e+03
3.467438564555443918e+03
2.997008213124669510e+03
2.814034640847459741e+03
2.644982445529695724e+03
3.712041531925730851e+03
3.406145223994228672e+03
3.684173322684340746e+03
2.935167832713051666e+03
3.190320684821593659e+03
1.730849346129301921e+03
1.846965379721189265e+03
1.919623723815426956e+03
3.418121088019652234e+03
3.111920418587653330e+03
3.311269406434111261e+03
3.846576196616792004e+03
4.052171638230846384e+03
3.963872221188436470e+03
5.110034515334676144e+03
5.801003948353438318e+03
3.423794861119478810e+03
3.556144400726290769e+03
3.514037868674797210e+03
4.451216093251131497e+03
3.740768145092228679e+03
4.153978544352101380e+03
3.444190965265559043e+03
1.774729792298104257e+03
2.542939296425177417e+03
2.903230272848848927e+03
2.891155697351033268e+03
3.715893691427342219e+03
3.168688147186509468e+03
2.243250311842256451e+03
1.685102907348953067e+03
2.779532767384305316e+03
4.371397458479665147e+03
3.627150506145895179e+03
3.685507873903479776e+03
3.845666920149147700e+03
2.018711021404482381e+03
2.183354290003645474e+03
2.266227374554679955e+03
1.479802937860521070e+03
2.171186291024213006e+03
1.655348096541849600e+03
1.809595948321095420e+03
2.099407018470472849e+03
2.029298831001138751e+03
1.647457270036691170e+03
2.372652916568334604e+03
1.334355681160423046e+03
1.117063552762346944e+03
1.869965992391448253e+03
1.543363487807731190e+03
1.544173900024081604e+03
1.300694687051026222e+03
1.286924143062495659e+03
1.318599616861011327e+03
1.798506955991778113e+03
3.015788005079029062e+03
2.199913761643435009e+03
2.865791159426870308e+03
3.284744161200950202e+03
4.212657194777060795e+03
3.516126355902766136e+03
4.200934700619668547e+03
5.246292582833409142e+03
4.649739191553481760e+03
2.848607925368746692e+03
3.463856938313966566e+03
2.211357082874126718e+03
2.686751506471810899e+03
2.917072982099704859e+03
2.463576369157525733e+03
2.250449426027667414e+03
1.873613202948375601e+03
1.765198469035373819e+03
3.749169671967117210e+03
3.987832914135333795e+03
3.806365099379622734e+03
5.433603111495563098e+03
2.928846193391645556e+03
4.336505848568421243e+03
2.837986227457068253e+03
2.105813329746566524e+03
3.169480468783865490e+03
2.703792637467679469e+03
1.726311110247806027e+03
1.958015599763316231e+03
3.175324705805821395e+03
2.058283636977113019e+03
2.325226310241015653e+03
1.842055492856050478e+03
3.116174883981166204e+03
1.976844234979922931e+03
3.197266472262434490e+03
2.102078992196467880e+03
2.954998461982464960e+03
2.295394348499125044e+03
4.402872743312036619e+03
2.947929983268212254e+03
2.280827747313094278e+03
2.550730054722177556e+03
3.107998828163722919e+03
1.738842442239515776e+03
2.191688438144306474e+03
5.089445208257055128e+03
3.308945275922894325e+03
2.699142922459611782e+03
2.682726534429454659e+03
3.207196138751866329e+03
2.259764260004369135e+03
2.301605837857426650e+03
2.900617999602518921e+03
3.929621964326322995e+03
7.054250382514965168e+03
5.125233534428185521e+03
4.418193044384694076e+03
4.782357390529859913e+03
3.807871525005823059e+03
2.141699029249823525e+03
2.533423560941419964e+03
2.334265338769645950e+03
2.863392822245941261e+03
1.607992668786668219e+03
2.553962706049488588e+03
1.520400065399355299e+03
3.380464485981063717e+03
4.224113654528877305e+03
5.252294028545979018e+03
5.040842707968210561e+03
4.618391103542859128e+03
4.178718339414335787e+03
3.579911603775425647e+03
3.703252391777132289e+03
4.467038313558705340e+03
4.660895232169336850e+03
