7.080869614340654152e+03
3.683110453727243112e+03
4.505703970571115860e+03
6.294449127289158241e+03
3.926169063667678529e+03
3.586085889588309328e+03
4.284130853383371687e+03
6.398822551737443064e+03
4.834921618640784800e+03
3.933298720672804393e+03
4.614452958952782865e+03
4.638590311615776955e+03
3.689024816760979320e+03
4.883613647471038348e+03
5.021106762860459639e+03
3.915538267477792942e+03
4.016904914526351149e+03
3.659618196478543723e+03
4.352909284653077520e+03
5.106833286855329789e+03
5.081130803488685160e+03
4.649553779233534442e+03
4.235331936586128904e+03
5.426089242759101580e+03
3.866117500008612751e+03
4.459930838350487647e+03
3.928012639274922094e+03
4.278941799721500502e+03
4.348902189204306524e+03
2.570657410913438980e+03
3.207214622470954964e+03
3.437337876212760875e+03
4.207234803275267950e+03
3.320068957056502768e+03
3.156147713040969393e+03
3.785365221245438534e+03
4.669140338931840233e+03
3.407350269696717078e+03
4.160892811876454289e+03
4.623984851871194223e+03
2.874403871233735117e+03
2.784244586083311333e+03
4.425969037042023956e+03
4.372003510472849484e+03
5.157410978492922368e+03
3.573079054789962811e+03
3.691927119921560461e+03
2.853818576816117002e+03
5.260691862695918644e+03
3.684161936441206763e+03
3.930450665607697374e+03
4.787674181144727299e+03
4.802230500645617212e+03
3.972624343479247273e+03
3.759032658450164490e+03
3.177485886878752353e+03
2.737547876932597774e+03
2.643182916741644931e+03
2.969568652235660011e+03
3.556062337475719687e+03
3.623013741536036378e+03
3.948989107428380521e+03
4.649050999184616558e+03
2.254955413653050982e+03
4.130332690979731524e+03
4.675866349941609769e+03
3.289133138823111040e+03
3.515168946126897026e+03
3.036352859739347878e+03
3.978597378446856055e+03
3.574912093066685884e+03
3.974245319478484816e+03
3.378559562869784259e+03
3.466278365380608648e+03
3.256111705890897156e+03
5.657446106410769062e+03
3.305949234632012576e+03
3.102383739804884954e+03
3.474364509356901181e+03
2.311357872234167644e+03
3.601926207110192081e+03
4.641550547145787277e+03
4.653837097042714049e+03
3.790211633149159297e+03
2.781491608379550598e+03
4.247359518069810292e+03
2.796391484422407302e+03
2.563829155900571550e+03
4.717648295803162000e+03
3.916618894206952518e+03
4.479359404764710234e+03
3.130652112792914977e+03
2.343508100929661396e+03
3.126871606084959240e+03
3.544631759439426332e+03
3.616532672272006494e+03
2.790287170576868448e+03
2.849423843398693407e+03
3.208304787687001863e+03
4.382821501303609693e+03
3.380355048464867195e+03
5.507859571509721718e+03
3.806561187613571747e+03
5.124524436898070235e+03
3.757729434907109862e+03
4.978327734919926115e+03
5.658174358623653461e+03
5.471461439675122165e+03
5.131850914191139964e+03
5.199851487520958472e+03
5.278435169886279255e+03
5.180976375878251019e+03
6.943453223403184893e+03
4.515445169992872252e+03
4.384045440164371030e+03
4.590538100333848888e+03
5.735005847955462741e+03
4.597779115449503479e+03
3.747713889595004730e+03
5.262104919838156093e+03
3.280227687959638843e+03
4.497341068667699801e+03
5.922145222517719958e+03
4.495597435158912958e+03
5.102810415996630582e+03
4.012706614758579235e+03
5.169771609835033814e+03
4.717412046340874440e+03
3.291716746716027956e+03
4.254228595328736446e+03
4.030337615321070643e+03
4.191176127608730894e+03
4.615673074122485559e+03
4.879250845313882564e+03
5.168531247191586772e+03
3.579772333090899792e+03
4.769221993756269512e+03
4.568789994282633415e+03
3.536258156504706221e+03
4.961680806352572290e+03
3.983604636030141592e+03
3.922849260718810456e+03
3.085181737535537650e+03
5.401457850353192953e+03
4.778596937992554558e+03
3.428388016682486068e+03
6.799557354590996511e+03
5.694926915780248237e+03
3.245043226544724803e+03
3.136837359888422270e+03
3.543802446221920491e+03
3.835008855400506491e+03
4.093592625387236239e+03
4.781314708339557001e+03
4.335761298233914204e+03
4.245553660054705688e+03
4.493409060588547618e+03
3.498228498020446295e+03
5.143705470338732084e+03
3.458232159357311048e+03
2.595751958330482466e+03
4.543547914620326992e+03
3.204866160575503272e+03
3.531113980090328823e+03
3.338997856069745012e+03
3.651901339498690959e+03
4.141840233931739022e+03
3.027652652608854169e+03
3.998252776689304028e+03
3.823495584027229597e+03
2.996759290006136325e+03
2.813945460910030761e+03
3.256567597269601265e+03
3.619286535332928452e+03
3.256669885606346725e+03
3.090243299474510422e+03
2.712006831706938556e+03
2.159013323773135198e+03
2.857625010909425328e+03
2.177514215340270766e+03
1.869968509028068866e+03
2.260296902892732760e+03
3.509894850860338920e+03
1.913543574332602248e+03
2.297145104753687065e+03
3.024816414397987046e+03
2.945476013256688020e+03
4.209687022226623412e+03
4.694824502880238470e+03
4.292705947235810527e+03
3.386080878835279236e+03
4.536501091169991923e+03
3.285704715555893927e+03
3.135450237274524625e+03
3.261462402814916004e+03
4.251034300823187550e+03
4.017215015105427938e+03
4.486327467366323617e+03
3.058049903002635801e+03
4.414736726073992941e+03
3.486099220157533182e+03
3.326405508631686644e+03
2.890195060210074189e+03
4.767452534100364574e+03
4.178247467068802507e+03
5.958737011113039443e+03
5.102890630541490282e+03
6.193388295226743139e+03
4.354959883530474144e+03
2.841729171845730434e+03
4.147507678565554670e+03
4.403698467672289553e+03
4.215306090555931405e+03
4.725693359910676918e+03
3.101528002784670207e+03
3.723085818930050209e+03
4.285228062543696979e+03
3.557453084729375860e+03
3.954354283277465129e+03
4.891614083456685876e+03
4.295320086421587803e+03
3.343282256744631013e+03
2.897965499240312511e+03
3.862259688013406958e+03
4.077687401434374806e+03
3.370432564872818602e+03
3.559647368408689999e+03
7.104337758284879783e+03
4.027427971249489929e+03
4.233263210119428550e+03
5.142954634969013568e+03
3.565443950628063249e+03
3.373589315121585059e+03
3.847353022309144762e+03
4.493746172987629507e+03
5.594848405791964069e+03
3.370831323871062978e+03
3.616742669947538161e+03
2.936007711820758686e+03
4.031419487837428733e+03
5.482052738341051736e+03
4.745631821034197856e+03
4.344963345213338471e+03
2.129377645914173627e+03
3.526591255200768501e+03
2.550361042280530455e+03
4.403969573540439342e+03
4.069597018895142810e+03
4.511329408057660658e+03
2.695746893035508492e+03
3.959678537115473773e+03
3.818693846751322781e+03
4.024893409242932648e+03
3.744580891653085473e+03
2.533779663090575013e+03
3.889250741569234378e+03
6.632483050499467936e+03
4.869433074352146832e+03
3.807671902602542104e+03
3.493401659452667445e+03
5.279755534988757972e+03
4.409066368253031214e+03
3.889407435260362490e+03
3.124642981631539897e+03
4.393818366445061656e+03
4.035127002990012443e+03
2.924901709942957496e+03
3.104618915023242153e+03
4.869965394664461201e+03
3.367937758119315731e+03
3.743744591247122571e+03
3.721220909763617328e+03
4.835118518120117187e+03
4.300706309173906448e+03
3.714545620805381532e+03
3.538992064200126606e+03
3.750008573881705615e+03
4.898399508640848580e+03
3.258011280250329492e+03
3.041997192435999750e+03
4.774222145127500880e+03
3.570654150875773212e+03
2.904727500284388952e+03
3.612983393219696154e+03
3.057344022427848813e+03
3.314137699110014182e+03
2.736822480935234125e+03
2.840356814117173144e+03
3.249012246880138719e+03
2.945766020639646285e+03
3.257094220960027997e+03
4.575645767390018591e+03
1.786041678134989979e+03
1.899482284962493168e+03
2.065114657970222652e+03
3.405449454294729094e+03
2.829583360785087280e+03
2.798199145459610463e+03
1.596680606048507116e+03
1.970809775635793585e+03
1.521264066939630538e+03
1.834528674618627065e+03
1.703831684207083299e+03
2.442403038168796684e+03
2.216213436339248346e+03
2.659643122639095509e+03
1.744930112198447887e+03
1.445246767221598020e+03
1.525963733231536025e+03
1.975722266088333754e+03
1.744666922588196030e+03
1.927158576729156266e+03
1.559158125608193131e+03
1.858830960486188133e+03
1.703046588409859623e+03
1.094115475127310901e+03
9.041111675753691088e+02
1.589339447970637593e+03
1.480575044249194207e+03
9.060474039936350437e+02
6.479212975127497884e+02
8.626758142865915033e+02
5.955004739919435224e+02
5.730427533194240368e+02
1.031425659905824432e+03
1.127288423708985874e+03
8.071034367734757780e+02
7.019827483910240744e+02
1.032601006152401851e+03
2.129866894138330736e+03
1.150710468288257061e+03
6.735030917124032612e+02
7.431267845265725782e+02
9.976768443282734324e+02
8.328390907088025870e+02
6.849183994576221721e+02
7.211067593689436990e+02
7.044653253408768023e+02
8.253498125009807609e+02
1.206861158121912467e+03
9.436448214921313138e+02
1.586977632326707862e+03
1.270217468156341511e+03
1.271233238973165044e+03
1.148675825981317757e+03
5.261817339582665909e+02
6.717176837356929582e+02
5.602642676212055903e+02
7.381447205111746825e+02
6.909470399475916338e+02
4.618119146323104474e+02
1.015794457374825356e+03
1.155133644717664765e+03
6.644093910160864880e+02
7.451925332258178969e+02
1.205989303989185828e+03
8.619717717467337934e+02
8.088051966497365584e+02
5.473809314856995343e+02
8.007941118648983547e+02
8.544734965151744746e+02
6.824113515026992900e+02
5.844223758944134488e+02
5.879979990246823718e+02
6.630236024590732313e+02
9.338947434745682585e+02
8.015034221795982603e+02
9.146658819581525677e+02
1.388141908971661223e+03
1.764891520163924497e+03
1.961881358868780353e+03
1.720810940562083715e+03
1.847688013866542633e+03
2.037274931884939178e+03
1.678920644367237628e+03
1.964814200924302668e+03
3.849651008822610493e+03
4.628140078117977282e+03
3.614017877859086639e+03
3.871407875744776447e+03
4.797920215930722406e+03
3.778252361130187637e+03
3.524076871264658621e+03
3.232033592551129004e+03
5.008924680244718729e+03
3.951353543696459383e+03
3.495467294013988521e+03
4.458047060246974979e+03
3.656127979252644764e+03
3.825380142356203123e+03
4.315137178519041299e+03
4.279048168045017519e+03
3.129507722547082267e+03
3.182556137833862977e+03
4.256888180852482037e+03
2.855815011306458018e+03
3.882254607514316831e+03
2.955077777874718322e+03
2.848961320482074825e+03
2.756395964909947452e+03
4.146413357748723683e+03
2.817525793694541335e+03
3.015401576299934277e+03
2.728273005022135294e+03
2.541512148770344083e+03
4.417277516818477125e+03
4.121043268819943478e+03
4.596378853382540910e+03
3.704716199199932817e+03
4.602000299006434034e+03
4.207921565051444304e+03
4.221298812379945957e+03
4.495638058892725894e+03
4.763162509809520998e+03
6.713832387578947419e+03
4.686004877176103037e+03
4.164933609329381397e+03
4.641712686558335008e+03
3.897564178765086581e+03
4.565737192142220920e+03
4.778986933131179285e+03
4.488170746631144539e+03
3.599949015600594976e+03
5.217295190653186182e+03
3.704900499379283247e+03
3.973110102016965357e+03
4.527800303994404203e+03
3.326540704751406793e+03
4.177773571504128995e+03
3.142363863325987950e+03
4.097645391255780851e+03
5.106865242497138752e+03
3.745399863827332410e+03
4.460886603352146267e+03
4.140787677260670534e+03
3.712113521707514792e+03
3.696699395738544808e+03
4.031165445203078434e+03
4.717439334491247791e+03
4.409715072987596614e+03
3.272867158813499827e+03
5.022835331757290078e+03
3.612073845712508955e+03
4.310027259796042017e+03
3.313705177390607787e+03
4.143180307465072474e+03
4.322956458483809911e+03
3.222402318892226958e+03
5.677457508103429063e+03
4.472798681652369851e+03
5.061767757335323040e+03
3.108615388499226810e+03
3.827231950327969116e+03
4.195812933597613664e+03
2.861502328908141862e+03
3.299740762482968421e+03
3.767721766713717898e+03
3.672458521259961799e+03
3.903238084007790349e+03
3.642304963754391338e+03
3.721878023439197023e+03
2.854009766150590167e+03
3.619501357076207569e+03
2.843226881012322337e+03
3.014967907937595101e+03
2.223487863656002446e+03
2.647126926196479872e+03
2.710285025266879984e+03
2.960017827594556366e+03
2.196482438022491806e+03
2.044350000787395629e+03
2.364545472344644622e+03
2.372286692613587547e+03
2.723598862500873565e+03
2.457785497856710208e+03
2.502473908492404917e+03
2.661328812496818500e+03
2.526903047836834048e+03
2.473769361701030903e+03
2.068090901587133430e+03
2.431100545277713536e+03
1.960873671260533229e+03
1.680354621748962472e+03
1.142915310637852599e+03
1.198806518395389730e+03
1.288569781006938911e+03
1.246154400827896779e+03
1.393669643353207675e+03
1.863682233809176068e+03
1.443028235316009614e+03
1.438633814854654247e+03
1.605378856155473613e+03
1.370820446891170150e+03
1.421734696730840142e+03
1.189661475096029790e+03
1.418863691574243376e+03
1.150308573963477784e+03
9.279159193867241129e+02
9.855248798138256916e+02
