1.079977130119551703e+03
1.511545052874114617e+03
1.550101920005824240e+03
1.619382819994801366e+03
1.963905028854443799e+03
1.215246245081604684e+03
9.254619715283813548e+02
1.004930015576302026e+03
9.750798203969164888e+02
9.520067174624928157e+02
1.188773087701438044e+03
1.084737620884859552e+03
1.250539688135215329e+03
1.341292138901878161e+03
1.261054114594988732e+03
1.128298713284396854e+03
9.497742570823049846e+02
9.450279830076618737e+02
7.469637754834216139e+02
1.095851778504033973e+03
1.254764251432071887e+03
1.365523782151587511e+03
1.234147407309997561e+03
1.164151091849829072e+03
1.160838279708201981e+03
1.032602952377149222e+03
9.544461425619358579e+02
9.086311823231256994e+02
6.857378488065506872e+02
1.003950753365117976e+03
1.103366558836808963e+03
1.284619184093533704e+03
1.040815410431643159e+03
9.136145557769881407e+02
1.233819954900689481e+03
1.329563271188252884e+03
1.015470692485803283e+03
1.066859910822921393e+03
1.149972309553021887e+03
1.122539702018549633e+03
7.759969177122193287e+02
9.354522244553505743e+02
8.924793541948967004e+02
1.323930812057740468e+03
1.190561774265994018e+03
8.156206315611642594e+02
9.772908660300428210e+02
9.490160781669109156e+02
9.875883553791160239e+02
9.342500135943494115e+02
1.038383226430185005e+03
1.143497645956558472e+03
9.375527372638250654e+02
8.195593577111001196e+02
8.758894522575910742e+02
1.123341227564599194e+03
1.017733585430529274e+03
1.214711279801678302e+03
1.345448698050579196e+03
1.358663303702571966e+03
1.575735493445861039e+03
1.017569198871206709e+03
1.085233665755796210e+03
1.172913743408594428e+03
1.104598455185549255e+03
8.929767041853402816e+02
1.148709184690857001e+03
1.341297232756718131e+03
1.082485167090301729e+03
9.247168324603062501e+02
8.712821852289501976e+02
9.854582577023666090e+02
1.007580579588247019e+03
1.222348363023633055e+03
1.320218699481769818e+03
1.039996300259482041e+03
1.006601868204241555e+03
9.671816610523904956e+02
1.235868274895337208e+03
1.205399268143929021e+03
1.561693262012366404e+03
1.185778616783981533e+03
1.418160645113729743e+03
1.220990280603503379e+03
1.496611679469893261e+03
1.076563585569120278e+03
1.031827535441010923e+03
1.066498195018715251e+03
1.687230800378147251e+03
1.346505228379043047e+03
1.110145560710643849e+03
1.028672956888422505e+03
1.116817446053493313e+03
7.454893919110572824e+02
7.663459831341299378e+02
8.210656323221401180e+02
8.462516544332545436e+02
8.612294021219751130e+02
9.252137837542869647e+02
9.897249522418112520e+02
8.779169272053787836e+02
9.257172752148485415e+02
1.165120384755096893e+03
1.373109464041436240e+03
1.081762114209819629e+03
9.453195262866379380e+02
1.035585789824838912e+03
1.019530253178056000e+03
1.497697570725750893e+03
9.921291184987044289e+02
1.181439163961178565e+03
1.591765426065767315e+03
1.250055907966867153e+03
1.218655164414835099e+03
8.734384059786766556e+02
9.278242295463736582e+02
7.866547526584404295e+02
8.324965531976954480e+02
8.348556493285103670e+02
1.151564530637277812e+03
1.348787911633568228e+03
1.108060372615578444e+03
1.062044309534559261e+03
8.625681389542519355e+02
1.196399751152081762e+03
1.117296822123414813e+03
9.661057666891346116e+02
1.067514660412123249e+03
1.231241197146279319e+03
1.233210424777162189e+03
1.061411076756351122e+03
9.206310498169399352e+02
1.129139426795387635e+03
1.290044660852469860e+03
1.389774456367440735e+03
9.680039621601590625e+02
9.440325727275618419e+02
1.014588560198068535e+03
9.362312166283285251e+02
1.087582940026875121e+03
1.503389373829204487e+03
1.429822716311978184e+03
1.174497131403694993e+03
9.642415980617595324e+02
1.111582685175681036e+03
9.084123790420717341e+02
9.243624539212266882e+02
9.341582447700039893e+02
8.904280652744573672e+02
1.431196384124918495e+03
1.781717409295897369e+03
1.290449483141566816e+03
1.144737338606754292e+03
1.185163832039810586e+03
1.025816987865093779e+03
8.852574762498358041e+02
1.007564527710303196e+03
1.119705365112916979e+03
1.137029739480910393e+03
1.116492331060537936e+03
1.034630151726268878e+03
8.453007468212972526e+02
1.068845728593725198e+03
1.035373839677697561e+03
1.127728708266032527e+03
9.797506900736422040e+02
1.009252385987058688e+03
6.971932143414952634e+02
6.822532547946922250e+02
8.010608629843212611e+02
1.411005370141385356e+03
1.616106296987487212e+03
2.146106611720000728e+03
1.153878791778980030e+03
1.076453287370648923e+03
1.413322599273685000e+03
1.284216617057235908e+03
8.416418606032908656e+02
9.327876067990630418e+02
7.476109593632925225e+02
7.649983592347125523e+02
2.815918874808438886e+03
6.518502290247656674e+03
2.852766394933088122e+03
5.280321962932691349e+03
4.090194642664978801e+03
4.122787945414660498e+03
3.450550232447439157e+03
4.985295397439150292e+03
4.565041576173260182e+03
3.162517959680690183e+03
3.703356044313774873e+03
3.718448181393818686e+03
3.251166082244968038e+03
3.890495887811756347e+03
2.817632891676350482e+03
3.502186571070228638e+03
6.374336548089772805e+03
3.378367118880395992e+03
2.982880805859013435e+03
2.796961077527572343e+03
3.238496456784688689e+03
3.916567892722414399e+03
2.695419005475021550e+03
1.976535564392671404e+03
2.109273493342136589e+03
2.954978058236175912e+03
2.268938888265822243e+03
3.911294002070727402e+03
2.857663729912346298e+03
3.131010102513326729e+03
3.123147197549883003e+03
5.689833760562886710e+03
4.596616478479289981e+03
4.711413333568459166e+03
2.987163449659123671e+03
3.174269770092336330e+03
3.966884319547723862e+03
7.550008599839762610e+03
6.765026358654457908e+03
4.231522417924829824e+03
4.789777044179510995e+03
2.971958260737710134e+03
2.838785931776682446e+03
1.922732261648006443e+03
4.102410680544444403e+03
2.883305101541117438e+03
3.689605762845110348e+03
2.827590065477177632e+03
3.472689370558174232e+03
2.469044742316331394e+03
2.847073501262652826e+03
2.878164643499128033e+03
3.069625218400753056e+03
5.030668828557953020e+03
2.720499621908553308e+03
2.087612627395868458e+03
1.919471730517477454e+03
1.481572115436248623e+03
6.476282624129170244e+02
8.214699261677417326e+02
3.086961909042279785e+03
3.225756668363227163e+03
2.342197870821234574e+03
2.915002017543328293e+03
2.311681972628377480e+03
4.241391574659646722e+03
4.484319903788207739e+03
4.548191104512312450e+03
4.480477979383891579e+03
2.630571827093201136e+03
3.182325707551873620e+03
1.670429432508924947e+03
4.598999549022749306e+03
2.544038662459698571e+03
2.670084429472807642e+03
2.031198303226314010e+03
2.269340861407011744e+03
2.070251723484600461e+03
1.906507823384217090e+03
1.711573457058399072e+03
2.498618882169494555e+03
1.801726829092375056e+03
3.068004107790488888e+03
5.290413808470583717e+03
2.549416300483680971e+03
2.919896859136209514e+03
3.110257988412389295e+03
2.596345281527605039e+03
2.849654395315541478e+03
3.672598261551529504e+03
4.241220749736816288e+03
3.885033354972220877e+03
3.905630800720090065e+03
3.877525406323998141e+03
3.236232830266105793e+03
2.230606595768669649e+03
3.305780612032019690e+03
5.464036555982819664e+03
3.727655586391425004e+03
3.737225642245507061e+03
3.280820954437356704e+03
4.294967163734116184e+03
4.051901186142680672e+03
3.887975343413539122e+03
3.673594035109781998e+03
3.531698928509067628e+03
3.432091781916841228e+03
3.902955825223493775e+03
3.473636483893165405e+03
3.786710805158696076e+03
2.702509435442265385e+03
3.829629176279197054e+03
3.677767992461416270e+03
2.340818881116817010e+03
3.702208853629128953e+03
4.424317577079499642e+03
3.137731718131418347e+03
2.922426684593056962e+03
4.997452443060365113e+03
4.317646291379849572e+03
4.554816137565512690e+03
3.601072623752549134e+03
4.212827884369993626e+03
4.238078393088265329e+03
3.491490222630166954e+03
3.096557436350729859e+03
5.196326484695648105e+03
2.963241986189854742e+03
2.950828325950752969e+03
2.388572502394000367e+03
3.654228720805357625e+03
3.066393067974098813e+03
4.120339717257151278e+03
4.153294530923685670e+03
3.999568428853687692e+03
4.020524939595561136e+03
3.120112089065066357e+03
3.619254808655160559e+03
1.596934410430694470e+03
1.476424603632360459e+03
2.523131950448543648e+03
1.859232559096471732e+03
2.326824592104906969e+03
2.599569162325253728e+03
3.912944372128748455e+03
3.331012918015952891e+03
4.090487135446449429e+03
3.074956709439579299e+03
4.161888546855358982e+03
3.337107412953013863e+03
3.819608894174958095e+03
4.239058460118829316e+03
4.231556071706668263e+03
3.827626518700434644e+03
3.142655897343354809e+03
3.770535117106916005e+03
5.155780489639908410e+03
6.415667112117284887e+03
4.713893287568908818e+03
4.779753089005475886e+03
4.580121664153113670e+03
4.488376415277904016e+03
4.376238139972312638e+03
3.359365655883874751e+03
4.515341614263636984e+03
3.230764892850862452e+03
3.414274554648347021e+03
3.558471297472298374e+03
3.640243913425005303e+03
3.513830497054727402e+03
3.471489959329242538e+03
3.456308495805842085e+03
3.914408486012785488e+03
4.334881010091038661e+03
3.169514052378335236e+03
3.938646751331267751e+03
2.730249087184175551e+03
4.232767988736212828e+03
4.025629224512393193e+03
2.903257511780589084e+03
2.950468842533048701e+03
3.543851327429096727e+03
2.557224299011353651e+03
2.636071179147021667e+03
3.486106230952134865e+03
2.277761182058137820e+03
3.720835965982227663e+03
3.161680675054790299e+03
2.688680055198628907e+03
4.273422738758892592e+03
3.370593094693086186e+03
2.967271079005340653e+03
1.867617627039534682e+03
1.907666735481722299e+03
7.728249769220700500e+02
3.004032933541633611e+03
3.071580204370145111e+03
3.006430800563497087e+03
3.531747155138520156e+03
2.519370421964661091e+03
4.189461622623169205e+03
3.263179960202860002e+03
3.638422632235458877e+03
4.567243606913320946e+03
3.793752016784199441e+03
6.228061558687048091e+03
2.619074178468628361e+03
3.170367938965495341e+03
5.385195309908366653e+03
2.736428490491140565e+03
2.644422573786023349e+03
3.089875255372080574e+03
2.864889069631143229e+03
4.126749053242230730e+03
3.243602770389194575e+03
4.565724081930021384e+03
2.556917721532460746e+03
4.348789679192479525e+03
3.259843011658495016e+03
3.310294163996215048e+03
2.399074975817732138e+03
4.069900110976775977e+03
3.415830815501446068e+03
2.525598977008218753e+03
2.211143095081491992e+03
2.411053380098433081e+03
2.293801543409532769e+03
3.208974185397685233e+03
2.074051838319308445e+03
2.198849269591970824e+03
2.254525962038323996e+03
2.740239308793460168e+03
1.628002412353532691e+03
2.606887395281847603e+03
3.745265565445146876e+03
3.883798597029232496e+03
3.746942309386597117e+03
4.062235535587983122e+03
4.280162712264196671e+03
3.198897459125077603e+03
3.406497491055463797e+03
2.365614604835825503e+03
1.669623925235849583e+03
8.057813392399292525e+02
9.932549065162791067e+02
8.006261726932849569e+02
8.479394144982961734e+02
8.311173667148788127e+02
2.042869367690105491e+03
2.135350348353546906e+03
2.675364270867428331e+03
2.113939616407554240e+03
3.573893606828637985e+03
3.634490361163665057e+03
4.092026959924373386e+03
3.241233367340661516e+03
2.138098343090368871e+03
1.184131461633904337e+03
8.279616653833375040e+02
2.390763636840607433e+03
5.574857504922712906e+03
3.120244276971573981e+03
1.891294044766968454e+03
4.939292378340095638e+03
4.827919266972148762e+03
4.677759737149604916e+03
4.012315870731369159e+03
3.491415422388657589e+03
3.370149708113837278e+03
2.745043678126995019e+03
3.420795483167337352e+03
4.521261868077688632e+03
3.689557548560861505e+03
4.576123461799439610e+03
2.563378893918722042e+03
9.970936879129924364e+02
6.905665872299022112e+02
1.205820878878947269e+03
1.136742385894566041e+03
1.561964037763725401e+03
1.817843107702507041e+03
5.009046478683501846e+03
3.502304529061431822e+03
2.983928122889508359e+03
3.551944733256797917e+03
5.268698562880025747e+03
4.661151949807916026e+03
3.777206168520700885e+03
4.073137125006199312e+03
5.214614524185179107e+03
4.733816851491675152e+03
3.526864177875942914e+03
3.658685921152683022e+03
3.561185668755751522e+03
4.049115820634709053e+03
3.299417717518214431e+03
2.830872025505225338e+03
2.470973640751073617e+03
1.641256517309213223e+03
8.713713227776462418e+02
1.032133318988304381e+03
1.037585575753305648e+03
1.081503960346757822e+03
7.226035373206514123e+02
1.352984003369033189e+03
9.000183961341826944e+02
8.437882025232793239e+02
6.965564356990610122e+02
8.218624166444219554e+02
8.238257957986398878e+02
8.100723936515936430e+02
8.266888590875330465e+02
7.391067390769843541e+02
6.412311098541706542e+02
7.190893573005192820e+02
1.346458121840194963e+03
