4.684855062326534608e+03
3.229912788882393670e+03
3.072915199984829997e+03
3.444329557332094737e+03
2.996188603863052322e+03
4.255152533898930415e+03
4.291459720832193852e+03
3.687142054326417110e+03
2.739985144849070821e+03
3.816327418374392437e+03
3.140917824720251701e+03
2.750171973723308838e+03
2.733873912811172431e+03
2.440193760799331358e+03
2.614134116956030084e+03
2.683726611703118124e+03
3.512147073496889334e+03
3.095484499364491057e+03
3.866390847491364184e+03
4.791952222026415257e+03
3.983796500092571023e+03
2.394609682959342535e+03
3.087374284221849848e+03
3.598164307592755904e+03
3.206621796596343302e+03
5.728452261083022677e+03
4.711410515321209459e+03
3.743024277584219362e+03
4.791778753403037626e+03
4.933705229325528308e+03
2.938212160589260748e+03
4.189116460284194545e+03
4.233636315257671413e+03
3.706410530104222744e+03
3.751219286132700290e+03
2.502598506904648730e+03
3.079324099190090237e+03
5.177189501145342547e+03
4.073215765068854125e+03
5.094772676328961097e+03
2.584516380331971050e+03
1.894409762226578323e+03
2.281912628982230217e+03
1.001616396250058415e+03
1.125493177783159354e+03
1.771157606514834924e+03
1.393283682773187820e+03
1.400175813835058761e+03
2.615028241928675925e+03
3.488184222992656487e+03
5.129361410558670286e+03
3.924012670357464685e+03
3.542695255209787319e+03
3.405065431787730176e+03
3.702169697504545638e+03
2.252894941240509979e+03
2.664747126194001339e+03
2.865657798704513880e+03
4.380175961736375029e+03
3.341179508579458343e+03
2.731115559378627495e+03
2.809911379333060268e+03
4.520567704611806221e+03
5.059653838899356742e+03
4.368586799549431817e+03
4.178372126558597301e+03
4.807308828423230807e+03
4.912690708709292267e+03
3.099667446034584373e+03
3.961697606513156643e+03
2.895986779689539617e+03
2.533466110525106615e+03
1.467894437143588675e+03
3.699132902889417892e+03
4.380223628839402409e+03
4.803223880906385602e+03
5.819829226847205973e+03
3.805608084533806050e+03
3.767402388978783620e+03
2.552792082674259746e+03
1.734134587554336804e+03
2.620734675083472666e+03
2.109800353968362288e+03
1.863739165428466549e+03
1.389547830304512672e+03
1.194847067985697095e+03
1.744346417520475597e+03
2.653596893652997096e+03
2.836243647058472561e+03
1.770792355992908142e+03
3.986691124645895798e+03
5.926987464246049058e+03
6.386590053244290175e+03
3.366186658542426358e+03
1.633958169476032026e+03
1.352459114089655031e+03
1.689869634821310456e+03
1.583981666362757323e+03
2.182917339761499534e+03
1.817814681105347063e+03
2.449609501844675833e+03
2.032709719755104061e+03
1.935949358214048516e+03
2.022491538446437744e+03
1.634640855300443718e+03
8.784580742362782075e+02
4.465546648588591779e+03
5.633164631435535739e+03
5.762786363552409057e+03
5.546636246741526520e+03
2.282426707217503008e+03
3.722614437684975201e+03
3.448722994192104579e+03
4.675662114051765457e+03
2.085680708993723783e+03
2.386822835623993797e+03
3.045382496412256387e+03
2.311930548261629610e+03
5.477075481416532057e+03
4.539530948823988183e+03
4.191890770942633026e+03
4.190520961936214007e+03
4.685601668099525341e+03
4.907013386379779149e+03
3.679264314033586743e+03
2.960627480029932940e+03
3.752473238856809985e+03
3.790334063215245351e+03
4.484845979200366855e+03
3.309796683496359947e+03
5.086165678641573322e+03
4.464281867252378106e+03
4.293951693180136317e+03
3.657701540889776425e+03
4.478384133548590398e+03
3.475353943211131082e+03
1.098429114921648306e+03
3.184897073927915699e+03
1.342024116945843843e+03
2.064991179637592722e+03
2.105715442721382715e+03
2.164224162275249910e+03
1.798217201529286740e+03
2.412461628035323429e+03
3.726893626399688856e+03
4.594231047386377213e+03
4.341850935117160589e+03
6.770450545535931269e+03
3.901664054437701907e+03
3.398295520726083851e+03
2.148797497598571226e+03
1.629014365119814329e+03
1.978684232139831238e+03
1.252317014310098102e+03
1.566412548777026359e+03
2.127013562909439770e+03
5.352385964437718940e+03
5.279077548229512104e+03
2.491452383092327636e+03
1.920655571086041846e+03
3.131921937981994688e+03
4.098358021026228926e+03
4.169484843931030809e+03
3.366850764628956313e+03
3.080305796057097723e+03
2.626472102958863616e+03
2.563657297242347795e+03
1.221074322933029634e+03
1.874426241742072079e+03
1.533875714650613190e+03
1.551596945509648549e+03
2.638966696433358265e+03
2.831946843767040264e+03
3.743293110047891787e+03
3.737871662343837670e+03
3.540264578614531274e+03
2.554367314999788050e+03
3.215120625838669184e+03
3.141391201033913148e+03
3.570306497821336961e+03
4.110769695336657605e+03
6.291762686237011621e+03
5.814282860650597286e+03
3.239020987699032048e+03
3.706124992538560491e+03
4.008006123626450972e+03
4.850662580018284643e+03
4.829073555935186050e+03
3.391985252177113580e+03
2.858656480831256886e+03
4.098029760323581286e+03
4.130351351990466355e+03
2.235808517107118405e+03
2.412897664479582090e+03
3.399762160460957602e+03
2.178198847011575253e+03
3.044998406356245596e+03
3.289648178133680176e+03
2.846162877653011947e+03
2.780145019489387778e+03
3.168812822212731589e+03
3.387329731204144991e+03
3.380564552965716757e+03
2.514767054694913895e+03
3.489687347728357963e+03
2.995846692572211396e+03
3.618340955686750931e+03
3.918395016293916342e+03
3.819854381479288804e+03
4.179670676588128117e+03
2.357417422180722951e+03
2.671254957061472851e+03
3.513435030645299776e+03
4.061255505078926944e+03
3.996113092343939115e+03
3.747544398478950825e+03
3.630253749639433863e+03
3.156174322146673148e+03
4.717671092590166154e+03
2.958211363316727329e+03
2.950003584016256809e+03
3.577231996834937490e+03
2.658724775109948496e+03
2.294748087117936848e+03
2.705774549308298447e+03
2.135720456675945570e+03
2.071591929718787469e+03
2.126209309126939843e+03
2.098238746300077764e+03
2.468509269856529954e+03
2.358378943541786157e+03
2.391657790730229408e+03
1.984114216016833097e+03
2.316404366045642291e+03
3.075283369694359862e+03
3.008475974168411994e+03
3.597753097880856785e+03
3.363675024918713916e+03
3.524080346649648163e+03
4.052699913182048476e+03
2.546782695704843263e+03
3.067430814850793013e+03
2.518324292334436905e+03
1.197402348691612588e+03
1.974778602857133592e+03
2.607012473660372962e+03
3.002440085409478797e+03
4.128272568192877770e+03
3.173629877197485712e+03
2.932889745433532880e+03
2.254357347539519196e+03
1.358046573889267620e+03
9.405418342750119791e+02
1.227342361074833434e+03
1.098908289115091975e+03
8.187456355305691886e+02
7.883003846252557878e+02
1.206876567867209360e+03
1.223547555453117639e+03
4.508422745836760441e+02
6.239751667373247983e+02
6.405109311129559728e+02
5.697184458925531771e+02
9.944619746782465199e+02
9.485785379173058800e+02
6.879377354683783778e+02
9.447492939894217443e+02
5.702798345300602705e+02
3.661728996214606582e+02
4.606050272135710202e+02
4.903505890190023138e+02
2.969189384935205567e+02
1.878946579064523803e+02
2.949441931224098994e+02
3.579029306934228885e+02
2.937115713280252862e+02
2.575917908213314149e+02
4.757231643994352339e+02
4.578764840721990481e+02
4.975225040581371445e+02
4.398977687464253563e+02
4.939024534581557759e+02
5.487761239854288533e+02
2.691904327316710805e+02
2.919010135761116089e+02
4.348434708238906978e+02
4.283626607254837495e+02
5.039016392019082105e+02
3.645567057712184464e+02
4.545166356883768799e+02
4.295122429860327884e+02
4.641445914309781529e+02
6.355933317106961340e+02
2.325458245353351003e+02
3.132517968242270285e+02
2.293300668580261288e+02
3.356993280140456477e+02
6.320042466379185271e+02
3.822433586597306885e+02
4.579476803487692109e+02
6.615132425962228808e+02
5.452670370113975196e+02
6.922135367926816798e+02
6.334331466063339349e+02
3.733681644703584652e+02
6.256292540037061372e+02
3.670585087794573838e+02
3.431766152222351138e+02
3.894434066790764177e+02
4.930297300055005394e+02
8.166410342073085076e+02
1.042253275857510744e+03
3.937148832805719962e+02
3.267843411121174313e+02
2.932817751108777315e+02
3.482449165158164988e+02
4.914800099468700409e+02
5.866060265293290286e+02
6.112729501747046470e+02
4.627886452455468316e+02
3.291921860067254215e+02
2.726317018775748124e+02
2.420510528438426547e+02
2.104152380724013938e+02
1.584788170285834667e+03
2.357481768683859627e+03
2.757466225233674777e+03
2.838179905003197291e+03
4.579185408190340922e+02
3.409244850271096539e+02
4.116464762905148973e+02
5.754334645536032440e+02
6.638231162032964221e+02
4.821682789502317519e+02
3.366321614359698060e+02
3.266339534712997192e+02
3.349243829742418370e+02
6.179574467372120807e+02
1.417170817108361007e+03
1.536955486848613873e+03
1.714800516156626827e+03
1.890896936849935400e+03
1.384769016849205627e+03
1.130176672156682798e+03
7.760231571107933632e+02
6.642128784710060927e+02
3.862685297412644445e+02
2.569884461208678204e+02
2.702198105206560399e+02
5.548332921418182195e+02
4.510361240181836138e+02
4.256509937277224367e+02
6.553128572932090492e+02
5.682775428033054368e+02
7.530779682017017649e+02
8.422544203820714301e+02
6.024187622009285406e+02
1.032081636149466249e+03
8.235682423752834893e+02
8.603272201697956234e+02
8.719928425890985864e+02
7.040437881065603278e+02
3.615158814902048903e+02
2.847395167858287550e+02
2.928032188323277296e+02
3.254843080703134319e+02
2.138880107663084971e+02
4.147310992614302450e+02
3.202618621375528392e+02
3.253131931190245041e+02
4.947597073501748923e+02
2.504323029962486089e+02
1.343587169658136190e+03
1.000490742383356633e+03
9.298028142912888825e+02
9.347803604685442451e+02
5.295557938267264717e+02
5.630855991140937249e+02
9.546710490040690047e+02
3.198692279592233376e+02
4.010784869117115704e+03
3.002647882420553742e+03
3.100438321455607365e+03
7.989239121558352963e+02
3.774883085802329674e+02
2.587825277524781995e+03
2.482803537150425200e+03
1.869860341062621501e+03
2.008229077594110322e+03
2.347941514366627416e+03
2.653741354430881074e+03
2.534449938917674899e+03
2.408133967902794211e+03
2.455967331419464244e+03
3.236000594036965595e+03
3.104280465712155546e+03
2.960089752582542133e+03
2.758922390084285325e+03
3.536760325134458526e+03
3.202306987405770997e+03
3.461233884953104280e+03
2.930545114805422145e+03
3.115433809143488816e+03
3.188743098268767881e+03
2.908268214207658730e+03
3.252718777714672342e+03
3.641759385693511831e+03
3.910418893627179386e+03
3.690032892355034164e+03
3.591693391171096209e+03
3.154724957089078998e+03
2.842144480218733861e+03
3.565974913482222746e+03
3.225747939128057169e+03
3.491123774542463252e+03
2.589302311482789719e+03
3.736507348514175646e+03
3.492139226951507226e+03
3.601312897780714138e+03
4.112794549782133799e+03
3.839346002253650113e+03
3.186297273560975100e+03
3.691531921312381655e+03
3.282758965837550932e+03
2.710674702534613971e+03
2.733816673334998541e+03
3.224628505642805521e+03
3.652600396642736541e+03
3.650876666975177159e+03
3.850208268069336555e+03
3.904992613089220868e+03
3.394613540729581473e+03
3.104017427308951028e+03
2.389599496700320742e+03
2.969091496366957472e+03
3.156151074030541167e+03
3.156393571934964257e+03
2.358825723143533651e+03
2.418784128826502183e+03
2.778891360044143312e+03
3.079755069239511158e+03
2.929203752034406534e+03
2.835544643296099366e+03
2.559272688346784435e+03
2.155192691533651669e+03
2.715961127380282051e+03
3.246074146911535536e+03
2.989592737717184264e+03
2.428920876299904648e+03
1.442240854330330876e+03
1.017385131283267128e+03
1.041748032679703556e+03
1.712326071641101862e+03
1.458946746513649714e+03
1.440755657611488004e+03
1.012609347170051365e+03
6.550774580690692801e+02
8.784619923565107911e+02
8.196518988568126360e+02
9.637683861952669986e+02
7.189900878449315087e+02
3.114620279212585388e+02
2.613460680032621326e+02
7.362746548711810419e+02
3.516638507237665181e+03
4.003696245592252126e+03
3.672092601193013707e+03
4.275668669322315509e+03
4.712413814275869299e+03
4.874056002702915976e+03
4.261177659071709968e+03
4.443448033580758420e+03
4.376751357330811516e+03
2.761376662377959292e+03
3.114001434522286218e+03
3.860024185039927033e+03
4.673092271538009300e+03
3.283562659336427714e+03
2.820906663052078329e+03
2.685826630071155705e+03
2.831762664397401750e+03
2.517729121306215802e+03
3.093560383013314549e+03
2.291407722885441672e+03
2.431275699739086122e+03
2.183125113905122362e+03
2.941190847222072989e+03
2.542951768129093125e+03
3.998983531620563554e+03
4.065760426959366669e+03
3.435264119020366252e+03
4.678375304779218823e+03
5.563681279126352820e+03
4.510085254261429327e+03
5.622869849226844963e+03
3.495602417645575770e+03
3.870644862598110649e+03
3.966664819739974973e+03
3.518063812003583280e+03
