3.987778181362692067e+03
3.411749660712871446e+03
3.149044983931779825e+03
2.738566068840524622e+03
1.480957967835971203e+03
3.001570520362335174e+03
3.096217780472880349e+03
1.850122141645365900e+03
1.691750153507928871e+03
2.113959558208004637e+03
2.410660579596891239e+03
2.023511267736188302e+03
1.889949339561916759e+03
1.829073299235598824e+03
1.352525105427344670e+03
2.302838152561538209e+03
3.282265884246935912e+03
5.120421336628500285e+03
3.889066880002315429e+03
3.396922312976714693e+03
3.901077118745520693e+03
2.603355028492393103e+03
2.972974050088635522e+03
3.463910627934116746e+03
3.481380630033482703e+03
6.838809486664290489e+03
3.147961481629972695e+03
3.463976071156773287e+03
4.118240186427168737e+03
4.327021046688397291e+03
4.254808047641681696e+03
3.578740528865045690e+03
4.008349514226034444e+03
4.323609133215168185e+03
4.031420322890377065e+03
4.011317703385834193e+03
3.505856169363364188e+03
2.795127838663813691e+03
3.172833985283667971e+03
2.257261699533868978e+03
2.416316762418825419e+03
4.176448202585526815e+03
2.443497160056769644e+03
2.026200991820763193e+03
9.203034265504564928e+02
5.336015696459778610e+02
1.036024188444451738e+03
6.664276789013318876e+02
8.373895908067644314e+02
9.936422810178498821e+02
9.130379858491360210e+02
8.416175741919847724e+02
9.754461718777570240e+02
1.349905039885100223e+03
1.110272426279333786e+03
1.170863115571590242e+03
1.055006526757531901e+03
1.478644558194269621e+03
1.562324106429365429e+03
1.420455585099247855e+03
1.913087090593857283e+03
1.695399380696596381e+03
1.635443918966688216e+03
1.528053208797437264e+03
9.627056384177752761e+02
1.098535932806352548e+03
1.279885391329464028e+03
1.317420405586859260e+03
1.226881048895086224e+03
1.483675567984067811e+03
1.430625622988298346e+03
1.406181035977743022e+03
1.349148102952268800e+03
1.137400968454227950e+03
1.059095558931122014e+03
9.819435800131195720e+02
9.604235590363194888e+02
1.307799787836264386e+03
1.342193192961090290e+03
1.299894629607284514e+03
1.522833589935915597e+03
1.541146700572447116e+03
1.179410340855971072e+03
9.535261474667813673e+02
1.031909762222296422e+03
9.036596943578482524e+02
9.101144860682060198e+02
1.277918552404720685e+03
9.601212767701601933e+02
1.020487724085150944e+03
1.043478168036786883e+03
1.199616369481269658e+03
1.060342646363616268e+03
9.776283938149364303e+02
2.438260166003724407e+03
2.474074747165299414e+03
1.897156095416641165e+03
2.383417215554270570e+03
2.579263000605069010e+03
3.014257099253954038e+03
4.525199866845049655e+03
3.955635955233899494e+03
3.179055667181264653e+03
3.933325566211673049e+03
2.343536195959294218e+03
3.499498893042000418e+03
3.340397869339605677e+03
2.395145284965693918e+03
2.282318370616423181e+03
2.422213534120316581e+03
3.846583196295738162e+03
2.117553193938796085e+03
1.840160862497724111e+03
2.100727760305365791e+03
2.657838907376453790e+03
1.963795710222535263e+03
2.742800121454246892e+03
1.749253849104980418e+03
1.944978460217348584e+03
2.113636556770361949e+03
3.264044908799846326e+03
2.378944415767152350e+03
2.914950821470712526e+03
2.968818701378980222e+03
3.298091940036699270e+03
3.965539395174068886e+03
3.581599724148262339e+03
4.096465676195832202e+03
3.831080685813337823e+03
3.993061357374499948e+03
2.107216529998809165e+03
2.073170654733147785e+03
3.867656015147502330e+03
2.280734251442175719e+03
3.513605584669272503e+03
2.624557724028186385e+03
2.649974449985531010e+03
1.961251104782478706e+03
2.673550213257049563e+03
2.427906466134293623e+03
3.149635004813367232e+03
3.245052426849709263e+03
2.599483111156126597e+03
3.325303465303537905e+03
3.141929509482711637e+03
2.836323306538609359e+03
2.998337275452880931e+03
2.148608559107525252e+03
2.551545087231025263e+03
3.485465625887322858e+03
2.049000763935539908e+03
2.335205630233991087e+03
2.629877661101825652e+03
2.802174730072604234e+03
2.458595465057715955e+03
2.076788893203731277e+03
3.651708816391906566e+03
2.302890419690133967e+03
4.079379981933022009e+03
3.550364444347479548e+03
4.086960464580484768e+03
3.044142531411574964e+03
4.538448494272493917e+03
4.233864133773279718e+03
1.139132626732696735e+03
1.080810984187814483e+03
6.987627010429494021e+02
1.134289856901641315e+03
1.366463999825066139e+03
9.707641608973422080e+02
8.177726078935528449e+02
1.924599418726499835e+03
2.921967066944411727e+03
2.665266118962678320e+03
3.719844290966528661e+03
4.251580957055459294e+03
4.034723532970391716e+03
3.528723295018257886e+03
3.597809155675643979e+03
3.213122019038435610e+03
3.405315364710546419e+03
3.268202667126534379e+03
4.505492598990103033e+03
2.397037990968539816e+03
4.021849678671989750e+03
4.460583841087885048e+03
3.858023471191980661e+03
3.248563903340672823e+03
2.831487118941351582e+03
3.583209935601181769e+03
4.236104911266952513e+03
3.125761187750936188e+03
3.437699953875485789e+03
4.342431239134736643e+03
4.143384493390193711e+03
2.943350785769115191e+03
2.075511527025683790e+03
1.080520072044640301e+03
1.306418314012242035e+03
1.195206756455814229e+03
8.923906746272953114e+02
8.893257320238114971e+02
5.707547521049133138e+03
1.984564460169666518e+03
4.134596196822762067e+03
5.917710692131695396e+03
3.697633860450349403e+03
4.370124425878692819e+03
4.694253103386562543e+03
4.727879701186177954e+03
4.319139264083331000e+03
3.458713447572190944e+03
4.477036086272765715e+03
4.704623988453218772e+03
2.273443980844798716e+03
2.971851672061676254e+03
2.979530851355199502e+03
2.264526749108397325e+03
2.800188253653290758e+03
2.055378710352416419e+03
2.750877303198288246e+03
2.745492895273570866e+03
2.244466619709999577e+03
2.261696063976110509e+03
2.095354708133635540e+03
2.678165197663836352e+03
2.187273610070827999e+03
3.079470369950791792e+03
3.009944442605341465e+03
2.193797402934363618e+03
2.620463539678424695e+03
2.234522585855774651e+03
2.388180766384165963e+03
2.531749301202109564e+03
3.281236280938572236e+03
3.733288763360208577e+03
3.788779034845547812e+03
4.214823371068890083e+03
3.562930242695507786e+03
3.364596599554956356e+03
3.589516397332237830e+03
5.962391401980839873e+03
6.025071276342303463e+03
3.272651611279663939e+03
2.713103497793428232e+03
3.288249915826806500e+03
1.187669262628053048e+03
1.303116010902101607e+03
1.064578606098016280e+03
1.179108142937857338e+03
6.340807704358645651e+02
7.101818439097901319e+02
1.490471064842934084e+03
4.896490296758627665e+03
3.573625648856334919e+03
2.954394531779736099e+03
4.742178975192039616e+03
3.040073753632917487e+03
2.302294647597187122e+03
2.516017458163291849e+03
2.590408390758731002e+03
2.306493569012712214e+03
1.680957379860225274e+03
1.583898362173871647e+03
1.983804685971191248e+03
1.721428584998181805e+03
1.259142780671950732e+03
1.154475233263241080e+03
1.318568554565943487e+03
1.528544350280144045e+03
1.156296268467118352e+03
1.625724082614528925e+03
2.223711122867517133e+03
2.368686198239200166e+03
2.227288993264217879e+03
2.443768251524290008e+03
2.122318216685672269e+03
2.458364643880979202e+03
2.170637308572810070e+03
2.431488321202813950e+03
2.087830309277926972e+03
2.549639708482684455e+03
3.361593091049041504e+03
3.493881691655967188e+03
3.193649343582111214e+03
2.697130993768254484e+03
2.328190587121785484e+03
2.775791690810574892e+03
3.350755259980628580e+03
2.638153156071584363e+03
2.342555678794500182e+03
2.684844085868044203e+03
2.631919932886024071e+03
2.909529684513391203e+03
2.372805162132140595e+03
1.952037298478605408e+03
2.283106709748478806e+03
2.070773323877878283e+03
2.189168785390495486e+03
1.765459855543105732e+03
1.522500620391081384e+03
2.122313231666488718e+03
1.146941068997649154e+03
8.376748249845910550e+02
9.621005742164607000e+02
1.518269927002006852e+03
1.697334397012642285e+03
2.239840119975797279e+03
2.042646727886403141e+03
1.693334235005300343e+03
1.339845551657444275e+03
1.230511145375175602e+03
1.448201037641288849e+03
1.795575040106544748e+03
1.564967232057200135e+03
1.497701609223771584e+03
1.239187859524417945e+03
1.407778145863279406e+03
1.267329520141897092e+03
1.817567170497494772e+03
1.731249701643530898e+03
1.600674370731742556e+03
1.949965402170693778e+03
1.424749911942520384e+03
1.281342158014469533e+03
2.033817304446846947e+03
1.401436679600225261e+03
1.486570928549360815e+03
1.169850601739221020e+03
1.544564562649682557e+03
1.905475372206638895e+03
1.620663544504643141e+03
1.342680974784290811e+03
1.886812127529965665e+03
6.789336077608037385e+02
5.430401020841350146e+02
5.676063115613022774e+02
6.955411349644272150e+02
7.304581521649953402e+02
1.514630290843417924e+03
2.252917776097501246e+03
3.099816897223257001e+03
1.638610970532205101e+03
3.253134328580826605e+03
3.520922343155186809e+03
4.102295774019873534e+03
3.910422021440745084e+03
3.951469726275612629e+03
4.202031790716876458e+03
4.478433610395798496e+03
3.441313096650470925e+03
4.148457480532095360e+03
2.650874395692669168e+03
3.324140767305700592e+03
2.761122155872505573e+03
2.340326308875650739e+03
2.367835868418551854e+03
2.211440632256969820e+03
2.412799189516628758e+03
2.538113983864271177e+03
2.763969113522914995e+03
2.511418631943559831e+03
1.657387841135705457e+03
1.172114210936601239e+03
1.891450090878748370e+03
1.777562302408866344e+03
1.991845380146266280e+03
2.800159101300041129e+03
4.064380893271776586e+03
3.202708679750924603e+03
4.420102750706766528e+03
5.220981403100523494e+03
3.896857391696848026e+03
4.462231302091588077e+03
2.153179153389888143e+03
2.883779928475123597e+03
3.324444564357945183e+03
2.433801934185436039e+03
2.630253359032750268e+03
3.952341260791869900e+03
3.281569896134289593e+03
3.376514134275648303e+03
3.981789223801970365e+03
2.481288583978074257e+03
2.876309765144336779e+03
2.375942902336422321e+03
3.352502717870027027e+03
4.367551020525014792e+03
3.491346859894569207e+03
3.336975268650151520e+03
3.578344477480525256e+03
2.983257370724287739e+03
3.195963052085654908e+03
1.833953380162705571e+03
1.612700383236105154e+03
2.132925569012819324e+03
2.183150516718257222e+03
1.602053100164694115e+03
7.842371032597426392e+02
8.608945275211344779e+02
1.412269017370530264e+03
1.691697060635914568e+03
1.692170034846307090e+03
1.809955804381174630e+03
1.819403168479179385e+03
1.572315575848608432e+03
2.027702018621163461e+03
2.138499839022751075e+03
1.801916328850550371e+03
1.656812890657282423e+03
1.702640048396706788e+03
2.602906282216117233e+03
2.041512214959089761e+03
2.343414017655847601e+03
2.094563269073305491e+03
2.330570697660722089e+03
2.058095715969891444e+03
1.651786279862847550e+03
1.823896157206137786e+03
2.019991537022969851e+03
2.361699944722364307e+03
2.637507166598330514e+03
3.324488253967454966e+03
2.876624875279156640e+03
3.261349374605751109e+03
4.251285453791960208e+03
4.005054504566987362e+03
3.559167416040877924e+03
3.482217523809632894e+03
4.250712870917707733e+03
3.628067421884459691e+03
3.848904910215672771e+03
3.073850227672120582e+03
4.188750536790001206e+03
3.460809291132198268e+03
2.664589435136900647e+03
4.476008641433396406e+03
5.240019153282241859e+03
3.145703184591695845e+03
3.081898125829433866e+03
2.415698148303267772e+03
1.234246308673934891e+03
1.176342371470678927e+03
2.813822128947569581e+03
6.004538872378480846e+03
5.991835725284980981e+03
2.173570611407469642e+03
1.686108362836882634e+03
1.296882372219898116e+03
3.265628748481004095e+03
3.155403557091219682e+03
3.625261715572373760e+03
3.199572776007490575e+03
3.320162727680230546e+03
3.694394942856213220e+03
2.869481672461206017e+03
1.935025948086405606e+03
2.308854072156970688e+03
2.715863412472967411e+03
2.771443490573427880e+03
2.658739042511651860e+03
3.111192389622019618e+03
3.990852994241084616e+03
2.967840390502804439e+03
2.432982651965880450e+03
2.727974650003491661e+03
2.870271946229712285e+03
2.356003363270029695e+03
2.234124310121342205e+03
2.411471675624824911e+03
2.746543328596668289e+03
2.472555528993486860e+03
2.227783725939282249e+03
2.304598383353876670e+03
2.215796346409053513e+03
2.847181397927849957e+03
2.427462555664189040e+03
1.991792892531884718e+03
2.115757074402339640e+03
3.762862344083544485e+03
2.831852832697345093e+03
3.911365191439274440e+03
3.887299662070347040e+03
4.188219505962397307e+03
2.877519446764483746e+03
2.437719553887040547e+03
3.253841244476609063e+03
2.749621893091598395e+03
2.038993723790389822e+03
1.674876749651103182e+03
2.130724691160967268e+03
2.065803292231382329e+03
2.330611749586923452e+03
2.166161179338227157e+03
3.385141603274728368e+03
3.689779638354524650e+03
4.165084435811222647e+03
4.464170595975905599e+03
2.669174913821626888e+03
