3.707910740118515605e+03
3.294105949762948057e+03
3.136790586884584627e+03
3.074942631688471465e+03
3.459945499852692592e+03
4.114520916090878927e+03
4.032793584455749169e+03
3.180474781115809492e+03
2.594814041868115964e+03
1.983115321447017095e+03
2.527077505329905762e+03
2.072647124348465240e+03
2.285278337209265828e+03
2.504219657429734980e+03
2.381857670058310305e+03
1.870165776647811981e+03
2.308080490079251376e+03
1.754722563435005441e+03
2.277438099348874402e+03
1.894859674461400118e+03
2.470297403466072410e+03
2.569473742655056412e+03
2.629885441571195315e+03
3.330410475722805586e+03
3.046285907569764277e+03
2.149620070473269152e+03
2.284431068031452469e+03
1.805035118073299827e+03
2.348629894459271782e+03
2.393836545619858498e+03
2.550518205395197583e+03
2.484071623479452228e+03
2.032617242648831734e+03
2.615327794460768018e+03
2.110230456963723555e+03
2.335324563316977674e+03
2.825291311544462133e+03
2.525589876114293929e+03
1.807200020126071195e+03
1.883005896841789763e+03
2.050943909724432615e+03
1.996764931554797613e+03
1.828906384288915206e+03
2.463718940277579350e+03
3.200648387770748741e+03
2.349993566734790420e+03
3.127160120783272760e+03
5.115032315743372237e+03
4.936703454276157572e+03
4.020905901266974070e+03
3.158590806438867730e+03
5.034573228260007454e+03
5.247574784708180232e+03
5.564210135289413302e+03
4.922882414257572236e+03
3.288046937511553097e+03
2.374784646318280011e+03
1.533725011872543064e+03
1.733329843542894196e+03
1.747017235473055052e+03
1.926332257236014357e+03
1.899086364338296335e+03
1.758096271495200654e+03
2.608062962293147393e+03
3.229937005552961637e+03
2.320102555955541902e+03
1.492234704848785896e+03
1.005298738670826310e+03
4.830001253539688150e+03
5.588392172418870359e+03
4.344925878913281849e+03
3.007501927444637204e+03
2.000667733732955185e+03
3.180391038482165641e+03
1.973242400760287637e+03
1.415577817972492994e+03
1.252872677324828146e+03
1.117008675670023649e+03
2.107453800776905155e+03
1.621388266093890252e+03
1.779049849713401954e+03
2.663774273025226648e+03
2.468853241730991158e+03
2.081851399285767002e+03
1.362376371385507582e+03
1.757263540160689217e+03
1.671283166026436675e+03
3.111856255976043940e+03
2.869362627060399063e+03
2.777935751145422728e+03
2.983716147318961248e+03
2.711908296473785867e+03
2.841345865942245382e+03
3.315432901688101083e+03
4.004039704160943529e+03
4.290924316529865791e+03
5.389760572233541097e+03
3.674459699785511930e+03
3.551306699832261074e+03
3.710099097318199711e+03
3.898618659050820497e+03
4.070266144184624409e+03
3.458435817259651230e+03
3.545030563394311230e+03
3.409693436967924299e+03
2.568204167491293902e+03
2.546153411036789294e+03
3.597238613939553034e+03
3.021428436680338109e+03
2.301309776396870802e+03
2.260379266468301921e+03
1.845031049922648435e+03
1.953302444334661459e+03
2.287877067011855161e+03
2.430326654769503875e+03
2.637605404007363177e+03
2.490114809897054784e+03
1.959165368565714289e+03
2.045948693741565194e+03
2.614924404099965159e+03
1.631090815462410546e+03
3.215707890689933720e+03
1.409304156722847210e+03
1.361005071502306009e+03
1.418023403712258641e+03
2.512779928083763480e+03
3.239844211379999251e+03
3.483038686377670729e+03
3.571075335643892231e+03
2.987580789853358056e+03
4.125687407169798462e+03
3.810443416101107232e+03
3.080691576829977748e+03
2.478209173139264294e+03
2.752852135391784486e+03
2.947201645920071314e+03
1.931371699956191833e+03
1.959543918621866169e+03
1.370305958644323937e+03
2.003100471703487074e+03
2.175639391122892903e+03
1.853634555604570096e+03
2.242215423425992412e+03
1.796091551842645913e+03
1.241694717772139029e+03
2.697492371441001978e+03
3.379250408713084653e+03
3.966445732856559516e+03
3.698263081576962577e+03
2.930782947942150713e+03
4.044076660606145651e+03
3.470701045213143516e+03
3.724632706389657415e+03
4.115035269464002340e+03
2.939896609784766497e+03
3.969143028056879302e+03
3.001508087359880392e+03
2.568880449798035443e+03
2.365984403203323382e+03
2.573636860114636875e+03
2.889406466270799228e+03
3.354716511640886893e+03
4.017413204896340176e+03
3.530167372033056381e+03
3.738683517641314211e+03
4.129387890425108708e+03
4.311690975357169918e+03
3.134215672681536489e+03
2.174083770963308780e+03
3.305665085650412493e+03
2.762294029257950569e+03
2.906158638413355675e+03
3.228482978443224511e+03
2.196937467820966958e+03
3.888187603705972833e+03
2.696720863424352501e+03
2.996655214547197829e+03
2.353270431476175418e+03
3.226278100199775963e+03
3.884930295233608376e+03
4.646015162055839028e+03
3.305152460984240406e+03
2.692486896852197333e+03
3.442752262597386562e+03
2.627943313773901536e+03
3.392427787130887282e+03
2.720329112481338598e+03
3.000942040806590285e+03
3.932406005069722141e+03
2.354523451757954717e+03
3.410481196843735688e+03
2.920211606837425734e+03
3.887714337690976208e+03
4.888285896630218303e+03
5.558911984986035350e+03
5.140579675045471049e+03
5.944879612879188244e+03
4.925095325201486048e+03
4.280969290508542144e+03
5.770009152357381026e+03
3.060192453189199114e+03
1.834265487687918267e+03
3.067543091199468563e+03
2.312358464848912718e+03
2.354957245033000618e+03
2.108559941575020730e+03
2.099258311926869283e+03
4.165823930866354203e+03
4.050859264559639087e+03
3.465938373184551438e+03
3.472166755436558560e+03
2.851574652753821283e+03
2.788013301979125572e+03
2.628440667652352204e+03
2.943036601483297090e+03
3.159890289124359242e+03
1.549785290396469236e+03
1.832783914496528269e+03
1.636421985989002906e+03
2.044035932519271455e+03
2.274850685240903658e+03
1.624868085092401088e+03
1.927205646158621903e+03
1.970255115858260751e+03
2.954543556964521485e+03
2.740904826756380771e+03
2.977078450226643326e+03
2.804883050425739839e+03
4.163538557166246392e+03
5.798156492068496846e+03
4.110215145733607642e+03
4.189882796828129358e+03
4.346753765414097870e+03
4.064571182795991263e+03
4.223490735494262481e+03
4.163465956920481403e+03
3.658513015389532484e+03
4.203632060450090648e+03
3.666667392158204166e+03
3.101250870156428846e+03
4.134184967421379042e+03
2.217927807020073942e+03
3.021538004473469755e+03
2.950490041922112141e+03
2.836868801538276784e+03
1.905563552629781952e+03
2.924501301484451233e+03
2.441335580462853159e+03
2.864883363654687855e+03
3.713007133451556911e+03
2.867236238437350949e+03
2.014155622624383113e+03
2.823078145988680262e+03
2.122180414946973542e+03
1.346409479892666468e+03
1.807185232123132437e+03
1.579497250231197995e+03
3.338841696369845977e+03
3.766754196301228603e+03
2.108213491592586251e+03
2.420652356575641534e+03
2.556665016450737312e+03
3.236324705299527977e+03
2.873121521995870353e+03
2.957832397449217751e+03
3.782019998114110422e+03
4.253910190171264730e+03
3.860047731100891724e+03
3.059153744480348905e+03
3.332189581829813505e+03
3.551849002707529507e+03
3.201412960252131597e+03
3.772899745750717557e+03
3.326516333591241164e+03
3.704248055546130217e+03
3.436777981247882963e+03
3.470202781671221146e+03
2.493336364258372669e+03
3.025637719904488222e+03
2.856177213228706478e+03
2.464581597469990356e+03
2.659535371703983856e+03
3.022769590954706473e+03
3.153998437629734326e+03
3.463006351702538723e+03
4.800388633478927659e+03
3.533900315395083453e+03
3.049559612310064495e+03
3.642456532966079521e+03
3.186729228997567589e+03
2.647567594297552660e+03
2.992599735716868963e+03
3.095268103632350631e+03
2.280826863923074143e+03
2.653641589904902503e+03
2.081518007654859957e+03
2.096314112312538327e+03
2.404420715511205799e+03
1.744104881487444118e+03
2.091958610580194545e+03
3.071535393747162288e+03
2.613445282644949202e+03
2.399612368806036557e+03
2.941351438812818287e+03
3.156733108590664415e+03
3.934808833406305439e+03
2.517512172887056295e+03
2.945572441732902462e+03
3.001491521815111810e+03
2.916493794815454748e+03
2.806137573928639995e+03
2.556644847876179028e+03
2.510838324827729593e+03
2.237140874990922384e+03
2.376371386106661248e+03
2.452444530618742192e+03
2.237655560496478302e+03
2.346699431863461086e+03
1.978184194776093818e+03
2.218945348500159980e+03
3.001252176672647693e+03
3.386661054458445506e+03
3.303066032860163887e+03
2.769685805782603438e+03
2.671983208414450019e+03
2.309587032839021049e+03
2.015405894493468850e+03
1.867640014276563306e+03
2.195630319241854522e+03
1.913923021670177604e+03
2.002985552183034542e+03
1.959196509385334139e+03
1.624816626488431439e+03
1.378582303939381291e+03
1.321195852167038083e+03
1.450583201830862436e+03
1.266654966610234851e+03
1.359281348764417771e+03
1.281279528086193295e+03
1.177251649001505484e+03
1.393394541404590427e+03
2.014231367198916359e+03
1.680131086594302133e+03
1.883773743064726204e+03
1.609894077285148796e+03
1.481956225094409774e+03
1.350894473044759934e+03
1.501755624091436403e+03
1.266854189814593155e+03
1.158969836816266479e+03
1.229376217491595526e+03
1.292418360286472989e+03
1.276293732508547237e+03
9.486238755087550771e+02
8.948519658548011648e+02
1.268522241110973027e+03
1.175425410547963565e+03
8.896858589663800103e+02
1.145508750133233434e+03
9.453982344312699979e+02
2.478406603504448867e+03
5.052171708114408830e+03
4.646345055824938754e+03
4.184901301069896363e+03
4.511928624924203177e+03
3.426566003494620873e+03
2.686504358141539342e+03
1.885880948528560339e+03
1.446585362544627969e+03
1.333143438539640783e+03
1.078838485614281126e+03
1.330057803786544810e+03
1.964944655730477280e+03
1.323644763104723779e+03
1.348776752138537859e+03
1.403570928626999830e+03
1.370220527276800340e+03
1.508071008785541608e+03
1.173034531474234427e+03
1.293218875096781176e+03
1.234626896851252468e+03
1.201099134707018493e+03
1.465130800550994081e+03
1.521616805193362552e+03
1.122637853530617576e+03
8.974126525241318859e+02
1.042169864990944916e+03
2.760195295216182785e+03
3.487559226881839095e+03
3.406964995514635120e+03
1.705803865120184582e+03
3.331520099035591556e+03
3.872482911631642764e+03
2.814571334320085953e+03
2.792498625161063501e+03
3.811972074219721890e+03
1.632646721846232367e+03
3.576782988413649036e+03
2.985621852335921176e+03
2.684696498736351259e+03
2.807613995896357665e+03
1.967044052174569742e+03
2.357016315921855949e+03
3.038850835172045663e+03
2.906709011401092084e+03
2.146724806192476990e+03
3.353934056346869511e+03
3.160177019485140590e+03
2.418497153140212504e+03
2.891190152181514350e+03
2.741131385861271156e+03
3.783405311476646148e+03
3.184930430587347928e+03
3.781446522429048400e+03
2.927429849148295034e+03
2.538585634385876347e+03
2.716586532186176555e+03
3.321199844160267276e+03
2.805274753364738899e+03
2.795006639636014825e+03
2.907245323413726965e+03
3.247825571201967250e+03
2.683171236565292020e+03
1.947242729481550214e+03
2.610631601103732010e+03
3.218354215508042671e+03
3.821426563370120220e+03
3.831776834073749797e+03
4.138341393980581415e+03
3.883970008689786027e+03
3.576767799882708914e+03
4.567646631508981955e+03
5.406744437181795547e+03
4.661981906499171600e+03
3.613361538359896713e+03
3.172055813859151385e+03
1.993995421870376958e+03
2.442697735051923246e+03
4.534923395676880318e+03
3.732643193902963048e+03
4.071499476408114333e+03
2.632397583950300486e+03
2.710292808781293843e+03
3.327499176760818045e+03
1.934703584648978449e+03
2.157520757928395142e+03
3.757578238162307116e+03
1.831667821346984283e+03
2.384907132426493718e+03
2.265416177485986282e+03
2.016441435002566550e+03
2.157917185399832761e+03
3.597808481321627369e+03
3.003567888078123815e+03
3.895576882464891696e+03
2.900239980262767403e+03
2.745737032976803221e+03
2.386129254727345142e+03
2.867002301421834090e+03
3.541153144629899998e+03
3.101040052641302736e+03
3.412159901698035810e+03
4.229931176367709668e+03
3.351020477106028920e+03
4.004694773755110418e+03
3.375231257802454365e+03
2.884033007146419550e+03
3.429416026954429981e+03
3.894548695266867071e+03
3.055169716000059452e+03
3.393093270545566156e+03
3.192488097059103893e+03
2.889864722085763333e+03
3.287649618106409889e+03
3.255205169123870746e+03
4.311615011273011987e+03
3.598130035611971834e+03
5.684678309905648348e+03
5.783314409825125040e+03
6.788266468281608468e+03
7.162493539816910015e+03
5.516984164332644468e+03
6.045886784587464717e+03
5.244269861866232532e+03
5.605825743114617580e+03
4.761393163026821640e+03
4.255129118319301597e+03
3.672009333669295302e+03
3.576804863811333689e+03
4.951255230040144852e+03
4.055185468928830687e+03
4.628098431406094278e+03
3.706583480663116461e+03
3.846750474947677958e+03
2.933729549651802699e+03
3.776533030242183031e+03
3.229056188679204752e+03
