4.945888382732346145e+03
6.189891542946236768e+03
5.499724140824766437e+03
4.124896601980415653e+03
2.780581927223249295e+03
3.441122781004758963e+03
2.748428956313378421e+03
2.275470243931063123e+03
3.447196573107994027e+03
3.010539733810335292e+03
2.697676617917808471e+03
2.854646504236486635e+03
2.019497902856006931e+03
2.362064056922623877e+03
1.926699543616461824e+03
4.001618561917227908e+03
2.649724004619876723e+03
4.913180658951199803e+03
3.715251399859059347e+03
4.664073211520334553e+03
5.199519979539922133e+03
3.284918151603159458e+03
4.945740884278581689e+03
4.243246285737218386e+03
4.833865155892622170e+03
6.594214754211812760e+03
6.881583271982734004e+03
5.651079945453184337e+03
6.260856576910266085e+03
5.597695694378244298e+03
5.894310662273510388e+03
4.563065302297423841e+03
2.345115941092079083e+03
6.210939382316875708e+03
5.070699302853265181e+03
6.663834110656121993e+03
3.881825968063976688e+03
2.972074672516784631e+03
3.242557347821100848e+03
3.435104852787691470e+03
3.774483068960722449e+03
3.137025520286338633e+03
3.621201499602665081e+03
4.010021424163281154e+03
2.874128872303203025e+03
4.475236998876902362e+03
4.101221305335939178e+03
3.757459467710662466e+03
3.417452784038528080e+03
3.794157169543504551e+03
4.628337893378348781e+03
3.186153660698413660e+03
2.912206624891739011e+03
3.453759967193677767e+03
2.985519898327799638e+03
2.277152208161733142e+03
2.566882363240794348e+03
2.712379619898425062e+03
5.683382767535700623e+03
4.750836228630580081e+03
4.048956935030871591e+03
4.392374722082613516e+03
5.708953555617207712e+03
4.827807935095201174e+03
4.494828504413963856e+03
5.598283966525351389e+03
5.192451360028608178e+03
4.473913436755688053e+03
3.855567497461936910e+03
5.310136377638860722e+03
5.398562988670580125e+03
5.532051496825577487e+03
5.192058059842449438e+03
5.493152167780197487e+03
4.491864146753344357e+03
5.297265969517769008e+03
5.708747498035857461e+03
4.049909690057183525e+03
5.066719191849034360e+03
6.392682216422004785e+03
6.386971981722549572e+03
6.345068778622833634e+03
4.660908290990403657e+03
5.183213206952280416e+03
3.932742662809177091e+03
4.625218396497102731e+03
4.778020225349481734e+03
4.323794701597546918e+03
3.922542498692698700e+03
3.302623150962871932e+03
3.215629341818286775e+03
3.529626179947337732e+03
3.529582493029181933e+03
4.044194267407298412e+03
3.683742131332668578e+03
2.833284591400959926e+03
3.230736328836148459e+03
3.271114179877821698e+03
3.240571193578271959e+03
2.780009387602895913e+03
2.541187106086001222e+03
2.570067481851935099e+03
2.669613505630102736e+03
4.218058437418333597e+03
3.532673062297392335e+03
3.635302359218791480e+03
2.574353641224803596e+03
2.933957351644025493e+03
3.209322273335536920e+03
2.992668165016812054e+03
3.193892489058831870e+03
1.636430406153819376e+03
3.312051258088327813e+03
2.415066608765022920e+03
2.620885524537937727e+03
2.650129193478867819e+03
1.876015354618864194e+03
1.612000051816691212e+03
1.883045943208970584e+03
2.428719121910916783e+03
2.423402982012910797e+03
2.622910838838485233e+03
2.501942584869754683e+03
2.344843809291635807e+03
3.015662802185373039e+03
2.604119417785674159e+03
2.468167824670868868e+03
3.215083282978103853e+03
2.398765712507147327e+03
1.764181585284628909e+03
2.308250179733047389e+03
3.944607344269566966e+03
2.881329297791723093e+03
3.589202635365858896e+03
3.835834220143060975e+03
3.219764546133567819e+03
3.428163427333694472e+03
3.069543070174266177e+03
3.519820292108614922e+03
3.708261098470132310e+03
4.360663200695046726e+03
4.698431269195631103e+03
3.733222407420032596e+03
3.916359713302963883e+03
3.080312556518957535e+03
2.660233248689148240e+03
3.058138049975450031e+03
2.564022052049704143e+03
2.745272029424636457e+03
2.813923086479140238e+03
2.318040937388900602e+03
1.908715017583985173e+03
2.060218521217720081e+03
3.699962746710271858e+03
3.347869042955527675e+03
2.948292522081146672e+03
2.414874996273015768e+03
2.742689363680110091e+03
2.512705034665955282e+03
2.450803851404984016e+03
3.688449373870110776e+03
3.463889080361460401e+03
3.984301356332871364e+03
3.822401150793045417e+03
3.873939308013962091e+03
3.866164330491455075e+03
3.925240512401406249e+03
4.287371347980158134e+03
4.458225180093355448e+03
4.980982285701818000e+03
5.650880723924256017e+03
5.639397159842302244e+03
5.479552103791083937e+03
6.278020416334418769e+03
6.105107752061127940e+03
6.524634319106777184e+03
6.743576031853659515e+03
6.405507774322027217e+03
5.405729789308844374e+03
7.087904556485256762e+03
5.512515679528355577e+03
5.260888751550134657e+03
4.756352030720468974e+03
3.862720763587278725e+03
2.609432928091330723e+03
2.869008392347800509e+03
3.836426505161937712e+03
4.479757343133846916e+03
3.290483691031964554e+03
5.597163122297768496e+03
2.780145014954165617e+03
2.863434284712025601e+03
2.925163510948967996e+03
2.680911887532001856e+03
2.577369828590854013e+03
2.682580865397942489e+03
2.464243692181465576e+03
3.121232248693963356e+03
2.387127862686484150e+03
1.982658417200010263e+03
2.298566576872648056e+03
2.519143080335154536e+03
1.879673597809649664e+03
3.150065300812251735e+03
3.723509155924898096e+03
2.186962806114004707e+03
3.427394127514830870e+03
2.227208984017275725e+03
3.049252081439128688e+03
3.123674453561750852e+03
2.104834230304958965e+03
2.576098342241406499e+03
2.361453626162452565e+03
4.376776407667869535e+03
2.268169373225965046e+03
2.869178843350203351e+03
4.551694181364676297e+03
5.813624422863477776e+03
4.273497226698185841e+03
4.241657166531080293e+03
3.892429676511008893e+03
3.492280874140518335e+03
3.305290944398303054e+03
4.197247897534220101e+03
2.757178798469974026e+03
2.920956984020715936e+03
2.476374271218643116e+03
2.543897029527059203e+03
2.345864003235798464e+03
1.419930958951713365e+03
2.094431044984867640e+03
2.699706295188907916e+03
1.976518308124699843e+03
1.895773143944716594e+03
2.508010592841164907e+03
1.962318958549912850e+03
3.522666112361728210e+03
2.002655504257850680e+03
1.516000740253657568e+03
1.376091076748990190e+03
1.714713582700842835e+03
2.194873292692935138e+03
1.775398759995160162e+03
1.600561336423644434e+03
1.378578146401404410e+03
2.869077418304755611e+03
3.066391265529375232e+03
3.072862018274821367e+03
1.969727883073761632e+03
1.393455519783303316e+03
1.378641275273328347e+03
1.808792549096283665e+03
1.961559881481489356e+03
2.263662361502772001e+03
2.105111865695166216e+03
1.742871074538852099e+03
2.038041731149329280e+03
2.031308802980123573e+03
2.042181997796953056e+03
2.944430615138241592e+03
2.660717720875194573e+03
2.711263765482909548e+03
3.437660181757280952e+03
4.051305330243615117e+03
3.351552362360429470e+03
2.991637704684419077e+03
3.232799693603009473e+03
3.595618777748864431e+03
4.046677548011595718e+03
3.991123073847732485e+03
3.969565024281484511e+03
4.166024361965268326e+03
4.513750708836423655e+03
4.507471051349102709e+03
4.104951817215082883e+03
3.780835116504072630e+03
3.839411628131310863e+03
4.390778319634481704e+03
3.300382190910538156e+03
3.225206850589464011e+03
3.298646418309946057e+03
3.558092984073559364e+03
3.336996425279228333e+03
3.064770423192625003e+03
2.626807443151804819e+03
2.347233594102363440e+03
2.059026106923432053e+03
2.183415873465105960e+03
2.155168320161052634e+03
2.863418388376338044e+03
3.806746674881511353e+03
4.768952432872202735e+03
4.619285582585815064e+03
5.080950569147005808e+03
5.349301932889098680e+03
5.174883056708638833e+03
4.982169016794428899e+03
4.519957805567807554e+03
4.382179591364702901e+03
4.478382619584444001e+03
5.091896782456435176e+03
4.604951828653725897e+03
5.149373160733219265e+03
4.409957118267600890e+03
3.797813048428544789e+03
3.361843784085298012e+03
2.380897302254569695e+03
3.532314450009833308e+03
3.081812097728591652e+03
2.529725303852103025e+03
3.572700725299318037e+03
3.836511476005322947e+03
2.259714265945226998e+03
2.231530736417883872e+03
2.588708950987990193e+03
2.219826490420439313e+03
3.125311050321132825e+03
3.416229574302290985e+03
2.953962841005438804e+03
3.806758898596504878e+03
2.335140128536452266e+03
2.770418716810274873e+03
2.370775741368569015e+03
2.067866340222371946e+03
2.450134424487759588e+03
2.108867234808728426e+03
2.831345064521586210e+03
2.492540171388643557e+03
2.812258873030383256e+03
3.194474016507184388e+03
2.708377085045026433e+03
4.456220334658934917e+03
4.601474585972881869e+03
3.216373561704024269e+03
3.328191254224163458e+03
2.883688382217866547e+03
2.625877801881508731e+03
2.203678558211381187e+03
1.555199823560888262e+03
1.655019828055983453e+03
2.255489654139280901e+03
1.436130382791637658e+03
1.423198331092827175e+03
1.948449359018837413e+03
1.933937606824664499e+03
1.952191750415762272e+03
1.839000041002913349e+03
1.673202046216693361e+03
1.241897695446156376e+03
1.840096164706711761e+03
1.983007268138838526e+03
4.281697607599535331e+03
3.389545750807994864e+03
5.014060512827231832e+03
3.762212267452535798e+03
3.565117845205596041e+03
2.794041743346428120e+03
3.127401917531357867e+03
4.226508992985866826e+03
3.478166107616243607e+03
3.353092803997049032e+03
2.903091295890602396e+03
2.677816088562783534e+03
3.766696577658078695e+03
3.615651639135618097e+03
3.230472392606852281e+03
3.253182196214875603e+03
2.286706487779158579e+03
1.571967030754908137e+03
1.893713410977045669e+03
2.272349095344786292e+03
2.384838060123155628e+03
2.470911638289153871e+03
2.747731365369622381e+03
2.503868393679513701e+03
2.457984424201843922e+03
2.597978583870103193e+03
2.410018799143510478e+03
1.708797344970420681e+03
5.089504456320347344e+03
2.263607107504896248e+03
4.076552850604669402e+03
4.832226164264231556e+03
4.874612134659027106e+03
5.244136118057651402e+03
5.319862404901713489e+03
5.746858900729290326e+03
5.029979553468744598e+03
5.024011428974697083e+03
4.510160821112843223e+03
3.840713336418448307e+03
3.584190665494071709e+03
2.780663554247497814e+03
2.504124177309904553e+03
2.791084328475039001e+03
2.746776990855416898e+03
4.175644636501968307e+03
3.702491397073888947e+03
2.214357533320844141e+03
2.416798106787231063e+03
2.247736715358625133e+03
2.575874560631372333e+03
2.660624097935874033e+03
2.201190072459402018e+03
2.650003051766458157e+03
2.454741519751467422e+03
2.017696845543459176e+03
2.512781316656430590e+03
2.820618960665337909e+03
3.088862129683221156e+03
3.297383639463587770e+03
1.898460596529755549e+03
2.189009482748213486e+03
2.435397580188261600e+03
2.154879070203878655e+03
2.849950305162191853e+03
2.014271376693814091e+03
1.998305074037468103e+03
2.036710155189981833e+03
2.928758200404105082e+03
2.528914005979238937e+03
2.029900843657016821e+03
1.590642543891322475e+03
1.597176023153513142e+03
1.256864729097427471e+03
1.489358421441114388e+03
1.635918035773878501e+03
1.266733361498674412e+03
1.429731326321917095e+03
1.569311016633588679e+03
1.827150494033115137e+03
1.412283232861477472e+03
1.605095477680342583e+03
1.996570399569885694e+03
1.613934967180986632e+03
1.664382625536412434e+03
2.591355709301524712e+03
1.702862043396910394e+03
1.700477334738977561e+03
2.158492414676403314e+03
2.564121948614073062e+03
2.170980205603701961e+03
2.473933201964025102e+03
2.459409429397148415e+03
2.288234329438743316e+03
3.001618850981615651e+03
2.997847928902159310e+03
3.264009675692524070e+03
2.883329301403450700e+03
3.169350907393183206e+03
2.903652700361227744e+03
2.549850946770901828e+03
3.003324031151291365e+03
2.212936086875424735e+03
2.252632318174922602e+03
2.121063105313780852e+03
3.092960785099588975e+03
3.170925599846981640e+03
4.143104186348495205e+03
3.546725221239770235e+03
2.071685342794100052e+03
1.254967922072652755e+03
1.794669930070653891e+03
3.529182320369681747e+03
2.872064297992939828e+03
4.331705483048524002e+03
6.311747223255410972e+03
4.979216711238519565e+03
5.755905898182449164e+03
4.493115334421174339e+03
4.899786738127801982e+03
4.909135764211951937e+03
4.443110130069054321e+03
6.187280008973484655e+03
5.299862468913579505e+03
4.323504280508089323e+03
4.702864835033223244e+03
4.270407904410866649e+03
3.993217048825561051e+03
3.955686731102429349e+03
5.542833146255466090e+03
4.946802357526212290e+03
6.987765157263620495e+03
5.381822212238614156e+03
6.446794724900481924e+03
3.660821966718227486e+03
4.742899350400970434e+03
5.849403663891949691e+03
6.052793973569410809e+03
4.547689725776607702e+03
4.062396405613838851e+03
3.168918737855115523e+03
3.722526004442759131e+03
3.321615262799582069e+03
3.304418625860149859e+03
3.430695257997211229e+03
