1.903989806525476979e+03
2.732690360187225906e+03
2.395413348018066699e+03
1.796863543693813654e+03
1.618386179306739905e+03
1.893521828414796801e+03
2.028581903330594059e+03
1.782972382674447772e+03
1.851177714856583634e+03
1.362624840716742483e+03
1.542441429407298529e+03
2.054278501715464699e+03
1.859499486105720734e+03
1.707083496608557425e+03
2.017406469253291789e+03
2.056248027289934726e+03
2.444415413383062514e+03
1.921225541512846348e+03
1.776778898315651077e+03
1.117089483854900209e+03
1.175743052796108486e+03
1.507693171337470858e+03
1.262248715279879207e+03
1.448064157557824728e+03
1.505530260134089076e+03
1.477669933190560869e+03
1.858168779845261952e+03
1.270153178154748048e+03
1.896246387467774866e+03
1.161206291340973621e+03
2.115225321550567060e+03
1.849987008944906620e+03
2.170618368799299787e+03
1.905526031563648303e+03
2.311264786227066452e+03
2.597429753741481363e+03
2.321601050126194423e+03
2.097365647364685628e+03
2.590469239597463456e+03
3.044596421823211585e+03
1.942040746709900986e+03
1.811857235298703472e+03
2.975191119376200731e+03
2.136547136055319243e+03
2.692948672293748132e+03
2.009276069025616835e+03
1.963074880796526486e+03
2.516602886352682162e+03
1.273289650992808220e+03
1.532114791930059027e+03
1.704334479769330756e+03
1.576639898793868497e+03
1.301838305077953009e+03
2.032090715611884207e+03
1.786479501584816489e+03
1.961105492195117677e+03
1.633386136631144836e+03
1.666249610047870874e+03
1.418537526763535880e+03
2.252437833248598963e+03
1.507180014431226482e+03
1.426709254770160442e+03
1.706787041694714162e+03
3.399572632354540929e+03
1.811190418089409832e+03
3.573596782830767097e+03
3.364424012725894499e+03
2.079065685000855865e+03
2.748799173274008353e+03
3.374559005784721649e+03
3.473319731514574414e+03
3.189209596057109593e+03
3.236674997108838852e+03
2.305273039932793836e+03
2.616491815163022238e+03
2.777563423099932152e+03
2.360380188926941628e+03
2.330796368504334623e+03
2.164731798805865310e+03
3.310560686383533721e+03
2.599143336640612233e+03
2.306848263058349858e+03
3.383474263407504623e+03
2.637074551692603109e+03
1.787676182871956598e+03
2.688180200151039116e+03
3.049598265607271060e+03
4.420812705276682209e+03
4.868840295532765595e+03
3.785148590353388954e+03
4.155071160812170092e+03
4.673851135941828943e+03
4.968206322864987669e+03
5.338326263271283096e+03
3.697539486196132202e+03
3.955887245147711383e+03
4.016332379123146438e+03
3.195316018176533362e+03
2.573832167580102578e+03
2.663282895911165269e+03
2.377919202177356055e+03
2.469402875777184818e+03
3.776024919264805249e+03
2.425969334645527397e+03
2.091956163802251012e+03
3.494827614399408048e+03
3.319093632661043557e+03
3.859227355838640506e+03
3.160195091911032705e+03
3.437867838319679777e+03
3.825787495325629152e+03
2.575074030444889559e+03
1.274616860083309120e+03
9.455520245025372787e+02
1.200415069341150911e+03
1.823844854421643049e+03
1.885020716425550972e+03
1.789904197404139495e+03
2.916796823771011077e+03
2.353406730326330944e+03
3.115309454422524595e+03
2.869974847015763771e+03
2.252573903520897147e+03
9.041386205275118755e+02
2.330137602467801571e+03
4.954337170490290191e+03
3.823412295898884167e+03
3.420932862061373271e+03
4.096323250128581094e+03
4.065444390039156588e+03
3.251426487948884187e+03
5.836229907282506247e+03
3.701381997080887231e+03
3.471185033743134227e+03
3.404581302671522280e+03
2.621450491540915664e+03
2.951536106089198256e+03
3.195550892465155812e+03
2.066944215493833326e+03
2.504105450328864663e+03
2.702121168299500368e+03
2.754485396925430450e+03
2.449950504256862587e+03
2.662130141887509126e+03
2.310902937651224420e+03
2.052119775600171124e+03
2.631877980533369737e+03
3.576577181846441363e+03
2.492714318335343705e+03
2.954258522439586613e+03
2.817955055220107170e+03
1.981058467776233783e+03
4.257307967626604295e+03
1.838367936652408162e+03
2.130246471371895495e+03
2.144858390021054674e+03
1.238660875980888250e+03
1.318277965878960458e+03
1.184445810475481267e+03
1.442630492114676599e+03
1.221400734858146052e+03
1.417250589942227180e+03
1.382778175560791624e+03
9.880159698857581816e+02
1.768144799445992930e+03
8.836010513798657939e+02
1.203765608302462169e+03
1.298514714098076183e+03
1.446446701178323110e+03
9.333160729290284507e+02
1.213192081996103070e+03
1.369658740799066436e+03
1.616733566763866975e+03
1.259967286270617478e+03
1.532777316217825955e+03
1.444315359946021090e+03
1.592800347914175518e+03
1.197846120051493017e+03
1.396510562690804591e+03
1.963730360811226547e+03
2.880608893777257890e+03
4.389337150169132656e+03
4.783921427285354184e+03
4.512545341445260419e+03
5.214042521696258518e+03
4.789431244515002618e+03
5.001839073962732982e+03
4.853248109501035287e+03
5.182822332956320679e+03
4.872650088090031204e+03
4.494312900383778469e+03
4.418560310620478958e+03
4.630578475554924808e+03
3.142116679189725801e+03
3.995329053618326270e+03
4.187947766784501255e+03
3.393702429596764432e+03
3.634375859546826177e+03
2.195027911960861275e+03
1.218858101009961729e+03
2.279805874098970889e+03
1.835664656441135094e+03
3.819166639123964160e+03
2.169049647960986022e+03
2.005861540103079733e+03
2.287021879280031499e+03
2.890428184304437764e+03
1.717754149622903924e+03
2.801898562376872178e+03
3.771091057754264966e+03
2.155190883844846667e+03
2.071193807720507721e+03
2.199278727496935971e+03
2.885572749047393245e+03
2.320813039082445812e+03
2.221764979753816078e+03
2.059983328642409106e+03
3.054742064860708524e+03
2.967873626650522056e+03
2.493548806796654389e+03
1.685370042965765151e+03
1.676500828428312843e+03
1.788150551176208637e+03
1.740716905483344817e+03
1.583543545077016461e+03
1.755592876151878727e+03
1.462071265553548074e+03
1.926601288460048409e+03
1.370128445318043987e+03
1.452226306102246554e+03
2.228701417822682743e+03
1.722068874480266004e+03
1.148822642598603807e+03
1.092481462575847445e+03
3.225591948085279455e+03
3.562936396324404541e+03
4.166691462915871853e+03
3.456010039313893685e+03
3.186949008910081375e+03
3.347436605142629105e+03
2.229612918590243225e+03
2.198207330672028547e+03
2.737488959833491208e+03
2.699705929352495787e+03
3.137115288437125400e+03
2.586160958514804406e+03
2.961274272250859667e+03
3.701589199501529038e+03
5.787034009875249467e+03
3.681376970660433926e+03
4.409832745632424121e+03
4.919370504563455142e+03
4.322919793674443099e+03
3.662182117725465559e+03
4.230049436531708125e+03
3.105251376384914693e+03
2.374472836360440397e+03
2.519213934763813995e+03
2.992123194876980961e+03
5.058049181318075171e+03
3.423330172847966423e+03
2.566983509107910322e+03
3.674355301230182704e+03
2.966171580639608692e+03
2.557257156914258758e+03
2.058505316836905422e+03
3.320970260609352863e+03
2.928005240369328931e+03
3.169541534792894254e+03
4.289676372055503634e+03
2.425713641580534386e+03
3.035667923758679080e+03
2.837519733732279747e+03
4.117684220858812296e+03
3.939789312469095421e+03
4.367989771890869633e+03
4.404084092458373561e+03
4.471815404697083068e+03
4.193218311145146799e+03
4.107216113941221010e+03
2.625512121081222176e+03
2.987805016524785515e+03
2.344122922700093113e+03
2.531670085293827015e+03
2.452399146978496901e+03
2.676802099842012467e+03
2.578954448115456671e+03
3.355775369418679020e+03
3.109440628482841021e+03
3.594346847130101196e+03
3.635218248186403798e+03
3.647575377171547643e+03
4.346370114899875261e+03
3.405473135975265450e+03
3.246876050599045357e+03
3.746556344133451148e+03
2.634303832118134778e+03
3.198467372297893235e+03
2.695350571324886005e+03
3.212273616612976184e+03
2.450884704057210911e+03
2.046231663584226453e+03
2.744080402088867686e+03
1.859747163331707043e+03
2.973724254139227469e+03
2.817496109047664504e+03
3.536101610064809847e+03
2.045851862027343486e+03
2.408246734475945232e+03
2.580761242390914958e+03
1.938607861653612645e+03
1.590639415341672702e+03
1.485648088371085805e+03
1.655779528785072898e+03
1.743858938065649227e+03
4.134577475718970163e+03
3.951313682582675028e+03
2.089563117140209215e+03
2.767501634496609313e+03
1.060050891964201810e+03
1.225023186111005771e+03
2.284273088270468634e+03
3.577047607792630060e+03
4.023444037145632592e+03
4.308715473558499070e+03
5.107945830110504176e+03
3.528989451393654235e+03
3.110160374594777750e+03
3.415149047219781551e+03
3.685698995437672238e+03
4.191797492369941210e+03
4.398599050306153003e+03
4.295237809954502154e+03
4.646449270374981097e+03
3.806374970104004660e+03
4.809785060323278230e+03
4.847283978025925535e+03
4.963300252679797268e+03
4.579333879080798397e+03
5.392584889494591152e+03
5.087770908902063638e+03
5.591581706520580155e+03
4.617915931477173217e+03
4.366326363069547369e+03
4.651773200590639135e+03
4.444135313986734218e+03
3.405664426012217064e+03
5.298457428629470996e+03
3.066719368122842752e+03
3.290070814923551097e+03
3.031438886567563713e+03
3.350293724429353460e+03
3.988741294278212081e+03
2.394203063701382689e+03
1.916454769899496114e+03
2.209389577255286440e+03
2.926452264515326078e+03
2.659337639099169792e+03
2.994343555703581387e+03
2.477028747869430845e+03
2.769349038903533710e+03
2.603288070609704391e+03
3.890418152337075753e+03
3.100256637842575401e+03
3.153349153402239153e+03
3.338440327693840118e+03
2.503149596639076663e+03
3.674978972503214663e+03
2.169894438832733613e+03
2.434371905777679331e+03
2.621289178097911190e+03
2.271261989992860435e+03
2.496941733142368776e+03
1.725750498168068134e+03
2.385111566927450895e+03
2.238928063687139911e+03
2.301714981934635034e+03
2.619472345204948397e+03
2.741681968123446950e+03
3.227446441129522555e+03
2.615823317610515460e+03
1.830160592988227563e+03
2.317563411742139579e+03
2.125863204559585483e+03
2.211516956583977844e+03
1.507552586409366313e+03
1.779757100473639184e+03
1.793222938614889472e+03
3.018331279222356898e+03
2.289166952930551815e+03
1.863723226776164211e+03
1.824606365975752851e+03
2.521724363134984742e+03
1.833841187629392380e+03
1.626865497450039811e+03
1.608985212806791878e+03
1.668346025440708445e+03
1.450948423568892849e+03
2.049089222243794211e+03
1.850961496681253948e+03
1.813300503784292687e+03
1.386915117018959336e+03
1.953232740105215726e+03
1.520464966461414861e+03
1.779852124542253478e+03
1.660346418962488315e+03
1.607509024664963590e+03
1.386744522321667091e+03
1.445452226885518485e+03
1.904825889928719334e+03
1.534043429619616745e+03
2.256323982754493954e+03
1.299432772350445020e+03
1.385469961780429912e+03
1.380513321680736908e+03
1.357448220772464992e+03
1.275709132991940351e+03
1.294877080344370597e+03
1.201308146258739953e+03
1.653932412913894268e+03
8.411184358595068034e+02
1.436928386375414675e+03
9.390837506973606423e+02
1.041728991083440178e+03
1.075296505550792062e+03
8.789991538006091787e+02
1.332093659208914914e+03
1.677266181510708520e+03
1.193706607726338007e+03
1.518590169138237343e+03
1.414815105250839906e+03
1.146018856576943108e+03
1.928765315274238674e+03
1.753651996220747606e+03
1.457409167312587442e+03
1.244228882762192598e+03
1.722750746768076624e+03
2.025468747170195456e+03
1.848780845250463472e+03
1.891824016992486804e+03
1.371131625597473203e+03
1.082556299327293573e+03
1.690044635329296398e+03
1.646335732724750869e+03
1.438067023248161831e+03
1.160568207532914130e+03
1.151642973207399791e+03
1.039966321854512898e+03
2.070827935341304965e+03
8.825845901514001071e+02
3.275450184408749465e+03
3.408706938013745457e+03
3.354300467301590288e+03
3.795089135038527274e+03
2.828790958862988646e+03
2.622958127920780498e+03
4.369669942459017875e+03
2.418020962348034118e+03
1.825293965572215029e+03
2.121648434605185685e+03
1.936237526054073214e+03
2.091369969242598927e+03
2.385409400184329570e+03
2.470435012693783847e+03
2.749368514555663751e+03
3.559511170298817888e+03
2.351047498253022695e+03
3.003481630832234714e+03
3.494285646257679218e+03
2.271217176992475288e+03
2.317506899294444793e+03
3.010429048147550475e+03
2.775717066324570624e+03
1.797048150162113643e+03
1.600707202215990264e+03
3.545815074298709987e+03
1.858374682514349388e+03
1.447519847255800869e+03
2.067348676701952172e+03
1.566598638933185384e+03
2.240022236734105718e+03
3.635072699266897871e+03
2.396595938385728914e+03
3.192900640999335792e+03
3.528847929668134839e+03
2.984940983047125883e+03
2.872408033374040770e+03
3.283781567574047585e+03
3.248244292358132952e+03
3.293485230612182477e+03
3.626438798735453020e+03
4.269621759400901283e+03
4.168741634101293130e+03
3.738743805656307359e+03
3.736039227329782534e+03
3.908945427732741337e+03
3.930560805070123479e+03
3.628315413592863479e+03
3.313637632176656552e+03
