3.604839117671158419e+03
3.121101208926186246e+03
4.300242404160720071e+03
3.197573642737518185e+03
3.100672091598108636e+03
2.885606552784512132e+03
2.714506452544253079e+03
3.038768332922649734e+03
2.329268496132169275e+03
3.003094403740121379e+03
2.235601539614037847e+03
2.728689827481594421e+03
2.158130280359331664e+03
2.267392766750068404e+03
1.484996284434131212e+03
1.520559318020116507e+03
2.645433415749275355e+03
1.911218911558591572e+03
1.657819749831765648e+03
2.683655715900893483e+03
2.289953069673023037e+03
6.763328572019021522e+03
5.783213182677248369e+03
4.050014571339690065e+03
2.913461713142780354e+03
2.508530278731229828e+03
3.954859570169105154e+03
3.459805107870411121e+03
5.565509889959375869e+03
4.348727031599129987e+03
3.784869537956783006e+03
1.793020109044460696e+03
3.072821135169137051e+03
2.667607720385299672e+03
1.974011167710958262e+03
2.109645725067456169e+03
2.191318394245889976e+03
2.904593458541275140e+03
3.060000289875669296e+03
2.037282567774267591e+03
2.342192672928137654e+03
2.450029516324781980e+03
2.732250695691594046e+03
3.158799192244601727e+03
4.576648474093160075e+03
3.213701804888825336e+03
2.249311252739034444e+03
2.725376000283316444e+03
2.601276418403033858e+03
2.702154039317905244e+03
3.740126809217393202e+03
3.972044639388573614e+03
3.767844795346887167e+03
3.529659319256152685e+03
3.167155712672954905e+03
2.222048444751065290e+03
2.967492664020114262e+03
3.434114703534355158e+03
2.569377597072861136e+03
2.036958110254959365e+03
2.829091948462782057e+03
2.772332379721269263e+03
2.772719608970860008e+03
1.817557345890604211e+03
1.992438167929218707e+03
1.880887153139851989e+03
3.361230340998129577e+03
2.732325874144505633e+03
2.935670758003426727e+03
2.267465804323987413e+03
1.562018889741615794e+03
1.492786296476800544e+03
3.212679827238960570e+03
4.793139584188820663e+03
6.030348022334196685e+03
5.089401493298605601e+03
5.547089188445631407e+03
6.256252368584885517e+03
6.236466515978153438e+03
4.130541917662339074e+03
3.063262211182498049e+03
2.806702485207110385e+03
2.315550911190694023e+03
2.914756868063507682e+03
2.444169280258071467e+03
2.367141992715735796e+03
3.612610105411656605e+03
2.983414192292180815e+03
4.825364411012827986e+03
4.288627270184640111e+03
3.714130252394453692e+03
3.353760241766152376e+03
5.394798428985456667e+03
5.087262194995279970e+03
3.200135702696463795e+03
4.969015502222092437e+03
5.150191127537200373e+03
4.304049593655458011e+03
3.998155151584874147e+03
2.929365314570215560e+03
2.660738818384503247e+03
4.057539743172906128e+03
4.310483965862335936e+03
3.436157764220277841e+03
2.638185574233522402e+03
4.294949818055853939e+03
3.290536247248960990e+03
3.002223393360753562e+03
3.672235467674029678e+03
3.054986267741665870e+03
4.751061349479590717e+03
4.935332063304695112e+03
3.001338339445559541e+03
5.164688322154140224e+03
5.039551018423782807e+03
2.366127720061156651e+03
2.314192527502933899e+03
4.062962021507109057e+03
3.328515040864346247e+03
2.918186102764006591e+03
2.883887100319205274e+03
2.110899546467962409e+03
2.657196787546441101e+03
3.341233556779529863e+03
2.367760189402910328e+03
3.205983641175151661e+03
1.899220586551211454e+03
3.203328348565633860e+03
2.894102234475144542e+03
2.803179122218240536e+03
2.402588544488133266e+03
2.426520244254393674e+03
2.169854407798272405e+03
2.441055625151270306e+03
1.971852826810714532e+03
2.671266713457936476e+03
2.556237914631824879e+03
2.304022926245299004e+03
2.783212071525851570e+03
2.690432669891929436e+03
3.049875179115416813e+03
3.938891518082806215e+03
3.825729215212236795e+03
3.373858684910755073e+03
4.246821358049683113e+03
5.185008250682351900e+03
2.506923950809187318e+03
1.950926131095080564e+03
1.793557352377620873e+03
4.773463542200296615e+03
4.582926123206339071e+03
2.211940416070217907e+03
3.958542844443007198e+03
3.907600539582696001e+03
3.645434832128221387e+03
2.840877699276074964e+03
3.243416272515660694e+03
6.489245878206505040e+03
6.611138887761137084e+03
2.641497012413695302e+03
2.441461094306354880e+03
3.855933175267452043e+03
2.651658551540870121e+03
3.107119677454639259e+03
1.703577059390276645e+03
2.845196406974064757e+03
2.424292065017863933e+03
1.829261283231816833e+03
1.783122850882691864e+03
2.875015716405705007e+03
2.569598341315521793e+03
3.655330491452622027e+03
4.429911233027526578e+03
5.256331669079769199e+03
5.212349214954168929e+03
5.409077622938343666e+03
3.589218280026353568e+03
4.031915645805889199e+03
2.722827209144542394e+03
2.821970929944126510e+03
2.061805431573284295e+03
1.979201484754210924e+03
2.378211610131612815e+03
2.685374895001029472e+03
2.434135913589478150e+03
2.234164133736024269e+03
2.528701670593802191e+03
2.796602858412054957e+03
2.718862145708091248e+03
2.338803389898100249e+03
2.279748688502590539e+03
1.953885703592729215e+03
2.090833063078106079e+03
2.756831806799902097e+03
2.125837315301336275e+03
2.482774391384194587e+03
2.292485874984318798e+03
3.444495913708050466e+03
2.771058498831860106e+03
2.106718507092305117e+03
3.428855438991175106e+03
3.959364153492531386e+03
4.878209522683540854e+03
3.782878645509363196e+03
2.799730828513154847e+03
2.267253659368112494e+03
2.577212713224122581e+03
5.274584002650943148e+03
3.303825107330981155e+03
2.256284578444174258e+03
2.873429261148518435e+03
2.031576003500426168e+03
4.121921352696979739e+03
4.152718557964928550e+03
4.654988118332617887e+03
4.924635598567499983e+03
3.490604792689405713e+03
3.308471698026622107e+03
3.191394878400230027e+03
2.399731932052937736e+03
3.638226981794464791e+03
4.919566741802892466e+03
2.966202013342105147e+03
2.879784139917612720e+03
3.019987369963877427e+03
3.054682581675107485e+03
2.263813559164252638e+03
3.118249310607764983e+03
2.835982987373221022e+03
3.584703574585563729e+03
2.779353144979303579e+03
3.277994560300519879e+03
4.405337240237347032e+03
3.943389644195938672e+03
3.652798928094866369e+03
2.698679580007331879e+03
3.127039233202342984e+03
2.814997694934385891e+03
5.152363129965563530e+03
3.564719439460504418e+03
3.328290769755872589e+03
1.486713043515491108e+03
2.756863979352468050e+03
2.966090098865500750e+03
2.577683224286050972e+03
1.762612047715402468e+03
2.846878512145318837e+03
3.841398721158727312e+03
2.780087171110656072e+03
2.548394034461257888e+03
2.625174394706449220e+03
3.554212949751978613e+03
4.084093137068760825e+03
2.592122139600502123e+03
2.938262060375381225e+03
2.914473247752422594e+03
3.318505276321743622e+03
3.995513740862404575e+03
3.877147226769475310e+03
3.652988761509039250e+03
2.783579264388958109e+03
3.620120438980375638e+03
4.772944401095903231e+03
4.028430264216302021e+03
4.134621035660686175e+03
5.878364760887768171e+03
7.748307304783407744e+03
6.787495443687712395e+03
4.746045262530788932e+03
4.639360948879025273e+03
4.168259750629556947e+03
2.657762383956172926e+03
2.337517954146943794e+03
3.296553973718527232e+03
3.156287396091178380e+03
1.877880530294628215e+03
2.826615184871343899e+03
2.220960007111376399e+03
2.125093866306103337e+03
2.480569344796106634e+03
2.643660185978092159e+03
2.211781028253901695e+03
3.488046442519275843e+03
3.866627262336417061e+03
4.047285530445100449e+03
4.340447034555486425e+03
3.962988974094713740e+03
3.726706149741292393e+03
2.563420577616834635e+03
3.064523819867388283e+03
3.683816459368673350e+03
2.730233225772996775e+03
3.697787985142314938e+03
2.501986804940531329e+03
2.300346554395365729e+03
4.322916893443406479e+03
2.853502560912377248e+03
2.866468764976410057e+03
2.148185032983014935e+03
2.700418631771199216e+03
2.676078683199872557e+03
2.771557690789638400e+03
1.813395642501800694e+03
1.815687607725468297e+03
1.626876204406150919e+03
2.131982533847154173e+03
2.556905629610343112e+03
3.276715533307273745e+03
2.844878035041415387e+03
3.276269829959847357e+03
4.276138838433956153e+03
3.739703775923548164e+03
4.175342539440898690e+03
4.500091830050586395e+03
5.543682838962111418e+03
5.265491319894261323e+03
4.069975096451295485e+03
4.325394857032572872e+03
3.550664132861994403e+03
3.253932241548075581e+03
3.118936935691222516e+03
2.947567474102818323e+03
3.043996738175211249e+03
3.849049576037619318e+03
6.730228413883775829e+03
5.111373783223054488e+03
4.774051471508734721e+03
2.281492750267198971e+03
3.459215810709893503e+03
3.257125170507646999e+03
2.915553115271205570e+03
3.124978469490667067e+03
2.974747189033653285e+03
3.359802428116633564e+03
3.583021826192339631e+03
3.234528377472170177e+03
3.144038426903106483e+03
2.901947616879386715e+03
2.224903227408010935e+03
2.433964313184539606e+03
4.330011632210025709e+03
4.173388185770505515e+03
2.908673768071874747e+03
3.101188479592490239e+03
2.152132172632497713e+03
1.918024874734504010e+03
2.298358675351545571e+03
2.201733643391682108e+03
1.960370180024057163e+03
2.045252059101021132e+03
2.355082078685326451e+03
1.769799430834437089e+03
1.651084414533851714e+03
1.928169362086657202e+03
1.807870064289205629e+03
1.965218432168396475e+03
1.497188202229534681e+03
1.548663225474278761e+03
1.648074758045549515e+03
1.951300723814815683e+03
2.406039862989925950e+03
1.643318269476580099e+03
1.877321100302300238e+03
2.599390184307313575e+03
2.454932917553131119e+03
2.356940186737715976e+03
2.262146977027563935e+03
1.936154846764984768e+03
2.415892808357229569e+03
2.132832497585849978e+03
2.793130209863265009e+03
3.010300701641147498e+03
4.447036101169143876e+03
5.372022043578301236e+03
5.325573433325607766e+03
6.292533646279922323e+03
5.154024512524270904e+03
5.470428773511393956e+03
5.266564075887245963e+03
3.878129218298320666e+03
2.583269986297478681e+03
2.622605671615102437e+03
2.116698775483959707e+03
3.392905137312779516e+03
2.512019761342531183e+03
2.379491752425098639e+03
2.862208958669674303e+03
2.906626016325717956e+03
2.619201628181454907e+03
2.505261761930012199e+03
2.306069131476645452e+03
2.706795735518539914e+03
1.998216064637226964e+03
2.574283107240789832e+03
2.740624683454761907e+03
2.482589877815937598e+03
2.589919700840486257e+03
2.109221791603879410e+03
2.519645167443175069e+03
2.739145415581529960e+03
2.414490482845408224e+03
2.359706643615913435e+03
2.825929991208907722e+03
3.407667962805227489e+03
3.460941161339566406e+03
3.558361007802899167e+03
3.137598754410330912e+03
3.304346263273064778e+03
3.625763811489493946e+03
3.875652701953861651e+03
4.868488840207007343e+03
5.205089470407778208e+03
4.944250866097644575e+03
4.344450753375000204e+03
3.857778473555305936e+03
4.901645001880986456e+03
3.173148221540187933e+03
4.189952968087069166e+03
3.374587223514737616e+03
3.888650338074406136e+03
5.447198646523445859e+03
5.183028804194224904e+03
3.373346279416411107e+03
4.600486718688627661e+03
2.114139188973771525e+03
2.459033276747279160e+03
2.257918996308032547e+03
2.020855225023848789e+03
3.675870017440827269e+03
3.470251469883793106e+03
3.392360861338428549e+03
2.941792549211614187e+03
3.675720054150118358e+03
1.925209314539074740e+03
1.712920368482267804e+03
2.363436789289715762e+03
3.900245594153169804e+03
4.676079545673775101e+03
5.087625033178444937e+03
4.553424498920290716e+03
5.073020036060632265e+03
5.670411026655138812e+03
3.278861526620600671e+03
2.828616903699645718e+03
1.847440249872436880e+03
3.290123046036054802e+03
2.755389063259059640e+03
1.953564874356469545e+03
2.631753996932446626e+03
2.847077217688208748e+03
3.062790108229890393e+03
1.979981153138523723e+03
2.010591063288775558e+03
2.153924761929764827e+03
2.326550149840584709e+03
2.948554363809701044e+03
2.825589669025661351e+03
3.364719088574228408e+03
2.367177791044061451e+03
2.920165562449040863e+03
2.896869015072948059e+03
2.717782221148652752e+03
2.697251231333759279e+03
1.848337194780683603e+03
1.989623196548782062e+03
1.526663641657873995e+03
2.031033573877030449e+03
1.814505314853006666e+03
2.421663773858273544e+03
3.292456095231961172e+03
4.249484460454416876e+03
2.503661475799873187e+03
2.336181918085188954e+03
2.962060354837695741e+03
3.353432051828475323e+03
1.889901342879974436e+03
2.207749211663779988e+03
1.483056789322669374e+03
1.996774875257962549e+03
1.766783358442021608e+03
2.057782712652764531e+03
1.765182378576839710e+03
2.720988178805314419e+03
2.654682751967894546e+03
2.459101609381858452e+03
2.008734375705841558e+03
3.358466147484999055e+03
3.458189996712591892e+03
4.609776134744906813e+03
3.928164951659771759e+03
