2.579193598369297433e+03
3.101276117668584902e+03
2.381794930730125998e+03
1.099799658524990036e+03
1.030091152899199187e+03
2.957469576826894809e+03
2.692586868536010570e+03
2.295517126394419392e+03
4.590296655462749186e+03
3.240131495887850633e+03
2.904646757262481970e+03
2.532741232576517632e+03
3.135206787204351258e+03
1.827325872419442931e+03
1.440050169200553682e+03
1.270416778168938890e+03
1.702779809977740115e+03
2.233988313240069601e+03
2.264909281068983546e+03
2.092461469044550540e+03
2.626943086070330082e+03
3.598650284154538440e+03
2.593555571342975782e+03
3.670117524636357757e+03
4.032191107129682678e+03
2.914508950994064890e+03
3.536559745574636963e+03
5.832605357036383793e+03
4.793692909564422735e+03
5.566229026168186465e+03
6.039263501405182978e+03
4.605239317537264469e+03
3.395791828298893506e+03
4.160747553255289858e+03
3.406503806342114785e+03
4.700481966624189226e+03
4.191891882151016034e+03
2.850268900639009189e+03
4.704281098375934562e+03
3.688840653594729702e+03
4.550716607285886312e+03
3.415783621245640916e+03
4.920161094701006732e+03
4.174951559534226362e+03
5.510801778200703666e+03
3.983175809789789128e+03
4.150512664947345911e+03
3.728969944057401335e+03
4.870464221359250587e+03
4.136671274785383503e+03
3.218757279512119112e+03
3.890696348312887949e+03
3.117817752092695628e+03
2.898235954293940267e+03
3.817726313482100522e+03
3.161281027824385092e+03
3.603174501588880503e+03
2.549176887608071411e+03
2.045484508809062390e+03
3.094483262030583319e+03
3.180073577838391884e+03
2.650059386154414369e+03
1.977441628264204383e+03
2.078628860308276217e+03
2.414217736383971896e+03
1.668152699235224873e+03
1.355461414207138887e+03
1.203159116825315550e+03
2.185000094457522664e+03
1.755368100254069759e+03
2.274941159282490389e+03
5.485351390077606084e+03
2.999453546704698056e+03
2.818344416640405143e+03
2.917239077545375039e+03
1.490193354804036062e+03
1.807824150473282316e+03
1.921949565321903947e+03
2.248194203648977236e+03
1.933023052975773908e+03
1.855914126043263195e+03
2.603454077160125962e+03
2.201172896063384542e+03
2.037333083099568512e+03
2.167444670692879754e+03
1.484220243826351407e+03
2.253703730704123245e+03
2.883335173386309634e+03
3.839238600393947308e+03
3.028749972113868807e+03
1.573138678105861118e+03
3.080102623980585122e+03
2.431980055491905205e+03
2.779973601569658513e+03
2.841814734623249478e+03
2.621836610925377045e+03
4.160841909365288302e+03
4.051536531838889459e+03
3.911215509381907395e+03
3.781061536715173588e+03
4.102673181708922129e+03
5.366128250943539570e+03
4.496316775608219359e+03
3.858791832152290681e+03
4.793635386616508185e+03
2.367859574507923298e+03
2.073735699905793354e+03
3.083904827180151187e+03
3.056633838888815717e+03
2.962411015029054852e+03
3.017000565809956242e+03
1.801341210506939660e+03
2.552764871735490942e+03
1.866041058493144419e+03
1.134394785992258221e+03
1.904435743990494984e+03
1.666693261399055928e+03
1.710893653693291071e+03
1.472218067552350476e+03
2.099164681283634309e+03
1.091532376284318843e+03
1.947134206269653987e+03
2.014043863318926014e+03
2.844933666501625794e+03
3.574669876283079702e+03
3.209865756482485267e+03
3.869665586461791463e+03
3.653466812715759716e+03
2.770395604099933280e+03
1.957096848594466792e+03
3.427719614611582074e+03
3.625755374882057367e+03
3.137990831501298999e+03
2.636443075106543347e+03
3.516518252954983382e+03
3.307110369696551970e+03
3.874395365239880448e+03
5.523712895013950401e+03
4.885711591468792903e+03
3.835799627141958354e+03
5.816251752958207362e+03
4.105356274738343018e+03
4.767637665564641793e+03
4.329707073210813178e+03
3.509831398297704254e+03
3.443894445673542123e+03
2.301511741781471756e+03
2.225203283893654771e+03
2.444677813368315583e+03
2.622053639693775949e+03
2.334908293415905973e+03
2.875891731450752104e+03
2.583000128359271002e+03
2.921951761928977703e+03
1.965033444262138346e+03
3.059260257934113724e+03
2.698286721719993693e+03
2.083666200873173693e+03
2.969287213004733985e+03
2.718994429932728963e+03
1.998549698339567840e+03
1.892551937768836524e+03
1.971777065879247402e+03
2.487577121601994349e+03
3.228013634253616146e+03
2.759844928439478281e+03
1.951877430171684182e+03
2.978303842602244458e+03
4.203446386305811757e+03
4.045341598342552516e+03
4.671227658550334127e+03
4.845804250339138889e+03
3.074480346250487401e+03
2.931198441250209271e+03
4.145497942179435995e+03
4.064270661009510604e+03
4.492799140751748382e+03
4.043743045601159338e+03
4.545939312225217691e+03
5.865215194431295458e+03
5.785774432452572000e+03
4.924744019138438489e+03
5.860928161606197136e+03
5.842188828036795712e+03
5.107024160422062778e+03
5.130125643880052849e+03
4.902707389730645446e+03
4.595401668752893784e+03
5.819607198069696096e+03
6.157167954097954862e+03
5.489777948847077823e+03
3.392710540205848702e+03
5.834726124809692010e+03
4.051228944017368576e+03
5.194795544471009634e+03
2.551841395156039653e+03
2.251846189838716782e+03
1.738213464620967898e+03
1.836502935007804808e+03
1.456447750695966988e+03
1.658568847207096269e+03
1.575411109146397393e+03
1.334649313569831975e+03
1.192651892299177916e+03
1.515694559844825335e+03
1.738145641454538463e+03
1.379999344875285033e+03
1.263675012220881399e+03
1.476269187001500541e+03
1.516582776641414284e+03
3.176731092581741905e+03
3.607139341338021495e+03
3.061516616254991732e+03
3.814215191036398664e+03
3.426563700825176056e+03
3.187560148253421175e+03
4.651025293933848843e+03
2.867266948489535480e+03
3.283133587435192567e+03
3.850587030960912216e+03
3.849658947831137084e+03
3.247232150359508978e+03
4.414129704726584350e+03
3.667405358032699041e+03
4.100353151254998011e+03
3.805701734545210456e+03
4.677485835893620788e+03
4.744881261571310461e+03
3.182025898653240347e+03
3.487866463044837019e+03
2.647906897252677936e+03
2.074461980962408234e+03
1.731689680866601975e+03
1.805490247968226186e+03
1.517002109903847213e+03
2.041485482039576482e+03
2.686414784767406672e+03
2.793766324068136328e+03
3.798860256097760157e+03
3.930874426821955694e+03
3.028939884343598806e+03
3.015078987786735070e+03
2.110188306606665719e+03
1.648424820551749917e+03
2.207245392984902537e+03
2.743907710160552597e+03
3.115486623792668070e+03
3.343092263141614694e+03
4.272078244629865367e+03
4.571449956851681236e+03
4.274723345531758241e+03
4.584290559701430539e+03
5.849683519512705971e+03
5.589086505117580600e+03
5.230877100084778249e+03
4.814988468563600691e+03
5.123275005787329064e+03
5.658730283142782355e+03
4.996201889775358723e+03
4.538079493445549815e+03
2.998207017416740655e+03
3.001824896328065279e+03
3.011933870587009096e+03
2.930571626163100973e+03
2.790657775512610897e+03
2.077268534614607233e+03
1.975678308504281858e+03
2.463993765511178935e+03
3.064169913219846876e+03
3.291055321314855973e+03
2.426780703399966569e+03
2.418700267716485087e+03
2.463639856684224924e+03
2.129395637479075504e+03
2.173581760118346665e+03
3.990522188142664618e+03
2.874814519795986598e+03
2.244488350518464358e+03
1.755037545582817529e+03
9.752964412523685951e+02
1.714631565600520389e+03
2.088455057881574248e+03
2.194155481784117455e+03
2.611513081082330245e+03
3.154128509729068355e+03
3.184227284195827906e+03
4.567985034811512378e+03
5.303638531013752981e+03
5.659687300972294906e+03
4.399118519949209258e+03
3.473675678422088822e+03
3.440403242102687273e+03
3.795702774359914656e+03
3.629449480087036591e+03
2.204770338328194612e+03
1.906750994892632207e+03
1.640429309838595600e+03
1.712502690394405818e+03
1.234577989453227701e+03
1.118804003203787715e+03
1.793241784817003463e+03
1.843245085771378854e+03
1.810079962303172806e+03
1.847539310551901963e+03
2.308033583044485113e+03
4.462333706677781265e+03
4.508260913857597188e+03
3.385741145614819743e+03
3.617497359900856736e+03
2.233394604835091286e+03
2.413712052194828175e+03
1.849335871759583142e+03
1.353992915775509800e+03
1.165123727825190144e+03
1.285272207637528709e+03
2.527061360042846900e+03
3.219171818824539059e+03
3.954252837502483999e+03
2.402987742853486907e+03
2.937259846636475686e+03
3.619426342138994187e+03
3.758186468463690289e+03
3.179148111067312584e+03
3.408290669157706361e+03
2.751867486133299735e+03
2.602549246511627189e+03
2.498769004034350473e+03
3.075927577597441996e+03
2.464242435881481470e+03
3.115079819359134490e+03
3.328892232185986813e+03
4.142760411279382424e+03
5.379378131239133836e+03
4.003835576632634456e+03
5.364698544235922782e+03
6.029491972024859024e+03
3.895556892617231824e+03
7.234363893737365288e+03
4.770779685785822949e+03
4.312331475458236127e+03
5.191793724618165470e+03
5.123903125006035225e+03
4.282779975627088788e+03
5.907347567423902547e+03
4.696139550472961673e+03
3.942877948241592094e+03
3.467372297066723604e+03
5.141141720986377550e+03
4.194337136185471536e+03
4.307879513330924965e+03
3.728139116149523943e+03
4.205004157861721978e+03
3.938685097546323959e+03
5.700160288092326482e+03
4.411085290322198489e+03
4.955311431052586158e+03
2.853581628459931835e+03
2.716840915689865142e+03
3.564774762171679868e+03
4.218838556284082188e+03
4.421787327296212425e+03
2.919634296818995153e+03
2.087285739042796649e+03
2.080807910028539482e+03
2.858232175236332296e+03
2.475536739839467828e+03
2.378328547992240146e+03
2.011911011207153706e+03
2.452741000208423884e+03
2.501996481646082884e+03
2.182205748947626944e+03
2.086083173239096595e+03
2.189912889521388024e+03
1.742521814599960408e+03
1.611907743215200753e+03
1.689444016382597965e+03
1.646949842320463631e+03
2.467071351337199758e+03
1.679974236882952027e+03
1.587947188652964769e+03
2.142016724917612464e+03
1.412843672979824987e+03
1.576202582448160229e+03
1.391402038736468967e+03
1.222489372006579970e+03
1.578917008978002286e+03
1.642738595033406682e+03
2.040507083711195037e+03
9.714991913679414210e+02
1.729639067852816424e+03
1.276409326384980432e+03
1.772037385377365808e+03
1.426380855345332066e+03
1.546385163602940565e+03
1.464215000277025410e+03
1.834575887905334639e+03
1.620049347616174373e+03
1.457542939641038629e+03
2.470915706840953590e+03
2.421343553404989507e+03
2.482591827224421195e+03
2.961060339131076034e+03
2.528652403131556639e+03
2.276334191128043585e+03
1.575150965659032863e+03
2.863073225037116572e+03
3.021648361073665455e+03
2.432242559701289792e+03
1.539498339154343057e+03
1.315412326958121639e+03
1.651516618126021513e+03
1.857432031832646544e+03
1.672651357317221937e+03
1.107424689842779571e+03
2.107284597714819029e+03
1.516421890388382280e+03
1.335523187756187326e+03
2.005699828652667520e+03
2.070736996226281917e+03
1.998336978716446311e+03
3.361573295872666677e+03
4.359473905424705663e+03
3.279704661173894692e+03
5.353830068440433934e+03
3.250793767030125309e+03
3.389359057679369016e+03
1.557398301683366299e+03
1.725102015953046930e+03
2.330416470315228707e+03
2.098755827864195908e+03
2.288660109243927764e+03
2.395829224605672607e+03
2.048703696971236241e+03
1.758967185198944662e+03
2.483422297231516495e+03
2.067525964291689434e+03
1.864808962081946902e+03
2.250607784554449609e+03
1.965973414515381364e+03
2.423579516890487412e+03
2.089485841150695705e+03
1.615059665379936177e+03
1.455194772024007534e+03
1.947621153585337652e+03
2.127331797163501506e+03
1.899327406952924321e+03
1.621647629444523091e+03
2.978648711801841728e+03
3.081562854721637450e+03
4.992469438883377734e+03
4.673038534713327863e+03
3.082617486548164379e+03
4.373511061731014706e+03
3.202545059357341870e+03
4.446043721198810090e+03
2.634660565735668115e+03
2.506660600741244252e+03
3.452420381744178030e+03
3.763625507029041273e+03
2.732645513291864972e+03
3.404779306174716112e+03
2.440746262886174918e+03
3.069035224719297275e+03
3.594130309942473104e+03
4.766848484791740702e+03
4.445428790291034602e+03
3.138058298153296619e+03
3.012061231279377807e+03
2.695233541278457324e+03
2.770337461351524325e+03
2.786119493604717718e+03
2.981908672748916615e+03
3.367746417740816469e+03
3.058112150442177608e+03
2.656352726355913546e+03
2.943169231803521598e+03
2.234416763968439227e+03
2.752102090183864675e+03
2.837411688659200081e+03
3.336215663911685624e+03
2.876881592804635147e+03
3.508259709589952763e+03
3.203222965128879423e+03
2.518481860694967054e+03
1.893760829751428446e+03
1.755786793162008280e+03
1.755082665958272401e+03
1.729928821668125693e+03
2.808953367342196088e+03
2.341046206408086618e+03
1.671184139977766108e+03
1.615045275860054289e+03
1.411957579186512248e+03
1.287880896092861121e+03
2.139550390574616358e+03
2.208009947674432169e+03
1.666324004136514077e+03
1.631218271142199001e+03
1.500787281881970785e+03
