3.445321256279456065e+03
2.698017591323719444e+03
4.744452297743267991e+03
3.912568703842337527e+03
3.692156956282564806e+03
3.925168688197671145e+03
3.505416091451418197e+03
4.613345905139362912e+03
4.176843016006501784e+03
5.127593142808978882e+03
6.013588740813274853e+03
4.813206603599740447e+03
4.467949100164134506e+03
3.588514613900156746e+03
3.108651468497895621e+03
2.918496522055141213e+03
2.862961160852221383e+03
3.670304555128477205e+03
3.656417179758827842e+03
4.560470891718986422e+03
3.897875448368914931e+03
4.348639835213632978e+03
5.009607327834392891e+03
4.277280257007969340e+03
3.534731218419396555e+03
3.950562752096976510e+03
3.676706153857961908e+03
4.542303710451665211e+03
4.720582609575618335e+03
3.704656074912630174e+03
5.631087697856730301e+03
4.195323555248298362e+03
4.030488182530030372e+03
5.605976594684739212e+03
5.767119860824322132e+03
4.668109440223593083e+03
3.868550728219002394e+03
4.324974045748425851e+03
4.561219959116800055e+03
3.890742924912259696e+03
3.237203343020455122e+03
2.587233487363273980e+03
2.406524080188226435e+03
2.666280240919389598e+03
2.877117242390753745e+03
2.769819564723672556e+03
2.751801618160471207e+03
2.965957293479935743e+03
2.899410582364493621e+03
3.529028347843864140e+03
3.901623932676937329e+03
4.040427926315954664e+03
4.570195458908135151e+03
4.388995093719559009e+03
4.020038746796972646e+03
3.360500390528276967e+03
3.811123730432590492e+03
3.542129533610203907e+03
3.569025214411045454e+03
2.610317854530794193e+03
3.258527409125218128e+03
4.147501939514284459e+03
3.361582696522347305e+03
3.853629801650260561e+03
3.794478045962187480e+03
3.100504103397584004e+03
3.973639635374085628e+03
3.743313662099035810e+03
2.883240094487166971e+03
3.062605889596750330e+03
3.375217577656447702e+03
4.039069648833323299e+03
3.861521091332038395e+03
3.527235810997423869e+03
3.423964910770138886e+03
2.356740734450543187e+03
1.508952385756506601e+03
2.503650911739901858e+03
1.964825036003665673e+03
2.083752605731941458e+03
1.862337830831841529e+03
2.351466899091891264e+03
1.756898403425289644e+03
2.022359148751529801e+03
9.827180996527143861e+02
1.796995343152919077e+03
3.452470236970722908e+03
4.100826120354126942e+03
4.100970914896713111e+03
4.323886788821685514e+03
4.830631727645818501e+03
4.217447544886755168e+03
4.561142021258629029e+03
4.785853822389122797e+03
4.028002476235161794e+03
4.839704631183063611e+03
4.626657278107902130e+03
5.495008866804909303e+03
5.974286922752435203e+03
6.418785348013488147e+03
5.328658749505281776e+03
5.089519791839666141e+03
4.967410912613764594e+03
4.394196937424436328e+03
4.446567153303471059e+03
3.866628066286499688e+03
2.999496270372541858e+03
2.833824470914088124e+03
3.878384041268388501e+03
3.689941381775668106e+03
3.811395487615709044e+03
3.635641766228253346e+03
3.201927882116042838e+03
3.799662494355025956e+03
3.732985795743252311e+03
4.203865688470423265e+03
4.376058172941203338e+03
3.895053066076802679e+03
4.690117728317800356e+03
3.541121436447841916e+03
4.204829876759680701e+03
3.633311893413043435e+03
3.503679097095459383e+03
3.397383887858459275e+03
3.979635966977901717e+03
3.174270653338349348e+03
4.118026305195898203e+03
2.729634511669996755e+03
1.968130546588347215e+03
2.202216400400715884e+03
3.006629466312598197e+03
4.418530790826097473e+03
4.180059159800182897e+03
4.279195377696785727e+03
4.682134208053777002e+03
4.929752113743067639e+03
4.866699038235091393e+03
4.203466769287765601e+03
4.249134361500052364e+03
3.815850619927981370e+03
3.439538620682585588e+03
3.838741608988842472e+03
3.018682469292197311e+03
2.519695968916889797e+03
3.961869137756799319e+03
1.862978169567495797e+03
2.064284060705670527e+03
1.832603529330578567e+03
2.431558699576201434e+03
2.615425254163614682e+03
2.770780062168138556e+03
2.293417554408908927e+03
2.819266899189569813e+03
2.177503940698752103e+03
2.627076187114971162e+03
2.024428141620079487e+03
2.640185398769384392e+03
1.803372059698289604e+03
2.076878971257702688e+03
2.861608727336340507e+03
3.196759823013459027e+03
2.118183095365939607e+03
2.718789173761223992e+03
1.775325308059053668e+03
1.588923433165658480e+03
1.512383147103798592e+03
1.467776705490063932e+03
1.838989344909083684e+03
1.908823752973268256e+03
2.012099040289090681e+03
1.505580453508881646e+03
2.294915971727984015e+03
9.042911863765657472e+02
1.233768717171309163e+03
2.039438863474309528e+03
1.397122071865741418e+03
1.887527814954014502e+03
2.418428435341607837e+03
1.746122076917099093e+03
1.580263579151538352e+03
1.280976129257618823e+03
1.819531228294038101e+03
1.598268392268649222e+03
1.628864713024677030e+03
1.102612762777750504e+03
1.535549370512310361e+03
1.475848600894603351e+03
1.400081178826791529e+03
1.158123826257561404e+03
7.930853612089608760e+02
1.543536417255644210e+03
1.966619201512846985e+03
1.501373709592526666e+03
1.307050057310871352e+03
9.047089044692077096e+02
1.293695165396611401e+03
2.575594509234574161e+03
1.944045604273134813e+03
1.683247115210832135e+03
2.002490029941355488e+03
1.214485062002744826e+03
1.165120626338573629e+03
2.173859269059894359e+03
1.449040828689637237e+03
1.263134466290432556e+03
1.505126415091704075e+03
1.838854029940777991e+03
1.760927209562895769e+03
1.258444198868076455e+03
1.172309951022049518e+03
1.490518149932929873e+03
1.312861825639619838e+03
1.458982230943105833e+03
1.179472497182676079e+03
2.526242650693094674e+03
2.050818687346496063e+03
1.960193049610171556e+03
1.619167101750589836e+03
2.003547236767952654e+03
1.952868811714379490e+03
1.073383113829408103e+03
1.762563376849615679e+03
1.811616249033909753e+03
1.061361601456469543e+03
2.184118371452937026e+03
1.944532549937913927e+03
1.311307824911911212e+03
1.138435139233174141e+03
2.106150510839595427e+03
2.515042540943512449e+03
1.630308736177674973e+03
1.924463177963421231e+03
1.696346134171862559e+03
2.045477486773322880e+03
2.815901214828236334e+03
2.660282542054375426e+03
2.572091358444302841e+03
2.580492922718899081e+03
2.637798960197861106e+03
2.231904616239569805e+03
2.189851035159421826e+03
2.566534385936205126e+03
1.918960608849426990e+03
2.306422593438837339e+03
2.436123411701789337e+03
2.795086438880393416e+03
2.027406280386731623e+03
2.224776083749423378e+03
3.154045917829319023e+03
1.584273372371844971e+03
1.120866589474522925e+03
1.201831675241572157e+03
1.562728766055827464e+03
1.571078518465788193e+03
1.440042468227098880e+03
1.165998922725377724e+03
2.424170560411203496e+03
1.852504230264925582e+03
1.308907445300770178e+03
1.281336983768470191e+03
1.450261875657374048e+03
1.868120090994031898e+03
1.282469183730363056e+03
1.336904409278314461e+03
2.224543573308628766e+03
1.479277718380721808e+03
1.566697110652430865e+03
1.458272170588234076e+03
1.522750637701493361e+03
1.783459779064738314e+03
1.591426432322659139e+03
1.107593397310266482e+03
1.495495823003659325e+03
1.450711073635663070e+03
1.388578131890773875e+03
1.168071188890218536e+03
2.268253335426767990e+03
1.942801060501974462e+03
2.198327125659262492e+03
1.527090890537073619e+03
1.828902071038698523e+03
1.285956218521544315e+03
1.815609325993583525e+03
1.279075596790922418e+03
1.704345380483471445e+03
1.361912684459942056e+03
1.492520812233020479e+03
1.425981589471785810e+03
1.559489236863773385e+03
2.061509659158848081e+03
1.656092297612807215e+03
3.919893802191723353e+03
7.301228465306013277e+03
6.051897804939853813e+03
5.873149709809605156e+03
5.937661975548719965e+03
3.961716261875811142e+03
4.651898810441131900e+03
5.464295770165708745e+03
4.880538129239414047e+03
4.953154091606181282e+03
6.189891542946236768e+03
5.499724140824766437e+03
4.124896601980415653e+03
2.780581927223249295e+03
3.441122781004758963e+03
2.748428956313378421e+03
2.275470243931063123e+03
3.447196573107994027e+03
3.010539733810335292e+03
2.697676617917808471e+03
2.854646504236486635e+03
2.019497902856006931e+03
2.362064056922623877e+03
1.926699543616461824e+03
4.001618561917227908e+03
2.649724004619876723e+03
4.913180658951199803e+03
3.715251399859059347e+03
4.664073211520334553e+03
5.199519979539922133e+03
3.284918151603159458e+03
4.945740884278581689e+03
4.243246285737218386e+03
4.833865155892622170e+03
6.594214754211812760e+03
6.881583271982734004e+03
5.651079945453184337e+03
6.260856576910266085e+03
5.597695694378244298e+03
5.894310662273510388e+03
4.563065302297423841e+03
2.345115941092079083e+03
6.210939382316875708e+03
5.070699302853265181e+03
6.663834110656121993e+03
3.881825968063976688e+03
2.972074672516784631e+03
3.242557347821100848e+03
3.435104852787691470e+03
3.774483068960722449e+03
3.137025520286338633e+03
3.621201499602665081e+03
4.010021424163281154e+03
2.874128872303203025e+03
4.475236998876902362e+03
4.101221305335939178e+03
3.757459467710662466e+03
3.417452784038528080e+03
3.794157169543504551e+03
4.628337893378348781e+03
3.186153660698413660e+03
2.912206624891739011e+03
3.453759967193677767e+03
2.985519898327799638e+03
2.277152208161733142e+03
2.566882363240794348e+03
2.712379619898425062e+03
5.683382767535700623e+03
4.750836228630580081e+03
4.048956935030871591e+03
4.392374722082613516e+03
5.708953555617207712e+03
4.827807935095201174e+03
4.494828504413963856e+03
5.598283966525351389e+03
5.192451360028608178e+03
4.473913436755688053e+03
3.855567497461936910e+03
5.310136377638860722e+03
5.398562988670580125e+03
5.532051496825577487e+03
5.192058059842449438e+03
5.493152167780197487e+03
4.491864146753343448e+03
5.297265969517769008e+03
5.708747498035857461e+03
4.049909690057183525e+03
5.066719191849034360e+03
6.392682216422004785e+03
6.386971981722549572e+03
6.345068778622833634e+03
4.660908290990403657e+03
5.183213206952280416e+03
3.932742662809177091e+03
4.625218396497102731e+03
4.778020225349481734e+03
4.323794701597546918e+03
3.922542498692698700e+03
3.302623150962871932e+03
3.215629341818286775e+03
3.529626179947337732e+03
3.529582493029181933e+03
4.044194267407298412e+03
3.683742131332668578e+03
2.833284591400959926e+03
3.230736328836148459e+03
3.271114179877821698e+03
3.240571193578271959e+03
2.780009387602895913e+03
2.541187106086001222e+03
2.570067481851935099e+03
2.669613505630102736e+03
4.218058437418333597e+03
3.532673062297392335e+03
3.635302359218791480e+03
2.574353641224803596e+03
2.933957351644025493e+03
3.209322273335536920e+03
2.992668165016812054e+03
3.193892489058831870e+03
1.636430406153819376e+03
3.312051258088327813e+03
2.415066608765022920e+03
2.620885524537937727e+03
2.650129193478867819e+03
1.876015354618864194e+03
1.612000051816691212e+03
1.883045943208970584e+03
2.428719121910916783e+03
2.423402982012910797e+03
2.622910838838485233e+03
2.501942584869754683e+03
2.344843809291635807e+03
3.015662802185373948e+03
2.604119417785674159e+03
2.468167824670868868e+03
3.215083282978103853e+03
2.398765712507147327e+03
1.764181585284628909e+03
2.308250179733047389e+03
3.944607344269566966e+03
2.881329297791723093e+03
3.589202635365858896e+03
3.835834220143060975e+03
3.219764546133567819e+03
3.428163427333694472e+03
3.069543070174266177e+03
3.519820292108614922e+03
3.708261098470132310e+03
4.360663200695046726e+03
4.698431269195631103e+03
3.733222407420032596e+03
3.916359713302963883e+03
3.080312556518957535e+03
2.660233248689148240e+03
3.058138049975450031e+03
2.564022052049704143e+03
2.745272029424636457e+03
2.813923086479140238e+03
2.318040937388900602e+03
1.908715017583985173e+03
2.060218521217720081e+03
3.699962746710271858e+03
3.347869042955527675e+03
2.948292522081146672e+03
2.414874996273015768e+03
2.742689363680110091e+03
2.512705034665955282e+03
2.450803851404984016e+03
3.688449373870110776e+03
3.463889080361460401e+03
3.984301356332871364e+03
3.822401150793045417e+03
3.873939308013962091e+03
3.866164330491455075e+03
3.925240512401406249e+03
4.287371347980158134e+03
4.458225180093355448e+03
4.980982285701818000e+03
5.650880723924256017e+03
5.639397159842302244e+03
5.479552103791083937e+03
6.278020416334418769e+03
6.105107752061127940e+03
6.524634319106777184e+03
6.743576031853659515e+03
6.405507774322027217e+03
5.405729789308844374e+03
7.087904556485256762e+03
5.512515679528355577e+03
5.260888751550134657e+03
4.756352030720468974e+03
3.862720763587278725e+03
2.609432928091330723e+03
2.869008392347800509e+03
3.836426505161937712e+03
4.479757343133846916e+03
3.290483691031964554e+03
5.597163122297768496e+03
2.780145014954165617e+03
2.863434284712025601e+03
2.925163510948967996e+03
2.680911887532001856e+03
2.577369828590854013e+03
2.682580865397942489e+03
2.464243692181465576e+03
3.121232248693963356e+03
2.734728700265213774e+03
