7.261510814444819516e+03
1.016402154505246654e+04
1.072568899633746696e+04
6.215997062349554653e+03
4.919935518647883328e+03
7.996962035817849937e+03
7.232322655016547287e+03
5.370080756002164890e+03
5.636842626041167023e+03
6.003239500354162374e+03
4.379815371918042729e+03
4.710788834497811877e+03
5.399558020789240800e+03
6.856961228695998216e+03
4.944106597096003497e+03
2.296121452187956038e+03
3.489996870353537815e+03
4.218850404154052740e+03
2.401225932567138443e+03
2.563724137713113578e+03
4.294078396940841230e+03
3.620765223070930006e+03
3.265145252752444776e+03
2.579660722609106870e+03
5.728436684452017289e+03
2.709315245296339981e+03
3.350110674093222769e+03
2.437680652691620253e+03
2.728393367805312209e+03
4.377787035037446913e+03
4.864422072756262423e+03
6.327136492656478367e+03
6.661365005666260913e+03
4.043809025797474987e+03
8.891965929408292141e+03
9.918093130473436759e+03
1.316785708313474424e+04
1.093885457688665883e+04
8.645965227581014915e+03
8.050678555140923891e+03
8.448337828432428068e+03
7.387998328441706690e+03
7.191920908133889498e+03
6.131344027290551821e+03
5.764651953994794894e+03
6.714186600937569892e+03
7.738288879668244590e+03
4.869988059274744955e+03
5.001311198510219583e+03
5.389357065470345333e+03
5.505266004268423785e+03
5.363781076345141628e+03
9.732591067350807862e+03
5.466317057038419989e+03
6.390626637603067138e+03
4.049577648472748479e+03
3.340226154531757857e+03
3.240386508176373809e+03
2.896916964635092427e+03
3.225776399373523873e+03
3.886715152926397423e+03
4.961098084635555097e+03
6.036079822173923276e+03
6.310834245905542048e+03
6.136559597429576570e+03
5.725454340503082676e+03
6.410453763647994492e+03
8.711468207031663042e+03
6.005678821696032173e+03
6.809614715318220078e+03
6.479053944752568896e+03
7.024630763063492850e+03
9.377469310300621146e+03
6.463911380687446581e+03
4.226695657510698766e+03
4.631136619322436673e+03
5.316046429069548140e+03
4.639761422630298512e+03
8.569744762552389147e+03
8.028708988691750164e+03
8.870930526344645841e+03
5.875850748226493124e+03
7.959291947099255594e+03
1.089593793828513662e+04
5.575979581761589543e+03
1.302624895460011248e+04
7.661072019395429379e+03
9.711715985693488619e+03
1.424986709044183590e+04
7.595446264426238486e+03
1.271936247009123690e+04
1.150093072634281270e+04
8.793133645733967569e+03
8.300945274974141284e+03
8.690775656312665888e+03
7.353765253588184351e+03
7.982711440252729517e+03
5.971977978609940692e+03
1.211243694790970767e+04
1.192857869776166444e+04
1.449889529567322825e+04
1.183330605441659100e+04
1.259072974644365786e+04
1.488423141358108296e+04
8.947742315225870698e+03
6.385379996131993721e+03
1.423278704079045929e+04
1.044319869409222338e+04
6.074710657872304182e+03
1.075294899186200382e+04
5.734967566112508393e+03
3.672266291355809699e+03
4.952258037947953198e+03
8.402276356241005487e+03
3.715428634686546047e+03
3.989435745202855287e+03
5.958877743499214375e+03
3.869951854514338720e+03
8.516709467220596707e+03
1.167360823524212174e+04
3.695080690087239418e+03
6.307681292216730071e+03
6.881973692865673002e+03
6.428173488141980670e+03
8.713511573505009437e+03
5.554659784547589879e+03
8.167354986048980209e+03
9.467195563085053436e+03
4.998770977498911634e+03
9.181961811674189448e+03
8.226325469754754522e+03
7.231086689849560571e+03
1.026455076954413562e+04
1.078907710546498856e+04
6.843566957700973944e+03
1.479170022540828722e+04
7.190856145585908962e+03
8.783326203574606552e+03
8.041374881143709899e+03
1.254869776949727020e+04
9.247242718072538992e+03
1.100867050004213343e+04
5.721222175112995501e+03
6.957427172460279508e+03
9.705472165461833356e+03
6.789922399578057593e+03
8.967573915746062994e+03
9.500901001107768025e+03
1.151614959463169362e+04
6.747218238267530978e+03
7.588635514644414798e+03
3.509798292930478965e+03
4.367565155166869772e+03
7.270592536350084629e+03
7.371400599826107282e+03
6.822564534814331637e+03
5.302005188938811443e+03
9.900455075437632331e+03
9.710665271857018524e+03
5.952074528388987346e+03
5.663392319273184512e+03
5.313841241087698108e+03
4.205046392048320740e+03
8.758039952950370207e+03
7.514470123581224470e+03
8.742681323031967622e+03
4.039792326959814091e+03
3.314475356515674775e+03
7.525553832176827200e+03
7.876003598006624088e+03
1.336050342270363035e+04
6.298483768101786154e+03
3.816082507700300994e+03
9.582887167706008768e+03
8.417188211904518539e+03
1.005633720527049081e+04
8.006880309665340064e+03
5.118146210496154708e+03
6.853617801890593910e+03
8.424888091387494569e+03
8.936003945511374695e+03
5.782889478561498436e+03
8.114547325334544439e+03
3.294790186407149122e+03
4.050301411596202342e+03
5.824644949962780629e+03
4.462677205815306479e+03
3.199937205880852616e+03
2.886046302016169648e+03
5.253124164334816669e+03
6.196360755964472446e+03
3.316972665326952210e+03
2.355892786623677694e+03
2.687273631848472633e+03
4.609483709198284487e+03
2.816514011301717801e+03
2.385369126989673077e+03
2.341264339623338856e+03
3.254865584415722878e+03
3.900230543982665949e+03
2.773046934203152887e+03
3.153418708495677492e+03
3.396229279760972531e+03
3.702603845003246079e+03
4.649853834608146826e+03
4.078286214200741142e+03
4.815198024576863645e+03
4.310590202535926437e+03
4.067415242020577807e+03
3.521470772250147547e+03
4.420405254269174293e+03
3.496576061698136527e+03
2.822662669926717172e+03
5.550736252253556813e+03
7.373191608815710424e+03
8.381295886967371189e+03
6.815140991631262295e+03
7.715138897403709962e+03
6.165401761739316498e+03
7.633625947020967942e+03
1.075991032355191783e+04
7.443739386283416025e+03
8.464585014449543451e+03
5.420968016143811838e+03
3.974404847402540781e+03
7.723142990068416111e+03
6.044193319194689138e+03
7.795336424827895826e+03
5.001589677972780009e+03
5.221076745192731323e+03
8.728652768531939728e+03
1.505110830010201971e+04
5.346852306371368286e+03
5.241086232477335216e+03
4.210939540557849796e+03
5.280004249891908330e+03
2.998547233614208380e+03
3.842870205406382865e+03
2.777285754922961587e+03
2.570761786992252382e+03
3.840507460273020570e+03
4.647503747974210455e+03
3.862888033352386174e+03
4.630810234497212150e+03
7.703008573300367061e+03
1.603139316887108362e+04
1.040084635433334552e+04
7.927525648948242633e+03
1.048793178428387182e+04
1.324395018662537041e+04
6.932874381026778792e+03
1.157865003722837719e+04
8.276490297394191657e+03
7.782507073323635268e+03
5.617607890819983368e+03
6.556842625975260489e+03
3.932245340552442030e+03
8.161719168549896494e+03
7.224671224383102526e+03
5.119295939633024318e+03
5.300711950630749925e+03
7.634314265475196407e+03
6.959057778932203291e+03
3.266883078622881385e+03
7.023282435561631246e+03
5.281478025538935981e+03
4.410803959074533850e+03
3.152962462754635453e+03
5.581346725325971420e+03
3.401111940934328231e+03
4.787013601928534626e+03
3.496605405760965823e+03
4.322242261484403571e+03
3.087806940353812024e+03
3.415429503629976807e+03
2.805724653595102154e+03
5.076975233288131676e+03
5.050697800370220648e+03
6.474770554194466968e+03
7.832872845642228640e+03
6.291687669147220731e+03
3.368171938995775690e+03
3.832977219270062051e+03
3.796714923490241745e+03
2.060895071018664567e+03
7.541058927535801558e+03
1.000560256030995151e+04
7.249463600145704731e+03
7.486493741056692670e+03
1.339320688636845989e+04
8.241826756820175433e+03
9.400765277839027476e+03
9.841794648549601334e+03
9.800093992915522904e+03
9.015126544341526824e+03
5.058721940959114363e+03
2.576682214575977923e+03
4.703596513610576039e+03
6.610314956344960592e+03
5.551198309901968059e+03
4.759631521975865326e+03
4.060508330589030265e+03
3.846812077591559046e+03
4.838275459491442234e+03
6.126674196051450053e+03
7.764231311061233100e+03
4.895469559369868875e+03
7.890272110829395388e+03
3.596712006434175692e+03
4.559898555671759823e+03
5.427865236678499969e+03
4.554543638396289680e+03
5.705133679559814482e+03
3.247377769015160084e+03
4.318393585954968330e+03
4.363597485545306881e+03
5.673673012120905696e+03
5.256661609670533835e+03
3.547082265725181969e+03
4.175337167950922776e+03
3.509698671372996159e+03
4.189631601259496165e+03
5.899184276981877701e+03
7.590226314154042484e+03
7.509329061298773013e+03
9.442896106865851834e+03
5.001115800407414099e+03
6.784862766701989131e+03
1.427895032218335473e+04
1.022934994405639372e+04
1.082031578781127064e+04
7.308890627322814908e+03
4.555776453918573679e+03
9.955893222352948214e+03
1.074847066484219613e+04
8.100697283927264834e+03
5.815164070096290743e+03
3.513268545820311829e+03
3.773638663440519394e+03
4.563024106846473842e+03
4.661996778476201143e+03
4.861915504428413442e+03
2.841913501132014062e+03
6.947531993162027902e+03
4.681458497272179557e+03
4.538574595768197469e+03
5.207998411022770597e+03
4.301836077239941915e+03
6.815381056147524760e+03
5.074339736231151619e+03
5.620127823903413628e+03
7.952089617455889311e+03
8.267444601360644810e+03
1.213401880607003841e+04
1.202226576872867736e+04
8.781060841905911730e+03
5.102290507113698368e+03
6.037910649726087286e+03
4.746331453320691253e+03
3.663461986140323006e+03
3.832309467946553013e+03
4.690593299672014837e+03
5.819498841908900431e+03
7.436875701477193616e+03
8.565027051680073782e+03
1.672067569561252094e+04
1.333540425711528405e+04
1.485200636193894934e+04
6.317499550661283138e+03
1.333133858862929810e+04
1.617802023427090899e+04
9.957187009327995838e+03
4.365733912616849921e+03
5.375627435766214148e+03
6.653143755906398837e+03
5.651448337792534403e+03
4.220309166240988816e+03
5.005673970883762195e+03
4.375580494417321461e+03
4.508274859753773853e+03
3.941789447154209029e+03
4.976248575978835106e+03
4.469220695563366462e+03
4.464355078786056765e+03
2.899692427250626224e+03
3.547100325802178304e+03
4.907651081967721439e+03
4.669792051513556544e+03
4.999341393845089442e+03
4.874933059544184289e+03
3.490145623394522772e+03
2.956056865781808938e+03
3.506548833290736184e+03
2.599775776862153180e+03
2.795902940938325173e+03
3.679521693079383567e+03
5.051769393496047087e+03
7.163631897697749991e+03
6.389518780442959724e+03
4.179697632831220290e+03
4.757747875949965419e+03
3.980720818203386898e+03
4.421197034414893096e+03
4.825243054450473210e+03
3.803691721345528549e+03
3.341119515336524728e+03
3.769113210049157715e+03
5.462355438157325807e+03
6.567541835710550913e+03
8.111620889138124767e+03
8.637368876938317044e+03
4.354492134738915411e+03
2.286768493705665605e+03
9.480543159991091670e+03
6.948340333818188810e+03
1.223688721004233048e+04
4.061620650954709163e+03
8.126546374186059438e+03
1.560200548518513278e+04
6.825859666747991469e+03
4.018031741055252041e+03
3.398652284566864637e+03
9.703661106385685343e+03
9.311340235327656046e+03
5.459609836264325168e+03
5.399425426923789928e+03
5.073353306046112266e+03
1.285750191176204316e+04
6.856203203059264524e+03
5.951229864181309495e+03
1.506118504774508983e+04
1.110641010785951221e+04
1.516742770495945661e+04
9.039296334863265656e+03
6.206951917537792724e+03
5.580688397400198483e+03
5.254980249058986374e+03
9.180643792823730109e+03
6.036329715792111529e+03
4.397998842656094894e+03
2.810765258191820067e+03
3.851799998273077108e+03
3.203040337022224776e+03
4.943412253870180393e+03
5.351550350453619103e+03
3.842293535472995245e+03
3.535115513776828720e+03
3.944772380297578366e+03
4.413646755332587418e+03
2.918528051915956439e+03
5.671631531677406201e+03
4.093927079857068293e+03
3.786811192169056994e+03
4.592928813464715859e+03
4.604164017385794978e+03
6.782441004360845909e+03
3.374528182789403218e+03
8.652685565201163627e+03
9.807804641441252897e+03
8.436954876774168952e+03
5.596654494903634259e+03
9.612104620688034629e+03
1.119331344995720792e+04
9.156035615892287751e+03
4.572602365893341812e+03
3.938336736492978616e+03
6.438174868651914949e+03
5.511976219516526726e+03
4.420906132150168560e+03
3.779266897855588923e+03
3.751191442709166040e+03
5.521783214707938896e+03
4.361976447891396674e+03
4.582113869907949265e+03
5.795059309052020581e+03
7.836047435752438105e+03
6.031082855124403068e+03
7.840689039229127047e+03
8.829308627232756407e+03
3.835477786164740792e+03
6.738181054744703033e+03
5.025466135361662964e+03
5.479385299388543899e+03
4.628217016714751480e+03
5.388424242080452132e+03
6.823508287477026897e+03
6.035938775124594940e+03
5.600583499683658374e+03
9.444502712874738791e+03
8.484997592867508502e+03
8.295632939279414131e+03
7.568336334615707528e+03
4.987679036206520323e+03
1.204979682786711965e+04
1.011282985451959394e+04
9.257353483469476487e+03
8.192228845664496475e+03
4.552181704647757215e+03
7.575916400211293876e+03
6.641529742876802629e+03
5.242447056119151057e+03
5.915306948351299980e+03
7.249314911477704300e+03
5.880708604258011292e+03
4.783330907550805932e+03
7.740079564605151063e+03
7.403518100157975823e+03
1.125093202084163204e+04
9.515205115199671127e+03
1.195371974801539545e+04
1.297622522405666859e+04
6.802825596581602440e+03
6.866369221375387497e+03
7.983144480233022477e+03
7.100153283510584515e+03
1.002277869342829399e+04
1.047623356373079332e+04
1.121912900694386190e+04
8.398031957742216036e+03
6.995643913757096016e+03
9.527830326133034760e+03
1.013794117701114010e+04
1.440178346533156764e+04
8.568319576154970491e+03
8.251850525234123779e+03
6.992228029484823310e+03
6.041012287179801206e+03
9.441051991490267028e+03
4.817008051090731897e+03
4.746223596641617405e+03
6.289205754170820910e+03
1.311093365184635331e+04
6.746186159049336311e+03
7.499620292228317339e+03
5.149089266576555019e+03
3.775636568230059765e+03
1.059545330532492517e+04
5.823574955042587135e+03
4.250236319352766259e+03
4.098706458108697007e+03
4.997074086507802349e+03
5.852069612849071746e+03
7.095847790557827466e+03
4.056804559594686452e+03
2.513748417121325474e+03
6.265554128942685566e+03
7.127911001501176543e+03
6.393542925765145810e+03
3.419302239979338083e+03
1.018234002955867072e+04
3.278246890637489741e+03
3.642175992379481158e+03
6.599089759694233180e+03
5.011059025289613601e+03
4.985869452872679176e+03
2.889005143629487975e+03
8.496248257992418075e+03
4.490515649456178835e+03
5.145804424782731985e+03
3.644602718289650056e+03
3.976728757853963998e+03
3.085096851917936874e+03
3.050023319311387240e+03
3.176763085434226468e+03
4.534572836933725739e+03
2.746088856083090832e+03
3.252500152821653955e+03
4.809576751439859436e+03
4.504933808850204514e+03
3.109364328697995916e+03
3.725853422583541487e+03
5.391032004750399210e+03
5.645713209392935823e+03
5.666775740920276803e+03
5.226191002551482597e+03
5.326340648888928627e+03
4.607039547558050799e+03
3.072947171412768512e+03
4.315257669726805034e+03
5.233731283669918412e+03
4.388625453301145171e+03
5.153309828958186699e+03
5.487430303910879957e+03
4.164192933752318822e+03
4.356778073384672098e+03
4.186286602483556635e+03
3.798611018659697493e+03
3.700937335655707102e+03
3.776366648702752627e+03
4.014635301385219918e+03
2.832247441908195015e+03
2.399687798592511172e+03
2.800487823373781794e+03
2.350101157817904550e+03
2.532413963466123732e+03
2.467708415644871366e+03
2.678354759026688953e+03
2.257628238303043872e+03
2.435801582950773536e+03
3.037324946673852082e+03
3.078066148935414276e+03
2.795474485947876929e+03
2.580905213014648780e+03
2.523201830632353449e+03
1.926664187987148352e+03
2.436261706167803823e+03
1.824658328947262589e+03
1.628475011816493861e+03
1.877971391615300945e+03
1.838716464866391107e+03
1.139675794895642184e+03
1.401764336967740519e+03
1.504686843741421171e+03
2.004956291882194364e+03
2.012853639836263028e+03
1.729896748223221948e+03
1.513269484147915819e+03
1.384288151862045879e+03
1.314792869570881521e+03
1.627569022843633320e+03
1.199761626392552898e+03
1.471077127122757702e+03
2.326463957896096872e+03
1.299144949634816385e+03
1.299144949634816385e+03
1.299144949634816385e+03
1.299144949634816385e+03
1.299144949634816385e+03
1.299144949634816385e+03
1.299144949634816385e+03
1.299144949634816385e+03
1.299144949634816385e+03
1.299144949634816385e+03
1.299144949634816385e+03
1.299144949634816385e+03
1.299144949634816385e+03
1.299144949634816385e+03
1.299144949634816385e+03
1.299144949634816385e+03
1.299144949634816385e+03
1.299144949634816385e+03
1.299144949634816385e+03
1.299144949634816385e+03
1.299144949634816385e+03
1.299144949634816385e+03
1.299144949634816385e+03
1.299144949634816385e+03
1.299144949634816385e+03
1.299144949634816385e+03
1.299144949634816385e+03
1.299144949634816385e+03
1.299144949634816385e+03
1.299144949634816385e+03
1.299144949634816385e+03
1.299144949634816385e+03
1.299144949634816385e+03
1.299144949634816385e+03
1.299144949634816385e+03
1.299144949634816385e+03
1.299144949634816385e+03
1.299144949634816385e+03
1.299144949634816385e+03
1.299144949634816385e+03
1.299144949634816385e+03
1.299144949634816385e+03
1.299144949634816385e+03
1.299144949634816385e+03
1.299144949634816385e+03
1.299144949634816385e+03
1.299144949634816385e+03
1.299144949634816385e+03
1.299144949634816385e+03
1.299144949634816385e+03
1.299144949634816385e+03
1.299144949634816385e+03
1.299144949634816385e+03
1.299144949634816385e+03
1.299144949634816385e+03
1.299144949634816385e+03
1.299144949634816385e+03
1.299144949634816385e+03
1.299144949634816385e+03
1.299144949634816385e+03
1.299144949634816385e+03
1.299144949634816385e+03
1.299144949634816385e+03
1.299144949634816385e+03
1.299144949634816385e+03
1.299144949634816385e+03
1.299144949634816385e+03
1.299144949634816385e+03
1.299144949634816385e+03
1.299144949634816385e+03
1.299144949634816385e+03
1.299144949634816385e+03
1.299144949634816385e+03
1.299144949634816385e+03
1.299144949634816385e+03
1.299144949634816385e+03
1.299144949634816385e+03
1.299144949634816385e+03
1.299144949634816385e+03
1.299144949634816385e+03
1.299144949634816385e+03
1.299144949634816385e+03
1.299144949634816385e+03
1.299144949634816385e+03
1.299144949634816385e+03
1.299144949634816385e+03
1.299144949634816385e+03
1.299144949634816385e+03
1.299144949634816385e+03
1.299144949634816385e+03
1.299144949634816385e+03
1.299144949634816385e+03
1.299144949634816385e+03
1.299144949634816385e+03
1.299144949634816385e+03
2.103300038399476762e+03
1.828797226255291662e+03
2.191395327414335497e+03
3.339004989542576368e+03
3.424473004429014964e+03
4.216464212354054325e+03
4.912427107532446826e+03
5.125166411557646825e+03
6.877952232556536728e+03
7.015387605834306669e+03
8.970374564255516816e+03
1.287163616820362586e+04
8.996817664882066310e+03
1.065289409108113068e+04
8.294629120939333006e+03
7.676582405696017304e+03
8.795432081415308858e+03
1.274976290413647803e+04
4.855838425160952283e+03
6.923036358469194965e+03
6.662809053332834992e+03
7.408909121421956115e+03
7.108839953637682811e+03
9.316269788132451140e+03
9.324459459595416774e+03
8.594342208779116845e+03
9.299100643293246321e+03
6.472386249489040893e+03
1.573173064881472419e+04
8.713675740869175570e+03
8.425056128092006475e+03
1.754008103830635446e+04
7.099972409871047603e+03
9.627126106972420530e+03
8.535887396576152241e+03
9.926119085921760416e+03
7.265489955772936810e+03
1.045609853740362632e+04
7.771692965494027703e+03
7.907741238748890282e+03
6.855709594924354860e+03
8.105091738481594803e+03
9.142150190381074935e+03
8.127231318810009725e+03
7.955671745241294047e+03
1.029204255619396645e+04
9.592185945323608394e+03
1.418971732283080564e+04
1.171287156180916463e+04
5.682118801665635146e+03
6.215974524237462902e+03
8.250853645220142425e+03
7.038114544010489226e+03
6.788960907903996485e+03
7.307355962048504807e+03
8.228127499150808944e+03
7.611200795166146236e+03
3.398241980829971908e+03
4.966514826923117653e+03
2.851593993562276864e+03
2.987888831298123023e+03
2.752749583907470878e+03
3.067320212393662587e+03
3.324766959083755864e+03
3.168586226984629320e+03
2.868662949400704747e+03
4.105873427145600544e+03
3.334080355133745798e+03
2.946987631464189690e+03
5.603849120965751354e+03
3.752237002389400459e+03
3.352798066956398543e+03
3.758136584305353608e+03
4.255321195509725840e+03
5.709436507828015237e+03
3.468247450097600449e+03
4.578729464116104282e+03
5.939438810974597800e+03
8.837254428581296452e+03
5.990081964843173409e+03
8.488306872261980971e+03
1.017462129452737827e+04
1.095129344554018826e+04
8.483383200976932130e+03
5.163552828265770586e+03
7.449144483994470647e+03
8.218853932523352341e+03
8.538957954697412788e+03
7.810172249005597223e+03
7.601131369561091560e+03
6.419362530450918712e+03
6.449002708827462811e+03
7.096384492339268945e+03
6.465381648046909504e+03
4.620590506106031171e+03
5.458311591710389621e+03
4.591386190677944796e+03
3.463832104411806085e+03
3.730816612850819638e+03
4.104057389678045183e+03
3.811760411330099942e+03
4.663794068461827919e+03
3.551944768012172972e+03
2.686272131573833576e+03
2.889251236892592715e+03
3.147538797768301720e+03
2.992311550836416700e+03
3.388312968412591545e+03
4.244373588111744539e+03
3.282640910218964564e+03
4.619464739509643550e+03
4.302552336966540679e+03
4.309121036178245049e+03
3.969337914776871457e+03
5.051250950152908445e+03
4.938901820587181646e+03
4.763859502693726427e+03
4.364098433382443545e+03
5.111764718193217050e+03
4.329908538787278303e+03
3.535913995036960841e+03
4.477699427060761082e+03
5.399184091064734275e+03
4.268030388231066354e+03
4.870390004537386631e+03
8.033179450849038403e+03
8.301931645105174539e+03
1.384577923268030827e+04
1.219368992144665208e+04
6.674653960655919946e+03
1.298334232800948848e+04
1.565938026979107781e+04
2.024244461684764610e+04
7.674767886636431285e+03
9.033461901182419751e+03
8.757388679728330317e+03
8.702165376078950430e+03
6.595986615242032713e+03
6.839053141993485951e+03
6.043342297782428432e+03
5.753880480938052642e+03
4.737403555108458022e+03
3.112784047800040753e+03
5.458744895185200221e+03
4.841102025302581751e+03
5.282547611872731068e+03
3.803927058219162518e+03
4.447983455734367453e+03
5.281885902478452408e+03
4.690506283630699727e+03
5.213688848505482383e+03
4.434974352145741250e+03
3.171619468423315084e+03
3.521352097566101747e+03
5.526613210879858343e+03
4.483459454565102533e+03
3.952759961081677829e+03
6.970820029114133831e+03
4.408287736483268418e+03
3.134485062141110120e+03
4.073179539066310099e+03
3.120401430746537699e+03
4.740181473895423551e+03
4.886658819128515461e+03
7.867223422684665820e+03
8.008277867754293766e+03
9.198956493008443431e+03
7.490083837668975320e+03
7.853633387687791583e+03
1.238727583385643266e+04
6.754207890882292304e+03
1.280403290262385599e+04
7.387631852146164420e+03
7.000753351112805831e+03
4.217546016237944059e+03
7.639730810154218489e+03
4.247137767770134815e+03
4.311817977812889694e+03
5.300451283902201794e+03
7.015570697606311114e+03
2.910502133179743851e+03
3.654299604246082708e+03
4.366596727687175189e+03
4.238907873992383429e+03
4.480936219905691360e+03
3.518338366432205476e+03
5.668171625532592770e+03
5.969143291178880645e+03
3.791005305467503604e+03
5.715661920155978805e+03
3.047146606026325571e+03
5.046199335497654829e+03
5.392203199718344877e+03
6.544401665152643545e+03
7.914067876699648878e+03
1.208664130928562736e+04
7.149483260536160742e+03
1.037043691723056691e+04
7.214529777145824482e+03
9.598846156563215118e+03
1.356653677275779773e+04
4.846426660258012816e+03
7.001732062387809492e+03
8.807572079565828972e+03
1.141888522492615448e+04
6.293160242372091489e+03
8.647537456451756952e+03
1.068215559358435712e+04
9.738869483807684446e+03
1.032398142777368230e+04
1.431143426858085331e+04
1.032310264480273145e+04
9.986533867896094307e+03
1.335340771823162868e+04
8.777507765553895297e+03
6.486118551986486636e+03
8.954889288134600065e+03
6.853142694980824672e+03
9.423574227682229321e+03
9.312932915108918678e+03
1.226001418846680099e+04
3.983652925445772325e+03
6.078663794454093477e+03
3.817289296714002376e+03
2.963385295455541382e+03
4.517598835136201160e+03
2.384762871551015451e+03
3.468479649163029535e+03
3.689783975321865910e+03
2.732215322869506508e+03
2.880588787725760994e+03
3.238926837518922639e+03
4.767222413215729830e+03
4.658861327462211193e+03
4.599609610200671341e+03
4.101046891545644030e+03
3.802660142615431596e+03
4.704830928498428875e+03
3.589237911928867106e+03
3.215376472542377996e+03
2.813063296793748123e+03
3.982513866934877569e+03
4.013247489426069933e+03
4.016423154925406379e+03
4.262544663607304756e+03
3.747912972351860844e+03
6.308189234434421451e+03
3.029561342613015313e+03
9.948928208297102174e+03
9.051588303590307987e+03
7.121686289288951230e+03
7.486732304877480601e+03
5.701636037688317629e+03
5.985519088733602075e+03
1.109228912476559526e+04
7.685724928223632560e+03
7.680086959696222038e+03
4.728150863521464089e+03
5.831168952699833426e+03
9.378971710761707072e+03
6.594414859673639512e+03
9.784800127238777350e+03
8.267860729943693514e+03
5.872341868115076977e+03
6.538587933993861043e+03
6.603321573046483536e+03
8.326063141048365651e+03
5.493414112900981308e+03
4.517002589840327346e+03
3.852378855314779685e+03
5.114677170161253343e+03
7.370388667050427102e+03
6.896938795356016271e+03
7.162882753505326946e+03
5.165405623224476585e+03
5.370118474711593080e+03
5.523812057370051662e+03
6.877338550359586407e+03
6.145788121560076434e+03
5.468414196110890771e+03
5.437651770612141263e+03
5.070141244744479991e+03
5.702708047676410388e+03
7.291908071071609811e+03
6.098031205101052365e+03
6.240100369830790441e+03
7.346538304161905216e+03
8.924399718623650188e+03
5.719393863851973947e+03
3.293597781812735320e+03
3.833277132328220432e+03
4.900881350578198180e+03
6.050138224408413407e+03
5.865396740697714449e+03
3.990228695088168479e+03
4.718858548090578552e+03
4.418846131052628152e+03
1.048942581728733421e+04
8.732291268964610936e+03
6.515764999351855295e+03
5.599466951701539074e+03
6.924612843764641184e+03
6.584722538221950344e+03
1.306005638375111084e+04
6.791413833239374981e+03
5.411933143955522610e+03
5.459612947341697691e+03
6.544595683664997523e+03
9.041206062814562756e+03
7.501566537334988425e+03
7.451964551423659032e+03
8.535009944201363396e+03
5.230457041055965419e+03
7.272753177676364430e+03
4.926934757487195384e+03
4.734861384666744016e+03
6.029566439485332921e+03
4.253282352280168197e+03
4.757014299155230219e+03
7.050880705670346288e+03
5.762874204197835752e+03
5.566464741970654359e+03
4.244897986438832959e+03
4.133182055723659687e+03
4.150380355388490898e+03
3.908153460255310165e+03
3.433650561120453403e+03
3.263127203265241860e+03
3.878209219159796703e+03
3.029020030856020185e+03
3.353749126930070815e+03
3.942744320658620381e+03
4.139179589662631770e+03
3.718423207989663752e+03
4.517019381958645681e+03
5.310435858216143060e+03
4.057085056435143997e+03
5.942563021435639712e+03
5.021987421876587177e+03
8.182094594577217322e+03
7.518129534918176432e+03
5.820638966691598398e+03
3.668186907012621305e+03
9.987800985401019716e+03
8.204312174381882869e+03
8.119752813965769747e+03
5.337764832454635325e+03
8.733197490819429731e+03
1.100365979663275539e+04
1.272428997203579820e+04
6.420545241618688124e+03
4.184896381102833402e+03
6.540076082963562840e+03
5.434539388164752381e+03
5.102822043615061375e+03
6.261828837711310371e+03
4.491594861562938604e+03
6.800247468774367917e+03
4.471589243443230771e+03
6.726870608060213272e+03
4.528317839242685295e+03
4.932888071225816020e+03
4.792746826565406081e+03
3.531637231237672495e+03
4.577275630889397689e+03
4.974687975837237900e+03
4.762174055060973842e+03
4.665129958359794728e+03
3.989086154551905565e+03
3.699501753894775902e+03
4.123906522990006124e+03
4.566772503308311570e+03
4.706272267264863331e+03
3.426425912861012421e+03
3.218460683993671410e+03
3.369448513593264579e+03
2.836857551728406634e+03
3.767614476327446482e+03
2.502074111142221682e+03
3.491845719572679172e+03
3.706851242620606172e+03
4.988331279727991387e+03
5.782581298584207616e+03
5.626717077253418211e+03
4.497671373770524042e+03
4.421319351786451080e+03
8.214716200692360871e+03
1.167078094413146027e+04
9.156209917096633944e+03
9.780957322766391371e+03
8.262560510342966154e+03
1.158280183259710248e+04
8.119343898174054630e+03
8.882939269440101270e+03
8.398380534961117519e+03
1.174417137459356309e+04
9.599111746569664319e+03
9.393171504093157637e+03
1.026097436342123547e+04
9.972839735412495429e+03
1.061699502948969894e+04
7.696952386987753925e+03
1.050261630130410049e+04
8.015116245404668916e+03
1.305625420501795270e+04
1.344139552746054505e+04
1.106287092205197041e+04
7.988017527314044855e+03
8.676648361233461401e+03
6.372465806978911132e+03
1.031345257772113837e+04
7.155193087455231762e+03
6.872502979773958032e+03
9.112408884389182276e+03
1.229633382215922393e+04
8.825841636812740035e+03
8.924358456105779624e+03
1.020089441734712818e+04
5.970890640281066226e+03
7.250743536304700683e+03
6.344699057619528503e+03
7.253026513004017943e+03
7.461678680007328694e+03
5.682143317417366234e+03
8.142150944954225452e+03
5.132920144564473958e+03
8.807276708971769040e+03
8.061372766104394941e+03
5.782424257598096119e+03
6.312268063988676658e+03
4.175918633648361720e+03
4.775514775983886466e+03
4.612581673268295162e+03
4.019836014481069469e+03
3.883838899030251469e+03
3.081390690723620537e+03
3.295567618647977270e+03
3.246576303727656523e+03
4.004204192715269073e+03
1.544824911679482057e+03
4.839168714208884921e+03
5.546094496167023863e+03
4.042406937628134074e+03
4.698025305959133220e+03
7.495777516272434696e+03
4.276385983000363012e+03
4.876578267818785207e+03
4.021628623458703260e+03
4.681533305732558802e+03
3.788083689362365931e+03
3.526640516996663337e+03
3.464706141701744855e+03
5.320465131942704829e+03
8.805354714790206344e+03
5.098437055210611106e+03
5.090217872542554687e+03
6.239549529560003975e+03
4.018896543384867982e+03
4.392040510673928111e+03
3.952766122604553402e+03
4.125535491013548381e+03
4.485386144281180350e+03
6.100699367057601194e+03
4.085687083639973935e+03
4.904257094447962118e+03
5.696912538540191235e+03
4.690899988462594592e+03
7.061914870248807347e+03
7.983384126537162047e+03
8.625162461256466486e+03
1.075956289021220437e+04
1.037444753602014134e+04
8.966510808313314556e+03
1.321402425167326510e+04
1.042358461066896416e+04
1.135608220057068320e+04
1.049502987262476745e+04
7.852539003031161883e+03
9.206685598073618166e+03
9.045971201498001392e+03
8.146470161280665707e+03
7.373474194397074825e+03
8.847482118159610764e+03
1.425794001846723586e+04
7.179685083366676736e+03
9.495648567502728838e+03
1.401067607274282818e+04
1.381876684356303122e+04
9.294481465660837785e+03
6.923496862498528571e+03
7.934269796355527433e+03
6.469321132673004286e+03
6.954039976991910407e+03
7.329638437770634482e+03
1.073052499223697123e+04
9.415525282530457844e+03
6.563587485116806420e+03
1.004483819352596583e+04
1.018198941397500312e+04
7.579789581880099831e+03
7.378605907796404608e+03
7.579387489155003095e+03
7.528871086619513335e+03
8.076617520804882588e+03
7.616266763560646723e+03
6.425672077554563657e+03
7.629133229455115725e+03
6.942585716678710924e+03
6.616924079321131103e+03
8.023508159954448274e+03
1.194727663032033342e+04
5.328106701600237102e+03
8.237698843881466019e+03
8.746325784275531987e+03
7.187412185981024777e+03
8.734147960024032727e+03
9.216247780985757345e+03
1.341928293351313005e+04
1.028555378408046272e+04
8.391875496197280881e+03
9.221249365512972872e+03
8.991458029331399302e+03
1.183775069339245783e+04
9.701371787874970323e+03
6.578772165951561874e+03
4.580053952786636728e+03
6.391142619358862248e+03
4.723912061302423353e+03
5.455581744175479798e+03
4.954873602695162845e+03
3.593280465606600501e+03
5.128370494564626824e+03
5.443490138695216956e+03
5.115692415342074128e+03
4.516529280139281582e+03
4.632462535428951014e+03
4.689465251582332712e+03
3.792737172720230774e+03
3.475915336219280107e+03
4.299335873701409582e+03
3.453485933559514251e+03
5.286084493358862346e+03
7.998355300147997696e+03
7.362298463558537151e+03
8.567446934379182494e+03
7.361703641422902365e+03
4.773879871471684055e+03
8.318874257240595398e+03
8.111426346131383070e+03
1.286848133963806140e+04
5.386598857080321068e+03
8.650420532669737440e+03
1.039362549656881856e+04
7.146557075755226833e+03
4.176750045870404392e+03
3.015912894552082435e+03
4.260026084706702022e+03
2.673412459693932306e+03
3.001627436091610434e+03
4.686849036307910865e+03
3.611770906983588247e+03
3.559678409816244312e+03
4.309859107062831754e+03
4.449731929043568925e+03
2.837301677520596058e+03
3.657021383758329648e+03
3.130460443424146433e+03
3.929152632056901439e+03
3.675822055712432302e+03
5.556846992582679377e+03
4.017064432909944117e+03
3.483862185405875607e+03
3.191657072238032470e+03
4.103890039012967463e+03
4.222288744053030314e+03
3.728746394970365145e+03
4.359437862429138477e+03
2.847993692172492956e+03
3.067323631434958315e+03
5.287147179794389558e+03
6.871069249874455636e+03
6.817269623026955742e+03
1.039214443243374990e+04
1.109580587691329492e+04
1.222274863527718662e+04
8.797697293296469070e+03
1.177660142720284603e+04
9.641347248425907310e+03
1.505811869284000750e+04
6.202132737091525996e+03
1.032743497948911681e+04
9.342290280518242071e+03
1.090364092946383789e+04
8.278796777790274064e+03
1.215275265901016610e+04
6.786185869015862409e+03
7.445874319168849070e+03
9.359784186430615591e+03
7.589342526625561732e+03
7.516812755401067079e+03
6.599786217650103936e+03
5.686862291125440606e+03
5.288997525401671737e+03
5.416834267348182038e+03
4.537650109045143836e+03
6.148790493476555639e+03
3.984030413854591643e+03
3.995864837352932682e+03
5.343245994478268585e+03
6.218511559829997168e+03
4.541155777528631916e+03
5.273770287720818487e+03
4.563555240476499421e+03
4.466688780866972593e+03
6.233406525742117083e+03
5.110622472463101076e+03
4.166340860697363496e+03
4.667324731631044415e+03
5.059242818273295597e+03
4.727091592356578076e+03
5.554617400701257793e+03
5.122728239434784882e+03
6.385422860715776551e+03
5.268876668426299148e+03
7.436780501738471685e+03
5.327656554441845401e+03
6.379429261096043774e+03
1.163276695300896245e+04
1.115638759181002388e+04
9.964666153423084324e+03
8.619555248660783036e+03
9.891556677472528463e+03
9.395445355408151954e+03
7.759333332609307945e+03
7.563150388932240276e+03
1.047472798348277865e+04
1.438575639877357935e+04
1.287092549997692367e+04
1.222202808674975313e+04
9.922183270035455280e+03
1.231143083221370034e+04
1.146141529875149718e+04
8.435632961603241711e+03
9.428634466702556892e+03
1.454046482497766192e+04
9.411090468156453426e+03
1.104460049123140561e+04
9.081524119846060785e+03
8.677597788001839945e+03
5.248814422693223605e+03
6.579795121734596250e+03
5.090628747971451048e+03
4.873355883585398260e+03
7.234133285833262562e+03
4.691923257213971738e+03
5.389780497703130095e+03
1.025685734333003529e+04
1.102800903172095423e+04
9.542891620273565422e+03
7.581361264256466711e+03
6.790676901642804296e+03
6.375765209208598208e+03
6.236704470503138509e+03
8.135483833844535184e+03
7.332411448471705626e+03
7.036536151000692371e+03
1.014800106995672104e+04
7.428429143755528457e+03
8.411934469189878655e+03
7.955241381193254711e+03
8.016846326599841632e+03
6.677373973681341340e+03
6.958258273251594801e+03
5.276224049154468048e+03
3.653353710846616650e+03
5.737086578963630018e+03
4.276392080387641727e+03
8.080757551311833595e+03
4.673977410946458804e+03
1.061147175060949667e+04
1.269220928416374954e+04
9.311827784633962438e+03
7.305925169315572020e+03
9.746020213121015331e+03
9.790732167924938040e+03
9.794503115392039035e+03
5.691383836072465783e+03
1.053181665635412719e+04
6.876424948818580560e+03
7.232515816583406377e+03
6.147632451629577190e+03
6.040501930884079229e+03
7.634749614846681652e+03
6.540472026120682131e+03
5.669163268618747679e+03
5.548051459883879033e+03
7.111242134146446915e+03
9.501444018352209241e+03
6.988095924900598220e+03
5.513363844050109947e+03
6.080990385848577716e+03
6.776417410361352268e+03
6.236234470243571195e+03
4.183209805011568278e+03
7.685137328447596701e+03
8.161066964080335310e+03
5.969609762546532693e+03
5.114524498844687514e+03
5.222110203323604765e+03
8.578762122376245316e+03
7.876061837029554226e+03
7.963318173476676748e+03
1.273426250362443898e+04
9.488247582891510319e+03
6.685022681400498186e+03
8.978687285277150295e+03
9.201076467438360851e+03
6.437895974479288270e+03
6.837535653250010000e+03
7.259604260320447793e+03
4.967001862234443252e+03
6.484035386369383559e+03
4.886242269314414443e+03
5.536258400778167015e+03
4.824600570941886872e+03
5.468449364368646457e+03
7.974011342273579430e+03
9.076786601420244551e+03
1.358329237182746510e+04
1.112320073787692490e+04
6.010477435298030287e+03
7.831162897892829278e+03
5.982428046217326482e+03
4.150095847085336572e+03
4.607500058685797740e+03
4.185952815233698857e+03
3.854703550432616794e+03
3.370121603104644691e+03
3.476169423075236864e+03
2.740963963317729394e+03
2.453355709715580360e+03
2.257266254691846370e+03
1.645105982827132266e+03
1.865403641156725826e+03
2.185604077740404591e+03
2.104751429278893738e+03
2.404142926496685504e+03
2.022476356147513570e+03
2.186354652271677423e+03
1.790738134555185297e+03
3.855878431704732975e+03
2.221014807400823884e+03
5.861314886682715041e+03
3.369853489633467234e+03
3.580452734167858580e+03
4.470563079150555495e+03
4.194816045610260517e+03
2.890368598662413206e+03
3.354035335212555310e+03
4.779968634530184318e+03
6.139065563416587793e+03
4.229098085115279900e+03
2.457874556365904937e+03
5.977412681154270103e+03
4.066595765152686909e+03
3.822700102368981788e+03
3.402593841278084255e+03
5.164168691786482668e+03
5.837590963092061429e+03
4.681351887468858877e+03
3.560283809427912274e+03
6.157692158864661906e+03
6.244756903610662448e+03
7.473610900731298898e+03
5.255614445625258668e+03
6.896521750068378424e+03
7.631760190626952863e+03
6.764997604554349891e+03
6.682133364120238184e+03
5.376869412638877293e+03
8.923432939617923694e+03
8.200847840154763617e+03
9.082868864854770436e+03
8.977091752206644742e+03
8.407213198198169266e+03
6.111893585771030303e+03
6.971368608242529262e+03
7.681432515246042385e+03
7.849201291319162920e+03
8.335389363362508448e+03
6.789097384915371549e+03
6.375477440017101799e+03
8.305245167592742291e+03
9.029900955560386137e+03
7.593767564084540027e+03
1.107383133167339292e+04
7.123554741872928389e+03
7.028297266804578612e+03
6.184483111945379278e+03
1.138446266854880923e+04
1.283362681534672811e+04
9.665936005045057755e+03
8.721361775091772870e+03
1.002771524755681639e+04
9.633412997284729499e+03
7.263754041603763653e+03
7.914160753016362833e+03
1.029672517975527626e+04
8.010342828000002555e+03
1.089253727567138412e+04
6.679130543226913687e+03
1.247896178031291493e+04
8.492095635042818685e+03
9.310210986113130275e+03
1.001759938396776124e+04
1.109348093213950233e+04
9.607474293532983211e+03
9.859723132970384540e+03
8.525474814417499147e+03
1.047843231783427291e+04
9.369240009762534100e+03
9.654788129922251755e+03
1.503611023943932196e+04
7.691735522606181803e+03
6.409221132137260611e+03
4.496623309246645476e+03
4.310124621002518325e+03
4.578766820592453769e+03
4.355396928022526481e+03
5.970726244923583181e+03
3.605638129821499660e+03
4.010688487964158867e+03
3.706945208661861216e+03
6.195750262615942120e+03
3.319079376406268238e+03
4.242163346221679603e+03
4.593073830387517773e+03
5.914107446392587008e+03
8.234775285592480941e+03
5.765829323810535243e+03
7.197955779781552337e+03
7.885758564552415010e+03
9.373629688355877079e+03
8.927932895788719179e+03
7.681748365672407090e+03
6.753349135454860516e+03
6.131447766451859934e+03
7.259800480047627389e+03
6.460643407930710055e+03
5.554918546142022024e+03
4.262023277762829821e+03
6.169018604010642775e+03
4.536048669994699594e+03
3.375667285257152344e+03
5.655226872847718369e+03
8.534911324071517811e+03
4.945335361416731757e+03
2.820656146018092386e+03
5.365969378811702882e+03
5.865740186901233756e+03
3.803237585498139197e+03
4.440922790384457585e+03
3.432457417934239857e+03
3.337800015750742659e+03
4.814365950476736543e+03
3.530799130437461372e+03
3.435734744444148419e+03
5.476536778582840270e+03
4.544106524097493093e+03
6.279538311001759212e+03
3.934701255838284396e+03
5.585248024368474944e+03
5.426520061205889760e+03
6.601929460925541207e+03
5.117146947041613203e+03
3.217880554243537517e+03
3.701454425212267779e+03
3.817114698766439233e+03
3.611946993374957401e+03
6.899680342932230815e+03
4.128338162265683422e+03
6.897944718014872706e+03
6.708647774412885155e+03
5.560030468836433101e+03
4.684477936395136567e+03
4.818470384641839701e+03
4.804487790987522203e+03
4.314949645005219281e+03
3.772357139075591476e+03
3.649309829567259840e+03
6.265044510807272673e+03
4.808838225168088684e+03
5.375095766809367888e+03
5.197561385462343424e+03
4.589385989015901032e+03
5.597198817158793645e+03
4.225707826353769633e+03
5.937055423186350708e+03
5.815879394692108690e+03
3.147320916141022735e+03
5.297958048092089484e+03
4.615377857679071894e+03
9.908708474321574613e+03
9.602400501155017992e+03
7.505999212314874057e+03
9.840083485503786505e+03
6.503518366494186921e+03
6.034387956274816133e+03
7.275142270970288337e+03
2.922825350799110311e+03
4.158510272321216689e+03
5.925767659626862951e+03
6.081864004064605979e+03
4.948868023629886920e+03
5.670302073758576626e+03
7.220926897775747420e+03
7.333510126530988600e+03
5.168311549701038530e+03
8.010270064792102858e+03
7.622053754023478177e+03
1.107362739523067648e+04
7.727322684946520894e+03
8.530459505977572917e+03
8.266759914562815538e+03
7.897553533595226327e+03
7.475623382700076945e+03
1.093082533971516750e+04
1.201132222704448213e+04
8.643385989454031005e+03
1.447094294750568952e+04
5.023663990394546090e+03
6.834550745977844599e+03
5.234793802146981761e+03
3.710488247862208482e+03
3.182850550608505728e+03
3.145387492201419718e+03
3.282815978372869722e+03
5.247969062562398904e+03
2.903536774424152554e+03
7.163604527986818539e+03
1.001893633729677822e+04
1.048825476541781791e+04
1.173556739215355628e+04
7.000319993602916838e+03
4.770239434366131718e+03
3.871717771927366357e+03
6.948911080596560168e+03
4.494783894846068506e+03
4.960205355807264823e+03
5.109141147826971974e+03
5.466730085363371472e+03
7.834547992655222515e+03
3.550811443155444977e+03
7.052825903761236987e+03
7.922650593602532354e+03
7.592786885392713884e+03
1.076214497840709919e+04
7.172015204939556497e+03
5.146595927417342864e+03
6.332160516819871191e+03
6.115036739573210980e+03
4.619296842292475048e+03
2.788998703098651276e+03
3.837503846976192563e+03
4.653722462289139912e+03
6.537720117555350953e+03
3.884847889570750795e+03
2.721301660586391336e+03
4.058378655721153791e+03
4.477375098761126537e+03
4.586511023795516849e+03
4.452336485052558601e+03
3.446084963590106781e+03
5.126371921813512927e+03
4.185500819464247797e+03
3.972940805970621113e+03
4.398289903119576593e+03
3.841065919537288664e+03
4.247718788723440412e+03
3.001476997543806647e+03
4.454980077525794513e+03
2.905519911024646262e+03
3.395821611628406572e+03
4.076536582337268101e+03
3.140189204800587959e+03
3.527695847702719675e+03
4.782942070966407300e+03
4.621811397271648275e+03
3.952324125302634002e+03
6.436307873630324139e+03
5.919507480407870389e+03
4.834639456459906796e+03
4.899401543421604401e+03
5.245867606323517066e+03
6.401783118475152150e+03
5.643768758613403406e+03
4.772079518980582179e+03
3.729336844972336166e+03
3.310442701291427511e+03
4.842215854770965962e+03
4.653629437519253770e+03
6.388107355284915684e+03
7.257272540181877048e+03
5.294888813070145261e+03
4.025392657541577137e+03
4.993654659465008081e+03
4.739775112614929640e+03
4.555646028660680713e+03
4.879019459837806608e+03
7.084577801720454772e+03
5.191953524466735871e+03
4.283245258480035773e+03
4.559224630656613044e+03
7.044477945296232974e+03
8.604735760193203532e+03
5.315755250219727714e+03
4.384281488622569668e+03
4.015768438867521127e+03
6.873454956038683122e+03
6.127081795642393445e+03
9.460352719480350061e+03
2.742419068142753986e+03
7.589175323660865615e+03
6.462436989949350391e+03
5.330393563908192846e+03
4.859201094440788438e+03
6.956160819604953758e+03
5.066320025804256147e+03
3.189428864108197558e+03
6.010896734271361311e+03
7.873133249161700405e+03
6.345531972930249140e+03
5.588360989519313080e+03
6.475730901741817434e+03
5.032712516445613801e+03
8.242617600812445744e+03
5.683480372843279838e+03
3.423967443309395549e+03
3.766461878964017160e+03
4.870237907889508278e+03
2.448368377806523768e+03
3.737453231880233943e+03
4.315544127132478025e+03
4.343150654085226961e+03
3.356311669646769133e+03
2.616672062093382920e+03
4.137983677795010408e+03
3.804867642641492694e+03
2.780285063455870841e+03
2.311667470642371882e+03
3.122747156566892500e+03
2.966919359763456214e+03
3.785685823338504633e+03
3.589337795956225818e+03
7.089233879345104469e+03
8.293525914076557456e+03
9.300878001435870829e+03
5.210392862064736619e+03
5.416365171717166049e+03
2.706502366444113250e+03
3.323850141287732185e+03
3.276343371136438236e+03
3.400856649811903935e+03
3.712174100435745913e+03
4.182779710548763433e+03
5.015889696964385621e+03
2.518180068205451789e+03
3.736993894726294457e+03
2.750564439701614447e+03
4.577775929953127161e+03
3.422339795520057123e+03
3.921864481744984914e+03
5.203685655768668767e+03
5.522791430493873122e+03
4.158552393649330952e+03
5.122313598230715797e+03
5.531288096198364656e+03
5.697567707511921981e+03
9.978274564376564740e+03
9.254948106145795464e+03
9.164282505184792171e+03
9.389704070128411331e+03
1.154493111401886199e+04
1.093435694958266868e+04
1.267930938791315202e+04
1.612858319911291983e+04
5.645987132735817795e+03
9.307056488903366699e+03
8.861601419852215258e+03
6.922946468188086328e+03
1.433430374867468709e+04
7.578119232424151051e+03
9.831009632683730160e+03
9.788898216142433739e+03
9.316160723452461752e+03
1.220046908896226887e+04
1.029985221024113889e+04
7.303009418153286788e+03
5.125552988933251982e+03
5.282146256645272842e+03
3.931511353048559158e+03
6.085454785804561652e+03
2.276511792205763413e+03
6.357499016507095803e+03
6.944893642079296114e+03
4.331602455885028576e+03
9.262587354702372977e+03
5.431470324982687998e+03
4.832156924626991895e+03
7.825198510020100002e+03
2.757974572606778111e+03
4.353730032718764960e+03
7.452289856739849711e+03
2.004706518390150904e+03
4.948564397505796478e+03
6.568612460960529461e+03
3.033523684634345045e+03
6.775160879791865227e+03
4.787786575303794052e+03
3.898385432265205964e+03
4.012879133203858146e+03
4.792058774497947525e+03
5.318358533414539124e+03
2.098738379626224742e+03
7.107959487509629980e+03
4.689181819053580512e+03
4.541678424837863531e+03
4.031746073161300956e+03
5.739411516752750686e+03
2.931002692430887237e+03
3.537259054859810021e+03
3.522101409914105261e+03
2.570435585950841414e+03
3.614111250668559023e+03
3.800258847199852880e+03
3.794388078061133456e+03
4.057684159191913750e+03
5.043861594893896836e+03
4.628549552175159079e+03
3.931078352404068937e+03
5.223673648153637259e+03
7.471643962053849464e+03
6.752060899427478944e+03
7.519339813949751260e+03
6.232894771016636696e+03
6.246895290071767704e+03
5.845231785880298958e+03
6.020819517120324235e+03
5.989274182520610339e+03
6.211778635723950174e+03
5.105153360128824716e+03
7.395350150933435543e+03
7.612592250592710116e+03
7.235623567142209140e+03
7.184084797287672700e+03
7.114989428429890722e+03
7.725044508249608043e+03
7.153959739416499360e+03
5.904257493993591197e+03
6.231835807079637561e+03
5.836526764439025101e+03
4.927557877547184944e+03
4.690079722912546458e+03
3.977400614133327508e+03
3.593636444690026565e+03
3.352007677457567752e+03
3.228760369747797085e+03
2.766926577490940872e+03
2.972430276800760566e+03
2.731701970023966169e+03
2.182917927638687615e+03
1.745835840298920630e+03
1.877391228182825216e+03
2.030327393771561901e+03
1.961423750218183841e+03
1.707423811731729302e+03
1.348870897889693424e+03
1.192963409209984320e+03
1.262845626262726455e+03
1.182272827429478411e+03
1.299144949634816385e+03
1.299144949634816385e+03
1.299144949634816385e+03
1.299144949634816385e+03
1.299144949634816385e+03
1.299144949634816385e+03
1.299144949634816385e+03
1.299144949634816385e+03
1.299144949634816385e+03
1.299144949634816385e+03
1.299144949634816385e+03
1.299144949634816385e+03
1.299144949634816385e+03
1.299144949634816385e+03
1.299144949634816385e+03
1.299144949634816385e+03
1.299144949634816385e+03
1.299144949634816385e+03
1.299144949634816385e+03
1.299144949634816385e+03
1.299144949634816385e+03
1.299144949634816385e+03
1.299144949634816385e+03
1.299144949634816385e+03
1.299144949634816385e+03
1.299144949634816385e+03
1.299144949634816385e+03
1.299144949634816385e+03
1.299144949634816385e+03
1.299144949634816385e+03
1.299144949634816385e+03
1.299144949634816385e+03
1.299144949634816385e+03
1.299144949634816385e+03
1.299144949634816385e+03
1.299144949634816385e+03
1.299144949634816385e+03
1.299144949634816385e+03
1.299144949634816385e+03
1.299144949634816385e+03
1.299144949634816385e+03
1.299144949634816385e+03
1.299144949634816385e+03
1.299144949634816385e+03
1.299144949634816385e+03
1.299144949634816385e+03
1.299144949634816385e+03
1.299144949634816385e+03
1.299144949634816385e+03
1.299144949634816385e+03
1.299144949634816385e+03
1.232718387555346681e+03
1.149788332861719482e+03
1.221834601951786226e+03
1.581994483386736192e+03
3.301913772167735260e+03
3.785150074351653075e+03
3.821130026467085372e+03
4.383047582123165739e+03
6.295249368528831837e+03
2.499592448267489544e+03
1.007838995807454739e+04
1.126514035298956878e+04
1.027836773117588018e+04
1.219475485207071688e+04
8.335741100930477842e+03
6.084533383203726771e+03
1.263536573420283639e+04
7.190849275264421522e+03
6.122777052662519964e+03
4.298124090488990078e+03
6.904218004953188938e+03
4.982570313471533154e+03
5.271484453515336099e+03
9.102290345054363570e+03
7.441694486281890022e+03
5.052294572582786714e+03
5.045849644295287362e+03
6.987094447658116223e+03
6.866303586964646456e+03
8.597671520163299647e+03
4.947959660789680129e+03
9.637912997088415068e+03
8.496615504304127171e+03
5.179165011530128140e+03
8.547398481437367082e+03
6.486635213349053629e+03
1.196269846528042035e+04
8.348948514219315257e+03
1.036660385348833006e+04
8.999955925720834784e+03
6.968673342435776249e+03
5.600779574353497992e+03
6.478292066245106071e+03
4.295547439109125662e+03
5.925249784053222356e+03
1.060621102117411465e+04
4.360018709794489041e+03
7.580822880911249740e+03
7.275954063534559282e+03
9.350447903267388028e+03
7.636311323720933615e+03
6.072931161594004152e+03
3.431197607110401805e+03
7.441875788937865764e+03
3.657105040386893052e+03
5.758537853045146221e+03
5.931824555533380590e+03
3.871190478507406624e+03
5.733389020357596564e+03
3.632784743794901715e+03
6.097271883694985263e+03
7.961943476369896416e+03
9.364648533636365755e+03
8.246005906618393055e+03
9.962728640924809952e+03
8.222553615911614543e+03
8.606434368522859586e+03
9.943001262915833649e+03
8.303319467238521611e+03
7.940668660520004778e+03
1.323967797875627548e+04
1.012632071309012281e+04
9.742552062008395296e+03
1.215562646962702820e+04
1.311793028206240706e+04
9.313915065777790005e+03
9.714516509516904989e+03
8.828137586451101015e+03
9.281330086275529538e+03
9.488331146785250894e+03
8.914803830015705898e+03
1.211661469942426447e+04
1.023407079299829275e+04
1.115576364323204689e+04
1.630879915313084894e+04
8.855464010769950619e+03
1.373608762950567689e+04
9.760066982267084313e+03
