2.164842675495494404e+03
4.376805616085543079e+03
5.450711935535590783e+03
3.756438999239741861e+03
3.594262848295000367e+03
3.697762475627660024e+03
3.696523876928514255e+03
3.157590058626417431e+03
3.324199408429439245e+03
4.056382021538451227e+03
4.091771964283344005e+03
4.186740412829603883e+03
3.512354270964906391e+03
3.023624937484117254e+03
2.310368440389402167e+03
5.460792801098286873e+03
5.182007370391899713e+03
4.880201461950557132e+03
4.022858445609456339e+03
4.240430715055585097e+03
3.276446375378805897e+03
1.506098915460053377e+03
1.713747165214828556e+03
2.185529292611113760e+03
3.377731023336161343e+03
2.767028531977124203e+03
2.332444116318651140e+03
2.273902394859967444e+03
3.260160165145508472e+03
4.940396134702448762e+03
7.487985238239723913e+03
7.024530088140200860e+03
6.123779240256133562e+03
6.119590442310679464e+03
6.574681867987324040e+03
5.349678174181844952e+03
4.493990252461559976e+03
4.680598467229367088e+03
3.675664598861071227e+03
3.353842929063390329e+03
3.093655354494278072e+03
2.949382565216968487e+03
2.952541230901538711e+03
2.889545672510291297e+03
4.089818007986302291e+03
4.351817823842168764e+03
3.246788463221897473e+03
3.403876819611254632e+03
2.769881034384778104e+03
3.351027879582944479e+03
3.051979852001857125e+03
3.649535019887352519e+03
2.801736166267454792e+03
2.742847158177272831e+03
1.903952357390457337e+03
1.700742566305474611e+03
1.601902251694817096e+03
2.020558275641323235e+03
2.575735459013923446e+03
2.583870371660528690e+03
2.637345995301870971e+03
2.009385647461846020e+03
3.020380580054978509e+03
1.782209873061116923e+03
1.010478883125797665e+03
1.292788840993129725e+03
4.128104030227242220e+03
3.396622051944808391e+03
3.079819006531624382e+03
3.055283383048853011e+03
3.238392405199466793e+03
3.151031710908745026e+03
4.086075048413217246e+03
3.764891879848657027e+03
3.311455174499709301e+03
4.766029184304381488e+03
3.399368120173417083e+03
2.628888872169597107e+03
1.693812136255377254e+03
1.866525429350322383e+03
1.920861962960732626e+03
2.630645245236411029e+03
1.229794462872485838e+03
2.545814648286627744e+03
2.341981236733327478e+03
3.250586161829457069e+03
5.405416452311899775e+03
3.990452411961941380e+03
2.642591917022141388e+03
2.160540126829610472e+03
2.652261047570576466e+03
2.377814381704670268e+03
1.882098220831138406e+03
2.453215700557304899e+03
2.821562995680726999e+03
2.228339063042249109e+03
2.904230087698727402e+03
2.984973675352462578e+03
2.693617799587421359e+03
2.475117004205581452e+03
2.075981532771794718e+03
2.129277422247042068e+03
2.237271347671005515e+03
2.053539524262772829e+03
2.649905630630093128e+03
3.139731523096259480e+03
2.921830346829671271e+03
3.087029483184114724e+03
2.953591504644785800e+03
2.693870330443449802e+03
1.923583017065712056e+03
4.906561828725160012e+03
2.651420052650459638e+03
2.557494733797835124e+03
1.638412875561672536e+03
2.841015619147843609e+03
4.415249680620929212e+03
4.294163597894518716e+03
4.467041145078916998e+03
4.739905193544069334e+03
4.704144827267356959e+03
4.146509453988679525e+03
3.427359821645557076e+03
3.673651545856649136e+03
3.885906278736208151e+03
4.043589064823199351e+03
3.902635160044565055e+03
4.086384477906011398e+03
3.635374131001968180e+03
3.528988562388100945e+03
3.601623677734978628e+03
3.169961145349563139e+03
3.132182506532628850e+03
3.223237763402863038e+03
2.261954543754840415e+03
3.331706158597894955e+03
2.956929627033369343e+03
2.872996384639392545e+03
2.599139497000446227e+03
2.134028348869473575e+03
1.810419844330082242e+03
2.262741850886549855e+03
1.844395613228225557e+03
1.701987490743091939e+03
1.878163771766221998e+03
1.746107231251433632e+03
2.342661081966003167e+03
3.452061464990852073e+03
1.944181825113238347e+03
2.022235547475635940e+03
2.175562019258406053e+03
2.227067068726873003e+03
3.348054749571584580e+03
3.390869986080852414e+03
2.533544505086650588e+03
2.059961803630031682e+03
1.526980770230295775e+03
1.334277823297898749e+03
8.828980670314737154e+02
8.850139196666298176e+02
9.682799810507411848e+02
1.102997244160178752e+03
8.888392435029577427e+02
9.469098798440116980e+02
1.210816942539001730e+03
1.413630630017194107e+03
1.345435978577035939e+03
1.321339655997317095e+03
1.329130546045002802e+03
1.512901169824535145e+03
1.617949705382990260e+03
1.487185892549926848e+03
1.883453859189479317e+03
1.968123060877451962e+03
1.760642790744102967e+03
1.694464851996967127e+03
2.182391316777082920e+03
1.974384456163085588e+03
1.540205702790022315e+03
1.343555548623617597e+03
1.227668932457896972e+03
1.528845668366717064e+03
2.033004242977045578e+03
2.031771147425595700e+03
1.630414102062104121e+03
1.513837294063513127e+03
1.836698429440043583e+03
1.849762972394410326e+03
1.430271931164274520e+03
1.093190281720987741e+03
1.642629218517092113e+03
1.306374505420894820e+03
1.179320591800577176e+03
1.165275649640291704e+03
1.512966322605920141e+03
1.435846407118798425e+03
1.754099939941860839e+03
1.794102750556366345e+03
1.761576167903500846e+03
1.695556150504103016e+03
1.732933133297297672e+03
1.481646434771704662e+03
1.324252679358619616e+03
1.209212067219879145e+03
1.682441533320157987e+03
1.347336412206628211e+03
1.362589590769840015e+03
1.443287800062716769e+03
1.190188383828118504e+03
1.137249711700874514e+03
1.410115484501312494e+03
1.606799078598316328e+03
1.505894126724243279e+03
1.589344098943491872e+03
1.160392441833950443e+03
1.390363487105848435e+03
1.607218474766137433e+03
1.739091986828322661e+03
2.226293936746885265e+03
1.923868767856798968e+03
1.959606096249740631e+03
2.467960911473124725e+03
2.149961948355038658e+03
2.199077921849836002e+03
2.006761305815537298e+03
1.592194179458453618e+03
1.386897956726762231e+03
9.717722266070721844e+02
2.817407631616621074e+03
3.455365902226028538e+03
4.192360899131937913e+03
4.392242035396504434e+03
3.208544074145462218e+03
2.665423602335833493e+03
1.338142235387985238e+03
1.617131316645490870e+03
1.589817788639161790e+03
1.788838141336218314e+03
1.422395175367666980e+03
1.665729097252770771e+03
1.886705960290009443e+03
2.386342009331723148e+03
2.202428278777154446e+03
1.592717797236618480e+03
2.033306745356423107e+03
2.060533981142715675e+03
2.823980200277139375e+03
2.662415183533530126e+03
2.777676711281007556e+03
4.007045590721970711e+03
3.617824449769811054e+03
3.385806921184391285e+03
3.430896860911333533e+03
2.741923488386861663e+03
2.891271587394984181e+03
2.993970928955292038e+03
2.932003862574813411e+03
3.043520040193444856e+03
2.336615952339004252e+03
3.708174372372297512e+03
1.936555173783581495e+03
2.584753100690071733e+03
3.081106245759261583e+03
3.856692130579054719e+03
3.763144005260282938e+03
3.565346253040067950e+03
4.391842366553329157e+03
3.612200760487293337e+03
4.294607134625040999e+03
4.328471308551436778e+03
4.471404490165373318e+03
4.797773301026165427e+03
3.125813948062447253e+03
3.373828394639278940e+03
2.671590633031552898e+03
2.127540937501235021e+03
3.348363997726910839e+03
2.549435363765240254e+03
2.610934086180646773e+03
2.929873925194503954e+03
3.087483582948258572e+03
3.071351967426899591e+03
2.564345532493242899e+03
2.658986468912272812e+03
1.832117916594883582e+03
2.250249759256907964e+03
1.641794333187963275e+03
2.185026844730286030e+03
3.175420915350782707e+03
3.718335645802832460e+03
2.958911969856258565e+03
3.049121204314343686e+03
2.718146541639202951e+03
2.625890112140392375e+03
2.445405266502628820e+03
2.289510041604042726e+03
2.649181894909470884e+03
2.825204344047769609e+03
2.573228915111775677e+03
3.436995143383772756e+03
2.891294814153736752e+03
2.485856940546530041e+03
2.721441284885097048e+03
2.924223732902680240e+03
2.547784269382276761e+03
2.638775350630437060e+03
2.491523713604037312e+03
2.520180227974257377e+03
2.775179942002271673e+03
1.774465073558458471e+03
2.329010754629860912e+03
2.833284853212232974e+03
3.054823151936122940e+03
3.705222880725500545e+03
1.511581706178727018e+03
3.376921557301106986e+03
2.634969702222120759e+03
3.103407659755975601e+03
1.920172181453007397e+03
3.769869584633347131e+03
2.744242564366927127e+03
3.635893567778290162e+03
3.528595322255950578e+03
2.855402677145526468e+03
3.324293087949194160e+03
4.614483060411933366e+03
4.481308768712652636e+03
4.847155958857212681e+03
5.610640367395871181e+03
5.479711192099195614e+03
4.225285291173529004e+03
4.809260301774590516e+03
3.435620958814001824e+03
3.434174175139034105e+03
2.516807966210981704e+03
2.271750512411174441e+03
2.891850442481035770e+03
2.215257271446779214e+03
1.418861860077118081e+03
1.793073717958593079e+03
1.496709840859344695e+03
2.246986030497138472e+03
2.107255042234542998e+03
2.483335734163115831e+03
2.638408823086831944e+03
2.988943454037572792e+03
2.527176268119938868e+03
2.293413845105593282e+03
2.326743089238791526e+03
2.614436476495425723e+03
3.459564855325993904e+03
3.177643977700213782e+03
4.489200258709514856e+03
4.944518805881616572e+03
5.103805277876514083e+03
4.475733071802315862e+03
4.090221762988997398e+03
2.012782053128269354e+03
2.524257430923268203e+03
2.911169065320867503e+03
2.046478433276903161e+03
1.981191590603190434e+03
1.843020637123824145e+03
1.873095619315973863e+03
1.186592810954502511e+03
1.133418995263450824e+03
1.289003602613837757e+03
1.594254870056430036e+03
1.743974283139308909e+03
1.486127911887356959e+03
1.946688075487872084e+03
2.248902554951943330e+03
2.341311509344483056e+03
2.475624484452934666e+03
4.708049225335314986e+03
5.719148009293633550e+03
7.272502824568097822e+03
8.181957739125097760e+03
5.327087086063251263e+03
5.495940215628756960e+03
6.136780772452095334e+03
4.937944873624715910e+03
2.565831428465519821e+03
1.557028611363671189e+03
1.392349057449510610e+03
1.666997410524468251e+03
1.755223787331391122e+03
1.678866034974264721e+03
1.347852569064534237e+03
1.376214182260234338e+03
1.353010219683030300e+03
1.534762235002357784e+03
1.701170647631857491e+03
1.573488396031329557e+03
1.719195001676650918e+03
1.553000466294804710e+03
1.325225788130191404e+03
2.168117519166230522e+03
2.942664260056238163e+03
4.034028974630028188e+03
2.827434401459593118e+03
3.225303890899936050e+03
3.299534086277745700e+03
2.967028299687620802e+03
3.526873665753888417e+03
3.025043670498701886e+03
3.529138265899477119e+03
2.630008624857825907e+03
3.044103214032506912e+03
3.261766724125875044e+03
2.523667534093693575e+03
2.624772881288478402e+03
3.032062572423511028e+03
4.369705590068989295e+03
3.539139187770460467e+03
3.363281484460347201e+03
3.411486251352455838e+03
2.280731916201260447e+03
1.546646924627491671e+03
1.044126492815560368e+03
1.304688499711510758e+03
1.701917821232365895e+03
1.414591294419796213e+03
1.430168305255677751e+03
1.819961569412791505e+03
2.123888233863905953e+03
2.165462380685974040e+03
2.622136233117658776e+03
2.578024322569443029e+03
1.613582018198771721e+03
1.291588393010271375e+03
2.000070364291131455e+03
1.955147249672443195e+03
4.498838287295327063e+03
3.956451568352682898e+03
5.415432333466258569e+03
5.271519691915596013e+03
4.945705091610698219e+03
8.063310913063291082e+03
5.431067808280160534e+03
6.065675497236084993e+03
3.039434289476237154e+03
3.639990549961889883e+03
3.750858945235666397e+03
3.501488807555055246e+03
3.944498087541327095e+03
3.219324025502515724e+03
3.981771244047828532e+03
4.788751749494544129e+03
5.623620182321503307e+03
7.394213730673284772e+03
5.199573609555916846e+03
4.284167613665571480e+03
5.376883603099456195e+03
5.198603084477257653e+03
5.472027284133409921e+03
5.958111359668154364e+03
6.367801602680487122e+03
6.542137537944801807e+03
4.027447185260981314e+03
4.151879923523567413e+03
4.800769156421743901e+03
5.508311946336626534e+03
7.141972289046591868e+03
4.887293291884674545e+03
5.598815243727847701e+03
5.582884936073981407e+03
4.733354001056163725e+03
4.579104869313686322e+03
6.226516617116968519e+03
3.611036343166717870e+03
6.169621921441161248e+03
5.180854340679578854e+03
4.726584258859798865e+03
4.458628393905907615e+03
4.459125103011434476e+03
4.007094494273275814e+03
4.273755324835020474e+03
4.808158721678545589e+03
5.392584783575412075e+03
6.119068658743371998e+03
5.064503946574682232e+03
4.629336646690419911e+03
5.147550152289672042e+03
3.768899618184453630e+03
4.035008018875294511e+03
5.286739624978785287e+03
3.865673055454353744e+03
3.226312490274599895e+03
2.340525119281794559e+03
1.324138569609218848e+03
9.860535679505135249e+02
1.111551330402530994e+03
1.864380635390152747e+03
2.127102212095382583e+03
2.339038503163465975e+03
2.040463378437896154e+03
2.660167444498329132e+03
