2.006874206853375199e+03
2.259229787383325856e+03
1.654442456542169339e+03
1.806426450419688990e+03
2.183799490025181967e+03
2.570952743551775256e+03
4.339597621530893775e+03
6.122187557956510318e+03
6.021277262109071671e+03
5.779305207882594004e+03
1.443396576454386832e+03
9.918003646015445156e+02
3.234409114982891879e+03
3.728329163475548739e+03
3.832879981630236216e+03
1.618893350701370309e+03
4.496604428441547498e+03
2.820255122933814164e+03
4.894980160842923397e+03
5.030194620932153157e+03
3.312924871785994583e+03
3.435229006858484354e+03
4.633651659802340873e+03
4.676094914446665825e+03
3.617152745371887249e+03
3.112581090753055832e+03
5.832893351659110522e+03
6.680659860551611018e+03
5.160029715521170147e+03
4.097248264721534724e+03
4.057412035986588762e+03
5.029084827926080834e+03
3.301145581262384894e+03
1.589916397286498295e+03
1.538216537672729146e+03
2.502548866843414089e+03
4.458573967574859125e+03
3.555141798318895781e+03
2.618617687463374750e+03
4.282145104405813981e+03
4.687165427634904518e+03
3.042879730954629849e+03
2.174688916895448074e+03
2.077057631278259578e+03
4.662803285896353373e+03
5.392686964760421688e+03
4.988454659230826110e+03
4.009622620333948362e+03
5.674010575267400782e+03
4.922272949001168854e+03
4.223006147829049951e+03
4.186154613649735438e+03
3.756522541401015133e+03
4.915278435601722776e+03
5.935867155092449138e+03
5.603100213854125286e+03
4.556373997276542468e+03
4.004229714262650305e+03
4.115576536167807717e+03
2.542694476389962347e+03
2.459317984641611019e+03
2.479635381663883436e+03
2.598801703622767036e+03
2.876257445957647178e+03
3.144185147044708629e+03
3.915786060855299183e+03
3.834910403855448294e+03
2.922380876225083284e+03
2.094130182902708384e+03
4.731434651824099092e+03
3.245347924694099220e+03
3.987876213262989040e+03
3.718227805187119884e+03
2.259758433084371518e+03
1.965976000857179770e+03
3.028473867853796946e+03
3.180048612114665048e+03
2.127496650625038910e+03
1.950627116394860650e+03
4.350549981434126494e+03
2.908778687876999811e+03
4.400709818352121147e+03
5.235378584180819416e+03
4.832275065825248021e+03
2.273271487854594852e+03
1.335913737447772974e+03
1.736225207302352601e+03
2.082447424511561621e+03
2.833931221691971132e+03
3.233747637821665194e+03
2.131376231870956417e+03
1.933526459751037464e+03
1.806914923306968603e+03
1.322868520270224508e+03
3.382816742183907081e+03
2.833919750524822120e+03
3.827110866361383160e+03
4.099589270273509101e+03
5.479222487661747437e+03
4.954724287508003727e+03
4.062915697495765016e+03
2.954084206583314426e+03
2.421879457516967705e+03
2.958112407839674688e+03
2.850478016743977150e+03
3.918861066533845133e+03
2.749421006051864879e+03
3.659164966080197701e+03
4.020217008274397813e+03
3.082013165619414394e+03
2.155206239869960427e+03
7.086415997849580890e+02
5.784060022046276572e+03
6.094253627602742199e+03
4.295321977222017267e+03
3.779931711419756994e+03
4.916238559689588328e+03
4.339588905836526465e+03
3.314937849552340140e+03
4.787641046836838541e+03
4.160546193849439078e+03
3.056748010364463880e+03
3.587293725016206281e+03
2.486500423642709848e+03
3.313739968927974587e+03
3.068880777909956123e+03
3.916186832865372253e+03
2.976420213616918318e+03
2.951278033992618930e+03
3.460568627897170245e+03
3.240776050914933421e+03
3.500072704260925093e+03
2.994820050447142421e+03
3.115560455416491550e+03
1.893780468766060494e+03
1.666633213778238542e+03
1.518415676031083649e+03
1.742001483429429982e+03
2.495087313801760047e+03
3.210557020175789603e+03
2.976123251252154660e+03
2.971052878930194311e+03
1.489169014655783485e+03
2.193896695872115288e+03
2.795617423682728258e+03
3.134730577086953872e+03
3.663502710679319080e+03
1.937168408780220716e+03
1.216295304834938634e+03
8.627322162297290333e+02
9.411745419635345797e+02
1.963663847844251904e+03
1.919150126486444151e+03
1.030969564563752556e+03
2.010245318197358529e+03
2.589149613162787773e+03
2.499829672047189888e+03
2.993941819965925788e+03
1.760745274395623028e+03
1.742816206092511493e+03
1.407120248864604719e+03
7.364033624220011234e+02
3.653196749625911707e+03
3.685757403346893625e+03
2.616746855733234042e+03
4.407916865064541525e+03
4.625716468943062864e+03
4.889835451478351388e+03
3.326680950273293547e+03
3.898826618744016741e+03
3.780353136331475980e+03
4.955312881542371542e+03
4.918104561799959811e+03
4.560434223948973340e+03
2.572700802075099091e+03
3.224074958489949040e+03
3.308702593902340141e+03
3.570609862215039357e+03
3.505426041001653175e+03
3.109219717732453773e+03
3.957529404446862827e+03
3.449550303613828419e+03
3.167344878331599375e+03
3.727135389579417279e+03
2.834642375914614604e+03
2.518682587383137616e+03
2.990846238115199412e+03
1.881735853702554323e+03
1.358302069874005838e+03
1.195531007549101787e+03
1.766575234866708570e+03
2.683736802826018447e+03
2.551813215051244697e+03
1.563414168713799427e+03
2.060693942874625918e+03
1.611166826382035879e+03
1.324421364002303335e+03
1.882318887893383135e+03
9.165598551748573755e+02
1.727158550055608657e+03
1.827953356206213812e+03
1.344262396429045566e+03
1.110188614487205541e+03
1.504292039710332801e+03
1.271680592827556211e+03
1.889366457682456939e+03
1.424231986666665534e+03
1.556395998647520173e+03
1.110629402322892474e+03
1.770123258228927853e+03
1.751718309902214742e+03
1.098341479066660440e+03
1.195947320032090602e+03
1.027366992477915119e+03
2.025952316944094491e+03
1.342537923927021211e+03
8.310780234305769909e+02
1.880947199163826099e+03
1.451949267201939847e+03
2.204263512483165869e+03
1.644235998901098583e+03
1.039986491297735483e+03
1.465690298197333277e+03
1.652424197070879472e+03
1.042612906271475595e+03
1.633262751090298707e+03
1.997672336547040231e+03
1.869730464012257016e+03
2.564041791056696184e+03
2.860686191613666779e+03
1.885539158544852171e+03
1.913121256953810189e+03
1.120332045008274690e+03
2.582785156688712505e+03
1.974024422003852123e+03
2.663141667553410571e+03
1.831419287845897770e+03
2.254095685418868925e+03
2.469633732853888432e+03
1.690552857932723327e+03
2.263024814271510422e+03
1.623507477205753275e+03
1.116803048758451723e+03
1.277599816894057312e+03
1.266750313110390152e+03
1.335181044632005296e+03
1.482968698010234448e+03
1.668236179247386190e+03
1.915044680164270630e+03
1.886435978326292570e+03
1.828052440610201074e+03
1.208559758278190657e+03
2.140847185025103045e+03
2.143519970687217665e+03
3.226054701568247310e+03
1.562591373225645611e+03
1.491449953297429602e+03
1.691051247022296366e+03
1.824837750800523736e+03
6.026247014032848028e+02
6.900528590490255283e+02
7.855052614127876041e+02
1.247281894669909889e+03
2.224691533705355141e+03
2.640191086365107367e+03
2.909784933615958835e+03
2.713899065627842447e+03
2.382725021942960666e+03
2.460818965060225310e+03
3.881408295146132332e+03
3.512084408838797117e+03
3.346711672856378300e+03
3.362902267274137557e+03
2.414682492608227221e+03
3.514336881446579355e+03
3.360992060985961416e+03
3.599806357447503160e+03
2.188587294370472591e+03
4.544686139180630562e+03
5.365047863315456198e+03
3.639524742257174239e+03
3.638252534026541980e+03
5.465989087807455689e+03
4.187300199618568513e+03
4.831803306653232539e+03
4.136667876786482339e+03
4.022853556596233830e+03
4.519610719049351246e+03
4.485532044670444520e+03
4.876177154142345898e+03
5.562633104544156595e+03
2.678243422585137068e+03
3.295929588589657669e+03
3.297464087187092446e+03
2.423151495395673464e+03
2.135684090711964473e+03
3.075718186253018303e+03
3.091540495260939224e+03
3.820452790139856916e+03
3.482494610802205443e+03
6.152036000698194584e+03
5.350730960099144795e+03
4.242617441379701631e+03
2.617838190166381992e+03
1.929244766923395446e+03
1.150451105462511350e+03
1.059683369539128307e+03
1.070300555130967723e+03
2.442942546110060448e+03
2.660648921017294469e+03
2.218879176306934369e+03
2.229804293957682603e+03
1.945136869234506321e+03
3.645354575015844603e+03
3.060281348845094271e+03
2.778797721197234750e+03
1.802941078672439289e+03
2.001689902549655926e+03
1.934053053819500747e+03
2.059255167958423499e+03
2.014118657024123422e+03
2.241474519125253664e+03
2.240648612872202193e+03
2.752824464758451995e+03
2.237879859646223849e+03
4.962378748844605070e+03
3.019222802708604377e+03
2.897286247410787837e+03
2.178309282087296197e+03
1.974304800967272740e+03
1.475359753157893692e+03
1.961802602673666797e+03
4.626565357869991203e+03
6.205668986129857331e+03
6.931400469451168647e+03
6.100586208617924967e+03
4.393056862401640501e+03
7.696804466492464599e+03
6.213394927868267587e+03
6.099059423416493701e+03
6.433990583126169440e+03
6.631895205285052725e+03
5.147544692644934003e+03
6.294686621090910194e+03
4.345907817568795508e+03
5.436339870088441785e+03
4.929438348412773848e+03
6.177021483061433173e+03
5.080289783489367437e+03
6.534214814700845636e+03
4.426647694821589539e+03
6.715167907398132229e+03
5.154309060559017780e+03
5.087527978169079688e+03
4.349148261345998435e+03
3.748327341197037640e+03
4.192880827926592247e+03
4.497579250136252995e+03
6.829581079141385999e+03
3.131499008887663877e+03
2.396941917561819082e+03
3.604999912816947472e+03
2.566818104282373952e+03
2.222238062859238198e+03
3.451448748317849095e+03
3.831529872308203267e+03
4.043217019351161071e+03
4.792282747958853179e+03
3.966626814094353904e+03
4.770742608373125222e+03
5.683401693848001742e+03
4.383039077531463590e+03
2.590262595440631685e+03
1.527961287934469283e+03
1.156209125384028994e+03
2.503647255393902924e+03
2.505381686989461286e+03
3.078454754749073800e+03
2.608327197167348459e+03
2.058492269303018929e+03
2.967805869504758903e+03
2.801688766136506729e+03
2.235337027741467409e+03
2.577233089157326049e+03
3.094774476869014507e+03
2.643741309977542642e+03
2.020600171280673976e+03
1.868135510601532360e+03
2.145064317579644921e+03
3.291536410760139916e+03
2.954000308844650590e+03
2.756847302200974809e+03
3.223698690875314696e+03
2.057425301946752370e+03
1.944185574433912279e+03
1.435507183151912614e+03
1.658382590586360038e+03
2.359694330727626038e+03
2.004564818129537116e+03
1.192113764457064462e+03
4.776561961935998625e+03
6.738576494359415847e+03
5.554061100165630705e+03
5.522996626761877451e+03
5.352885925534569651e+03
7.776318014598215996e+03
4.631505581251480180e+03
4.031150432363536311e+03
1.998417568348822897e+03
1.337787180010926932e+03
2.052782810102815347e+03
2.907295565279982839e+03
2.193028786192105144e+03
1.595620471550721049e+03
2.755633282880259230e+03
3.072623010114907174e+03
2.294178682418370954e+03
3.127608644541739068e+03
2.329165147843504201e+03
1.899508144286046672e+03
2.495853283679386095e+03
4.129723275663228378e+03
2.714906101611755275e+03
1.990639777786329205e+03
1.425999478245840237e+03
3.166273092020453078e+03
4.230264479468309219e+03
8.796067714980606524e+02
3.935762485802819356e+03
4.292313142934466669e+03
3.253483771446215542e+03
3.398808212480078055e+03
4.444675472739079851e+03
3.386814256565276537e+03
2.308342514178774309e+03
2.727403551093344504e+03
2.452227833018331694e+03
2.501243871395024598e+03
2.146720085070487130e+03
1.549622498526368872e+03
2.110717029674820878e+03
2.324496992328616670e+03
2.698660109576833747e+03
2.542394314267147820e+03
2.043894965896181930e+03
2.136661030888074492e+03
1.776466773582084443e+03
1.983972724669448098e+03
2.283160258837199308e+03
2.630015916817666493e+03
2.005219313055725479e+03
2.167554154439064860e+03
2.139453816819694566e+03
2.180323565818918269e+03
2.830552755532154606e+03
2.504436447403564216e+03
2.219738723319879227e+03
2.002498405299169690e+03
2.373406160075844127e+03
1.550171160659509496e+03
1.808883040194516752e+03
3.119363321309849653e+03
1.026234918421460407e+03
1.572853914111995664e+03
9.940465521610453834e+02
1.829425906437965523e+03
1.947141570870905298e+03
2.099695799312913550e+03
2.586447383990709113e+03
3.075622811050820019e+03
2.881827218245660788e+03
2.025149229812309159e+03
2.043771496165824828e+03
2.735434284557050887e+03
2.740605445359484293e+03
3.478584076003055543e+03
3.484928953939079747e+03
3.248090726961395376e+03
2.838893617666735736e+03
1.991719852827382510e+03
3.754063072723060486e+03
3.749007697987106894e+03
3.722860740005812659e+03
4.348507712779548456e+03
2.402756418709562240e+03
3.142173594022623092e+03
2.301109076564875977e+03
1.438701834208914534e+03
1.498606144591609791e+03
1.666391810563406125e+03
1.510448724209004013e+03
