1.677486046364535468e+03
9.562977242848702417e+02
9.366751019591254135e+02
1.080793433686693106e+03
1.417135496440307861e+03
1.377400735957995039e+03
1.558576866850737133e+03
1.158354373163989749e+03
1.380021701496280912e+03
1.286986371771911536e+03
1.492402671874222278e+03
1.617403757230281371e+03
1.790547552702264056e+03
1.367032152247912336e+03
1.298352738314654289e+03
1.090788385449954603e+03
1.133231479417318496e+03
1.584325534060556265e+03
1.680577181375864257e+03
2.036820231225842690e+03
1.258853037429927554e+03
1.253854080616489682e+03
1.081629322436390794e+03
1.363594061376056743e+03
1.261415028647543295e+03
1.672964680849478100e+03
1.289149860936419373e+03
1.266866401858603240e+03
1.257381012802039777e+03
8.606371175064838326e+02
4.628740750517129072e+02
8.499136526257923379e+02
8.385700238004978928e+02
9.001206635541474270e+02
7.196771828352243574e+02
1.017776344544949552e+03
7.091091269464053539e+02
1.052446597389784529e+03
1.115284191565393485e+03
1.042949573293774847e+03
9.275792107601729413e+02
1.728641041049394062e+03
1.099442102256934731e+03
6.808852092062753627e+02
4.745067115210341626e+02
8.344578851551802927e+02
3.433160232014190115e+03
2.793669955278785892e+03
3.074716913562445825e+03
4.944449598557075660e+03
4.121090407655836316e+03
2.487384331372932593e+03
3.898293953553369192e+03
2.032458056193323046e+03
1.766955464790497899e+03
1.436824661851341034e+03
1.074387192668891430e+03
1.279628580684524195e+03
8.833155519987360549e+02
1.245825389483859908e+03
6.633951151415813001e+02
1.104367221984542766e+03
1.352367419172311884e+03
1.363774049368152646e+03
1.312656766865500231e+03
2.830406392530454013e+03
3.223973140756743760e+03
4.339269188377607861e+03
4.611470574867374125e+03
5.568395391882210788e+03
7.003539523414507130e+03
5.363212050784501116e+03
4.726887498836273153e+03
5.141420874641645241e+03
4.920730365747464020e+03
4.919819220188918734e+03
5.256248735552040671e+03
6.461070922588472968e+03
4.481565543339186661e+03
4.938923909612640273e+03
5.723837260423353655e+03
4.752456970382346299e+03
4.056289002021422220e+03
4.545629179506221590e+03
4.277066772895037502e+03
4.854695094839556077e+03
2.889900080245466143e+03
3.062602690783662183e+03
2.827546535184119875e+03
3.237478340196969839e+03
3.690005890251030451e+03
3.871904588165999485e+03
3.215478311576832311e+03
3.133684509923630685e+03
2.347442990739073139e+03
4.610166021412889677e+03
3.769216886873015937e+03
5.295113393466841444e+03
3.803044315815824120e+03
5.450226278415408160e+03
4.769140380755621663e+03
4.479889084062994698e+03
2.847476784033351578e+03
3.660133995168085676e+03
3.073942229089161174e+03
1.845561939121243086e+03
2.489932496949576944e+03
2.593188838909145488e+03
3.208563149896246614e+03
1.888980871838092298e+03
9.595229765798845847e+02
1.540255573654794262e+03
1.682203755411777138e+03
1.346883246735407056e+03
1.600864050998366338e+03
1.148247785365317668e+03
1.074144129086918156e+03
1.340379929683452474e+03
1.803050891671355430e+03
2.166597990211801061e+03
3.060499546051285961e+03
4.866532732656920416e+03
6.186690602133976427e+03
4.564432509734122505e+03
5.308212438960363215e+03
4.664495135182882223e+03
4.962368323691999649e+03
4.434088226052184837e+03
2.962486589075261236e+03
3.247486446838438496e+03
5.052663101239465504e+03
3.602638255777325867e+03
5.215212215832816582e+03
3.648139841290167169e+03
5.180547363436500746e+03
3.649709053318157657e+03
3.623049023876491447e+03
6.202625251775106335e+03
5.492464360523400501e+03
5.217366408266268991e+03
7.100058153833677352e+03
5.311329984368225269e+03
5.182614107546383821e+03
4.892736123201459122e+03
7.025357578242023010e+03
5.708245005806033987e+03
5.973696857238271150e+03
3.762015363943080047e+03
7.282770253208734175e+03
6.120740924413434186e+03
6.217581523332503821e+03
6.537994035656995948e+03
6.626716241217314746e+03
7.218483199177470851e+03
7.019938406819671400e+03
8.058653077493298042e+03
7.570732274431002224e+03
7.152150438043099712e+03
5.639253609432943449e+03
5.021880687153847248e+03
5.215279701550251048e+03
3.330467943788936736e+03
4.449470631534253698e+03
4.844272741419275008e+03
4.377479276022690101e+03
5.375815649137255605e+03
4.503207486377261375e+03
4.837107828526030971e+03
5.557146167714355215e+03
4.576450853138877392e+03
4.712897991867969722e+03
4.237290818500313435e+03
4.163595326111015311e+03
4.374906677385956755e+03
3.441693735974317860e+03
3.723619354215186831e+03
4.080414918674940964e+03
2.823623397154368831e+03
3.368011272447097326e+03
2.882932129247150442e+03
3.397050658443293287e+03
2.585703267908926136e+03
2.691824824158378760e+03
2.883228166809548384e+03
2.975711732525815478e+03
2.895253506620983899e+03
3.313156002308226107e+03
2.007662939217766734e+03
2.254253118103274574e+03
2.354905596355957641e+03
2.625873980662474878e+03
2.716461394756232039e+03
2.010239189414797693e+03
2.470467983943185573e+03
2.672782031351976002e+03
2.734209070839587639e+03
2.790863129024905902e+03
1.765521519538596749e+03
1.135573419445544005e+03
2.110368678348561843e+03
1.747830205942386328e+03
1.157677455301688269e+03
9.475372596438037363e+02
2.729601773933130062e+03
2.073363391944697469e+03
1.260793307990636777e+03
1.328842258672513253e+03
9.777386741321569161e+02
1.481087966544541359e+03
1.781660361086726880e+03
1.425324063177307607e+03
1.513322910144513571e+03
1.729144841249092678e+03
3.626602456256725873e+03
4.172835634285790547e+03
4.806702165667392364e+03
5.294204974190993198e+03
4.205184927223601335e+03
5.839574050719978914e+03
5.392243297135029025e+03
5.516798406284295197e+03
4.900697713389942692e+03
4.604637815513487112e+03
4.878114041653802815e+03
4.945024737658989579e+03
5.132968775445936444e+03
3.740120752775332676e+03
4.461610076636337908e+03
3.921464024427663844e+03
7.028971336642704955e+03
5.323836943255444567e+03
5.344500309158361233e+03
4.818590364593093000e+03
2.957154978169677179e+03
4.795028125228172030e+03
4.880814251373734805e+03
4.134953076026740746e+03
3.545609006828709880e+03
2.447119487664066583e+03
3.955676350348865071e+03
2.569160365301406728e+03
2.750291033152821910e+03
3.682917738202467717e+03
2.828717533090044071e+03
3.098188525260824917e+03
1.972603032876648967e+03
2.704284961101333010e+03
2.138505333448728379e+03
2.256128035393883238e+03
4.362068232978781452e+03
4.065333539664433374e+03
2.428153169167032502e+03
4.569901724011521765e+03
2.898852185866278887e+03
3.459745049152022148e+03
3.108918073267203454e+03
2.742520021386118060e+03
2.720072104528748696e+03
3.465718536863474128e+03
2.563210186136987886e+03
3.274174845380003262e+03
3.469619344595706480e+03
4.188611500250766767e+03
3.648900606627976231e+03
4.100649073022021184e+03
3.112801318010408522e+03
2.453152859872795489e+03
2.032122183757964649e+03
1.458002805416686442e+03
1.498310548047172233e+03
1.831469986412236267e+03
1.961719872426476059e+03
2.474881001143674439e+03
3.336036616771267745e+03
3.423742618882760326e+03
2.889243260909931450e+03
2.594597337462703308e+03
2.421997997300005409e+03
2.218051513164014068e+03
1.653852241135697568e+03
3.046613904800281489e+03
3.149461440501856487e+03
2.966722554524339102e+03
4.018814433043707140e+03
2.737749810797073224e+03
2.711968964978094391e+03
3.164672566252337674e+03
3.675669930261127320e+03
3.565099409581417603e+03
4.396987455459098783e+03
4.665442636949646840e+03
3.807594812414900389e+03
3.940481171244873622e+03
2.256721577529422120e+03
1.621750072598053066e+03
2.328822750616179292e+03
1.824315646421391193e+03
4.005908525955940604e+03
4.447915543419742789e+03
4.051330868373031535e+03
3.814729588671455531e+03
3.420671424350918187e+03
3.800989190210890683e+03
3.503629165396859207e+03
4.299551204001597398e+03
3.716076218632518703e+03
2.571383943909024310e+03
1.908378314838190590e+03
3.081035768501385064e+03
1.977414090141100814e+03
2.290625135749739911e+03
2.152281590275411418e+03
3.052981171187929704e+03
2.491831819202578572e+03
3.892832932060753137e+03
3.012274463097796797e+03
3.036077348268423975e+03
3.751670559913185116e+03
2.155541981651228525e+03
4.301244633706212880e+03
4.291604641559472839e+03
3.819056601849202252e+03
4.629110639781054488e+03
4.287460363653428431e+03
3.347757719364283275e+03
3.486860242436740464e+03
2.864749634905396761e+03
2.422071892924593158e+03
2.119310518669344219e+03
2.234187176410555367e+03
1.988035584699013043e+03
1.746534475042682971e+03
1.166390566943198110e+03
1.226990432260629177e+03
1.347871813994456033e+03
1.996976587851752583e+03
2.304324938778958312e+03
2.505913257491804416e+03
2.156072202972387004e+03
2.122975858211947070e+03
2.209630205027438024e+03
3.301819494129403211e+03
3.027607636279966300e+03
2.905512654158445457e+03
1.713093725074070335e+03
2.660425335461618033e+03
3.337885923727216323e+03
4.014015232706600273e+03
4.254250697895443409e+03
4.206559643012607921e+03
3.218056870757032812e+03
2.815316643564515743e+03
1.988319218077072492e+03
2.160527317178843987e+03
2.266075180860892942e+03
2.645615981120657580e+03
2.983980853946563911e+03
3.709902473146273223e+03
4.107623802120369874e+03
3.555749383463463346e+03
2.605135719870486355e+03
3.225533028494791324e+03
4.085916279704077624e+03
3.534042681053138494e+03
3.460962214401010442e+03
2.337508591439728661e+03
2.146927839783132640e+03
4.651323458162584757e+03
2.301549308146582462e+03
3.194300656042131322e+03
3.356925890109423563e+03
4.300726745854808541e+03
3.092690366656939204e+03
3.949353759520858148e+03
4.143084945604549830e+03
4.041006342872757614e+03
4.490331624506818116e+03
4.474405765487387725e+03
4.475761895809862835e+03
3.380592313708861639e+03
3.389708677486489250e+03
3.349341535358566034e+03
2.117612134126401088e+03
2.115646815944080117e+03
2.270931954675384986e+03
2.852304040079379774e+03
2.117467963065919776e+03
2.227566568727662343e+03
2.551810321562576064e+03
2.181195401937987754e+03
1.869425529937569763e+03
3.996633615615726740e+03
3.693065502236413067e+03
3.887219570069363726e+03
5.171085979304103603e+03
4.237758709509710570e+03
3.340610658935356241e+03
4.291774488033917805e+03
4.917779284356240169e+03
3.004743415263498719e+03
4.709558288843709306e+03
5.899046615190170087e+03
7.046311518726964096e+03
6.075192399535801087e+03
6.856166973822568252e+03
3.860389795737999066e+03
4.254815030110372390e+03
5.468759218133440299e+03
4.280283693743631375e+03
5.084393433859051584e+03
3.488478558958518079e+03
3.729714538948331210e+03
4.431690236492206168e+03
3.637030693618506120e+03
3.211234035482520085e+03
2.574739803553701222e+03
3.298661498990758901e+03
4.325972714920778344e+03
4.768116696425984628e+03
3.732128888523231126e+03
3.840696600560251682e+03
5.473600243997641883e+03
2.938523907713506560e+03
3.859163999986621093e+03
3.385860729840208023e+03
4.269463812438727473e+03
3.138279190144571658e+03
2.895733979231456942e+03
3.054816314639576831e+03
3.841180722656333728e+03
4.525547522235855467e+03
4.769186378970389342e+03
7.390977000513360508e+03
6.409438381923760062e+03
7.280505304262118443e+03
5.408167211234004753e+03
4.011668774464560101e+03
3.752326131072583394e+03
4.136013653858386533e+03
6.313461213627868347e+03
4.771612092647876125e+03
5.548288822260503366e+03
3.633612073513272207e+03
5.373769255718673776e+03
4.124938989445189691e+03
4.984015689047331762e+03
5.091801859443359717e+03
5.101445445143429424e+03
4.258498904453563227e+03
4.145198944280627984e+03
3.702442326541855891e+03
3.962648651286917357e+03
3.901286853262686236e+03
5.016962459903821582e+03
3.626489138445278968e+03
5.011851744321803380e+03
3.545662521386822846e+03
5.264146704967551159e+03
2.992989555453314551e+03
5.659492672760581627e+03
3.541215104731476913e+03
4.963523812827857910e+03
4.207892300587525824e+03
4.679419847587781987e+03
4.123735597617139319e+03
3.088039130254407155e+03
2.004178383268635571e+03
2.207932620219226465e+03
3.236960512993825887e+03
3.193240795365224130e+03
2.390443030530967008e+03
2.776311743136940095e+03
3.065112180525179156e+03
2.940467219306151492e+03
3.994857574099261001e+03
4.728011070760415350e+03
3.112656838403306665e+03
2.584177661479026483e+03
2.819444072466936632e+03
4.214528825309675995e+03
4.127492415746320148e+03
2.977854457304817061e+03
3.350220720094396256e+03
4.261446722530772604e+03
5.559366220694830190e+03
3.837437737169148477e+03
3.285826640866258913e+03
3.580513960788699933e+03
2.666223678382615617e+03
3.293820894971041525e+03
2.391458401876886455e+03
4.162977851251260290e+03
3.620065398091211591e+03
3.096705414729640324e+03
4.694497665156378389e+03
3.067729223111000465e+03
3.830068589024309858e+03
8.093937700764105102e+03
4.532504112482973142e+03
