2.469865942321540388e+03
3.494970477329193272e+03
4.017830828348089199e+03
3.351862631044780755e+03
2.875763935233905613e+03
2.857044441073044709e+03
3.043646263046621698e+03
2.746229655393623943e+03
3.119622611882957244e+03
2.654444764774380928e+03
2.695865289255182688e+03
3.308729851699768460e+03
3.022550436082914985e+03
1.409240624137285295e+03
4.621346137781967627e+03
5.233765611289954904e+03
3.662017173267444832e+03
3.614455127757250921e+03
2.279511686486451708e+03
2.833940904551087442e+03
4.054954476767302367e+03
2.537157307557476088e+03
2.372992272152422629e+03
3.108610201687295103e+03
2.748105283545781276e+03
3.327897326699317091e+03
3.576828914182004610e+03
2.826755157565984064e+03
2.441929554762497446e+03
2.095266528023202227e+03
3.186516053944835676e+03
1.844721966115240093e+03
2.424395543804206227e+03
2.497159819876740585e+03
4.022963027138763209e+03
3.268226445130888351e+03
2.592725279095549467e+03
1.337708290566943333e+03
1.649333290785830513e+03
2.266646817077827563e+03
1.541044615683549864e+03
1.551670536195236991e+03
2.093968939073893125e+03
1.649889175249411892e+03
2.023218436682605443e+03
2.139964439049415432e+03
3.876417040435767376e+03
2.551925149935404988e+03
3.704748820470271767e+03
2.463754633540493160e+03
3.347845800616044926e+03
2.524148072459468040e+03
4.223266914299669224e+03
3.141973004335164660e+03
4.037908046490564629e+03
2.709478516345156550e+03
4.277884083104627280e+03
3.753750723304767689e+03
3.597581325363300493e+03
2.909462795044225913e+03
2.218768293926741080e+03
1.776362168725682068e+03
1.353834599996657516e+03
2.118694745022455663e+03
2.228825356061399361e+03
4.602478089575889499e+03
4.193590113895055765e+03
3.932401016587934464e+03
3.512038842460586238e+03
3.482631289131280937e+03
3.436504655785514387e+03
3.199146939711717550e+03
1.857827687488741503e+03
1.776509103908467523e+03
3.043601095089847604e+03
2.925695583239043117e+03
2.708964061009213310e+03
2.572615987059285544e+03
3.633650145074644570e+03
4.249423024527630332e+03
4.922931006374099525e+03
4.846285553369074478e+03
5.258329752229257792e+03
5.332487948898935429e+03
4.031965360510241680e+03
5.268705246950353285e+03
6.045419213644185220e+03
7.262748156130480311e+03
5.381102844893975998e+03
4.345346908371798236e+03
4.954709510402220985e+03
3.365431227689544812e+03
2.735320575439279310e+03
2.736891836857596445e+03
2.491830708641236015e+03
4.367575757783814879e+03
4.357648380179418382e+03
4.855025874814573399e+03
3.922163421774225299e+03
4.020350218608612522e+03
4.916537487759245778e+03
3.910208267711575445e+03
3.395434760914563412e+03
4.427126330386603513e+03
3.878642263522956455e+03
3.751008523078573489e+03
3.000385521798324589e+03
2.767166523314675487e+03
3.205287299142337361e+03
2.583999712695178459e+03
3.613527091435783859e+03
4.268444490176815634e+03
3.793615344010527224e+03
4.300539958371056855e+03
2.779202725736482080e+03
3.197631352363836413e+03
4.329054770700809968e+03
4.431759871782725895e+03
5.148161131883151029e+03
3.817112430719647364e+03
2.865187969784322831e+03
2.337638447304155306e+03
2.858875044426287332e+03
2.495707162461120333e+03
2.027176856568925587e+03
3.452221272288076761e+03
3.787303371705980226e+03
4.220271120143397638e+03
3.777349928491129504e+03
4.223878441986475082e+03
4.009262502290053817e+03
4.028887742646159040e+03
2.947606810859197594e+03
2.056614924764969146e+03
2.344460405512137186e+03
2.374994080112282063e+03
2.809843035576250259e+03
3.004471284563275731e+03
2.255183804367086395e+03
3.743650094060967604e+03
3.867077717726275296e+03
3.435859880529898419e+03
4.076238773952818065e+03
3.372333610090363891e+03
3.332279869973934638e+03
3.759102776422297666e+03
3.745462861232074829e+03
2.505011477500293040e+03
2.109352728763026334e+03
1.308940318353155590e+03
1.410421210117508053e+03
1.530815737320375092e+03
1.781334540236861358e+03
3.222515796117567334e+03
4.097359014642098373e+03
4.624934132982549272e+03
4.362609544000434653e+03
3.319683262137861675e+03
2.234617763676780669e+03
1.804245541295306566e+03
1.918023704937638513e+03
2.300513544966640438e+03
3.683073378341017360e+03
4.108295340022285018e+03
3.708663630794216260e+03
3.042216337825211212e+03
2.617217503067999587e+03
2.232978296430521823e+03
1.793280844877122263e+03
1.315119433201068887e+03
9.861332627313531702e+02
4.435133611324388767e+03
6.151619488584089595e+03
5.489731934060448111e+03
2.543884902075983518e+03
2.580516245449641247e+03
3.210613093603293237e+03
2.687004129344740704e+03
2.924529428255204948e+03
2.755317456183852300e+03
2.238637009204132482e+03
2.724843418277937417e+03
3.509711189843427746e+03
2.266136385511750632e+03
1.863490425435121551e+03
1.419171296164833393e+03
3.809383102694388072e+03
5.121617028638289412e+03
5.440058955493066605e+03
4.109831417559832516e+03
3.731074507429345431e+03
3.390876268317933864e+03
2.611324076462428366e+03
2.222677193268314113e+03
1.349479889389887603e+03
8.585285155001546400e+02
8.740418876749146193e+02
9.904349798921376760e+02
1.635287102644899278e+03
7.813491844286688774e+02
8.397498330567076437e+02
1.335693049435708417e+03
1.015924349344958273e+03
7.503814011365147962e+02
9.654478167862039300e+02
9.409047862815428971e+02
6.997318380884393036e+02
6.891907596510598069e+02
1.085546888920774563e+03
1.539111555191305342e+03
2.412605651280389793e+03
3.103870997365695075e+03
3.687161855592115444e+03
4.435562086300887131e+03
3.378440013684268251e+03
3.345964701975251046e+03
3.009853341553034625e+03
2.393588895374191452e+03
1.803670901442086233e+03
1.775095757988654213e+03
1.366075557789899221e+03
1.208922648566717271e+03
1.849363176656417409e+03
2.660530032655259220e+03
2.253933834702501827e+03
2.716725150804323221e+03
2.442095337224845025e+03
2.565212056794689943e+03
2.481500942908241541e+03
2.521787291565313808e+03
1.883818418550457409e+03
9.599308376963167575e+02
1.611376344296592833e+03
2.902705057544062129e+03
2.131798755160644760e+03
1.914570750085583541e+03
1.179393078759242371e+03
1.719013389057244922e+03
1.584588663107195316e+03
1.090684908049378009e+03
1.916414769926583858e+03
2.379300046696690060e+03
3.008324362253076742e+03
2.924825535060988841e+03
3.160486298093284859e+03
3.406633557562781334e+03
2.778061712006932339e+03
4.384544833196133368e+03
4.166603384688675760e+03
3.877776575944202250e+03
3.893801125127756222e+03
3.297761960907980665e+03
3.875694956772134901e+03
3.763881826102001924e+03
3.511424032063658160e+03
4.252059704070801672e+03
3.209065705914462342e+03
3.666060169509456955e+03
5.533151094020455275e+03
2.905663380128836707e+03
5.545494938649901087e+03
3.973973111496530692e+03
6.438272238011840273e+03
4.622140558559390229e+03
7.640327258836229703e+03
8.388210732704499605e+03
5.635313762180788217e+03
4.811118859052827247e+03
5.903417696070276179e+03
4.313923949646210531e+03
2.329061720314618924e+03
1.760330725193964099e+03
2.022939112590690002e+03
1.842760208941826022e+03
2.033808858088181523e+03
2.980600865295987660e+03
3.298987673098420146e+03
3.426011860278327276e+03
3.623524311258421676e+03
3.939258023698435409e+03
2.975832604922252358e+03
3.232148325656917677e+03
2.968829760140038616e+03
2.084207052610814571e+03
1.359748890889809445e+03
1.938327148408137418e+03
1.741087577660519628e+03
2.492409827883070648e+03
1.927055035839180391e+03
1.885046225381332079e+03
1.577866946060615874e+03
1.272196885294465574e+03
7.038060792534802204e+02
6.018723348606550871e+02
1.032642830929692764e+03
1.290560581679842926e+03
1.800566226877529743e+03
9.522680016895970994e+02
1.178306219427925953e+03
1.203125054397437452e+03
1.109316241235892221e+03
1.484602696530131425e+03
1.741569280899743262e+03
1.049005099424839273e+03
1.255745383584558795e+03
1.184843622658962431e+03
1.039281910749519739e+03
8.721677701660549928e+02
1.133778094666868128e+03
8.891959173958008478e+02
1.104209377834157522e+03
1.205948580581717124e+03
1.275406634697789286e+03
1.273105040572273765e+03
1.141841212318487578e+03
1.317030842627620359e+03
1.036758958340441723e+03
1.071203792964196282e+03
9.646528691696280475e+02
8.086745334639687144e+02
1.434166996253778962e+03
1.730056485234281809e+03
1.320542857937184635e+03
1.393611812554137487e+03
1.085032815177044540e+03
1.128315302207625336e+03
8.834475364465214398e+02
9.504576423637704465e+02
1.272326667024331982e+03
1.806365848035864474e+03
2.081903032819510372e+03
1.785895626979390272e+03
3.521857095772310913e+03
2.816702307899740390e+03
1.840762907213374092e+03
3.000674234643961427e+03
4.532795020355871202e+03
3.441830089592266631e+03
2.382382303333555683e+03
2.648483403012577128e+03
2.394256803813296756e+03
1.989661096770226777e+03
2.381897388797645363e+03
2.492170930787471207e+03
2.354378553874218142e+03
1.829604355341891278e+03
1.768547729340749129e+03
2.130899329921534445e+03
2.429485306958537421e+03
3.170056689052420097e+03
3.357553709272578999e+03
3.115303197439032374e+03
2.921897865327164709e+03
2.180175802254278096e+03
1.340940911612482523e+03
1.255394133256497071e+03
1.852363197086071750e+03
2.004945663955597638e+03
2.551801388076894000e+03
2.580083875433402682e+03
2.651304996903721076e+03
3.340574961643176266e+03
3.954217778569603979e+03
2.714229259396454381e+03
1.535918031832314227e+03
1.673393261217336885e+03
1.516792764141836415e+03
1.967160758421804985e+03
3.685016594194657046e+03
3.694015862570091031e+03
6.013373734086995682e+03
5.929059224332127997e+03
5.652546486887217725e+03
4.650713233173184562e+03
5.519915236765560621e+03
7.142886994624412182e+03
7.049591459658296117e+03
6.559946643455107733e+03
4.770545544478253760e+03
2.174436464047792924e+03
2.767332230530198558e+03
3.631954284731891221e+03
3.685882699096145188e+03
4.514410421436274191e+03
4.890914360101736747e+03
4.679211299975951988e+03
4.085210902425601034e+03
3.543105100072189089e+03
4.134058585912605849e+03
3.308854181995769977e+03
3.189495420395128349e+03
2.697842037787019308e+03
2.491365075869581233e+03
1.670678801054631549e+03
2.015851290016184521e+03
3.141989326570955200e+03
2.707485366165914456e+03
2.441559949539529953e+03
2.741324456962433942e+03
2.763466132106332680e+03
3.484835408825102604e+03
3.883070034243562532e+03
3.937132903782635822e+03
4.046094190032632923e+03
3.904695167910910641e+03
3.499851102142170930e+03
3.575999755280902718e+03
3.147995875906990022e+03
3.771331133828307429e+03
3.433133444439089544e+03
3.848584809868906632e+03
5.005612228366253476e+03
3.856230211382405287e+03
5.227870203846946424e+03
4.400020902064784423e+03
3.920054269331016258e+03
4.986771270640933835e+03
6.052087029926098694e+03
4.406750492607805427e+03
5.039533256520813666e+03
4.426766962157137641e+03
3.013832683798735616e+03
3.555322419353012720e+03
3.773145480838262756e+03
3.622033584757507015e+03
3.363700852577072510e+03
3.120292051094552335e+03
3.565340543593901657e+03
3.015337083937899479e+03
2.334296375400334000e+03
2.249280520027349667e+03
1.975710049777378345e+03
1.990502245444017944e+03
1.640903061557990213e+03
1.706224634951608550e+03
1.292692119322812232e+03
1.313449816154210566e+03
1.933684219768808589e+03
2.378372052795418313e+03
2.550666841840609777e+03
3.388816454910288940e+03
2.597928593083549458e+03
3.178245289465467067e+03
2.851327676134766079e+03
2.898620573120233985e+03
2.355708577726320982e+03
3.257284273612861853e+03
3.396288225659728141e+03
3.382671784042797754e+03
2.828954413953232688e+03
3.634326926443425236e+03
3.290734282014583641e+03
3.425080175255282029e+03
5.694266481460544128e+03
3.369668922153032327e+03
4.337081549081279263e+03
2.639401827436623080e+03
3.189960968086718822e+03
3.956554191876085952e+03
5.243982116632958423e+03
4.914661082280294067e+03
5.486650711219220284e+03
4.943007676269021431e+03
4.878237003855061630e+03
4.300145793829088689e+03
3.505338518352760275e+03
3.769656823343390442e+03
3.848059346151989303e+03
3.152035435335990769e+03
1.706944259478039157e+03
1.592549913421717292e+03
1.259849396160278957e+03
1.179195428431394930e+03
2.064313814308223755e+03
2.114690985726549570e+03
4.470594914047043858e+03
5.025974969994068488e+03
4.847197109056854970e+03
3.585868003847558612e+03
5.018399252861613604e+03
3.599782313466124833e+03
2.119508138566198340e+03
2.015259953192490002e+03
1.082985691059836427e+03
1.740304931122920607e+03
1.678545145447925279e+03
1.538124558256690761e+03
1.496091088669970304e+03
1.976136367580588740e+03
2.319214194130137912e+03
1.983465063402399210e+03
4.144254699326019363e+03
3.134661674652919828e+03
3.152233589717624909e+03
3.676904576085931694e+03
3.194745340534622756e+03
1.983351708281576293e+03
2.029140992782300600e+03
2.288938658532305453e+03
