2.032766936394467393e+03
3.186519042006344534e+03
3.137709120077496664e+03
3.553077088038561214e+03
4.156277549971879125e+03
3.598604364188695854e+03
2.092328650915434537e+03
1.866068691117925255e+03
1.872430921846964566e+03
2.958697690376967330e+03
2.939429258340391243e+03
2.472131168130213155e+03
2.408951429830642155e+03
1.736970200094693837e+03
1.432581903656499890e+03
1.537025062685720513e+03
1.748145731556046940e+03
2.048969166165798470e+03
1.986031441593417867e+03
1.957309831052834170e+03
1.771002806965178706e+03
1.761868215704070963e+03
2.261229296654714744e+03
2.585202682043961431e+03
2.706207414205853638e+03
3.781121951077497670e+03
4.297796997217454191e+03
4.399668432096270408e+03
4.776779032451975581e+03
6.223683022951152452e+03
4.473572558362992822e+03
4.110851350678498420e+03
2.380398094130815025e+03
2.265175226582823598e+03
1.945540744042080178e+03
1.892283486378681118e+03
1.675265216034418927e+03
2.334603106843548176e+03
2.435157699267121643e+03
2.782956839887293427e+03
3.515397312286804208e+03
2.652111854222617694e+03
2.663289273175668313e+03
2.162059997547687999e+03
1.165695107301214193e+03
1.386378342291468471e+03
1.620788693134152027e+03
1.118295863763113175e+03
1.320830214788120429e+03
1.396761552493260979e+03
1.882457137478444110e+03
2.050185916180198092e+03
3.002703806786844325e+03
1.917839536906978310e+03
4.071684317241705685e+03
2.751723236384956635e+03
2.951358781324221582e+03
2.811315654049570185e+03
2.220058241130498118e+03
1.174483719269477206e+03
1.804445021525529683e+03
2.046095218691651326e+03
2.203591698528567576e+03
2.356195722737275446e+03
2.311829014055724656e+03
2.102141162421158697e+03
2.052143448740403528e+03
2.422271195037619691e+03
2.905123829260408002e+03
1.920081370492285032e+03
1.279818670750342562e+03
1.283597956332984495e+03
1.113559410240983880e+03
1.484652101467642296e+03
1.253776112147383856e+03
1.487264106429215644e+03
1.525261293932665467e+03
1.277332348135525535e+03
1.183165546060728502e+03
8.160635416593408991e+02
8.440653711054379755e+02
1.186721903762161446e+03
1.067369548253360108e+03
1.085269305815471398e+03
1.268987602390704978e+03
1.214905572898801893e+03
1.048099229474273670e+03
8.667619991376184316e+02
8.919860417365079002e+02
6.870510019971366091e+02
5.643120371602063869e+02
6.624805040915218797e+02
6.227361196081121761e+02
1.287821846356840069e+03
9.539397235269942712e+02
7.014049379939765458e+02
7.268925681407665707e+02
6.163094770287458459e+02
9.955433785910710185e+02
6.550300261536733615e+02
5.866415482524703293e+02
1.465564954325156805e+03
1.044969696985660448e+03
9.911039846144864214e+02
4.843967461963648020e+02
1.068298911087632632e+03
6.979030785393258611e+02
1.381498139858043260e+03
7.840351476876604693e+02
7.900867451861802238e+02
1.151201542689906773e+03
1.275748761269843499e+03
1.298095124264962351e+03
1.163463779843238626e+03
1.148849368240096965e+03
1.321752286945734113e+03
1.161883051628153680e+03
1.304765241196278112e+03
1.758543767197824309e+03
1.732084317022092364e+03
1.576200733662220500e+03
1.305536224377295866e+03
9.413841815674984446e+02
9.995663511789897484e+02
7.921471278135838929e+02
1.476531146022540042e+03
1.108997631385250315e+03
7.478659410467113275e+02
8.087011840340518347e+02
6.361280468269849280e+02
5.554547781224804339e+02
7.254099187617075586e+02
1.088797942119249456e+03
8.284405486545443864e+02
7.881281792074693158e+02
1.406330450690163843e+03
9.594173465593581795e+02
9.389392886756645566e+02
1.043743042949686924e+03
9.304461974663325918e+02
9.276513499694978009e+02
8.049587534168831553e+02
9.422829220682181131e+02
1.865423608751980737e+03
1.345170061710646451e+03
1.109288723535105873e+03
1.017534998879331056e+03
6.158106257108945556e+02
7.216718082736308588e+02
6.542252474864014857e+02
6.316379750449419817e+02
6.415540370798710228e+02
9.114026894915406274e+02
7.158242639454352911e+02
7.692966765024298184e+02
1.321373396836658458e+03
1.380468186417607740e+03
1.432539759802075878e+03
1.466509291389909549e+03
1.932015094223767846e+03
1.627432178726251095e+03
2.119344148427820073e+03
2.289880976509512948e+03
2.459572814669211766e+03
3.094512882988007732e+03
2.503130229027968198e+03
2.229410240338171207e+03
2.548048571419034033e+03
1.871082460180793078e+03
1.434671168825491350e+03
1.904156229853545710e+03
2.600252133744319053e+03
1.896745781531897364e+03
2.063413837296563088e+03
1.573943436702116287e+03
1.659281075221254468e+03
1.722516163296022341e+03
1.661349670494091015e+03
1.416673109151139442e+03
1.042165200574896517e+03
1.532961774131589664e+03
1.934876964910956303e+03
1.942097669943010715e+03
2.151575931669049169e+03
1.655072892987529031e+03
2.287298235312196994e+03
2.634219653171583559e+03
1.760511640864960327e+03
2.061541530652694291e+03
1.551417124027241016e+03
3.045045691800670284e+03
2.106386409249508233e+03
2.801172086056531043e+03
2.914239808868393538e+03
2.646529163953247917e+03
3.520164575693469487e+03
4.913080487030943914e+03
2.906448631082554130e+03
3.028724486340959629e+03
4.488728615898721728e+03
4.367128355075735271e+03
2.703175934537630837e+03
1.342714236967022089e+03
2.526684586484037027e+03
2.066245642204907199e+03
1.908464819369351972e+03
2.177479018626635934e+03
2.843138134535449808e+03
3.475472560608384811e+03
1.914934604752598716e+03
1.117722857739420760e+03
2.307024321551257344e+03
4.047331286457987517e+03
4.262514724920302797e+03
4.541003489299786452e+03
4.556202169905564006e+03
5.478395006926873975e+03
5.120625475495321552e+03
7.507096328019762041e+03
3.153211423286858007e+03
4.790906225797657498e+03
3.783712285382515802e+03
6.465687983668258312e+03
6.699701487830525366e+03
7.776580930669367262e+03
8.101775885101936183e+03
7.465880095536285808e+03
6.385516931627535996e+03
5.649072699246398770e+03
5.009753525424921463e+03
5.822564648038620362e+03
4.590907057975824500e+03
6.564591845299812121e+03
6.165428174114010289e+03
5.842996951136535245e+03
6.373849284898952646e+03
6.940347583727701021e+03
6.224226466793410509e+03
4.720617499999144457e+03
6.003266688084102498e+03
5.274314758151478600e+03
3.866368818076817661e+03
2.900334154472478076e+03
4.804575842529750844e+03
4.160774432133197479e+03
4.915546340932633939e+03
4.215169100576596975e+03
3.478760079033241254e+03
3.774983127617225364e+03
4.074538823177621452e+03
4.585245715104463670e+03
5.330931905586562607e+03
4.853153513815405859e+03
4.552440120290275445e+03
3.625238700268794219e+03
3.458127598307831249e+03
3.815955369487498047e+03
3.149588980699779313e+03
2.551359769915639390e+03
2.480513544434759751e+03
4.130362459972329816e+03
3.057398463432606150e+03
2.990749726517712588e+03
1.886953198073456406e+03
3.643944067510833520e+03
3.520654712523070430e+03
4.233333890821480054e+03
3.959028924983392699e+03
3.905585607015596906e+03
4.154782427708794785e+03
4.352533091356468503e+03
4.693189125448362574e+03
4.573022888059937031e+03
5.065850123518747750e+03
3.434488856458101054e+03
4.411041153596765980e+03
3.937329335607025769e+03
2.944815870690521024e+03
3.109341215263059894e+03
3.028398176543764293e+03
3.568740831516227900e+03
4.490244909138743424e+03
3.051212215870164073e+03
2.173232678770118582e+03
4.166806265857655490e+03
3.026980423715007873e+03
3.156532896018982683e+03
4.132056587978976495e+03
2.961033343023583711e+03
3.921447186840391623e+03
4.237394643641119728e+03
5.971430961720408959e+03
3.882848386657414721e+03
4.079971157922006569e+03
3.055312574208073329e+03
3.064827577060839303e+03
4.161630522444328562e+03
4.165014009001911290e+03
3.802638358252826038e+03
4.400392763410044608e+03
4.522881890352142364e+03
4.236329270523971900e+03
3.034095637923475806e+03
3.313191194106723742e+03
3.341271731559335876e+03
4.255473318030060909e+03
3.687938115858178207e+03
2.874550728667185012e+03
1.942941262924307921e+03
2.368811271185790247e+03
3.470032608353745218e+03
3.339856330243635966e+03
2.469666685006411626e+03
4.071870695709705160e+03
3.542020757516243521e+03
2.251367454425136202e+03
2.810758977242529454e+03
4.970016427259531156e+03
5.063288815899015390e+03
5.057243657119373893e+03
3.754490693680612821e+03
4.578677069071712140e+03
4.961834286782715935e+03
4.352503272424567513e+03
5.698910000102899176e+03
3.785608804317913837e+03
2.435395479124099893e+03
1.758807313470568488e+03
1.426791680417354200e+03
1.078068774202766690e+03
1.143404998363716686e+03
1.321234899534023043e+03
1.865284837191877614e+03
2.501882697110243498e+03
2.810747419148897734e+03
3.233007018899460491e+03
2.958576018675777959e+03
1.916341223558099728e+03
1.752652701322599114e+03
2.528702608228626104e+03
1.701146157549613235e+03
2.497902065530904110e+03
1.706531170008349818e+03
2.219636163105578817e+03
2.784196458416865880e+03
1.632571355572234552e+03
2.117812229721745098e+03
2.912709705993379430e+03
2.791055160696419080e+03
3.593792638821216769e+03
1.897801686032831867e+03
1.676636810377204938e+03
2.915872718269217330e+03
2.338691981056524128e+03
2.409069338848743428e+03
2.565985255749514181e+03
2.511816817195351177e+03
2.092253241581818202e+03
1.592975075788247750e+03
1.347417003408305845e+03
1.507388289482188384e+03
9.956213701284528952e+02
1.140845722907936306e+03
2.088500047418385293e+03
3.522044632758543230e+03
3.208542477698795210e+03
3.305786959188274523e+03
3.547304263044828986e+03
4.707017995957095081e+03
3.101337016862904420e+03
4.510464566699914030e+03
4.309427418118685637e+03
3.874820928325466411e+03
3.421717480091161633e+03
2.386837504352645283e+03
3.329309129102900897e+03
2.372401516067046032e+03
2.657044019576057963e+03
2.679372867714062522e+03
2.334322826907721264e+03
2.315612353041806728e+03
2.350651329864736454e+03
1.895310934881489402e+03
2.623786321673153907e+03
2.771282032249687290e+03
2.159962689403793320e+03
2.202079798812251283e+03
2.337789772727209311e+03
4.166968619614760428e+03
3.162249113275643595e+03
2.128425779295533175e+03
2.713244674290800958e+03
2.061344804064332948e+03
1.552303778837009759e+03
2.453021454505966631e+03
1.836050945191326264e+03
1.685056403288681395e+03
1.535035776930399152e+03
1.417824797669879217e+03
1.936575519526787275e+03
2.531476127188877399e+03
2.066969085613839070e+03
1.444051607835429877e+03
2.235106414157067775e+03
1.834272163697582073e+03
1.389413413020038888e+03
2.965046094702099253e+03
2.139830218643573062e+03
1.985357559465315035e+03
2.188834679018711540e+03
1.461442210372461204e+03
1.749167623535416396e+03
1.556724651952942395e+03
2.592140332760197452e+03
1.567957508486261986e+03
2.619859601179938181e+03
2.756249289233095624e+03
3.521607007126989174e+03
1.506019189950905002e+03
1.813380561521927348e+03
1.327434902959389092e+03
1.260245937760095558e+03
1.800129240025434456e+03
1.158201050845678083e+03
1.464753066945650062e+03
2.779907276938993618e+03
9.055004677863354345e+02
1.424567508219647607e+03
9.245056849668835639e+02
9.314914302730064719e+02
1.124843442435654651e+03
1.091305133410703320e+03
1.029891415278419345e+03
1.054907180438957312e+03
1.709152153097042174e+03
5.093305466143709964e+03
5.045324525982749037e+03
4.704097798929527016e+03
5.206549218852589547e+03
3.506003199017502993e+03
4.129722410119322376e+03
3.490112258413931158e+03
3.509935247475874348e+03
3.519607959456574463e+03
3.314135857567366656e+03
4.008048049024146167e+03
3.146026621834199432e+03
4.962987780147745980e+03
5.527269334457398145e+03
3.926200433749336753e+03
3.209684094844508309e+03
6.391684637282266522e+03
3.203362540043053286e+03
5.093376855460140177e+03
4.537445444447481350e+03
3.573111440859322101e+03
2.741452859618256298e+03
3.647927649868014214e+03
2.408633312191160712e+03
1.363048061297393133e+03
2.128879854367375174e+03
1.037745326937224718e+03
2.797808938071503690e+03
8.682250969939599372e+02
2.355776411585955429e+03
1.911509820055601267e+03
2.086898344325017206e+03
1.064403142672869762e+03
2.982946693704802783e+03
3.448217680295406808e+03
3.376410974033368348e+03
6.957835645928420490e+03
6.985303061975216224e+03
5.783717972124068183e+03
5.420523713349245554e+03
5.286942712651001784e+03
4.524285367850596231e+03
4.950524302330565661e+03
4.589442213612808700e+03
4.990557308405245749e+03
5.774003092865632425e+03
6.038350048475444055e+03
5.476056337042793530e+03
5.108921617594172858e+03
4.283439795661411154e+03
6.485099158753748270e+03
4.831309779367904412e+03
4.803995700822241815e+03
4.668106161657088705e+03
3.379656299156578825e+03
3.835931730558002073e+03
3.654123943462217539e+03
2.344859487657583941e+03
3.340645795095355425e+03
3.522598935745088966e+03
5.379117626846354142e+03
5.202580053116736963e+03
4.559355466707159394e+03
4.850860611106582837e+03
