6.494953501977881842e+02
3.899593005761378777e+02
2.797108665724049388e+02
2.532422813253906497e+02
3.359510966482934577e+02
4.162118326139719215e+02
2.937591182739953410e+02
2.965152945214354645e+02
2.062465835917340655e+02
4.022247041233840150e+02
5.353349964905149818e+02
4.627656467875244743e+02
3.905493333220421164e+02
2.829683951944421096e+02
2.669060491838557709e+02
3.405715568234558077e+02
2.684268959595320894e+02
2.539258375087024149e+02
3.912312234466098175e+02
4.143491246401145531e+02
4.286601494281737246e+02
2.799147639084144430e+02
3.706993474627237219e+02
4.896388090394178221e+02
6.546358737713253504e+02
9.267973406154173972e+02
6.330965167394507489e+02
5.849908753677416371e+02
4.746978541943014989e+02
4.860749605707447358e+02
6.275158613376098629e+02
9.738159212702983041e+02
8.364438568375303475e+02
6.773969837796336151e+02
7.342239199314511779e+02
7.078028562033284743e+02
8.758353487823545720e+02
2.782861998511180559e+02
3.311689844674608025e+02
4.294022057035132320e+02
3.524061031146273990e+02
2.484242240289447921e+02
3.661701187764553538e+02
8.868790809844970227e+02
9.156743527248984265e+02
1.089661717706055924e+03
7.861520628428910413e+02
4.108042825077553175e+02
1.508956240781819815e+02
3.274551501201909559e+03
3.512973706842520187e+03
3.530164752327688802e+03
5.646746265875793142e+03
5.331768578859627269e+03
4.720567879421894759e+03
4.000181019013691184e+03
4.931351823221673840e+03
5.286859439585664404e+03
4.707314900944654255e+03
3.072122579721202783e+03
2.973947356793350082e+03
2.798591109878478619e+03
1.837061431616970367e+03
1.948559976404529152e+03
1.878773680799870590e+03
1.602819463882601440e+03
1.228908047685412384e+03
1.707734321169631812e+03
3.379009654858175509e+03
4.169544182809061567e+03
3.529326168677932856e+03
3.590823546124231143e+03
4.239940101992965538e+03
4.099775357987575262e+03
3.832749395769322291e+03
4.228838973456153326e+03
4.138772981469541264e+03
3.016522402795081234e+03
4.464817709142820604e+03
4.598271127130996319e+03
4.077485310890534038e+03
4.835620833958104413e+03
4.433376466488675760e+03
5.187281374355402477e+03
4.309515285190855138e+03
4.837469720971716015e+03
4.367556239094856210e+03
3.104880722571789647e+03
3.100610926338556965e+03
3.304316883049405078e+03
4.435720602805604358e+03
3.271821024399139333e+03
3.554629467119726087e+03
5.203321209561784599e+03
4.594652724193489121e+03
5.289025504082594125e+03
4.061220953042321980e+03
6.257013613608474770e+03
6.051371772180950757e+03
4.683837844452064019e+03
4.253341794042878973e+03
5.113063690943596157e+03
3.203795898617180683e+03
3.354517267688675474e+03
4.396248127314015619e+03
4.388957930077277524e+03
5.808119060104697382e+03
4.765230094218146405e+03
4.129643545940666627e+03
3.168025632696917000e+03
3.811966632987737285e+03
3.074167968440567620e+03
4.271881076538585148e+03
3.086132584580639104e+03
3.764472558567153555e+03
2.992370519739767587e+03
2.141397048171921597e+03
3.601440866914931121e+03
3.070162892196588473e+03
3.626275175636103086e+03
4.648471213292880748e+03
4.627111104678168886e+03
3.727769887742264928e+03
3.718559594300329081e+03
2.878242855069522648e+03
2.565291582375943563e+03
3.510303611385485965e+03
3.724699679174105313e+03
3.380964898063584769e+03
4.244235920847979287e+03
4.406676238161719084e+03
4.127018663837894564e+03
4.147643520613250075e+03
3.486070221079398834e+03
2.643554117544583278e+03
2.226965168010085108e+03
2.840856119565095014e+03
2.867975599042590602e+03
2.192119366242523938e+03
2.124766645285205414e+03
2.718258647698246023e+03
2.400181728910176844e+03
1.922169916912211647e+03
1.874022877640466504e+03
3.075334574199643612e+03
2.765117104910904800e+03
1.845918334036882015e+03
1.987746502291865681e+03
1.907411868632454571e+03
1.884722829046597781e+03
2.167825530238315423e+03
2.556351389781456874e+03
1.933503739273824522e+03
1.134589193722399386e+03
1.527922704890996329e+03
1.577038607092439634e+03
1.624123189945411923e+03
1.086680689803095902e+03
1.081717049461142324e+03
1.188497122196926057e+03
1.119818761827017170e+03
7.469888772102952998e+02
7.317112321571249822e+02
8.884079153723307627e+02
1.024967252249668036e+03
2.013042796681891559e+03
9.495454791873816021e+02
9.062696636665734786e+02
7.539321468133526878e+02
7.397059685977454819e+02
9.306642145058044662e+02
1.110487865754188761e+03
8.438440698045682211e+02
1.033892561045020557e+03
8.339035775384732005e+02
1.253117222492722703e+03
7.973844212950589281e+02
4.655976895087804905e+02
4.205863104202729801e+02
7.536660505873788907e+02
2.141985485135975978e+03
2.369458844559333102e+03
1.729761553763446727e+03
2.313958392898079182e+03
2.788888601258326617e+03
3.450620719226962137e+03
5.609189789577061447e+02
1.083831330751147789e+03
8.183278007521985273e+02
8.966925157241491888e+02
5.901254094166334880e+02
7.991867911544541130e+02
6.322976341924085091e+02
8.699834032590930519e+02
5.402412209338060620e+02
6.917203624499968555e+02
7.615562084048650604e+02
5.933275975268140883e+02
5.251188326887007634e+02
6.362764703118616580e+02
4.749746009753782232e+02
4.866562154256156418e+02
3.836845292218795294e+02
2.156949756529185720e+02
3.147994357967405108e+02
5.344603950173677731e+02
3.547211306025809563e+02
2.312499102430796484e+03
1.920845863972730285e+03
2.852407894446057071e+03
3.703881047079456948e+03
3.174717935358203249e+03
3.353945175805417421e+03
3.311600176854098208e+03
3.682400758013482573e+03
3.711904402713212221e+03
3.890369996325184275e+03
3.410753197536499101e+03
3.503937450435519622e+03
3.167485055017354625e+03
4.151686807688665795e+03
3.740995339505809170e+03
4.130199887604734613e+03
4.370667684981985985e+03
5.517212525180326338e+03
4.491391421522455857e+03
4.304070017767080572e+03
4.392699595829867576e+03
5.507437223483610069e+03
4.462799191793842510e+03
4.836834933840215854e+03
4.677142341067738016e+03
3.786635547255676556e+03
3.429503583632844766e+03
3.554153991311872687e+03
4.540487273785782236e+03
4.503592497460922459e+03
3.858452377798156704e+03
4.591647052062767216e+03
4.720860039457942548e+03
4.289080165106161076e+03
4.813451314696480949e+03
5.438974408489819325e+03
4.411429292331525176e+03
4.108719689289148846e+03
4.613282690907385586e+03
4.072340249481050705e+03
3.654292818503517083e+03
3.316984013784785020e+03
5.250448918302184211e+03
5.743389828314767328e+03
3.568070297514571394e+03
4.421506953929295378e+03
5.154304910282300625e+03
4.250821287918770395e+03
3.474742160313616296e+03
4.715326440316723165e+03
3.985893301080745914e+03
4.773706618936928862e+03
4.442905865099958646e+03
3.524448367347218209e+03
4.627166634452169092e+03
3.491659363320984994e+03
3.843948156412144272e+03
3.672416751623287382e+03
4.829099045515530634e+03
3.148496993569058304e+03
4.078274628404033592e+03
4.624537916583121842e+03
4.036455166697089226e+03
3.674961503700060803e+03
4.255715272597551120e+03
5.289420514087893025e+03
6.336575897671793427e+03
5.353960279371905926e+03
6.382380710712306609e+03
6.166979820741729782e+03
5.926822027372083539e+03
5.248111046516904935e+03
6.678474717488101305e+03
4.490425546805757222e+03
4.131199042033223122e+03
6.542478505664868862e+03
5.511051025492963163e+03
6.163295646330266209e+03
4.296614011466276679e+03
6.094701987801463474e+03
7.288160791885500657e+03
3.879597763130053863e+03
4.320004727954087684e+03
4.645260376983723290e+03
5.074655929484094486e+03
4.754870893975004947e+03
3.477798487441792531e+03
3.469802971573305967e+03
5.115849660557286370e+03
4.741388252086703687e+03
4.523599338504904154e+03
6.052799366301527698e+03
7.102083784800182912e+03
5.334243488098086345e+03
5.807628977839947765e+03
5.535374816921726051e+03
5.266122155544660927e+03
5.278910088525917672e+03
5.224753722839121110e+03
2.687318596275854361e+03
3.969021615492239107e+03
3.469725343231978059e+03
3.842258560681571907e+03
3.466757260844264238e+03
4.124024824601624459e+03
3.608173321549430511e+03
3.499125407751131661e+03
3.434260565089349257e+03
3.423354454254063512e+03
3.129438155695772821e+03
3.621138986746266255e+03
4.216906365244642075e+03
4.032242403899651890e+03
2.812543182770505609e+03
3.322341982495404864e+03
2.337067219432655293e+03
2.331592507628634394e+03
2.525252541842550272e+03
2.778120783355864660e+03
2.404719129143801183e+03
2.364590366586789060e+03
1.930657977043657866e+03
1.804462678455912510e+03
1.206362140144075056e+03
2.208096821064367759e+03
2.110137316417226430e+03
1.343916553620076911e+03
2.117705245039901001e+03
2.029331392305949066e+03
1.352448345974418316e+03
1.076558296557605672e+03
1.129767786438822895e+03
1.534641258301987591e+03
1.539281028082494686e+03
1.130103109737951399e+03
9.265042665298531119e+02
1.007249643210214685e+03
1.172557912455431733e+03
1.057265282005415202e+03
1.462365299554091052e+03
1.320970540317734049e+03
1.259157289259796471e+03
5.931966761831471331e+02
1.304523209073464386e+03
1.724195170843519691e+03
6.525888744558362760e+02
5.583383238470247534e+02
8.016848442883360804e+02
7.014832792712338687e+02
7.436275581532175920e+02
5.353206768161268201e+02
5.507247149498271028e+02
6.896159784507692621e+02
4.603418286455985822e+02
6.733691998041259694e+02
4.920623081855350165e+02
6.149900393398889946e+02
7.212938314644692355e+02
5.099160890298148843e+02
3.861183075429589167e+02
4.296757983721000187e+02
9.335709012669904041e+02
5.592517453262797744e+02
5.453386572161962249e+02
8.002445566875449003e+02
4.363949250927436196e+02
2.925702519191281681e+02
5.325427571656714463e+02
5.467576063051917572e+02
3.798765922356701594e+02
4.011733468086414405e+02
4.733071638047554188e+02
7.700307745449001686e+02
8.404961822146265149e+02
5.607250527305636751e+02
6.663022178054820870e+02
6.003862157149932273e+02
5.665579793057877396e+02
5.967955206785989049e+02
5.351236716108354585e+02
4.543885578100450857e+02
6.492455686584376053e+02
6.359491420393674161e+02
4.243168756523555203e+02
3.038834975613186202e+02
3.374134756263144368e+02
3.771985121807246060e+02
3.468228219711699580e+02
4.945664614151000364e+02
2.000228178330666424e+03
1.586908235303492802e+03
1.663272842398406510e+03
2.624261014958334272e+03
2.940405918663472221e+03
3.040128483211546154e+03
2.271630392136454248e+03
3.109078341299705698e+03
2.964529777934233607e+03
2.322378301838849893e+03
2.385175689766389041e+03
2.396929109989287554e+03
2.625094879630059040e+03
3.925560276020140009e+03
2.709785952245131284e+03
2.853566636361565543e+03
2.067190060237738635e+03
2.393059573252473456e+03
2.492151868791830566e+03
1.598306578931970762e+03
2.385249120555577974e+03
2.045915697626527162e+03
1.827784639078276768e+03
1.757215444578943561e+03
2.576498080607721022e+03
2.151988108205840490e+03
2.208338984048682505e+03
2.304956065237504390e+03
2.533733671619012512e+03
2.531985807295075574e+03
3.806306287562759735e+03
3.771033327003486193e+03
5.864989933486948757e+03
6.700065832675074489e+03
5.753702133422382758e+03
5.910952440441348699e+03
5.524141133301375703e+03
5.985771948206148409e+03
6.066103003186973183e+03
5.994067535798251811e+03
5.955638568502595263e+03
6.047717194466618821e+03
6.936860085833367521e+03
8.218966294952433600e+03
5.969061214524724164e+03
5.641143220553794890e+03
5.950699061393148440e+03
5.806087617523694462e+03
4.205882179981807894e+03
4.961949605777589568e+03
4.778453874710517994e+03
4.123883542883078007e+03
4.332520237325984453e+03
4.918718887157688187e+03
3.759808753321276981e+03
4.455385379620726781e+03
3.998459196711800359e+03
5.260211976285882884e+03
3.807925368511378110e+03
3.090252299823368048e+03
2.570940272997476313e+03
2.938792527625490493e+03
2.995383506453509199e+03
3.849527131174140777e+03
3.268144617079719410e+03
4.489875344091376974e+03
3.412605269044057422e+03
3.033385012282430580e+03
3.009722041754030670e+03
1.975124370549316609e+03
1.824963251838666110e+03
1.441953077442597532e+03
1.392476620305130609e+03
1.595517140085655228e+03
1.744793908582845233e+03
2.628190253051468517e+03
2.623672940150286195e+03
2.027760147012476864e+03
1.821006372284512508e+03
1.859147637529843450e+03
1.497591157523554557e+03
1.835804013658902022e+03
1.724029901656306720e+03
2.792284067922139457e+03
3.333501278564386666e+03
2.425207762093663405e+03
2.661982310266792865e+03
2.258245111744780388e+03
1.445845524864036406e+03
1.025552743583996062e+03
1.812245305254149571e+03
2.005576713288622841e+03
3.336408075284847200e+03
3.751160517933227766e+03
3.983018697278183936e+03
2.967724300962926009e+03
3.833904485159077467e+03
3.930636634995066288e+03
3.697515544025913641e+03
5.107587895583204954e+03
3.673625758056242830e+03
3.224326123562630528e+03
3.468629255689831552e+03
