4.163806541007592386e+03
5.582191306729166172e+03
4.171315249056583525e+03
4.070042443038570127e+03
4.140472848016130229e+03
5.012158177446116497e+03
5.230647645562711659e+03
4.824893432619792293e+03
3.105434330163345294e+03
4.202104116717524448e+03
3.379798112247103290e+03
3.758482312686865953e+03
3.034258465945815260e+03
3.394428908745658646e+03
3.729609153449746373e+03
3.287522800372607890e+03
3.792767284820213263e+03
2.900689055460801228e+03
1.493530795314659372e+03
1.720625175184823547e+03
1.698856504475440261e+03
1.523721410379164809e+03
1.884481237946787587e+03
2.693905138671423629e+03
3.512313854643800823e+03
3.127892973344504298e+03
4.405910697676637938e+03
5.766196715577853865e+03
4.258642160368205623e+03
3.589819422757441316e+03
5.523276210517347863e+03
3.552476408884908778e+03
3.803783664853284336e+03
3.724917976954359801e+03
2.956768048866087611e+03
1.756992995354103414e+03
1.561185675180947555e+03
1.112238363318341499e+03
1.103151555194038110e+03
1.189371178545704424e+03
1.107687558015471723e+03
1.883723427238746808e+03
2.754617217418091968e+03
2.648830737038421830e+03
1.519784698606725669e+03
3.264747034801253903e+03
4.283852274350269909e+03
4.970173042038612948e+03
4.220323706774368475e+03
2.905551183973069783e+03
1.782761944094390856e+03
1.339998087935561671e+03
1.615819047605699097e+03
2.029587774038001271e+03
2.407183077396363387e+03
1.308174933160857563e+03
1.498644695368874409e+03
1.500579795698650742e+03
2.087472858758890652e+03
2.378437041814372606e+03
2.369562081692611628e+03
2.947279809148662935e+03
1.835100913485244291e+03
1.875028792684282280e+03
2.696148503307483224e+03
2.533626121034146308e+03
1.785612383043999444e+03
1.363217113261517397e+03
1.147995668820447918e+03
1.293087590527683687e+03
1.942440914550162006e+03
2.718407675973259757e+03
3.719272291797104117e+03
2.966186964782540599e+03
3.756823926373423092e+03
2.856694059788530922e+03
3.903809123436435584e+03
2.420981154215620336e+03
3.011509260637710213e+03
2.426329822863315258e+03
2.642151614701801918e+03
2.450019454355239759e+03
2.141539205632717312e+03
2.528671576144276514e+03
2.310443889739014139e+03
2.626842603690945452e+03
2.449785701058442555e+03
3.503404323681852475e+03
3.318787713846280894e+03
3.358269860809251441e+03
3.541843037843478214e+03
2.458526335217553424e+03
3.064940001347215912e+03
2.290015786728269177e+03
1.820159819804978952e+03
3.358929252973455277e+03
2.012443120948796377e+03
2.055195247264770842e+03
1.650186050025643681e+03
2.132782060267621546e+03
3.470428240495407863e+03
2.217537286771107574e+03
2.574739370665720799e+03
2.364371819962774225e+03
2.553672074782300569e+03
1.885025875912319862e+03
1.848389436189104799e+03
2.042085327135951502e+03
2.371259383704772972e+03
2.873341198536710181e+03
2.421923330601191537e+03
2.394000517655862495e+03
2.106661015813591803e+03
1.716623840348907379e+03
1.696961532244288264e+03
2.206526850580499286e+03
2.221657066486966869e+03
3.411135680364119253e+03
3.639547099258169055e+03
3.963076362697094737e+03
5.649616922039949714e+03
2.685461838678825188e+03
1.286793479588588525e+03
2.209432617704422682e+03
3.846026821244955045e+03
4.102835862058196653e+03
4.024375118918489534e+03
4.275890304332379856e+03
2.486957858251325433e+03
4.034703103999179348e+03
4.481196266610124439e+03
4.287536323560179881e+03
3.664620812315995863e+03
3.457085919583349096e+03
3.295646968078858208e+03
2.156007893020099345e+03
3.396467002614994271e+03
2.844229416287251297e+03
3.275131037178867246e+03
4.729957301085255494e+03
4.060096994237328545e+03
3.947003284368107416e+03
3.909721514757383829e+03
4.908309331719437068e+03
3.263211713997109200e+03
4.755088662497841142e+03
3.754198494773296261e+03
4.607076242464901043e+03
5.573672972461374229e+03
4.969816247066523829e+03
5.152039758719351994e+03
3.460073479950081492e+03
3.932546875980729055e+03
4.097006587744371245e+03
4.429507792438805154e+03
3.900102949374617765e+03
3.945929749875927428e+03
1.785039615671459387e+03
2.121534380893313482e+03
3.279837829894670449e+03
3.180570659438055827e+03
2.741851171311612234e+03
2.931549427959485911e+03
2.299454720750958131e+03
1.695978408939067094e+03
1.525860561333671285e+03
2.031091235420029307e+03
1.890605052330447961e+03
1.846519273807695299e+03
1.732982462656356120e+03
1.332733092781230425e+03
2.887871735834176434e+03
3.545603393538004184e+03
3.956961485050449937e+03
4.121177238170882447e+03
4.889430836555482529e+03
5.636610599615583851e+03
4.997246000295494923e+03
4.754346691678031675e+03
5.731591702476178398e+03
5.385296445691744339e+03
5.159367062951569096e+03
5.350856990838872662e+03
5.167479600817229766e+03
4.643245676083624858e+03
5.204601673847914753e+03
4.679993039968650919e+03
5.643034146617162151e+03
5.611388542242717449e+03
5.380730539289199442e+03
4.429209593410920206e+03
5.025850610852406135e+03
5.056007750339313134e+03
3.959223157794679082e+03
4.405665008286795455e+03
4.763477002527329205e+03
4.209575421053371429e+03
2.973958476337386855e+03
3.394403803102387428e+03
2.575507283566979822e+03
3.387653560772929268e+03
2.911308345402944724e+03
3.397375066270941716e+03
3.046416354834786489e+03
3.127996211101605695e+03
2.028152940505960942e+03
2.130537339859697568e+03
2.629250152582426836e+03
2.387128562657578641e+03
2.439731918062985187e+03
2.592275793812961183e+03
2.198247802148907340e+03
1.560034547222445553e+03
1.719937195389014505e+03
1.277319757282331693e+03
1.304054177163738359e+03
1.679629269244497436e+03
1.644425045239293695e+03
1.864348921415979703e+03
1.777744842095940839e+03
1.799662998222236183e+03
1.404772045381556381e+03
9.918671373735671750e+02
1.207065284209971423e+03
1.209050320847709372e+03
1.213879980250407925e+03
1.200769110693077437e+03
1.428587076957328691e+03
3.256832783228981953e+03
4.054113517233503899e+03
2.731032911271923695e+03
1.369751996220939418e+03
2.188538345515724814e+03
2.217243147529086855e+03
1.733046323594051955e+03
1.348309602925404988e+03
2.030237711142168109e+03
2.039768176986210619e+03
2.013054209008478665e+03
2.006203365782496803e+03
2.948471238247066594e+03
3.210975508544805962e+03
2.926641997120452743e+03
3.150138092333373152e+03
2.574297320776755441e+03
2.448213715789634534e+03
3.317410526957286493e+03
4.257441538029622279e+03
3.246536463752187501e+03
3.102159937983380587e+03
3.256383925761624596e+03
2.459927875434173075e+03
3.079069725798753552e+03
4.572051501018269846e+03
4.545607225429216669e+03
4.740220202899708966e+03
4.240116843306935152e+03
4.109834472284538606e+03
4.005876685683260348e+03
5.195830664697688007e+03
3.662771100542695422e+03
3.268160597008540208e+03
3.055234884152158429e+03
2.766858918092645126e+03
3.087785875520633454e+03
3.566859385869348898e+03
3.930604079183409794e+03
5.042218779826776881e+03
5.340950482257289877e+03
5.038690622528334643e+03
4.187206733832132159e+03
4.200507486637025067e+03
4.660825118598541849e+03
4.371049242394517933e+03
4.293412253509036418e+03
4.070917169014116098e+03
4.032609605847880630e+03
3.363406232097263910e+03
3.374816189817616760e+03
3.142814980212996943e+03
2.800865269781648749e+03
2.969077176411145501e+03
4.816028384283516061e+03
4.871341917222942357e+03
3.762449334095214908e+03
2.016679919719214240e+03
3.977691453922408982e+03
2.026999660981636225e+03
4.703146191811904828e+03
3.551996361665681889e+03
4.102525261853659686e+03
5.170801150584604329e+03
3.480063831631126050e+03
3.560840534928991474e+03
3.118448456775271552e+03
3.047011914135186089e+03
3.778459021874513382e+03
3.918939465043962628e+03
4.938788597771128480e+03
4.126242453033099082e+03
3.101925037577767398e+03
4.714174294494095193e+03
3.894922743147350502e+03
3.110452797295001346e+03
3.307152573267600474e+03
2.214164234902284534e+03
2.172412099921426488e+03
4.527775641490880844e+03
4.719878016414713784e+03
5.113017624264746701e+03
3.053817924425684396e+03
1.949043006815496028e+03
1.719822487884230668e+03
1.810400181771705775e+03
1.472169394704090791e+03
2.850419371196893280e+03
1.735041913411651649e+03
1.350887139182955252e+03
3.230967305550286255e+03
4.192990467050523876e+03
5.619820245814664304e+03
3.776027544152695555e+03
3.844250662640809423e+03
4.215865674352751739e+03
4.549243258955189049e+03
4.346323299872433381e+03
4.067535142755531069e+03
5.076663178726634214e+03
4.083875275825766494e+03
4.352870412596443202e+03
6.315337398589396798e+03
4.360766820231350721e+03
3.899674578122533148e+03
6.887769459720905616e+03
5.499264287052260443e+03
4.217255899497986320e+03
4.922407033327903264e+03
3.982082900534323926e+03
3.677832851138437491e+03
4.656575217529211841e+03
3.951879396314800488e+03
4.187875168251531250e+03
4.797574239417137505e+03
3.830789937312219536e+03
3.003809034827520009e+03
4.247514189830001669e+03
4.521360680375800257e+03
4.240281196390256810e+03
4.990010566274273515e+03
4.644070151337075004e+03
1.324699875917511235e+03
1.744110722162950424e+03
2.276007542972409738e+03
4.287103781250886641e+03
6.698826357999818356e+03
7.279100503682721865e+03
7.026762816784224015e+03
4.881977199779658804e+03
5.496961486349341612e+03
4.849620137524299025e+03
5.169312985478725750e+03
3.621667051689796608e+03
3.333907579508124400e+03
1.966878689188153658e+03
1.265776174426704074e+03
1.694125324766452195e+03
2.901507605430855619e+03
2.903655944331061619e+03
2.831647957608237903e+03
1.361501699616895394e+03
3.767507705012355927e+03
2.489104274649304443e+03
1.741590032783175275e+03
3.196908323497152651e+03
3.793378695873348079e+03
4.256203866897883927e+03
4.139229507588365777e+03
4.010775778114945751e+03
3.195457023440098965e+03
2.732023563743891827e+03
2.796990245123487966e+03
2.345524407971480287e+03
2.421289341016708931e+03
2.792041868085208080e+03
2.988281403941580720e+03
2.849938458556570822e+03
4.436252708866157263e+03
3.621490203094050230e+03
2.535259981486447487e+03
3.291996898509974926e+03
2.712685272094533957e+03
5.971457985988647124e+03
3.552787467619412837e+03
4.021795447114468516e+03
3.298619943840092674e+03
3.293637424462063791e+03
3.364222774515482342e+03
3.250271516735080695e+03
3.624723419755334817e+03
2.803233217170075477e+03
3.100082870768903376e+03
3.148299942713786095e+03
4.475000385272061976e+03
4.868032333839062630e+03
3.995119658898302077e+03
3.817628223871230148e+03
2.234974787102553364e+03
1.921339954316210424e+03
1.063113941384618556e+03
1.504269450189247664e+03
2.190920489366524180e+03
2.652441132276729604e+03
3.038457069673715523e+03
2.828593863025565042e+03
3.420172311368979990e+03
3.802237035908996404e+03
3.461879704674237473e+03
2.707553556664664939e+03
2.479788198870134693e+03
3.823273730480688755e+03
4.143414339139108961e+03
3.832389789541259233e+03
3.015854967637717891e+03
3.425493994672702684e+03
4.090480153692330987e+03
2.276431041454776732e+03
1.244661263124499328e+03
2.288852832242114346e+03
1.983059292410537637e+03
2.424696484829100427e+03
2.648132613433388997e+03
2.150906424612015144e+03
3.393616374951358921e+03
2.165815065162101746e+03
4.548203711739964092e+03
2.874888463623032749e+03
4.466718547808358380e+03
3.970918078791200060e+03
3.712834443176734567e+03
3.943014034043160791e+03
4.584396417218371425e+03
4.246397323553878778e+03
3.278617298172311621e+03
4.178163360781320080e+03
3.642697568213564409e+03
2.572781337411437107e+03
3.560081658489595611e+03
3.171829071238144934e+03
2.140416904449883077e+03
2.342402699976699751e+03
1.516398146462831392e+03
2.483950459879984464e+03
2.817674118012822419e+03
3.064218373762185820e+03
3.154040886337532356e+03
3.460930342443085010e+03
3.409299736497297999e+03
2.561191161065906272e+03
2.950080187143598323e+03
2.745164337334669654e+03
1.733067129766810240e+03
1.356511729740163219e+03
1.112715836603386151e+03
1.213088828808202379e+03
1.240281175095641174e+03
1.477280892715026994e+03
1.800246937708257292e+03
1.903350950653245945e+03
2.069951767659266807e+03
1.412186257934632749e+03
1.931115282159652452e+03
1.995110546684192741e+03
1.993381126909404202e+03
2.052841101291259292e+03
2.304593325565671876e+03
2.483668585666303898e+03
2.143876182444287224e+03
2.116254564009130718e+03
2.230577221872821610e+03
2.431863584344212995e+03
2.124536447680710808e+03
2.292368571666109347e+03
2.139611580062397479e+03
1.875753361257543702e+03
1.879468299321411223e+03
1.569221918028979417e+03
1.357807962293252785e+03
1.790584045479323549e+03
1.837488275538998323e+03
1.736213085703765046e+03
1.372366312539841374e+03
1.665830851982702598e+03
1.948762821680483057e+03
2.131534350722694853e+03
1.848725881631836501e+03
1.986867697345922579e+03
2.480755806782773107e+03
