2.526022549873631760e+03
2.782461145177469916e+03
3.054313530155758144e+03
2.823225942939415745e+03
3.176264460948829765e+03
2.171565041075521549e+03
1.876887087704874375e+03
1.993328319446665773e+03
2.040770206664476518e+03
2.104874607194610235e+03
2.002138725717209127e+03
2.032675397121926380e+03
2.675873316522152891e+03
2.348031893089349524e+03
3.497000484134615817e+03
2.531996396461218410e+03
2.004585943168470067e+03
2.853035911170354666e+03
2.186404804117267759e+03
2.409774992797854338e+03
3.086193177339790964e+03
2.169101854477763482e+03
3.588390196414605725e+03
3.146201554958225643e+03
3.662084306653828662e+03
3.251051447027941322e+03
2.308393904538887455e+03
3.883959526562539395e+03
1.285424375881682863e+03
6.477511606541455876e+03
5.207189720856999884e+03
5.356155726694203622e+03
2.843351498263200028e+03
3.268921935362016029e+03
2.934975010086790462e+03
5.965687179386056414e+03
5.738034480347595490e+03
4.596606407453903557e+03
5.594667751853959999e+03
4.888124691779615205e+03
6.810888745426842434e+03
4.634647547082767232e+03
5.182016223236444603e+03
4.911731971038779193e+03
3.757338608935624507e+03
2.646470538980810488e+03
2.402120095787393439e+03
2.402226793369447023e+03
2.338517291496460530e+03
2.883378583750149573e+03
2.750635682179993637e+03
2.455152889258764390e+03
2.889599610548767487e+03
2.063942367239289069e+03
2.330500327547746110e+03
1.781948877342490050e+03
2.690521758132464583e+03
2.672216310936809805e+03
1.919842101191262600e+03
1.742282001757993839e+03
2.483248497709056210e+03
1.840897788625191652e+03
2.009646327464086198e+03
1.683930482016215137e+03
1.515826777038267210e+03
1.403418687942079487e+03
1.661366360032035573e+03
1.465949304911699983e+03
1.688243501118463428e+03
1.359471600646888646e+03
1.495428409216518048e+03
1.419166299704908170e+03
1.472661960560913485e+03
1.289895613696862711e+03
1.167526815536761205e+03
9.300869032221116868e+02
1.158473626523802977e+03
1.088905957395412088e+03
9.504630034706686956e+02
9.817914787179453242e+02
1.131640470006669602e+03
8.259156911912638179e+02
1.073476641046701843e+03
1.040917326669110480e+03
1.440644694977197560e+03
1.360245216611248452e+03
1.074149091075957358e+03
1.305629952702736773e+03
8.876658980086571091e+02
1.040819578608572101e+03
9.976283585620685699e+02
1.060354741975249908e+03
8.085913939329655022e+02
1.110704018241355470e+03
1.220593083558208264e+03
1.347292028261369069e+03
1.192181343259663663e+03
1.169980950600006054e+03
1.114801327187652078e+03
1.310782930648597585e+03
1.355054435922096218e+03
1.467214887510883727e+03
9.754022207784330476e+02
1.281990806650289642e+03
1.427988682210295565e+03
1.091517927746319174e+03
1.034197017233994757e+03
9.207772790725235836e+02
9.795549044137962937e+02
1.177466687921753874e+03
1.124953963861856209e+03
1.331403535266598055e+03
1.205476323759641218e+03
1.141931576958743108e+03
9.901483513077067755e+02
1.202543838102278414e+03
1.132426867930773369e+03
1.503312279646330353e+03
1.086420377452114280e+03
1.115275916424440993e+03
1.074883489908768070e+03
1.171823215968776594e+03
9.946363239391504294e+02
1.455003896794902175e+03
1.151115172983162438e+03
1.379067831495125574e+03
1.491242242592888033e+03
9.358095458721788873e+02
9.710880694740076251e+02
1.181401398141753816e+03
1.128053132273305891e+03
1.349821726672121486e+03
1.615722974978273442e+03
1.503308185459923152e+03
1.508716248188361078e+03
1.272250730871710857e+03
1.027252651735233712e+03
1.163852210626312171e+03
1.296188464393202139e+03
1.076936702422817689e+03
1.063414635357891029e+03
1.399315627888109020e+03
1.315818792624341540e+03
2.977263453446054427e+03
2.927019404304931868e+03
4.606640195219298221e+03
4.102479053940347512e+03
2.765910285085105897e+03
1.957978505615577888e+03
1.306206079588321018e+03
9.172140452806550002e+02
1.285886284315756484e+03
1.252898366478111257e+03
1.796135354785605159e+03
2.773781105375314382e+03
2.901470076008296928e+03
3.856756238976705390e+03
4.358505716188843508e+03
4.255543494557169652e+03
5.669977145996002037e+03
4.216373781861832867e+03
3.548094192006259618e+03
3.303722568573165972e+03
3.136221479300500960e+03
3.748731290990578600e+03
3.049221757515055288e+03
3.370502448435292536e+03
4.648572788274346749e+03
3.853652464048276670e+03
3.236085145411560916e+03
3.625140033784801744e+03
3.302059658379499524e+03
5.809077688336680694e+03
4.814651327383719945e+03
4.394259019567345604e+03
4.466570282254953781e+03
5.741123132579749836e+03
4.668477576912496261e+03
4.116858196656052314e+03
3.049742247874712120e+03
2.460731742501538974e+03
2.403262567382010729e+03
2.948832941804082111e+03
3.199826381039527405e+03
2.748512140580267442e+03
2.228175261839386621e+03
2.714943323851376590e+03
2.725893282920730144e+03
1.747277372158840535e+03
1.806676432680919788e+03
2.438107632026278679e+03
2.899310530407937677e+03
3.366209541331769742e+03
2.836976760909926725e+03
2.201752468916678936e+03
2.397021720082441334e+03
3.032104595081607386e+03
2.132496839960529996e+03
2.359742321008826821e+03
1.798706260359721909e+03
1.941010392011516615e+03
1.764939408584323701e+03
2.102086373585138972e+03
2.322399821148866977e+03
1.676229172495539842e+03
1.820002119885508364e+03
1.671652544381394364e+03
2.256702500669755864e+03
3.059007938517423099e+03
2.232896211813772425e+03
1.013939982107861510e+03
3.950213602811539658e+03
3.087755710894071854e+03
3.377364739934957015e+03
2.884286150912759240e+03
3.025806773444454848e+03
2.803795396889091080e+03
2.802570982628569709e+03
1.923013757270354972e+03
1.946951978717548400e+03
2.403666050312278458e+03
3.185075919751840047e+03
2.883084707624640487e+03
3.106082371789620083e+03
2.395044039801192412e+03
1.937452090020156902e+03
2.077646981303656958e+03
2.394436718848627606e+03
2.500553147055309182e+03
1.698399146716981704e+03
3.030296805382833099e+03
3.516332863274454667e+03
3.166156998721044147e+03
2.688401532207773471e+03
3.699389127935922261e+03
3.593106725176344753e+03
3.329915748758711743e+03
3.052761309748939311e+03
3.187259688414117591e+03
4.117483190640604334e+03
3.951989687731838785e+03
3.860854062201729448e+03
1.917179981066284881e+03
1.740796534469940525e+03
1.047516094905183309e+03
9.177169540249013835e+02
1.217497118737797564e+03
1.117898370608085315e+03
9.457081056722604444e+02
1.018550097185941013e+03
1.122584873595400268e+03
1.153363067545134982e+03
1.031470091877931281e+03
8.274311808580202978e+02
8.538407344625035194e+02
1.481847414422769589e+03
1.836259582361924231e+03
1.745191823262907747e+03
1.331707922115769406e+03
1.369471584965935563e+03
1.226499272748988915e+03
1.213336452602019108e+03
1.245488339687712596e+03
2.316164927971664838e+03
2.023743272362009066e+03
1.570522424946542742e+03
1.288469119203092305e+03
1.274288110012368861e+03
1.017536709837487138e+03
9.277239397335276863e+02
1.199518691582542488e+03
1.136645186362304912e+03
1.585825678828027776e+03
1.217961131307447204e+03
1.022553666346610839e+03
1.230369948059815442e+03
1.004961215153802414e+03
1.578554356526398351e+03
1.348228577853159322e+03
1.086942018931608345e+03
1.333219803480239534e+03
1.447762158525693394e+03
1.390159206231097414e+03
1.404900150212516564e+03
1.098999789749044794e+03
1.174377458575167566e+03
1.283569081175966176e+03
1.482823110882369974e+03
1.153846382174356449e+03
1.261413056610809917e+03
1.102146565614542851e+03
1.274961156548841245e+03
1.487501616218897880e+03
1.729170765066915919e+03
1.384517582429525419e+03
1.115807533721721711e+03
1.296839151512926492e+03
1.452421136895570044e+03
1.438964512499851253e+03
1.601447191451846038e+03
1.344053518250644856e+03
1.297769224919951057e+03
1.441650820102019225e+03
1.400680318671781606e+03
1.183557986537821989e+03
1.214111952675123575e+03
9.797570531224414481e+02
1.125449748281780103e+03
1.052553545178750937e+03
1.346696122376044059e+03
1.172789979615203265e+03
1.469104782758473220e+03
9.749061994413049206e+02
1.136372990627861554e+03
1.041145376085726411e+03
8.434209540372228275e+02
8.293399257215719445e+02
1.258600806609563733e+03
1.232637596731825170e+03
1.927388574735453403e+03
1.939991677977024665e+03
2.179780115573817966e+03
1.410695908674283146e+03
3.074667283710472475e+03
4.837549658390095829e+03
3.685271416946693535e+03
3.130771248024836495e+03
3.569531010979854273e+03
3.462791039469535463e+03
5.360126016192418319e+03
4.198652494964940161e+03
4.169633743761072765e+03
3.087556976952164405e+03
3.584681408584487599e+03
4.284368958379331161e+03
4.417064428941963342e+03
4.801128803682215221e+03
3.946482422369087544e+03
5.560203667855796994e+03
3.571698227489361216e+03
4.096613697511035753e+03
3.943325725470803718e+03
3.991481894958293196e+03
4.369661707517152536e+03
3.669536134262487394e+03
4.664881439199240958e+03
3.243422533141071199e+03
3.426401691042323819e+03
4.039132999524354545e+03
3.019811056219980856e+03
3.085268571214597159e+03
3.465367221705718748e+03
2.933373895274878123e+03
2.958782850593870080e+03
2.480863342335974266e+03
1.873730400623022206e+03
1.823599773990351423e+03
2.254678038972915601e+03
1.352452609660803091e+03
9.660526060110643130e+02
9.738699454555486454e+02
1.154763234939580798e+03
1.123588593006787278e+03
1.486063867424140881e+03
1.487091093921558013e+03
1.647845861889234811e+03
1.211278491198116399e+03
1.359082578652587017e+03
1.445325718629174844e+03
1.510875781057930681e+03
1.187260817842876122e+03
1.066662258270350094e+03
1.282695805852913281e+03
1.274149786702409301e+03
1.443852937998919288e+03
1.319159540059411938e+03
1.633769767844086800e+03
1.317101747819716820e+03
1.280843509981005127e+03
1.066716310376333922e+03
1.268589630246169008e+03
1.102995574683189261e+03
1.485443836735116520e+03
1.501016590032571457e+03
1.628813172326589211e+03
1.376037255111646346e+03
1.479206618466221698e+03
1.256726520096244485e+03
1.072036376253912749e+03
8.533767228256051567e+02
1.031162644458425348e+03
9.832522462076316287e+02
1.809031902587936202e+03
9.919469933095100487e+02
9.847658409902899166e+02
1.049984741462506918e+03
1.700759269881456476e+03
1.141403881063767358e+03
1.221962305208403222e+03
1.207916974122955480e+03
1.255515265742967813e+03
1.291938986877612251e+03
1.657527728316645607e+03
1.478777372416112030e+03
1.452470961985136682e+03
1.084277125891952437e+03
1.456425241677251051e+03
1.184497300824399417e+03
1.243748902546420140e+03
1.261655731434375639e+03
1.270490790380774797e+03
1.504282458631780173e+03
1.892783449386868142e+03
1.362282470346369564e+03
1.333646598794254260e+03
1.563243599154064668e+03
1.322078816062452006e+03
1.102088852704701821e+03
9.775522112730610615e+02
1.148848032920768446e+03
1.281063387636722609e+03
1.536553622225453637e+03
1.337220426346682189e+03
1.542974616316378388e+03
1.294956166906803219e+03
1.448514683259195863e+03
1.338806766401425193e+03
1.473270680350986140e+03
1.573412585834561469e+03
1.169218569015875573e+03
1.248467298131619600e+03
1.388626985837887787e+03
1.482054897068405580e+03
1.168688642525861724e+03
1.232093690761925018e+03
1.145318908332632873e+03
1.130650869257270870e+03
9.186083549629419167e+02
1.080714745147972053e+03
1.087680578381708301e+03
1.275396846133626468e+03
1.740465822722757366e+03
1.269473317994475110e+03
1.417192022573466375e+03
1.552613784025408677e+03
1.894708358175196054e+03
1.520525041145709793e+03
1.172278914716067447e+03
1.227125154733817453e+03
1.009376430770972547e+03
9.813076860415852707e+02
1.264477884056160065e+03
1.226400904360981485e+03
1.127873418506443386e+03
1.337446373297266973e+03
1.611749905874075694e+03
1.423413818695950340e+03
1.176943714853921165e+03
9.017507185962745098e+02
8.672280587335942528e+02
9.782120316353209546e+02
1.169276523932364626e+03
1.523520033272696310e+03
1.098652017977799005e+03
1.076342347156431060e+03
1.093917119847913000e+03
1.180984193009042883e+03
1.067575127030352633e+03
1.107558593021685283e+03
1.176880018095843525e+03
1.444113796337385793e+03
9.683860602142148082e+02
9.993884787097998696e+02
9.877330646228213027e+02
9.835743990895417710e+02
1.214422870294365111e+03
1.470275625349800976e+03
1.848448781565258287e+03
1.515651368452775614e+03
1.975490616442203191e+03
2.831051286416106450e+03
2.417854454429165344e+03
2.616009563567542500e+03
2.105931217721585199e+03
3.419349157685014688e+03
3.669404949229558952e+03
3.395128799381110184e+03
2.998816897832972245e+03
3.193280272511663952e+03
3.274984844378691378e+03
3.183126516894799806e+03
2.687560575163732210e+03
2.537969322814040879e+03
2.709736134868351655e+03
1.703150931125437864e+03
