2.656053173367687350e+02
3.952162040381485895e+02
3.325618574222496591e+02
3.041437615778585268e+02
3.658158214500315921e+02
2.881138271595024207e+02
3.150767276734585494e+02
3.500976721040460120e+02
3.422493659289150401e+02
2.873847868390078588e+02
4.024128021706619052e+02
5.103694874179925023e+02
5.677426283114290300e+02
3.005728392636796116e+02
4.278948807181855045e+02
4.323722829725343786e+02
4.321538706872981948e+02
6.284628124886733076e+02
6.811615047595532815e+02
6.319878688981084451e+02
9.088294474034379391e+02
8.409972328131799486e+02
6.065319319179053537e+02
3.859967386727412872e+02
2.925545071308240495e+02
3.801714652971563737e+02
2.585511555743452163e+02
3.529240471657800526e+02
4.876694151937422248e+02
3.438839117971202199e+02
3.466814988304572012e+02
3.211589529933123117e+02
6.155611442290099831e+02
3.535736690886792530e+02
3.199073840742980224e+02
2.479313323049298106e+02
2.552504966579698475e+02
2.325410400146093650e+02
2.917453116558780835e+02
3.238038778876939432e+02
2.453136260120472514e+02
3.640435196031972964e+02
3.762358248555072464e+02
4.419514212650018976e+02
1.990570530234410569e+02
2.767293696752502683e+02
4.000778263392135727e+02
3.241499324561767139e+02
4.714821450157522804e+02
7.193679020496250587e+02
1.602078434441411446e+03
1.341291681173215920e+03
1.386130206464690900e+03
1.414814832319263587e+03
1.105095928587355502e+03
6.532845031939042428e+02
8.080571463379112629e+02
6.650714300876167044e+02
4.251790907266364457e+02
4.164892063262239503e+02
3.274137047941695755e+02
6.116289777509276746e+02
5.002802359301035722e+02
5.948590079137194380e+02
4.490323727761090140e+02
2.980014764388943718e+02
3.379755570496920996e+02
6.563801495809475455e+02
6.527596848471287103e+02
6.380646308415012982e+02
3.217173177069559529e+02
3.131390266987845052e+02
5.178051132894739794e+02
8.083531325825975955e+02
7.342774419375444950e+02
4.262432562321117757e+02
5.677923176512531427e+02
6.180416669065108408e+02
4.592466958207526204e+02
7.295308304723084802e+02
9.786644977479152203e+02
6.247766766251766057e+02
3.954293577104718906e+02
7.273755954003322586e+02
7.566275737910791577e+02
6.088197671232103403e+02
6.982198733286113566e+02
8.932039394313068215e+02
6.621691558698795461e+02
5.398615209930236460e+02
6.261811221802217915e+02
6.959945886088355564e+02
1.792660391321667703e+03
1.948746633677348200e+03
1.396576837487963303e+03
1.491413709039193918e+03
2.822654753467160390e+03
2.223073946431108197e+03
1.570117494283923179e+03
8.739794661902051303e+02
1.040466942496064576e+03
9.923890254027694482e+02
1.070247312287662908e+03
1.043847923020547114e+03
1.201321057748942394e+03
1.532347314698509990e+03
1.571204762950419763e+03
1.662253884628993546e+03
1.863132256857309358e+03
2.171741941094550839e+03
2.126483293385536854e+03
1.809692203746663836e+03
1.419653052646923015e+03
1.452730646676601964e+03
1.658786827725004969e+03
2.084742917405418666e+03
1.644173765266352348e+03
1.866496999925622276e+03
1.990091204549999247e+03
2.006034536651872713e+03
2.217663713956831089e+03
1.978233335257352337e+03
1.557925335014286929e+03
1.702002049634710602e+03
1.647950845830785511e+03
1.441111127595594326e+03
1.657910562120646318e+03
1.859898762097090867e+03
2.378762095450755623e+03
2.021513125456350281e+03
1.553701911401133430e+03
1.199877779561686111e+03
1.493051572909213974e+03
2.001342792325046503e+03
1.867904941303996566e+03
1.804040606722628127e+03
1.849029838061159580e+03
1.991996849616815553e+03
2.103104890646026888e+03
2.425646515483116218e+03
2.358258594615124821e+03
2.195306578021147743e+03
2.125047304919371072e+03
2.050664089564037567e+03
2.084798894599140567e+03
2.210028825026111463e+03
3.120005525013430542e+03
2.157164665921342021e+03
1.976505281950316430e+03
2.192300311479074026e+03
2.235584294932403736e+03
1.900566985858776434e+03
1.828824871809472143e+03
1.557503333540400263e+03
1.084887851739985081e+03
1.263071310596771582e+03
1.063616688948244018e+03
1.352870792167022273e+03
1.733502349701856019e+03
1.850775399254177501e+03
1.604525125407891210e+03
1.502784675512911917e+03
1.225179061791864342e+03
1.895174703445899013e+03
1.465530512605592321e+03
1.228416766656204345e+03
1.241112935080498801e+03
1.494655728658754242e+03
1.675136366096651045e+03
1.177818598439112748e+03
1.200088779658624389e+03
1.282334481488082474e+03
1.382585735974938871e+03
1.404789840959384946e+03
1.276182250163588833e+03
2.264194925782685459e+03
2.121494633214101214e+03
2.096932206220460102e+03
1.595205042330688912e+03
2.201994310987559857e+03
2.267971478520049459e+03
2.408114863329201853e+03
2.793886546723351785e+03
2.683478068869863819e+03
1.915959073974510375e+03
1.090028296022515633e+03
9.558516302408966112e+02
5.441767944683900851e+02
4.210728757182504864e+02
8.220948035899521074e+02
9.991092597119369429e+02
1.032180440755015525e+03
1.173759484965593174e+03
7.405093357902387652e+02
2.932971730617980029e+03
2.864546992902923193e+03
4.010803603573887358e+03
4.478528842844942119e+03
2.178609383441475529e+03
4.672306352806248469e+03
6.216606897837663382e+03
4.897020412335394212e+03
2.156636158970736233e+03
1.746730177222705834e+03
1.793477762611108574e+03
1.878226690298474978e+03
2.035392880666232941e+03
2.204869478640584930e+03
1.632744039778356409e+03
1.177794189542398044e+03
1.415198479457644908e+03
1.231241407630417825e+03
1.472864562217927869e+03
1.975703329178528293e+03
3.304869250867971004e+03
2.585640148519963532e+03
1.789879482514794290e+03
2.155691824616849317e+03
1.991257444383508755e+03
2.096933519314088244e+03
2.626326928559682528e+03
1.559915835611704779e+03
1.356125485259350171e+03
2.978233793354509999e+03
2.792186004817542198e+03
4.095473957101790802e+03
4.628123709175339172e+03
4.266512264301205505e+03
4.120034365279513622e+03
2.874473037395034680e+03
3.661475544390443247e+03
2.151056251879630508e+03
3.450441237009104498e+03
3.497369100927662657e+03
2.951312278608464112e+03
2.809852209158897949e+03
3.447130481995170612e+03
4.335292563007056742e+03
4.279421047528112467e+03
7.456816901636183502e+03
3.912751178437717044e+03
3.048810401405874018e+03
5.000040130084772500e+03
3.788479649964219789e+03
4.738300676806822594e+03
6.579197900012874925e+03
5.543900494743564195e+03
5.773531450140831112e+03
7.788132796735255397e+03
7.917833289122503629e+03
4.504133480977023282e+03
6.181867760834785258e+03
5.561445823294709044e+03
4.369861820107667882e+03
3.779648840119280976e+03
3.480627373634512878e+03
4.571977998723630662e+03
4.495779876042620344e+03
7.350483085530208882e+03
3.608849558181684642e+03
5.907585114533705564e+03
7.940259316554896941e+03
4.966358552028670601e+03
4.698364936817832131e+03
5.091920924923871098e+03
5.821187149708212019e+03
6.621320713153137149e+03
3.959597318116595943e+03
4.338189429571491019e+03
6.025632760631911879e+03
6.179900831832727818e+03
6.851172980974267375e+03
5.810964906235622038e+03
5.748159443780470610e+03
4.890371892224940893e+03
3.954005564789999880e+03
3.681022184995079442e+03
3.689832869507305077e+03
2.153755029037744407e+03
2.594036696722269426e+03
1.679709783587492893e+03
1.489370765745097742e+03
1.632352833235664093e+03
1.585461064563799710e+03
2.244068010681817668e+03
1.510696865165277131e+03
1.729458366689243576e+03
2.472608199046798745e+03
1.847729299605933875e+03
1.569777560195331716e+03
1.718619920646302262e+03
1.926256761148313672e+03
1.994720036304452606e+03
1.774106504842799268e+03
1.920879132354016292e+03
1.903215385635254279e+03
2.306929976386606086e+03
2.457619615982545383e+03
1.729906542771285331e+03
2.728988547763510724e+03
1.994687807814292910e+03
1.690996620480864749e+03
1.638696131008181055e+03
1.689783598646365135e+03
2.433220923277009206e+03
1.545967326583715931e+03
1.815054701706817013e+03
1.629139070920665290e+03
1.240906022912740809e+03
1.389117304421950394e+03
2.293673047590076749e+03
3.428387167015910109e+03
5.589071501168169561e+03
6.158073640199140755e+03
6.377859931901156415e+03
7.063241950139633445e+03
3.692455160060858361e+03
5.214494019712261434e+03
6.550820971671990264e+03
3.867156406804722337e+03
4.883510650284782059e+03
4.846238895702056652e+03
4.690677779554819608e+03
3.494894498040514918e+03
3.544360329714899308e+03
4.434314760851384563e+03
2.701336971837464262e+03
3.767286559735257470e+03
4.558520638472224164e+03
4.987865899655572321e+03
3.791068807717532763e+03
6.290432690487551554e+03
6.124757009230760559e+03
6.397758257561295068e+03
5.736825063647901516e+03
4.849372949812868683e+03
3.883637779931144451e+03
4.104418748956565651e+03
4.070934972324648697e+03
3.648203065255554520e+03
4.128248303384048086e+03
3.728354047544990408e+03
4.680085017696375871e+03
4.101917002476141533e+03
5.273650624210675232e+03
4.478486700801124243e+03
3.023962340562680765e+03
3.487224440105533631e+03
2.540354871230808385e+03
3.062404470058037077e+03
3.156989570454095428e+03
3.105783075409421144e+03
3.761440608931950464e+03
2.918043649378409555e+03
3.002550725239503208e+03
1.995597344062702177e+03
2.705523556153340451e+03
2.247828399017541869e+03
2.545191667358551967e+03
2.355969924919503228e+03
2.259048399997258002e+03
2.351948508441884769e+03
2.483403351525799735e+03
2.011516576727703978e+03
1.598527124799078820e+03
2.210549609580396009e+03
2.023594158722268503e+03
2.268522439968958679e+03
1.815701588894323777e+03
1.642793259165583777e+03
1.527275502648249585e+03
1.717399645886755479e+03
1.859057447617467915e+03
1.696440485185960370e+03
1.861543346876798751e+03
2.001943753710091414e+03
2.086713541558335692e+03
2.177251790482234355e+03
1.935274366656656866e+03
2.279734057540119011e+03
1.831298545588007528e+03
1.628620144911885291e+03
3.020577825649137594e+03
3.085050777779911186e+03
4.258873613260770071e+03
2.943044591117143227e+03
2.975071517454173318e+03
3.078985347712051407e+03
3.500117845919572574e+03
2.677525441736256653e+03
3.670880837543485541e+03
3.236135107533426890e+03
3.590351913110009718e+03
2.863740681039448191e+03
4.227876045888301633e+03
3.054949888408192692e+03
6.333678596962489792e+03
4.020116982136831211e+03
5.899761875093949129e+03
3.719670744575981644e+03
7.311406589454136338e+03
4.593364888352314665e+03
5.786653631700870392e+03
3.681766315765095896e+03
4.940858103045145981e+03
4.367835188591570841e+03
4.632358463423326612e+03
4.404164416008077751e+03
3.449438204673844666e+03
3.758739365634284695e+03
3.431233435378646391e+03
4.078344374207077180e+03
4.422706608636600322e+03
4.476924729691703760e+03
3.843895627378152767e+03
5.056524232854200818e+03
3.191043926054432177e+03
4.167460229869539035e+03
3.791045123810416499e+03
4.920987515958719996e+03
5.082825077345006321e+03
2.461462719104384632e+03
2.262778661456485224e+03
2.850563255532333187e+03
2.616344107570634606e+03
3.157224028337031541e+03
4.178072851592620282e+03
3.003455456551580028e+03
3.213777005385716620e+03
2.223540130538193807e+03
2.931616604354179799e+03
5.334165366710101807e+03
6.446906149081426520e+03
4.577555860368716822e+03
2.601154782548479034e+03
2.329026341534230596e+03
2.252308665702775670e+03
2.539440612357959708e+03
2.195782077821012535e+03
2.954333014321837709e+03
2.509193038770229577e+03
1.977244125448536124e+03
1.946149578256418408e+03
2.073669462783862400e+03
3.610719807457478055e+03
2.363419299988072908e+03
1.725189499959578825e+03
2.035560771203077593e+03
2.343741241653806810e+03
2.965957747690236374e+03
2.644703335085690469e+03
1.849498667381719770e+03
1.421936720317960635e+03
1.566964528441910716e+03
2.075373462145048506e+03
2.139417880698390036e+03
1.998455572995670991e+03
2.066662069318823342e+03
3.190370926266605693e+03
1.483502450217138858e+03
1.550066932329364363e+03
2.006882845109159916e+03
1.839653107126759551e+03
2.444935769979456836e+03
2.705121104665598523e+03
3.944445331169212295e+03
3.705475513903189494e+03
3.358206193315058044e+03
3.374537498683449940e+03
3.050208142485952976e+03
3.664796431146304258e+03
4.571869269132339468e+03
3.547923026505449343e+03
2.844531170245907560e+03
3.225304678904813045e+03
2.399852145716765790e+03
2.182260117931080913e+03
1.697717735680327678e+03
1.893050094445050945e+03
3.129021373828099513e+03
2.130929337981447134e+03
3.040157682174397451e+03
2.505033749479311609e+03
2.173943681410482441e+03
3.146143838749310817e+03
2.841334624935163902e+03
1.618035821514947656e+03
1.563911638092568637e+03
2.621116119564737346e+03
3.540152275845069198e+03
3.748315989436513519e+03
4.883976062578092751e+03
3.339906026732945520e+03
4.186249671813150599e+03
3.940441354635281641e+03
3.977912159406750106e+03
2.917691490143490682e+03
1.934339900162173308e+03
1.999285312340241489e+03
