2.130949987229327235e+03
2.942521189976780079e+03
2.674088349375744656e+03
2.165602920310981517e+03
2.287560107178378530e+03
2.612945747760853010e+03
1.822035595446451907e+03
1.520078989410683789e+03
2.079683619198257475e+03
2.633695822075349497e+03
2.093878484811802991e+03
2.713035053685919138e+03
1.794244280366762268e+03
2.677314571934125979e+03
1.911362618942790277e+03
2.195486646322849992e+03
1.600072105778442619e+03
2.075574490255960882e+03
1.826229159251547117e+03
2.353639554021522144e+03
1.758655149725175534e+03
2.346649795817390441e+03
2.268675555110994992e+03
2.134368305567776588e+03
2.691924684117937886e+03
2.162233019155984948e+03
2.078801849660926109e+03
1.980009613459055799e+03
1.983431161384559346e+03
1.650621288091886981e+03
1.290669068143505910e+03
1.483203237450539746e+03
1.534531120005424782e+03
1.864616651735037749e+03
1.267581490002253076e+03
1.307561720074215373e+03
1.152686493099809923e+03
1.090030112998010509e+03
8.468446627443296393e+02
9.927484275267227076e+02
1.117632910192108966e+03
1.471387205104327677e+03
1.321905610292033543e+03
6.924499117833028095e+02
1.157786866034737614e+03
9.819253864346909495e+02
9.798257182681628592e+02
8.068481320543137372e+02
6.859357783613144193e+02
9.188109998222045078e+02
1.014050616136516055e+03
9.347053028358716347e+02
1.152254702605532202e+03
1.077950249389223927e+03
1.161359176742726049e+03
8.321983694991691891e+02
6.455774710879145459e+02
1.089640204678468535e+03
5.374844914779146166e+02
9.257255624908062828e+02
5.110059567552227691e+02
1.052691044004502601e+03
1.131105985193837796e+03
1.189318581323702801e+03
8.574408381387437430e+02
1.250874201864879751e+03
8.446796856717322726e+02
1.901774382797424323e+03
1.346896508401232268e+03
8.185102815509254697e+02
6.602874060246316503e+02
1.037539378556123438e+03
8.056324214843542677e+02
1.050557317597418887e+03
2.291757519949349444e+03
1.532563263472680319e+03
1.420259192395551281e+03
9.757483642854350592e+02
9.636338707708334823e+02
1.209347448759623830e+03
1.346800571908029269e+03
1.813937909204331390e+03
2.006594215777284717e+03
1.379706458383217523e+03
9.782417692329548800e+02
1.877177445630994271e+03
1.660353647359584556e+03
1.676518038384477222e+03
1.069246587670226290e+03
1.254833700775908710e+03
1.015136908102468283e+03
9.463017349707708945e+02
9.313130128247009907e+02
1.404984929280893311e+03
1.474934824582072224e+03
1.423469220341242135e+03
1.103722724602731887e+03
1.093047000908016116e+03
1.210030453607635309e+03
1.743977775544156430e+03
2.130246208701695195e+03
1.718831286502015928e+03
7.501114398786758102e+02
9.396917730754432796e+02
9.447706348842009447e+02
1.377773723672400592e+03
1.243035115185717132e+03
1.163287010023993844e+03
1.195118315882904653e+03
1.866677027075166052e+03
2.539703521770213229e+03
2.687796518085168827e+03
2.261352907969301214e+03
1.743536375939594109e+03
1.477351388983944616e+03
1.559142461028869548e+03
2.714144485610703214e+03
2.304152788243450232e+03
1.681191403206321183e+03
1.291394641294090206e+03
1.469224625178913357e+03
1.223739461855711852e+03
1.715911977323720521e+03
1.142836871911531489e+03
1.436288403123106946e+03
8.646936674111536831e+02
5.908705200812260045e+02
9.131268447097852459e+02
1.043184632191145056e+03
1.055291054836660351e+03
9.979284086423666622e+02
1.098789169616720756e+03
8.526049061879245983e+02
1.421125107538051680e+03
1.207554897836973169e+03
1.109505146930017645e+03
1.435207952336939798e+03
1.092118875033821496e+03
9.759249928550378854e+02
1.241013506332215229e+03
1.128678392716388998e+03
9.662200211371430214e+02
9.199709164493377784e+02
1.097156541549167059e+03
9.031633096379957806e+02
9.551248795687350821e+02
8.387382994744539246e+02
9.618981782444684541e+02
8.044788786433463201e+02
4.273285375798333803e+02
1.023789733088300636e+03
1.034199937601970987e+03
1.213113142347526718e+03
1.319498560997531285e+03
1.048777624445350511e+03
7.824683621505243991e+02
6.290385481268028798e+02
4.472370052598676011e+02
1.117448277827134007e+03
8.794792157079575645e+02
9.488898090839089718e+02
9.274004998173128342e+02
1.032330805149836124e+03
8.785129351897107881e+02
8.498331076768107550e+02
7.314319829643676485e+02
9.838256546379227530e+02
7.244123088525979028e+02
2.409812491022858467e+03
3.733226332614179228e+03
4.836475927542139289e+03
4.714010928012463410e+03
3.533743641342061437e+03
4.098162212004022876e+03
3.675741299870384864e+03
2.463203782750711980e+03
1.776701149088594548e+03
1.754669870845847527e+03
1.813086502999692357e+03
1.949308889551442689e+03
1.836696019669044290e+03
2.590802393983815819e+03
2.754737312663567991e+03
2.282699638366337240e+03
3.212177284783889718e+03
3.487118529336275060e+03
6.141983932827955869e+03
4.867784843655315854e+03
5.882883923242851779e+03
5.402429352716188987e+03
5.230691680924737739e+03
5.942704712363962244e+03
4.828297426504948817e+03
6.175158407683120458e+03
6.598212221792769924e+03
5.767238823490959476e+03
4.958724297188507080e+03
4.868285258218502349e+03
5.009900838962066700e+03
3.841574585886320619e+03
5.445784299289222872e+03
6.367396487295784027e+03
4.424859961078765082e+03
5.986818946753624004e+03
4.855160282082579215e+03
6.406777044008958910e+03
4.557398678130726694e+03
7.868682547340486053e+03
6.223210809363505177e+03
6.803281518955439424e+03
6.751006084495834330e+03
4.243202591111442416e+03
5.324674186496422408e+03
5.860412101353661456e+03
6.335597492280406186e+03
6.361689631272400220e+03
5.044506802534892813e+03
6.652965359768957569e+03
5.523552917552305189e+03
6.095938009293518917e+03
5.361503097428370893e+03
5.250141931683881012e+03
5.811951445615146440e+03
6.239925158778920377e+03
6.438943934378306039e+03
5.217723104299690931e+03
6.296137431021314114e+03
4.272556161647290537e+03
3.568857527213334834e+03
3.557329142023580971e+03
2.583563718929246988e+03
3.698469578740526231e+03
4.378170939874762553e+03
3.074571861485288991e+03
3.645816165896143957e+03
3.330416867479722441e+03
3.342252538593114878e+03
4.054009964674950425e+03
3.232360373420901396e+03
2.318550595056537531e+03
2.364396461489026933e+03
3.527081833323401497e+03
3.866712789091818195e+03
3.460242586568108891e+03
2.821725697832848709e+03
3.098998206985489105e+03
2.746076522866851974e+03
3.014219701171505221e+03
2.897463518722215667e+03
2.652394180484760454e+03
2.907832222814377474e+03
2.611516617040082565e+03
2.868601381670150658e+03
1.890884238699781918e+03
2.124297090277589632e+03
1.488881863771878898e+03
2.441262179733378161e+03
3.786352961335981036e+03
6.384734153252958095e+03
4.997194254598286534e+03
5.381562202242686908e+03
5.501609400726174499e+03
5.778917411625527166e+03
5.381365008674494675e+03
4.836987091594299272e+03
4.935899208313970121e+03
3.612299908308446447e+03
4.660355895117200816e+03
2.562658957125512188e+03
2.657844664470269436e+03
2.500067518094043407e+03
3.116704776888847391e+03
1.914131735768370845e+03
1.371538333285463068e+03
1.700990108542058806e+03
1.357375523173814827e+03
2.900858335638828066e+03
3.693397519670562360e+03
3.471793204826497913e+03
3.951907401127431513e+03
4.279775628941049035e+03
5.177429242390488071e+03
3.947632914222276668e+03
4.604018934604782771e+03
4.543499341289514632e+03
4.442574386338521435e+03
3.548438071752155793e+03
3.714399684376234291e+03
3.053492570664397590e+03
1.955572293993227049e+03
1.647687869289457694e+03
1.886187918839690155e+03
1.896920051638766608e+03
1.730103739450453759e+03
2.487207886292537296e+03
2.561704066959105148e+03
2.473736989371648178e+03
3.176615916241339619e+03
2.790186777919037013e+03
2.525089929710488832e+03
2.532141797820470401e+03
1.869925104363477431e+03
1.892963459763109313e+03
2.431059620411067954e+03
2.229182757410165777e+03
3.156189684349895288e+03
4.266787338321594689e+03
3.495276858362238272e+03
2.648931945065777654e+03
3.261458528598871908e+03
3.382048414227838748e+03
1.816597766387654701e+03
1.238303674325752581e+03
1.302703282424072768e+03
1.547829362406037490e+03
2.274213181536871616e+03
2.263974478324963002e+03
3.020100770359011676e+03
3.866135444629660924e+03
4.326458310038342461e+03
3.453489295701619994e+03
2.666506252953243802e+03
2.109961946951011669e+03
2.587871578467690597e+03
1.107208113180852024e+03
7.028745512090079046e+02
1.383864887880680499e+03
2.251120210373388090e+03
2.839900064784711958e+03
3.177140759242465720e+03
2.785289175680581138e+03
2.209312298145733166e+03
5.398750214530073208e+03
5.937464672666034858e+03
5.807538212566716538e+03
6.357040050881698335e+03
6.649444288032319491e+03
4.051792689250893091e+03
4.518725203509749008e+03
5.577513543549793212e+03
5.281333333263051827e+03
6.849144903555179553e+03
5.098857164910001302e+03
4.222391409776992077e+03
5.534846606940436686e+03
4.419956911466309975e+03
4.147411096457291933e+03
5.485615394302059940e+03
4.447464661120326127e+03
3.662657924091204222e+03
2.859035572385780142e+03
2.602894207978653867e+03
2.757461975160487782e+03
3.168776363706859684e+03
2.590020109534091262e+03
3.427797981080071622e+03
3.043659905817842628e+03
3.566581060930953754e+03
3.729846825758765590e+03
3.183040506775956601e+03
2.926507477541654225e+03
2.762250613873767634e+03
4.524165153714669941e+03
4.026352288637900529e+03
3.347142294826471243e+03
3.182281781236964889e+03
3.116427730986520146e+03
2.257097097633662997e+03
1.323683899156373627e+03
1.290207485106930790e+03
1.756730586496011938e+03
1.847665299169477748e+03
1.669874913612487717e+03
2.033202639908636229e+03
1.622453944420916969e+03
2.366502484812006969e+03
2.054223240746638112e+03
2.016755141881263626e+03
1.590648879032285549e+03
1.483701254713113940e+03
2.712740260750708330e+03
1.354196395875114149e+03
1.033261989183391051e+03
1.224101225262582602e+03
1.114733983804499985e+03
1.065548361001462808e+03
1.381708566274945724e+03
1.813568085033268972e+03
1.242293842626649393e+03
1.296843642836032814e+03
1.135131654088320602e+03
1.378436934664103774e+03
1.165558986404316101e+03
7.438758934217810292e+02
8.460091883346035502e+02
7.139177587578371913e+02
1.033035436285839296e+03
1.898699840027418759e+03
1.351893959769673529e+03
2.175659571633709220e+03
1.865353898030139817e+03
1.220167087975026107e+03
1.020472189415273533e+03
1.443395573893334586e+03
9.418759518649919755e+02
5.161961452114300073e+02
1.176799578859020812e+03
2.618053488762150664e+03
1.301407709805522472e+03
1.503312564509624508e+03
2.049209728420306419e+03
2.478108819896383920e+03
2.315471645586152135e+03
2.654815992051096146e+03
2.124821884704997046e+03
2.568728661506896060e+03
4.344878757573778785e+03
4.499901834741168386e+03
3.273282692791234240e+03
3.096320065281138341e+03
3.762777800563353594e+03
2.778106570763451600e+03
3.183448417658701146e+03
3.143891342589801297e+03
2.949304750944726948e+03
3.262389294456926109e+03
2.464919838990388598e+03
2.314759920692881678e+03
2.866293763728847807e+03
2.225325276277924331e+03
2.503774782338728528e+03
2.341329715480419509e+03
3.227017483593449015e+03
3.252200204566122920e+03
2.597986438591216938e+03
2.266241140680323952e+03
2.600001909246442210e+03
2.726891167848130863e+03
2.587507854575869715e+03
2.279380682271460500e+03
2.225738477711340238e+03
1.743995605639247515e+03
1.525577695179788634e+03
2.130430576834917701e+03
2.061854229627334917e+03
2.857761480078937439e+03
3.089445663201382104e+03
3.732260665827714547e+03
5.206569169679888546e+03
4.644279564484543698e+03
5.397693249265600571e+03
4.721246298740454222e+03
5.307059972099853439e+03
5.961362413513957108e+03
6.105159648844994081e+03
5.614605478755868717e+03
4.270415034895903773e+03
3.139841496753262163e+03
3.638197588324099797e+03
5.502334935889986809e+03
3.596066402449996076e+03
3.458312597165287571e+03
3.372146368048065597e+03
3.872674588460386985e+03
4.231801041133350736e+03
5.404700907414857284e+03
5.142261346594768838e+03
4.201806450868648426e+03
3.418039725917089527e+03
4.049288532888481768e+03
3.462090272330565313e+03
3.323413609186155099e+03
3.245205575158743159e+03
2.685660502342993823e+03
2.279145046264570738e+03
2.941056019354868113e+03
3.540297635103985613e+03
2.366620327459172131e+03
2.775231159158496666e+03
2.682922618481928566e+03
2.929370447319558480e+03
3.494642450184871450e+03
3.895635016596128025e+03
5.666355702759058659e+03
3.270482480579964431e+03
2.544922612561334063e+03
2.612648909045544769e+03
3.414798425781703372e+03
2.692930377102793955e+03
2.057358227767654625e+03
2.124065433621044576e+03
1.544500530708828819e+03
1.784750992997468529e+03
3.439472903209079504e+03
1.495242491317330860e+03
3.471668711669110962e+03
4.985736284324655571e+03
5.242249035529402136e+03
3.376891610026879789e+03
