2.028494937895767862e+03
2.014302488467896865e+03
1.203984355005580028e+03
2.288468002610220083e+03
1.914058180564828490e+03
2.320304826601301556e+03
1.400482613860773881e+03
2.148737075617127630e+03
1.669152498348937115e+03
1.329889301082173461e+03
1.460285394321765125e+03
2.130463143130983099e+03
1.350850909861778518e+03
9.860134703340278293e+02
3.056667800200912097e+03
1.983808108451480848e+03
1.077178724413008922e+03
4.470313147057106107e+03
4.656684347227448598e+03
3.491672541380240091e+03
1.873392104171584378e+03
1.626118009215628945e+03
1.589772906888234502e+03
2.871995709184846419e+03
3.246297313445307736e+03
1.912604632656443528e+03
1.607878500132558656e+03
1.665545300377099466e+03
1.588746399538316155e+03
1.226525723519181611e+03
1.588865059345085228e+03
1.568818955390906012e+03
1.038746358200502300e+03
1.156658017306682268e+03
1.781417472622880723e+03
2.112840788266217260e+03
1.022681196295975724e+03
1.162312248753972426e+03
1.222537368112903096e+03
1.213152297211365976e+03
2.660741898757779381e+03
1.102096177545764021e+03
1.451070106105177729e+03
1.498247615566319837e+03
1.248353783778687102e+03
1.335060811952661425e+03
9.946068466425596171e+02
1.341729588357848115e+03
1.788369016108707910e+03
1.450952348821207124e+03
1.599981912779935783e+03
1.163207864506960277e+03
1.377284864153050194e+03
1.383822742057198184e+03
1.180505976533987678e+03
1.576874792102336187e+03
1.496813037436641252e+03
1.434027425998268427e+03
1.199728065227345269e+03
1.680675059665795288e+03
1.699826537142489087e+03
1.857835826251073740e+03
1.512139455316829753e+03
2.889365517572417957e+03
1.396578765632613113e+03
2.154605275975158293e+03
1.461877895233325262e+03
1.512338205599443199e+03
2.030227342024215432e+03
2.277711777047043597e+03
2.257187212597325015e+03
2.102139713235847921e+03
1.518173954763206439e+03
9.466999545808498624e+02
1.332241441402509508e+03
1.422965460827251036e+03
1.583704627433508222e+03
1.074878105755054548e+03
1.153871137928626695e+03
1.451354473454461186e+03
1.470418095966309011e+03
1.315545679253295702e+03
1.214033438827537793e+03
1.462624075202102858e+03
1.417726455945056841e+03
1.378167872074445995e+03
2.032534307910336793e+03
2.137298359348840677e+03
2.155343435679549202e+03
2.185684770824816042e+03
1.722768668287540777e+03
1.050658566736820376e+03
1.050750074819942483e+03
1.391985149374343564e+03
2.382331631199540880e+03
2.195083257442104696e+03
1.852558595142941385e+03
1.005406797859230210e+03
1.484052893603690563e+03
1.863768704351081624e+03
1.266737385162032069e+03
1.042335632421739774e+03
8.752692842447456769e+02
1.512058422931876294e+03
9.279862091638365200e+02
1.548486310688662115e+03
1.448165561613471027e+03
1.416138388062242484e+03
9.601058017924430033e+02
8.135888128719971064e+02
6.914023838963876187e+02
1.188540088175442179e+03
1.477680995988018140e+03
1.263008652277750116e+03
1.055751425495917147e+03
7.708696242912434400e+02
2.124699648342129876e+03
3.522685284953042355e+03
3.394679598992392130e+03
3.236366777532542073e+03
4.142154457226627528e+03
6.308276280798712833e+03
7.048765553580942651e+03
6.666364207731961869e+03
5.038170797277159181e+03
4.081911260129998027e+03
2.460442836205998447e+03
1.807060372167607056e+03
1.429543163405105815e+03
2.079459903528862924e+03
3.215717378943134008e+03
2.837063914098837358e+03
4.841966534752721600e+03
2.939145309842253937e+03
6.441320143518451005e+03
4.701786948485325411e+03
3.886676126253445545e+03
2.953953286183806540e+03
3.409070657802309142e+03
3.700861385886258631e+03
4.206349863711262515e+03
4.693810192981238288e+03
4.350674425375345891e+03
4.120346144232796178e+03
4.515891692346744094e+03
3.852952258693121166e+03
3.978700448359149505e+03
5.762991858912188945e+03
4.479034259288468093e+03
4.844115066183690942e+03
3.649678225350237881e+03
3.927288731990796805e+03
1.754328431940180280e+03
1.080732704983148096e+03
2.124296928543488320e+03
2.807603206755214615e+03
2.793627317143950677e+03
9.649000206253132319e+02
6.426578305735507456e+03
5.032775649658533439e+03
5.008560040592455152e+03
6.548688664172925201e+03
8.245082888886774526e+03
3.515279489508665392e+03
6.873268697662027080e+03
2.841180844757148861e+03
4.296601112872248450e+03
3.865618852205059738e+03
4.342663090356052635e+03
4.228141794748473330e+03
5.911839014449252318e+03
4.867789813067754039e+03
6.007082745427182090e+03
4.178650202818717844e+03
6.080458851683891226e+03
4.409386728426510672e+03
5.319783746194821106e+03
4.913466600746424774e+03
6.788330268597133909e+03
6.096358582369382930e+03
7.275343294337973020e+03
5.443145055716238858e+03
8.115161416227302652e+03
5.565468492920383142e+03
6.649941505525723187e+03
9.359526338628331359e+03
6.197388727302575717e+03
7.718903611778421691e+03
6.722734535697662068e+03
5.072518696466203437e+03
2.742825301299639705e+03
2.764072560184964914e+03
2.900223918145532934e+03
4.812349131026440773e+03
4.977174180196174348e+03
3.722164381436499752e+03
5.101553507614555201e+03
4.531811786395543095e+03
4.087028715146787818e+03
3.967995511397917198e+03
6.426804629008566735e+03
3.947575060181325171e+03
4.936290628392068356e+03
8.019429523456203242e+03
3.468346359677218970e+03
4.048599230496433847e+03
6.919065740340819502e+03
3.388361474335994899e+03
7.445506897756646140e+03
5.285011943569011237e+03
6.063961473720520189e+03
4.388531788374972166e+03
6.279113514959347413e+03
3.661969088176210789e+03
7.375197990700999071e+03
4.522961133369768504e+03
5.892057171987707989e+03
3.024730850798802749e+03
4.486128002884268426e+03
3.339355544394868048e+03
3.059352695319327722e+03
3.713322331488559030e+03
5.088228004560880436e+03
4.838096172931930596e+03
4.568377594037242488e+03
2.671115275839341848e+03
3.952878435011242345e+03
5.740781496386626714e+03
5.538143120742163774e+03
4.137347527325808187e+03
4.571754178772051091e+03
7.152713956973075256e+03
4.675630403278488302e+03
4.541822773200558913e+03
5.704761606823096372e+03
6.798161451608114476e+03
4.379217702638199626e+03
5.097108575789323368e+03
5.840648977915725482e+03
6.281245934281498194e+03
6.210458753902598801e+03
4.631552875815080370e+03
5.314137803064595573e+03
5.410725243215551018e+03
8.227685170682216267e+03
2.719360319243419326e+03
5.118161067629002901e+03
5.233839042786574282e+03
5.921231810289339592e+03
5.855116000291647651e+03
3.657539140193135154e+03
4.479470200572352041e+03
5.042808487845640229e+03
5.457718543680010953e+03
5.532223067604854805e+03
2.317330282397861538e+03
4.858665013990950683e+03
4.494407081365332488e+03
3.342523715385864762e+03
3.147281814873099393e+03
2.171174937475400839e+03
3.034026199624181118e+03
3.968489237866336225e+03
3.705575591608612285e+03
2.603164373234368213e+03
2.804986891809534882e+03
2.118107231526180840e+03
2.820278377264434766e+03
3.206880998687111060e+03
3.064965089071268267e+03
2.601593129682687504e+03
3.138842526402381282e+03
2.685760194963568210e+03
2.701194190497775253e+03
2.004666850946039858e+03
1.261230403149816766e+03
9.919189290283761693e+02
1.194145111704018518e+03
7.504340421638177077e+02
5.422710708558439592e+02
5.477013077204633191e+02
7.162013054652627488e+02
5.219783271744165631e+02
8.150026657809476092e+02
8.317782179467312744e+02
9.191586586743336511e+02
1.347153657228038583e+03
1.461775138656762920e+03
1.595145736649333230e+03
1.554611435995411966e+03
1.565083318121820867e+03
1.406108417272509769e+03
1.394665626905448789e+03
7.528292620223161293e+02
1.050961201102103814e+03
1.068596885150304161e+03
1.369214078593200156e+03
1.537446381976347993e+03
1.047887420148804040e+03
2.113096026691512179e+03
1.870061446327876638e+03
1.844827929315512620e+03
6.958648223869241747e+02
1.503123365139762427e+03
1.294049378856271915e+03
1.142216425817260870e+03
1.059378987931166193e+03
1.316582417096077279e+03
1.469001864986394821e+03
1.700544916938048800e+03
1.323405147461927299e+03
1.113962541310364259e+03
1.070236749696149673e+03
1.249408641946144598e+03
2.106144332825036145e+03
2.000492314942214989e+03
1.888925944965619465e+03
1.764345189704972654e+03
1.635812067220637573e+03
2.025011468406489939e+03
1.553858297099870015e+03
1.996947786361844692e+03
1.526859025970057473e+03
1.643475981244640025e+03
1.423930200937181780e+03
1.447527645637115484e+03
9.076891594339990661e+02
9.870312471906725023e+02
7.595763921196462434e+02
4.632085106988869825e+02
4.674731800488180511e+02
5.684482138012597261e+02
8.641757829500254502e+02
7.838169377780828881e+02
1.053092805210290180e+03
9.573957478006373094e+02
6.858285164364391449e+02
9.984449858778324369e+02
7.163339484151003944e+02
1.123681475201039120e+03
9.296449355310355713e+02
8.136963942291712328e+02
1.013130307620511644e+03
1.099105316685258231e+03
1.354495869970880221e+03
1.285466665912930239e+03
1.326389263631038602e+03
1.442925917962198582e+03
1.055234149330605987e+03
1.250947790347820046e+03
1.302124859992149140e+03
1.138518441704510678e+03
8.352166974817953360e+02
1.173561033434229785e+03
1.140358394642529902e+03
8.536723270244262949e+02
6.773174035658751109e+02
7.655704035722410481e+02
1.217225977682323446e+03
1.226895402274699791e+03
1.844738412466023647e+03
1.868645655625490917e+03
2.120029180297403855e+03
2.229843799922340168e+03
2.425108683432074486e+03
3.329249874182174608e+03
3.606919531908951285e+03
2.732139146558972243e+03
1.086699777050414696e+03
3.048206097640853386e+03
2.822811232121860940e+03
3.839779708887526795e+03
5.276592422887624707e+03
5.612232056813307281e+03
6.467988652658756109e+03
4.879346765539700755e+03
6.780599840646922530e+03
6.771781698565766419e+03
5.993773971694728061e+03
3.312285482446186052e+03
4.663684037908712526e+03
4.699465140600287668e+03
4.700823499777171492e+03
4.942393486041491087e+03
5.325636700458937412e+03
3.686991175930426834e+03
4.761700684325742259e+03
4.632428556259412289e+03
5.423072480784809159e+03
4.678945961437291771e+03
5.434136475525478090e+03
4.541139814394025962e+03
3.427836919907438187e+03
3.467971930752517892e+03
4.013650188966825681e+03
4.691181093790331033e+03
5.021449195922798026e+03
5.439427577180289518e+03
5.076484723106018464e+03
4.487743377066615722e+03
3.874348734639954728e+03
4.608203786543622300e+03
4.772331240082216937e+03
4.267718489826919722e+03
4.462345689084073456e+03
3.306929169714701402e+03
4.128457333894717522e+03
3.628468753063128588e+03
2.595507526436914304e+03
3.302948285196262077e+03
2.078165115791744029e+03
1.358899120042217646e+03
4.154679024739826673e+03
3.959244792087690712e+03
2.341032032877919846e+03
1.921042673833388335e+03
3.424680638266124333e+03
4.723808235421781319e+03
4.077539714126206036e+03
4.413317210826388873e+03
4.099249255291130794e+03
3.840414650011276535e+03
3.443587535425702754e+03
5.587315052700759225e+03
3.860807493179521316e+03
3.538846406769238456e+03
3.276085245273730379e+03
2.792486603621016457e+03
2.628822306720709548e+03
1.985363270781723259e+03
1.248216156652899372e+03
1.529236067670957709e+03
1.565616628706231950e+03
4.004903638562810102e+03
5.734260960574991259e+03
4.190286296394518104e+03
6.018918646096492921e+03
4.990975115780806846e+03
7.310313395616942216e+03
4.768800412985161529e+03
4.447343586214903553e+03
4.141353756735194111e+03
4.424305016488172441e+03
2.146844831786602299e+03
2.377273920810333038e+03
3.935278203758747622e+03
2.028357409842217066e+03
1.919493913382339542e+03
1.688173970549236401e+03
2.032628256297932921e+03
4.676955447411508430e+03
6.210584940556435868e+03
5.096618801689157408e+03
5.815324678642652543e+03
4.899154912616912952e+03
5.406805306311544882e+03
1.692369775473324125e+03
2.287579371264548172e+03
3.471862210888761638e+03
4.418733906499533987e+03
3.544329027377176317e+03
2.807548339349564685e+03
2.240158919482650617e+03
2.837599776410637787e+03
3.560017725356537085e+03
1.655778728480067230e+03
1.925050535565504106e+03
5.801758305912349897e+03
4.685280798217627307e+03
4.981506691203071568e+03
5.601527970081901913e+03
4.334394241474560658e+03
6.761832685898478303e+03
5.659351044065756469e+03
3.961462715639780981e+03
4.516654255521083542e+03
4.777319031241062476e+03
2.193910860087615674e+03
2.001273705073297151e+03
2.771849441696636404e+03
1.929757616499393407e+03
2.691492744009449780e+03
3.343530229369784138e+03
2.866590392908161448e+03
3.165760704890449233e+03
2.830831791095095014e+03
3.131544948971393751e+03
3.447778745934713697e+03
3.015738155680243381e+03
4.038087401060058255e+03
3.891552322306793940e+03
4.244695636362884215e+03
3.223576492638158015e+03
2.714266365239524475e+03
2.322108708735929667e+03
