3.612769670786747156e+03
3.324178967143252066e+03
3.734306607757838265e+03
2.409871455809991403e+03
2.511998601337139917e+03
2.324039864571461294e+03
1.932090658550311218e+03
3.300508317635903040e+03
3.542102791951537256e+03
2.454240544320672598e+03
3.483345577998520639e+03
3.299614574974151765e+03
3.518672032405810114e+03
5.157129634397944756e+03
3.477872887025419914e+03
2.231152294149709633e+03
1.395488611109733938e+03
1.411819269586020482e+03
1.881713836239310695e+03
1.999246075536261060e+03
1.823217909697578079e+03
1.805853422673773139e+03
1.653015848464978262e+03
1.366946768025065467e+03
3.726786993976528720e+03
4.753152977369688415e+03
3.459503038667640340e+03
3.285955903374302579e+03
3.290025258042318455e+03
2.271372700250350590e+03
2.360523390897976697e+03
2.242250893067106063e+03
2.498658077694942222e+03
2.924463909267097733e+03
2.788489533869199022e+03
3.143431526363821376e+03
4.284159045964950565e+03
2.650601997321115505e+03
1.946697168229782392e+03
4.413433304668399614e+03
2.747092744472947743e+03
2.881421804391924525e+03
3.522793401937193721e+03
3.419955650359248466e+03
2.528919825684935404e+03
1.601686997090883324e+03
1.056095989695111030e+03
1.112513163941296625e+03
4.059232398905031459e+03
4.847969973178101100e+03
4.075731958030850365e+03
3.535183026718621477e+03
3.906497793471530713e+03
3.973784059809506289e+03
3.977201338894453329e+03
3.533643326878674543e+03
3.998793264483914299e+03
2.500305500867848423e+03
3.738286864843075364e+03
4.371128868594344567e+03
4.264194322067181929e+03
4.297557377093419746e+03
4.246484211670190234e+03
3.573086946049872495e+03
4.196905792011475569e+03
3.324116529854441524e+03
1.732097416747261832e+03
1.718327148343411864e+03
2.085598513974138768e+03
2.363416762550995827e+03
2.048537730552202902e+03
1.993238296488302012e+03
2.512002221135286618e+03
2.103797022797508362e+03
2.137199388679952335e+03
3.448662844946476525e+03
4.978092534280964173e+03
5.953062857110408004e+03
5.126241604672592075e+03
4.311641097990558592e+03
4.204708884123451753e+03
6.134323605753074844e+03
5.476477866396818172e+03
4.407480877549040997e+03
3.512777400463729009e+03
3.326845707166583452e+03
4.393955093384432985e+03
4.292388337801026864e+03
4.111158383355206752e+03
3.072405485392238461e+03
2.028128923739739776e+03
2.449341029968514704e+03
3.162223562240883439e+03
2.540883247661683527e+03
2.752255994446411933e+03
3.139251161287608284e+03
2.321758242139246249e+03
2.399694448132534490e+03
2.583835667156152340e+03
3.390483666545354936e+03
3.902820061511079530e+03
3.435892678578603409e+03
3.009299699946658620e+03
3.427928477710504922e+03
2.797795397212006264e+03
3.054360039481295644e+03
2.275726640991188560e+03
2.434402647733934373e+03
3.218383950569720128e+03
2.940228200275307245e+03
3.358553299437906844e+03
2.817322047577211833e+03
3.076232830735114476e+03
2.774377700397131775e+03
3.163469262369251283e+03
4.507265523259833572e+03
5.867108204943207056e+03
5.722279130662104762e+03
6.125664081621169316e+03
4.075077827399338275e+03
5.378090395566357984e+03
3.442103456288573852e+03
3.394124802099350291e+03
4.461423524980519687e+03
4.422361139520409779e+03
4.482428890280749329e+03
3.685559856900948034e+03
2.602989433623659806e+03
3.557122775775988430e+03
3.974050962237913154e+03
4.391059154007404686e+03
4.509803347167012362e+03
3.376840543199046351e+03
1.684170267177384858e+03
1.052556603541998356e+03
1.405762556995435034e+03
2.676485647021378099e+03
6.038394754630886382e+03
5.033533519076109769e+03
4.868494356513203456e+03
2.929177680974602026e+03
2.394259390714381425e+03
3.226561317720819716e+03
3.521124875085026360e+03
4.006115957931438516e+03
2.544265805586066563e+03
2.369370360765974510e+03
4.066625909209070414e+03
3.149196266897611167e+03
3.346060314871868741e+03
4.382649650137112076e+03
3.982814650985409571e+03
3.871331269872619032e+03
4.998449776298312827e+03
4.646616627687243636e+03
5.683330640565753129e+03
3.957745869937807129e+03
5.228536149360727904e+03
4.109626286967293709e+03
3.652010837762835763e+03
2.937405150508762290e+03
2.725903764571968168e+03
2.653990822578536154e+03
2.991924528643935446e+03
3.237647941542690660e+03
3.400179398256902914e+03
3.079764063626994812e+03
2.523020069843441888e+03
1.996795801705931126e+03
2.465412803756913036e+03
1.959647632171370788e+03
3.116898779304739037e+03
2.299663188394751160e+03
3.073924569856525977e+03
1.670043027134784097e+03
2.275254813889879188e+03
1.513077862898404192e+03
9.465168249904846789e+02
2.767383297207623855e+03
3.644041661018000923e+03
2.801367602970357439e+03
3.505814180638359176e+03
1.960728353275100517e+03
1.791737938012664472e+03
1.433825504412538521e+03
1.297351411940234811e+03
2.041509024846691545e+03
1.448359236282157326e+03
1.014872902957698898e+03
1.005003371064331191e+03
1.017928875766611895e+03
1.265651696758791331e+03
1.659235682936380499e+03
1.851341476674042951e+03
1.113998376613728396e+03
7.617380099907860540e+02
2.045438490926228951e+03
3.367784342419873610e+03
2.742632949710884986e+03
2.809359721538830854e+03
2.063627605141717595e+03
4.303077318809671851e+03
3.099237381185221238e+03
2.732286951827497887e+03
2.129738946613177177e+03
2.851322694204431173e+03
2.415301899133561164e+03
2.630769146145376453e+03
1.753904201163896687e+03
3.104016898088283597e+03
4.500153063268293408e+03
4.385026077176938998e+03
4.061673386043873961e+03
5.900380339693228962e+03
5.333821915157890544e+03
2.761915383762548572e+03
2.773146089808320539e+03
1.642463633951210568e+03
1.537744737229473458e+03
2.349146454173589063e+03
2.548713770874596776e+03
4.207652316114822497e+03
3.774561578092644595e+03
3.094737402817631391e+03
2.704873313292092917e+03
5.944558401163620147e+03
4.328777423450785136e+03
4.546068514074850100e+03
6.692346748645300977e+03
6.206805783518107091e+03
6.119198429613211374e+03
4.517732602642730853e+03
4.426334327554837728e+03
2.815161231024407698e+03
3.802128390969446173e+03
4.867383000434418136e+03
4.652829803945475760e+03
3.637870197928787093e+03
3.485169210153018412e+03
2.165408017634198586e+03
1.268909998941355980e+03
9.077023533535257229e+02
1.558876727183853518e+03
1.760168027182511651e+03
2.888889003386591867e+03
1.731905203246438077e+03
2.119417885551295058e+03
2.570193588370882026e+03
2.545306500360412429e+03
3.252100895095053147e+03
5.440533457079332948e+03
5.198085545287013701e+03
4.866898619171241990e+03
6.052744604992114546e+03
5.021056168835412791e+03
4.625606731402569494e+03
3.719729023348884311e+03
5.174300151029737208e+03
2.264094594797820264e+03
2.745402957628280092e+03
2.100659903532438875e+03
3.883572852225952829e+03
2.617420220944574794e+03
4.662746386389600957e+03
3.493054705399038085e+03
2.578357517419641226e+03
1.560974602575086010e+03
1.488026922335271365e+03
2.442948470300852932e+03
3.025750441777706328e+03
5.683769504829188918e+03
3.801152395301450724e+03
4.881648407344307088e+03
5.693655133255571855e+03
3.235816734225326854e+03
2.675296023081415115e+03
4.269270463278940042e+03
4.774946857442963847e+03
5.698449581567202586e+03
7.310581429323337034e+03
5.087967376069508646e+03
4.492279683078728340e+03
4.285850159145799807e+03
4.417519520279020071e+03
5.058388377251990278e+03
4.483715880191773067e+03
2.803681278569629285e+03
4.827528589498406291e+03
3.127518434053979945e+03
4.203914299053537434e+03
4.221664181879646094e+03
3.559291089507410106e+03
3.058066949589678188e+03
2.047797495695710722e+03
2.243821136183861199e+03
2.300570504990304016e+03
3.402874218194149762e+03
1.982831179029692294e+03
5.466362230848745639e+03
6.666814000292220953e+03
5.159172791275325835e+03
2.979062806157599425e+03
4.351892381419555022e+03
3.359943717741659839e+03
3.529938605228023789e+03
3.310424277497876574e+03
4.008454817659091532e+03
4.495225833012791554e+03
4.327157516458560167e+03
3.394374155293678541e+03
2.705350143627567377e+03
2.830262251510442184e+03
1.780057639796676085e+03
8.974569612826408047e+02
1.093025392499440386e+03
2.076243489187116211e+03
2.237635045148676909e+03
1.845597354268176332e+03
2.775336749029566818e+03
1.284900995386714840e+03
2.441250458971174339e+03
2.582849911728666939e+03
1.295006875556399564e+03
2.601449779059194952e+03
3.143936961695709215e+03
3.487062777795707916e+03
3.074314620114388617e+03
3.715038336610796705e+03
3.214018738354632660e+03
3.148779421773509966e+03
2.854656089846328541e+03
1.356923500753323196e+03
2.315657460058704601e+03
2.362864411567874868e+03
2.343683830176530137e+03
2.486914672464117757e+03
2.982767389630084381e+03
4.256050642706892177e+03
2.625029050119965632e+03
9.082606582208313739e+02
6.456815042851164890e+02
1.031417661264873914e+03
1.679250047804841870e+03
1.575561616337328815e+03
2.409945811489376410e+03
1.481741160001077787e+03
2.911161913166827162e+03
7.835797933868639120e+02
4.154821650651395430e+03
2.729430664336055088e+03
4.619228481985301187e+03
3.841102989176603387e+03
2.825278657349299920e+03
2.661686103368436761e+03
3.405252526726203996e+03
1.737883950901457411e+03
1.864136914396151496e+03
1.795261612178353289e+03
1.640910354762632778e+03
1.514864092743472838e+03
2.267033643093196588e+03
3.361735973383151304e+03
1.222807605374999184e+03
1.835439063181287565e+03
1.375893713845867978e+03
1.124192140689502594e+03
1.060253952126922059e+03
9.550413313209427315e+02
6.020898634879331439e+02
1.159325369813601810e+03
1.022532802685948809e+03
1.377331798072986658e+03
1.590736176003309083e+03
1.303033748498639397e+03
1.434312859334301265e+03
1.693106130999284687e+03
7.993447115500489417e+02
1.030631622701371725e+03
7.903548713261341163e+02
7.042188701255981869e+02
6.845517026739330504e+02
8.047557198230622362e+02
8.410597381396826222e+02
1.028584871269180212e+03
1.239023305689609288e+03
1.057724223341406514e+03
1.384451388144216708e+03
1.656396275092354699e+03
1.225022426193119145e+03
1.301485415716686020e+03
1.265327929369339017e+03
1.780512712460910734e+03
1.469991012898827421e+03
2.286763065378181636e+03
1.664820218370998418e+03
2.665778446850474666e+03
3.024243885667854101e+03
1.849035978546493197e+03
2.089542100043515802e+03
2.219333306982814975e+03
1.603573539188391123e+03
1.354791213813615514e+03
1.952129941535777107e+03
1.692720012560765554e+03
1.521018121924734260e+03
1.831028112024228903e+03
1.449216851508790342e+03
1.155310099530952812e+03
1.121740136224956132e+03
1.118687678315771791e+03
1.890090536650119702e+03
1.860145527499880927e+03
1.406246262052501606e+03
1.978079263020564440e+03
1.400225685140960422e+03
2.210373613893502807e+03
1.601082922683716788e+03
2.260299062406985740e+03
1.655679360513705433e+03
1.545743508132290344e+03
1.182961990743578326e+03
1.756821848000859291e+03
1.660629441571335292e+03
1.925619717796656687e+03
1.309658846274875032e+03
1.756892743804822430e+03
1.449707918568068180e+03
1.021084647285697315e+03
1.498894497210730833e+03
1.603051322005777592e+03
1.118906469508795226e+03
1.305544208594153361e+03
1.605292483276556140e+03
1.782146399628982181e+03
1.680625484608332499e+03
1.804967859369368398e+03
1.921277475181123009e+03
2.531932788632815573e+03
1.829974182554624804e+03
1.565049143218872814e+03
1.796638315137219934e+03
1.693751884716424456e+03
1.979659341387851327e+03
1.316147530380734906e+03
1.184638897117441275e+03
1.224948552281441835e+03
1.587582156347529008e+03
1.424785180446632694e+03
1.670619921965330605e+03
1.003538315261193361e+03
2.129761626956027158e+03
2.233032241473521481e+03
1.974623725273682339e+03
1.423904176271606048e+03
4.060007659998176678e+03
4.425601906783700542e+03
3.082484534230387908e+03
3.714163501512170569e+03
4.009843603579338833e+03
4.379350882256494515e+03
3.388112165231295876e+03
3.503070729592899170e+03
3.706367132362834582e+03
3.458057081118641236e+03
3.449354169936961625e+03
3.195816757090914507e+03
2.256791387247681541e+03
2.649641138659190801e+03
2.500104195824073031e+03
2.792535034771269693e+03
2.925447885233495526e+03
3.210406668812096086e+03
3.054171384674021738e+03
4.188259499336147201e+03
3.358365780884160358e+03
3.499617060853224757e+03
4.384603349576003893e+03
4.294818141336588269e+03
4.808780413904200941e+03
3.599550996365939227e+03
2.507290197176314905e+03
3.830633162268415617e+03
3.863017560795242389e+03
3.191346344225957637e+03
2.345826885063693226e+03
1.811587796439866452e+03
1.546421196226544453e+03
1.822874437212110934e+03
1.782449418384124328e+03
2.810975415023582627e+03
2.978413167196403265e+03
2.272680292254867709e+03
2.348141281014771721e+03
3.698058111554546485e+03
2.995771368823611283e+03
2.896196382719013400e+03
3.012536021980971327e+03
3.081111569911739025e+03
