9.250778837879981893e+02
9.287607489210781750e+02
9.661279494534064725e+02
1.596099947716004408e+03
1.814046005963484276e+03
3.283157438830526189e+03
4.322855185940142292e+03
3.741918134809080584e+03
4.207338173682977867e+03
2.751673665315699964e+03
4.784424344675493558e+03
4.610535595498972725e+03
4.459580121396089453e+03
4.023811763940388573e+03
3.819028129922239714e+03
3.421222981325178807e+03
3.775961577558998215e+03
2.763871623504907802e+03
4.421641806549790090e+03
4.049372300609298691e+03
3.326869133128803696e+03
3.106074556028051575e+03
3.294961195071778548e+03
3.538277507134563166e+03
3.431363915613048903e+03
4.121256692525143990e+03
4.364526092510517628e+03
3.413651479773790015e+03
3.473795672518182073e+03
3.614249085234519498e+03
2.291540219366204838e+03
1.829839194889497776e+03
3.590129952471716479e+03
3.119393958158083024e+03
5.194686140270797296e+03
4.457235080576157088e+03
3.170059738786734215e+03
2.354518197637163667e+03
1.773508961890786395e+03
1.304007033307391566e+03
1.583892399711875441e+03
1.871531629052703011e+03
1.586713266066345568e+03
1.975167216942027153e+03
2.492174269670437297e+03
2.047593915011462059e+03
1.703521199175800575e+03
2.310854075432097943e+03
2.336752612076112200e+03
2.401382108359146059e+03
1.787816108000734857e+03
1.902670319231357780e+03
4.189507417008674565e+03
2.173203976858768783e+03
3.077771734691242273e+03
2.474995881011334859e+03
1.645438452070106678e+03
1.380457606097384769e+03
1.235014439204159999e+03
1.098873333147477979e+03
1.352140024030040877e+03
3.166686493384077949e+03
2.071871222209477310e+03
3.302380265969317861e+03
2.950223883474834111e+03
2.965624838453468783e+03
3.155947052019163948e+03
2.952232267601641979e+03
3.272525793413511110e+03
3.273626780335213425e+03
3.549121678186767895e+03
2.893663581413303291e+03
3.280612084595254601e+03
2.054263456030120324e+03
2.259709590310818839e+03
2.230952199569334425e+03
1.844558489899359529e+03
2.436453582204019312e+03
3.120541911236044598e+03
4.346105248624880915e+03
4.087738073555641677e+03
2.671903402228355844e+03
1.766864368254294050e+03
2.575374489795401132e+03
3.413466053970175381e+03
2.775865111541476836e+03
2.829522393141398879e+03
4.529189801604694367e+03
3.384060660023829314e+03
3.614871561293958621e+03
3.383594341368835558e+03
5.517945768236670119e+03
3.753777771972188930e+03
3.848192644807168563e+03
4.174821454722647104e+03
4.732027568063786930e+03
3.315435523758170348e+03
3.664376203914575399e+03
5.304396490392815394e+03
3.206126255346156995e+03
4.150072253013771842e+03
4.267414343240618109e+03
4.385055129203010438e+03
4.835133036236923544e+03
4.071198127540902533e+03
3.586680570605627508e+03
4.885063015278150488e+03
4.511768786069120324e+03
5.096714001679507419e+03
5.705924268839415163e+03
5.087792222256261084e+03
4.725402136432151565e+03
4.066230758532135496e+03
3.975387202183707814e+03
4.729970371165202778e+03
4.841084464641192426e+03
3.793119893221088205e+03
4.130275128218301688e+03
5.333848903198984772e+03
4.375476678514908599e+03
3.240941166285564123e+03
3.796337650884519917e+03
3.609709681340594670e+03
4.622526592107832585e+03
4.615857242470174242e+03
3.308615530865563414e+03
3.481097730295156907e+03
4.217920295747598175e+03
4.233915455211988046e+03
4.323938156454433738e+03
2.979262442275187823e+03
2.328491999699529515e+03
2.148821090569898388e+03
2.125652445968426491e+03
3.260856089457651706e+03
3.187062272121173464e+03
2.670272254472910845e+03
2.421752712852491186e+03
2.778502259556938498e+03
2.680084983447095965e+03
2.639807362857835415e+03
2.842414310919383752e+03
2.667639851018755508e+03
2.401434368920953148e+03
1.995881047536403457e+03
2.277443382483486857e+03
2.022750532158892156e+03
1.971505286473520755e+03
2.060173954689743368e+03
2.332930847806157544e+03
2.583846947452052973e+03
2.397038798872024472e+03
2.512331123541897341e+03
2.047434224789347809e+03
1.727669850205882994e+03
1.949513644980089111e+03
2.057562607385271349e+03
1.872302002870409297e+03
1.593119264791149362e+03
1.304158659879667994e+03
1.536502039078756525e+03
2.352859285033478500e+03
1.383618434609137466e+03
1.677440240796401213e+03
2.427258514223283328e+03
1.932418316455832610e+03
1.703591085069818519e+03
2.077014505255513086e+03
1.706889510728307641e+03
2.027364089101128911e+03
1.365462182558541144e+03
4.299577326858645392e+03
4.773187012915867854e+03
5.460756581370186723e+03
3.921044813055254053e+03
3.824213903952163491e+03
4.211787225186093565e+03
2.924584950184350419e+03
1.826919048846887563e+03
3.521031600965254711e+03
3.938953763153125692e+03
2.128413153248586241e+03
3.411754409220643083e+03
3.897151997850147836e+03
3.762383533822028312e+03
4.314547915037863277e+03
3.408336293988889793e+03
4.022143761904023449e+03
2.516928866993630891e+03
3.314231148885915445e+03
4.407616858084807063e+03
2.329980032139197647e+03
2.128014876952099712e+03
1.855619134366480921e+03
2.195673306066178156e+03
1.732465369454441316e+03
1.438287884334729597e+03
1.045607366137522831e+03
1.611851055143115673e+03
1.716709957073458781e+03
1.687746854075134252e+03
1.422674043637424802e+03
1.494299392752872336e+03
1.481884255144178269e+03
1.972321315213368052e+03
1.931022709427025802e+03
1.752558815314885123e+03
1.843447671687918728e+03
1.472965839006850274e+03
2.249345778306979355e+03
2.156238517723911173e+03
2.192579233244397983e+03
1.148499730607791889e+03
1.402217672159151107e+03
1.971145978103362268e+03
3.346589285905808993e+03
3.659266709844596789e+03
3.038620284807172993e+03
1.841046353230223531e+03
2.366049716386439741e+03
2.379623774845177195e+03
2.464362814542543219e+03
2.099992886343164628e+03
2.053213362646270070e+03
2.309431917180394521e+03
2.458852905385575468e+03
2.563345594006878855e+03
2.218976224265811197e+03
3.411328012659235355e+03
3.185290575109214842e+03
3.349416740749053133e+03
3.898599351768689303e+03
2.974574517146709240e+03
3.586607736457356623e+03
2.313345565778185573e+03
3.144033624875913119e+03
2.412310753020314223e+03
2.097095754995558309e+03
3.033272620786470270e+03
2.848546899616632345e+03
2.105242822944072486e+03
1.758392529000896729e+03
2.152976332429081594e+03
1.812749895977132155e+03
1.812761822066605191e+03
1.766057736733255297e+03
1.495915421711694762e+03
1.700176251393053690e+03
1.878919157099629501e+03
2.253041873961827605e+03
3.894298227844127268e+03
4.686355195578343228e+03
3.424226916105319560e+03
4.026220203840837257e+03
4.746100761660949502e+03
4.743300048154338583e+03
4.516652234693552600e+03
4.333939083038330864e+03
4.319380817085298077e+03
3.250267671167938261e+03
4.916080459315259759e+03
5.021125099335769846e+03
4.465328723789632932e+03
4.631120973823800341e+03
4.346955955521731994e+03
5.177335520314250971e+03
5.843784848393966968e+03
6.544197453615483028e+03
5.207610083796083927e+03
5.846738120992209588e+03
4.462030075601029239e+03
4.310275441635322750e+03
5.417611277457837787e+03
6.025465271908780778e+03
5.330926908660731897e+03
3.636379570756319481e+03
5.664388475885904882e+03
5.271865924398119205e+03
6.041733726856294197e+03
5.600868012176881166e+03
4.586930511885560009e+03
5.169668785523451334e+03
6.805412731484580036e+03
7.607160935974912718e+03
5.828522771586072849e+03
5.295985122316162233e+03
6.163780802758737991e+03
4.711099916663042677e+03
5.428879803714050468e+03
3.842765284855533992e+03
5.636900512892710140e+03
4.504983744490165918e+03
6.218757342819616497e+03
7.420845590373882260e+03
5.954827462801114962e+03
6.924380713891669075e+03
4.503629369367795334e+03
6.703771307207533027e+03
7.218901828199979718e+03
4.142231510812847773e+03
6.065898769943321895e+03
6.738320970380414110e+03
5.503385234993150334e+03
6.138497425092508820e+03
6.636179337265170034e+03
4.451757866108046983e+03
3.401596264108869036e+03
3.491185838358670026e+03
3.741477914667170808e+03
3.292114088672765320e+03
3.385442379831559265e+03
3.745337007148320026e+03
2.638510895608861574e+03
3.127278756770371729e+03
2.971609015722905951e+03
2.484174663418825730e+03
3.118883650221770495e+03
3.089802036072552710e+03
2.868498138430395556e+03
2.674467075836777440e+03
2.096964458923868733e+03
2.323307650278022720e+03
2.063802454998310623e+03
1.740511923710530255e+03
1.605187409070657168e+03
1.522002048257649221e+03
1.920608638901562017e+03
2.330846727441964049e+03
2.263117592808230256e+03
2.310475043169175478e+03
2.362695665262983312e+03
1.907194197042670567e+03
1.296645143943830590e+03
1.326317627150752742e+03
1.819504586571485561e+03
1.689772765760028733e+03
1.529661941979991298e+03
2.420224797956978364e+03
1.710918011736958533e+03
1.280840111519540869e+03
1.032226251523223027e+03
1.596381477321086550e+03
2.703269996911358248e+03
1.635837869473120236e+03
1.822852894932414074e+03
1.377278811857196388e+03
1.431172416769425354e+03
2.089326262397055871e+03
2.112344722942360931e+03
2.092642426023264306e+03
1.690521420583026384e+03
1.782157614279781001e+03
1.725857016302499460e+03
2.250164708678140414e+03
2.353271894777314174e+03
2.206731604091630288e+03
2.367693722147929293e+03
1.994349104286600550e+03
1.992853124930193871e+03
1.245396062391948135e+03
1.470854367637244422e+03
1.461583611265897616e+03
1.351203032288842451e+03
1.203832933701811271e+03
1.505974658874922852e+03
2.123451536988248336e+03
3.546766730240957713e+03
2.506341237730805460e+03
2.103951570393246129e+03
1.744244268816328031e+03
1.712885945231088499e+03
1.541241764438692371e+03
1.289257428377575252e+03
1.524013220725154497e+03
1.366925534093336182e+03
1.459863578602678217e+03
1.402138569366844195e+03
1.685775138907046085e+03
1.505004914569496577e+03
1.687730724134691627e+03
2.324470816318125344e+03
1.799590364860403270e+03
1.580477704640185038e+03
1.426650050238597714e+03
1.560235741859271457e+03
1.469737514672252018e+03
8.742501259241729485e+02
8.629624035896830492e+02
1.137322151134502747e+03
1.429742431276112484e+03
2.891631860887557195e+03
4.677778554494192576e+03
5.423295058305421662e+03
3.514052423764062041e+03
3.773458997217392152e+03
3.102691067658075553e+03
1.905511771253985444e+03
1.945839552197105832e+03
2.216406691133552158e+03
3.001191372615529417e+03
2.817522290246308330e+03
2.214247945125081060e+03
1.936902151172060258e+03
2.104122365942173928e+03
1.225092868014714668e+03
1.123801129396206534e+03
2.748195937030710866e+03
3.525155573138752061e+03
2.715482401482326622e+03
2.127863690267529819e+03
1.485346134624347997e+03
1.628688789224764150e+03
2.247811499301383719e+03
1.685134213987618068e+03
1.622472159353242887e+03
1.517180229237308595e+03
1.348738026799529052e+03
2.293182252929970673e+03
3.116771576257668585e+03
4.197058989992308852e+03
4.586349171498433861e+03
4.371006589259226530e+03
3.456263464726951952e+03
4.196961233129943139e+03
3.007536492223706773e+03
2.866059289619301126e+03
2.172262144388631896e+03
2.013617148814500752e+03
1.900795055744813453e+03
1.899069443562764718e+03
2.632657117806079441e+03
2.434306599587454912e+03
1.948287313820020245e+03
2.079163297684729514e+03
2.372150251359187678e+03
2.547887144092451763e+03
2.068584289001215438e+03
2.957304597187048330e+03
2.447984961267144172e+03
2.180562159977166175e+03
1.748778041553036019e+03
2.055553912570529974e+03
1.956981414042499409e+03
2.081396024024569670e+03
1.680039536624034326e+03
1.774005073673532479e+03
2.034771718109721633e+03
1.324896965468703684e+03
8.943789231920634393e+02
1.369447417493719058e+03
5.395970495584558194e+03
4.009369195142759963e+03
5.608147375383264261e+03
4.917381661265661023e+03
4.357093227879701772e+03
2.523455119370670218e+03
2.513532286173949160e+03
2.063285556287460167e+03
2.281389764430320611e+03
2.652517792974654640e+03
3.194608946906173969e+03
2.156346794367929760e+03
2.195973164902272401e+03
2.384654675551426863e+03
3.349660245420653155e+03
2.327574510252410164e+03
2.721741887281449635e+03
2.469478360265247829e+03
2.045753789891744873e+03
2.085242793335705301e+03
2.144462760479584631e+03
2.576050094586316845e+03
2.340464765632560102e+03
3.398982732261358706e+03
3.058853794796331840e+03
3.902482856535794326e+03
3.130469385423919903e+03
2.716203867507205359e+03
2.645413995624388917e+03
2.293004770719800945e+03
1.981486159244985629e+03
2.558379124392372432e+03
2.291423587462583328e+03
1.947388942418042461e+03
1.711181263631169713e+03
2.542371804875510406e+03
3.063314826484089281e+03
3.445169442993842040e+03
4.376729286181528551e+03
4.963019913514806831e+03
3.237351067813528971e+03
3.657476883344887483e+03
3.857554790344783214e+03
