2.011319900102833458e+02
4.051875104525843767e+02
4.816276639640200870e+02
6.068292648220624415e+02
1.007947310267894181e+03
9.456978896947937301e+02
1.130419677715746730e+03
9.333908400877942313e+02
6.119104764235909215e+02
7.372305346241923871e+02
7.100577889387307096e+02
3.619784914312148203e+02
5.570337424043212877e+02
6.310590969674805137e+02
7.854983836163156639e+02
9.168053314995931942e+02
8.741225423790567675e+02
1.114062771628538485e+03
9.309125935362162636e+02
8.485499845447765210e+02
1.872706697882758363e+03
2.097063987059716510e+03
2.344878683658687805e+03
6.591251512115347850e+02
7.288820957960813303e+02
5.837455852466292754e+02
6.893937871079045863e+02
9.916548932426082956e+02
8.834007478030030143e+02
8.670621656130681458e+02
8.482875393083160134e+02
1.344987651702974972e+03
2.558896649095692737e+03
2.529224379405512082e+03
2.559701067339482961e+03
2.160294515411510474e+03
2.195112200769766332e+03
2.793247055273440310e+03
2.457647758061256354e+03
1.781901033772444862e+03
1.565592423863486374e+03
2.576645460598485897e+03
2.135394805877402177e+03
2.974578646657735590e+03
2.407906865157382981e+03
2.693505466916933074e+03
2.731864291853458781e+03
2.953272750136254217e+03
2.989400861836754302e+03
2.690671065106994320e+03
2.870597557612872151e+03
3.321961237268008063e+03
3.443849730123678000e+03
3.115392319294559911e+03
3.265687531059089451e+03
2.643633426675175542e+03
3.681842033466484281e+03
3.012144261176184500e+03
3.204122193013967262e+03
3.219406444694047423e+03
3.250300688177351731e+03
2.596712075681593888e+03
3.663991367933937909e+03
3.066573970520548755e+03
3.551859294054505881e+03
3.971955552931222883e+03
4.935211501822577702e+03
6.039641124713793033e+03
3.970198212891156800e+03
5.520309493404606656e+03
3.999986910086318403e+03
5.775129510549236329e+03
4.465043904015238695e+03
4.348909210645457279e+03
3.206319307595982082e+03
4.921037723228834693e+03
4.804686304801326514e+03
5.849165684980698643e+03
2.614885260875082622e+03
4.487777529886608136e+03
4.998806895567970059e+03
4.240616904798042924e+03
5.673873368055281389e+03
5.182198456929511849e+03
6.340176014462115745e+03
6.730976309396727629e+03
4.199001285536193791e+03
5.234161762867426660e+03
6.059208267166297446e+03
4.701441981102409045e+03
4.196911534135894726e+03
3.691326887680282198e+03
2.288290176782190429e+03
2.715759215100499659e+03
3.781443511265155848e+03
2.480314363282341674e+03
3.072322920811396671e+03
3.153504829463430269e+03
4.046905362932091521e+03
5.029882816569271199e+03
3.981124778232040171e+03
4.218400349908359203e+03
5.051021089079356898e+03
3.981250900148091205e+03
3.731708573452402561e+03
4.364969609849001245e+03
3.038713890768357942e+03
2.542143448078367328e+03
4.782308156752085779e+03
4.246736028043349506e+03
4.570801186190406042e+03
3.913523051268161453e+03
3.937284180197735168e+03
3.586645111202873068e+03
3.018690757228056555e+03
4.335258950817095865e+03
2.637517674270245152e+03
1.805453330682499200e+03
1.321806925432640128e+03
9.952106013208433524e+02
2.222679516860121112e+03
1.692350757611343397e+03
2.355203798808158353e+03
3.897029324063222248e+03
5.312799147048830491e+03
4.143878698979025103e+03
3.049503961881904615e+03
2.922110894106970136e+03
3.597320837092352576e+03
5.054062113572760609e+03
5.771919938883899704e+03
4.856423747830371212e+03
5.320237999935273365e+03
5.491085697226357297e+03
4.360043022484072935e+03
2.671081047409467828e+03
3.712203343066414618e+03
4.394581216030554060e+03
4.837058027916888022e+03
3.237101459162626725e+03
2.230409492862935167e+03
3.516523624059175745e+03
2.470916224167632208e+03
3.728122190256984595e+03
2.377344845128098768e+03
2.704889254683469517e+03
2.098216155796969815e+03
2.624074324391416212e+03
3.037244406649925168e+03
2.327405942625981424e+03
1.963373540006995881e+03
1.511035141977367857e+03
1.717322491543287242e+03
2.243847167921591335e+03
2.694965254287492826e+03
2.348316333325602500e+03
2.123109906118382241e+03
2.932562796801528293e+03
3.954016787035719062e+03
2.704112387608397967e+03
1.706541911402199730e+03
2.664482999098136133e+03
3.192853515725636043e+03
2.631471650745544594e+03
3.226530560823070573e+03
3.289022828550758732e+03
2.735586392010930012e+03
2.854979887637916818e+03
2.501043099277019792e+03
3.843736322713503341e+03
2.912586845830148377e+03
3.454038930462597818e+03
3.185674343539025358e+03
3.252532342029122447e+03
2.220112934209260857e+03
2.053072950441463490e+03
1.004307036486759216e+03
6.687891412033596907e+02
8.829906433254478770e+02
1.284230648063716671e+03
1.922299238526149338e+03
1.833371323680118394e+03
1.335313347787753401e+03
2.242260699357833346e+03
1.893261926821315683e+03
2.539215798107182309e+03
3.284832077303380174e+03
5.618576046943420806e+03
5.261652622115694612e+03
4.082458340295803282e+03
2.981172758583262748e+03
2.507000278768554836e+03
3.306109142201015402e+03
2.308836570093486898e+03
2.496629913293850223e+03
2.774377630109024267e+03
1.636981864668162416e+03
2.632015479372793379e+03
3.005710736043106863e+03
2.830169474119982169e+03
3.078519896384344065e+03
2.917253470287981600e+03
2.466448162231972219e+03
1.839332381963619127e+03
1.921051418566465145e+03
2.544327458302398099e+03
2.248516972183675080e+03
2.468807178430424756e+03
1.888279898472949526e+03
2.720497679745044024e+03
2.109757273368256392e+03
5.107720183954832464e+03
1.539440530665253846e+03
2.782760747739285307e+03
2.284857191981710002e+03
2.845840758185167033e+03
3.972775984353040258e+03
4.549750787376307926e+03
3.642160583533777299e+03
4.017729019106818669e+03
2.980195320100442132e+03
2.411219610653938616e+03
1.759141454919126545e+03
1.921798518612938096e+03
1.763832061191633784e+03
2.718937031438646045e+03
2.322747908687823383e+03
2.282424921563726457e+03
1.064627636499078335e+03
1.985408321174970979e+03
3.763212119694908779e+03
5.169365984784887587e+03
6.193147830844143755e+03
4.633525935230816685e+03
5.246696606584782785e+03
5.847305067920538022e+03
4.430686624930013750e+03
4.917823178469311642e+03
4.609146427356533422e+03
4.205846561488644511e+03
3.540266106461358959e+03
3.629033994171201357e+03
3.321982752438547777e+03
4.661288141526440086e+03
4.944614612185931946e+03
4.127898255210701791e+03
3.707908854224775951e+03
4.293230049975536531e+03
3.745174356039766280e+03
2.511936312248536524e+03
4.666854637805054153e+03
4.886437475815792823e+03
3.619849161579286374e+03
3.589712715693202881e+03
4.341327446330078601e+03
3.640349443211615835e+03
4.003709585313930802e+03
5.605534009644366961e+03
3.278248458448327256e+03
3.181208258729749559e+03
2.201650912736018654e+03
4.946042355385320661e+03
3.855542674166604229e+03
3.710746389399369946e+03
4.462820434534023661e+03
5.379365935171662386e+03
4.739836615299808727e+03
4.298167773429148838e+03
4.674961212280524705e+03
5.099940729864648347e+03
4.254507604092629663e+03
4.187465493615113701e+03
3.114476999856761722e+03
2.885661276635530157e+03
3.243638187061173539e+03
2.872715562097512247e+03
2.499705198170273889e+03
3.210778350676486298e+03
1.813456407589710125e+03
3.462716331840533712e+03
1.987956250434221374e+03
2.046686199345145951e+03
2.233643744366037936e+03
3.742277599803922385e+03
5.713508916618772673e+03
5.314357895162692330e+03
4.761777418902949648e+03
5.663180717065424687e+03
4.361208788648737936e+03
3.652604547949338212e+03
3.764796783132519522e+03
2.727386035395178624e+03
2.897147401655136491e+03
2.684061274998122826e+03
2.673298397517651210e+03
3.293620034176195986e+03
2.616082383278208908e+03
3.214506739240749994e+03
4.306708057267659569e+03
4.531134305941102866e+03
3.982112738837801771e+03
2.893541087391954079e+03
1.986969062590870180e+03
3.716473975083048117e+03
2.688835892196756049e+03
2.752308652882726619e+03
2.233252762348457964e+03
4.958903018236020216e+03
2.280208604419775838e+03
2.348265324540504480e+03
1.888981297837838611e+03
2.488024736422484239e+03
3.469199741725355125e+03
2.980836052411524179e+03
2.691071188344791153e+03
2.674339917772739227e+03
2.702709671406370035e+03
2.138018041134745999e+03
2.872268696427883697e+03
2.846880956891624010e+03
1.859569281090592085e+03
1.882347910757915997e+03
1.734432444593398941e+03
3.669210208393156790e+03
4.249594205896518361e+03
2.967261146261610065e+03
3.511485017411405806e+03
2.467237675898612906e+03
1.669771376711713629e+03
2.436078524879568704e+03
2.789938238288837510e+03
2.509613505916327995e+03
2.281682570046813453e+03
1.917246539319953627e+03
1.823688911980863395e+03
3.415159324922460655e+03
5.282879284196384106e+03
4.535141885310904399e+03
7.559091226035130603e+03
5.747498457193651120e+03
6.724250486151444420e+03
4.008270668409905738e+03
3.281399968508482743e+03
4.409084234789317634e+03
4.814420891002128883e+03
3.985666158108570926e+03
3.975012934448953274e+03
4.132741765478153866e+03
2.718861620917151868e+03
3.161214417542730644e+03
5.895186163185251644e+03
5.779024959981590655e+03
4.223103997021989017e+03
6.939637315923077040e+03
7.997924827349173029e+03
5.338278053808827281e+03
6.336751645524813284e+03
5.629365421033970961e+03
6.146185799569134360e+03
5.810552293407236903e+03
4.560450131266471544e+03
4.648502965317708913e+03
5.079513928520218542e+03
3.370066973499270262e+03
3.136079437126722496e+03
3.845844723492713911e+03
3.170796635386103844e+03
2.807965438133746829e+03
2.389017252424492199e+03
2.955395368583608615e+03
2.553605539554182087e+03
2.633903297803308305e+03
2.764094671225633647e+03
1.866164618778977001e+03
2.011309072927750549e+03
1.519516471351411383e+03
1.944880579171472164e+03
2.139823110900995744e+03
2.469972347244804041e+03
2.308569211623200317e+03
1.745608617093425437e+03
2.171947802831806257e+03
1.859157350756984670e+03
1.476195296939967420e+03
1.642831160950404410e+03
1.185090480707996903e+03
1.725147251948437770e+03
1.937765727425102568e+03
1.875219782006633750e+03
2.013846477821874942e+03
1.663540740868316334e+03
1.742135470374648094e+03
1.821484185045726917e+03
1.710548956562856574e+03
2.096296989456752272e+03
1.373082588562852152e+03
1.467116638697036706e+03
1.035027494895064820e+03
9.732375846351073960e+02
1.467431711578518616e+03
1.808610329513508077e+03
1.987853887099446638e+03
1.513927951966279807e+03
1.321424173487868529e+03
1.205050808601610242e+03
9.038429074091448001e+02
8.843559108690088806e+02
8.097771407378735375e+02
7.538140520851076190e+02
9.648878754570679348e+02
1.592247068406370090e+03
1.380124442057100623e+03
1.132602547206678310e+03
1.196713833256953876e+03
1.618149640940671134e+03
1.521351456740090725e+03
1.527839103660189721e+03
1.379135354819926988e+03
1.010205288498128766e+03
8.702682995007752424e+02
7.800924776487834151e+02
5.711963484557782067e+02
6.698621952967100697e+02
8.200652627398116010e+02
8.615040396653682819e+02
9.562441643233670447e+02
1.015916933484266110e+03
1.054641458874960335e+03
9.476929242141362693e+02
8.048294067906743976e+02
5.225162676812709606e+02
9.209025969308828508e+02
1.178968419431391567e+03
1.051173365431033517e+03
7.291015536204872660e+02
4.790307401901543471e+02
4.008126406279593539e+02
5.659686863243061907e+02
5.136758583157450175e+02
4.088050627940664867e+02
3.688321543436227898e+02
7.052323322718398231e+02
1.059477906152587366e+03
5.624402997348578310e+02
5.923165510799360618e+02
7.203555915081049079e+02
1.154136130923582186e+03
9.066088995358452394e+02
7.551733093346260830e+02
6.511008321089559558e+02
4.353830140639301476e+02
5.425678098775509852e+02
6.848166395060801506e+02
6.526185540631753383e+02
2.929629362171397702e+02
4.164194557343544716e+02
6.186750235881216895e+02
4.094534057430428788e+02
3.662743703338534829e+02
4.325162197237614237e+02
4.793459152066989191e+02
5.130841028878107863e+02
5.610586622286255079e+02
4.438577607081190877e+02
5.883905333183760149e+02
7.260790170799766656e+02
7.880782299407691198e+02
1.104920811981672159e+03
1.606165485575585762e+03
1.333880631631537426e+03
1.278016781111677801e+03
1.064201533927650416e+03
7.386006138916626469e+02
5.081383560540415942e+02
2.349221477399400726e+02
1.608462062201771914e+03
1.107774962461886616e+03
2.073011234827420594e+03
1.618984948880688080e+03
1.765307383222960425e+03
2.351799235378871799e+03
2.028820053993459851e+03
2.468938463758473063e+03
2.798385860352942927e+03
2.252069788990839697e+03
2.754109941214630908e+03
2.856674514448979608e+03
3.324753141974371829e+03
3.324169547106285791e+03
2.469801158904057957e+03
3.790310243141517276e+03
2.209846779239107946e+03
3.661331703882901820e+03
2.727656669011470512e+03
2.963619688798146854e+03
2.577769894395210031e+03
2.874599869602246599e+03
1.760245544259364578e+03
1.602957180463344685e+03
