3.040327537971785432e+02
7.696531645321535962e+02
7.574605110054823172e+02
4.170340814293968492e+02
2.007840338686729638e+02
2.730508549334442137e+02
3.595457986551124918e+02
5.882863249779039734e+02
4.644224540894889515e+02
6.211441787744665817e+02
1.222451368130134824e+03
2.217935136749246340e+03
2.962146111723840932e+03
3.706195333427449441e+03
3.565613776936411796e+03
3.001682749464758672e+03
3.108818782474148975e+03
3.168045634189917564e+03
2.418025321782278752e+03
3.607573226300322403e+03
4.452787865294966650e+03
3.734276596485375649e+03
3.902924624213052084e+03
2.658796395849424698e+03
1.930865642288505114e+03
3.510577220985197073e+03
4.772666526805527610e+03
3.787459513812018031e+03
2.663583412037473863e+03
4.445735150419664024e+03
4.305425052005733960e+03
3.428724844837141973e+03
1.719469514981224847e+03
2.327071602823169087e+03
3.425313365139531925e+03
2.980068765740432809e+03
2.867127411078792193e+03
3.329197484473510485e+03
3.172207850984189463e+03
2.368591443432917913e+03
2.416914865396884124e+03
1.713970710190388672e+03
2.538005194436674174e+03
2.646808087968487598e+03
2.789056305962215447e+03
3.020246980659513611e+03
3.365524377543716128e+03
3.588426831241330092e+03
4.624754064963702149e+03
4.091941016497540659e+03
5.122141945991995271e+03
4.792355954877479235e+03
4.201254680420904151e+03
3.191520398306199240e+03
2.717381967823156174e+03
2.650183434978637706e+03
2.936238407999995616e+03
3.210587157790501351e+03
3.428960598883662897e+03
4.179222855304410587e+03
4.279581033437822043e+03
3.570977670708220103e+03
3.433236431884329704e+03
2.614303827471948352e+03
1.906833946683771728e+03
1.817157040488512166e+03
1.718622758657771328e+03
1.857923306302979199e+03
1.774965643279401547e+03
1.421640347360528949e+03
8.176619251928874519e+02
4.311938075055714421e+02
6.866933853160344370e+02
5.334995067846559778e+02
7.143949672175097021e+02
9.618922807135700168e+02
9.352798236302442092e+02
1.282683855755977675e+03
1.485984371138396000e+03
9.112494342374285452e+02
6.910270318113673511e+02
1.550537179184623938e+03
2.376815095450158879e+03
2.862348483442903216e+03
2.563495384504798949e+03
2.339078492487960375e+03
2.707542482397775530e+03
2.737701684639890573e+03
2.609108028849170751e+03
2.324874282426599166e+03
2.540747441735234588e+03
2.022116952441405829e+03
2.230849847710676841e+03
1.757398560548358773e+03
1.689056205133553021e+03
1.584824893109525419e+03
1.978652594189111596e+03
2.177587840422203499e+03
2.618166492009562717e+03
2.565030201847117041e+03
2.314997395577304815e+03
2.349332395175814327e+03
2.560049294766218736e+03
1.370409537451870619e+03
1.605076770053922019e+03
1.376590824772939186e+03
1.190736232684067090e+03
1.777873939889509074e+03
1.429923806784460567e+03
1.512317216162564137e+03
2.226587176533535057e+03
3.482746211682208468e+03
2.773888641056196775e+03
2.615347733048228292e+03
2.395952514970389529e+03
2.074316974867763292e+03
1.646937414234310154e+03
1.671060753411059977e+03
1.573385639902997582e+03
2.058184957655600101e+03
1.759658287288166321e+03
1.781288905599936697e+03
1.480378650446155916e+03
1.011581333334088981e+03
7.467895984427433405e+02
7.484031349448731589e+02
6.079453344266502199e+02
7.270115616465800485e+02
1.630423363110660148e+03
3.000482051653064900e+03
3.488118990438463698e+03
3.794065801149621620e+03
4.093620925402980902e+03
3.959962984060082817e+03
2.378107312279577400e+03
2.051743034796172196e+03
1.668017594480327944e+03
1.803473517193628822e+03
2.241155631209250714e+03
1.510667089711231711e+03
1.374378304030454274e+03
1.502418067223426306e+03
2.725508531600710739e+03
2.038903044546656020e+03
2.074844627767314705e+03
1.620006276315272316e+03
1.429721040109240903e+03
1.611564175745843613e+03
1.693895655696062477e+03
8.045656743654062666e+02
1.654793997315179013e+03
3.031835804897901198e+03
3.238801069246699626e+03
2.817315504480271102e+03
2.867688923668735697e+03
3.482237389484749201e+03
3.486695852801720775e+03
2.883089268304803682e+03
2.070267581817660812e+03
1.707314156826447970e+03
1.915353993727123907e+03
1.806140613950877650e+03
1.763610782319109830e+03
1.664886205702263169e+03
1.838033176190926952e+03
2.546359181951607297e+03
2.677577257795870537e+03
1.815883148019475357e+03
1.132503964362887245e+03
9.698487980424007446e+02
1.234431049213725373e+03
1.664905592120224810e+03
1.165787948778208602e+03
1.176816000296214725e+03
1.756514416322725765e+03
2.288778065766655345e+03
2.186092777351568657e+03
2.843212053468681916e+03
3.152756367136914832e+03
2.925727554776608031e+03
2.334488401942812288e+03
1.576047220575690517e+03
1.738591109238138188e+03
1.540191696428429850e+03
1.337628689925040135e+03
1.216021695559541740e+03
1.015382641798411328e+03
9.700113367748267592e+02
2.070623149212528915e+03
3.177094407932991089e+03
3.818794576694414900e+03
4.263098898276891305e+03
5.309268833787868061e+03
4.193452537006112834e+03
2.747410571976260599e+03
2.187866666422066373e+03
1.938831060426931344e+03
2.101102348776575127e+03
1.497121154646398509e+03
2.410026777648705774e+03
2.907473612789522122e+03
2.269991607795645450e+03
2.218822052615740176e+03
2.726981688166025378e+03
1.713239316716782241e+03
1.296656052666974801e+03
7.915021234297345245e+02
1.023917632648470658e+03
1.365477782191198003e+03
1.884733166931919413e+03
2.102642102467161749e+03
2.977277482393834362e+03
3.009135320524250801e+03
1.780167663168733498e+03
1.613628525196920691e+03
1.445164681588912117e+03
9.625917382504333091e+02
8.539912154895515641e+02
1.547794861894602491e+03
1.914076162488421460e+03
1.575282622165009798e+03
1.818942060072111190e+03
1.089293371405781045e+03
2.655562660447116741e+03
2.397247990389678762e+03
1.838820661540238689e+03
1.061525310202140417e+03
1.229959489422172510e+03
1.419844705246575813e+03
1.104658783248767577e+03
4.576667155465847827e+02
8.357480080929286714e+02
6.774084093624716161e+02
1.979860236063222828e+03
3.988064845812691146e+03
5.305129983340499166e+03
4.615050513190134552e+03
4.587227356259322733e+03
6.198667319447660702e+03
6.485799448457286417e+03
5.935695123315546880e+03
5.230965439937292103e+03
4.461418213081174144e+03
3.953632521231726514e+03
5.936694720668965601e+03
4.121777264264148471e+03
3.217606145993534938e+03
3.573865157538486528e+03
3.865596030765574142e+03
3.865588259191289126e+03
3.763628991910042714e+03
3.354707160681459754e+03
2.958081084820621527e+03
3.281131864509157822e+03
2.426349678834503720e+03
2.853765471068422812e+03
2.946070407468104349e+03
2.721367644551017747e+03
1.130183266610301644e+03
1.841558388395155362e+03
1.551933496824002304e+03
1.732800414780092296e+03
1.720031856571985145e+03
1.772400364775724483e+03
1.725075143500339891e+03
2.224144891142982033e+03
2.739427433273609495e+03
2.678261021187845927e+03
2.643348314807707084e+03
2.152694716451266686e+03
2.237432886372300345e+03
1.569191697752011578e+03
1.060542648114652138e+03
8.424471119730872033e+02
7.447566346542778319e+02
5.819005218074171353e+02
4.606650773603692528e+02
4.950461561467549814e+02
9.509995102292923548e+02
7.233318692229859153e+02
8.741731916665029303e+02
8.913268520437928828e+02
6.781269717589472066e+02
8.796195967057371945e+02
1.271576498476913912e+03
1.180582358255479676e+03
1.281412448418344184e+03
7.008680351516619567e+02
7.110078307229406391e+02
7.491588660358238485e+02
4.042498521632123243e+02
5.283771343980805568e+02
7.378172612526485636e+02
1.026259803511990185e+03
7.845731172120902102e+02
8.448277119036894192e+02
8.712304214190979792e+02
1.584874387434484788e+03
2.580256502049358460e+03
2.684840909023322183e+03
3.371193885003207470e+03
3.814251404784261467e+03
2.497214543250143379e+03
2.213260382325875071e+03
1.839181937961086305e+03
1.730458348100955618e+03
1.826627966128883827e+03
1.617658047024450980e+03
1.529409683947136045e+03
9.858931442116324888e+02
1.644776716737748302e+03
1.617715310226182964e+03
1.587628434953672922e+03
1.421050700319561884e+03
1.484232962429608506e+03
1.257213621021419158e+03
1.394192156231889385e+03
2.827243978937519842e+03
2.597495046077317966e+03
3.099269903875697764e+03
2.997615288366051573e+03
3.075324518666919630e+03
2.145439940073778871e+03
2.050528528385442314e+03
1.594323595827508598e+03
1.087112609867490619e+03
6.067729775428191488e+02
7.586519097980681181e+02
1.477825135274916875e+03
1.984193781698426847e+03
2.282981422953902438e+03
2.916509103573253924e+03
2.604119095796571401e+03
2.654659853259571719e+03
2.649111750860110078e+03
2.405159583949539865e+03
1.483752852547973816e+03
1.259168865772418940e+03
9.725192334585580056e+02
6.325319760084936433e+02
7.757326584240182683e+02
1.162539568575203475e+03
1.604571086432801849e+03
1.485743870785483978e+03
1.216395847629641594e+03
8.525532679527351547e+02
8.467753304099297793e+02
6.222725280706387139e+02
5.626939084046196058e+02
5.846139610513575917e+02
6.268258780966389168e+02
6.602248150078345361e+02
5.338964190116172404e+02
5.185524737771002037e+02
5.651013584215418177e+02
7.270548546029996260e+02
9.349987799578851764e+02
1.103748120008048772e+03
1.510275637974584697e+03
1.972255929895700092e+03
1.701010170668647561e+03
1.313762434505102192e+03
9.147512497668138849e+02
7.153315808182252340e+02
8.732875239789372017e+02
1.270823581709119026e+03
1.147548474291528692e+03
7.935486019338350161e+02
7.168372606204233080e+02
8.351800398932424514e+02
9.039833056882046094e+02
6.641022695361108390e+02
7.136049692900174932e+02
1.011238408130721496e+03
1.091544646972391320e+03
3.689417577343956509e+02
4.371940359487068690e+02
4.710572624255959227e+02
4.747015027102044655e+02
1.008743446327201696e+03
1.716638855851416110e+03
1.627124534593500130e+03
1.125461858463484987e+03
1.450799880726489164e+03
1.595328350579856078e+03
1.314563316326115455e+03
1.603126038167122715e+03
2.201862843484432688e+03
2.821968892922780014e+03
3.365115598969821804e+03
3.267240779604665931e+03
2.612323594797272563e+03
2.884303148978220634e+03
3.171120256235439683e+03
3.594122100703107662e+03
2.830595243849031249e+03
2.529183781343897408e+03
3.051165007968073496e+03
2.301353826986453896e+03
1.268097595801566740e+03
1.295762342013607167e+03
1.224963856825248968e+03
1.520628144453834921e+03
1.566610187226203834e+03
1.941811537837160131e+03
1.822558170630336235e+03
1.652927904096906786e+03
1.025804573903291839e+03
9.751762795794786598e+02
7.258689466564055692e+02
7.188464203329059501e+02
6.799145827917875522e+02
9.152387846527650481e+02
6.591652664007827980e+02
4.822712298018003594e+02
4.201327159886678828e+02
4.589565131901226778e+02
3.806461629067149488e+02
7.746798502737188983e+02
9.441825955206487606e+02
4.241957192804608212e+02
5.261691407037292265e+02
6.078952120564590587e+02
5.477904713454117882e+02
5.272242636201744972e+02
4.999175542873271070e+02
5.311763799438328988e+02
5.330373996918730199e+02
6.017742902501922799e+02
4.675902582339854234e+02
4.581120656950070043e+02
4.453818298182189892e+02
6.933676594467152654e+02
9.706228452198600962e+02
1.116876576510176164e+03
5.840394191618987634e+02
5.493938692248517555e+02
2.974974543353959575e+02
3.981979924754845115e+02
7.470519176477108658e+02
6.766970356802247579e+02
8.457726896865611934e+02
2.661034594369530623e+03
3.499440632593644750e+03
4.389688719856928401e+03
4.684786999609013947e+03
4.214396865866568078e+03
3.640211938545702196e+03
2.738256672807910491e+03
2.887227848555650780e+03
3.495853675394414950e+03
2.158643816592992607e+03
2.306110281150925402e+03
2.027365411084795824e+03
2.128410238899456544e+03
2.178110562642701098e+03
2.430406635980276860e+03
1.753575548619993697e+03
1.315348265864809946e+03
1.519338358681905447e+03
1.602323983330785950e+03
1.709176502603419976e+03
1.766267230845896165e+03
1.987613448785055652e+03
2.038704853938402721e+03
2.082600432204005301e+03
2.596914863106284429e+03
2.430064984150506461e+03
1.577834425533541435e+03
9.047238588635613041e+02
1.258244356086851212e+03
8.942735079718366933e+02
7.849518830044675042e+02
8.875807572371337528e+02
1.080186151967649494e+03
7.619944340649026344e+02
5.860981003861351155e+02
5.177362201713793866e+02
4.320143920005164091e+02
7.025780239796755495e+02
6.632133026666813294e+02
9.031210833169567422e+02
7.522072586806409618e+02
5.613375970880418890e+02
3.951514991369851373e+02
4.088220242156343716e+02
7.445322826949633281e+02
1.352182054820005305e+03
1.441248612713904777e+03
1.329985167907009100e+03
1.632919258400575927e+03
1.577882849459096633e+03
1.122663519674992131e+03
8.711139501756852042e+02
1.194750293197071869e+03
1.811467921641385828e+03
1.854736214551899820e+03
1.804674780215498913e+03
1.813606326156298564e+03
