2.884483910314236255e+03
3.105725606138342300e+03
3.528770033295890244e+03
2.757714235273556369e+03
3.168375697325965120e+03
3.099126311139309109e+03
2.516740762128797087e+03
2.926827237772977242e+03
3.102285303048162405e+03
3.741422476162035764e+03
3.520116890940763369e+03
3.109871283437526927e+03
2.341544803751245581e+03
2.110746991058515050e+03
1.887802058135009702e+03
2.258561561379387058e+03
3.043390918387464353e+03
3.744169583261447315e+03
3.001050613237836387e+03
4.776731159982963618e+03
2.768096748191751885e+03
3.323255510790730568e+03
3.413468013981148033e+03
3.553170594428789173e+03
3.661028485873267982e+03
3.757876970720640202e+03
2.881509382125505908e+03
1.935452742480927782e+03
2.423605685554845422e+03
2.632255850552798620e+03
2.432786722357665440e+03
1.383755082314256924e+03
2.556285477262448694e+03
3.376080483949850532e+03
2.564093845621164292e+03
3.276236857319837327e+03
4.666683526808858005e+03
3.852938947643201573e+03
2.774276792480885433e+03
3.933319229886778885e+03
5.260508276775017293e+03
3.305693023973067284e+03
3.212291326706156724e+03
3.647228101648162010e+03
5.007824068812630685e+03
3.753159217713441649e+03
2.990311577267728808e+03
1.766764947333529562e+03
2.408346203966870689e+03
1.528051493902599304e+03
1.592396008649974192e+03
2.385427635900792211e+03
3.022461777608102238e+03
2.802326519899625509e+03
2.634206958048222077e+03
2.364033361818603680e+03
2.203141066555880570e+03
2.311638766437561571e+03
1.275095506201066883e+03
1.762770231609128359e+03
5.206432583324674852e+03
3.318877497268254047e+03
2.970699438091069624e+03
2.474395907621517381e+03
2.575916149748734824e+03
3.694552044803725039e+03
2.531063031686844170e+03
3.674815394133378504e+03
4.024426284158568706e+03
4.883322079806641341e+03
4.809977962793353981e+03
5.456078769122536869e+03
2.314522467240079095e+03
3.060061757139820202e+03
3.295737199155125381e+03
4.031309162144847505e+03
2.482170950466492286e+03
3.526594721108748672e+03
2.756292671503825204e+03
3.157192270599561198e+03
3.800713999035938741e+03
2.425699998405694259e+03
3.244929119016333971e+03
3.574399030302853589e+03
3.270947932040104661e+03
2.712063108617283433e+03
2.814760282184720836e+03
2.901945572942030140e+03
4.160913712342192412e+03
3.301349581501501689e+03
3.444582011047321430e+03
3.244062796057743526e+03
2.834458245675137732e+03
3.877481588255181578e+03
2.671211142001780900e+03
4.444332983956877797e+03
3.883725978104115711e+03
4.287628829316672636e+03
4.806627913401869591e+03
6.072947809549807971e+03
6.591051853197678611e+03
5.931266956208392003e+03
5.688258712905555512e+03
6.557693270088213467e+03
5.149082577359929019e+03
4.430888920458179200e+03
5.822388654960141139e+03
4.736101150574902931e+03
4.654347212824409326e+03
4.407231188626782568e+03
5.194424306075738969e+03
4.533824307686854809e+03
4.107660780387702289e+03
4.099444808045936043e+03
4.102622624964045826e+03
6.250202196417630148e+03
5.705106055194563851e+03
4.647811917340711261e+03
4.391663992321336082e+03
4.088024761489333741e+03
5.243874452021642355e+03
3.006490733773811371e+03
1.265954051548701955e+03
1.371027460626898119e+03
2.092972118743537521e+03
2.200350365256429541e+03
3.199139030319872290e+03
3.124871412966723256e+03
2.713637020259050132e+03
2.440109304183250060e+03
2.115454491787062580e+03
1.839935076191887219e+03
1.347210007481728780e+03
2.898079353109018029e+03
2.722993788032201792e+03
2.570338717780753996e+03
2.643322070092687227e+03
1.362561625825061355e+03
1.287941323385163741e+03
1.710354019827218963e+03
1.437482983263078040e+03
1.787174600298982796e+03
1.188164853883772821e+03
1.423852099026878932e+03
2.591261936052605051e+03
2.944385533742167354e+03
3.274438696323943077e+03
2.714304916163623147e+03
2.275959390560774864e+03
1.796411646467668106e+03
1.821520783694150850e+03
1.809997729995102645e+03
2.394638386938445819e+03
2.423357996886807541e+03
2.226523909581432235e+03
3.053936089088942481e+03
2.064795961779333084e+03
2.769926105091644786e+03
2.988418378284697155e+03
2.991116306011106190e+03
2.580039349271235551e+03
1.597112013819190906e+03
3.271775872157081722e+03
3.650567410215248856e+03
2.473046000580665805e+03
2.882424702436817824e+03
4.078409744059341392e+03
4.324686902815263238e+03
3.761415555661169492e+03
4.323501656535394432e+03
3.098485264477809778e+03
2.971898628932999145e+03
2.920605619744862452e+03
2.756445330159661353e+03
2.448980482310266325e+03
3.503776167459156113e+03
2.569389457009696798e+03
2.793333458015409633e+03
4.581813324218829621e+03
3.819182190648566575e+03
4.633673482493180927e+03
4.469681935538468679e+03
5.011135883705547712e+03
3.651198242064777332e+03
4.721423674715653760e+03
4.488625898591092664e+03
3.950251127302424266e+03
4.061212686870209382e+03
4.102508424401442426e+03
3.636317688672439090e+03
4.266483052001836768e+03
4.630338690318947556e+03
4.432743210953110975e+03
4.026359075320302054e+03
3.940868149378981798e+03
3.697647843034166272e+03
3.485204493259502669e+03
3.441945571792863120e+03
3.162753098431312537e+03
3.175251084173849904e+03
2.625580493254859903e+03
3.638005350492063371e+03
3.339671045008522015e+03
4.371848778461709117e+03
3.872308767873262696e+03
3.842466558182245990e+03
4.382607432415183212e+03
5.516829482261628073e+03
4.255426961185527034e+03
4.791772867773031066e+03
4.554877456931285451e+03
4.269076794948819952e+03
4.288775710145150697e+03
4.487608987813180647e+03
3.620448480495527747e+03
4.121753698984217408e+03
3.561743442722900454e+03
4.302552445531079684e+03
3.727454330138324167e+03
5.061782725616258176e+03
4.355034698308798397e+03
3.613808203685974604e+03
4.534350358306930502e+03
4.449983476660518136e+03
4.145480717817328696e+03
2.606191044420123035e+03
2.757670106067991128e+03
2.253693629830685950e+03
2.889623629956555305e+03
2.924968394592255663e+03
4.539774996811708661e+03
3.253284726612161649e+03
3.594134094959774757e+03
2.163843347283390358e+03
3.129191344736724204e+03
2.544953825143364611e+03
2.080145338400324817e+03
2.033001583869483511e+03
2.065444817670741941e+03
2.389629114000874779e+03
2.513766095154231607e+03
2.058922372176311455e+03
2.032670087949902836e+03
3.336383667035658618e+03
4.032495170926319588e+03
3.814519483744608351e+03
3.602450148715173327e+03
3.318108866966216283e+03
4.213392938693582437e+03
4.300961122597855137e+03
3.517414073178964372e+03
3.676565547777886422e+03
4.190081882336187846e+03
3.986961103922849361e+03
2.768617334119612224e+03
1.694425586077202752e+03
1.703836958356219611e+03
1.686215534879564984e+03
2.029925334576668774e+03
3.415806158367527132e+03
2.435386219453006561e+03
3.089835578787836766e+03
2.316872763553744790e+03
1.956969481065461650e+03
2.251669667617558389e+03
2.314456659450040661e+03
1.818139879639439641e+03
1.464598735718804619e+03
5.165648001267048130e+03
2.869954420167702665e+03
3.568327777054736089e+03
3.787989953654653618e+03
4.197386513991466018e+03
5.034534250151575179e+03
5.395439766686199619e+03
4.987710913617684128e+03
4.552935160041693962e+03
3.456055075432793274e+03
3.876922759181950823e+03
3.588162793613817939e+03
4.591022348147121193e+03
3.447462660365546981e+03
3.514602208972515655e+03
3.888563922597642886e+03
3.868992613705458552e+03
3.881409312068468353e+03
3.283187493545741745e+03
3.203073210568715240e+03
3.649201222107183639e+03
3.989022470724518826e+03
4.089432014228678781e+03
4.296681946031375446e+03
3.329199894314946960e+03
4.068895025235150115e+03
4.633839567695664300e+03
4.321985482861877244e+03
4.386988623468815604e+03
3.617355861120173358e+03
2.862854505044710095e+03
2.466479311628914274e+03
3.414915883731219310e+03
3.463929072851929050e+03
3.404480309304658931e+03
3.681230299968637155e+03
3.320406653832896154e+03
4.263407211537726653e+03
4.225897254211399741e+03
3.838478126723179230e+03
3.209459870302313448e+03
2.840579456723831299e+03
2.464143414361257783e+03
3.297949316401635315e+03
3.507603390802318700e+03
5.056499607021109114e+03
3.915217627255526622e+03
4.014061357021314507e+03
4.297125518512873896e+03
4.552804305870860844e+03
4.975865104889016038e+03
5.254436442329470992e+03
3.908383201582750644e+03
1.695958717063806489e+03
1.636785233150576005e+03
1.745818145967749388e+03
1.745908327263876799e+03
2.758351584778954475e+03
2.520044336907422803e+03
2.892860128249686568e+03
2.535871063527800743e+03
2.917569801650294721e+03
3.938720294460451441e+03
3.985959958393721081e+03
4.133982721840411614e+03
3.697840517303560773e+03
3.062565414728018368e+03
4.269347093620700434e+03
2.967402725500947781e+03
3.344862329507111554e+03
1.131999461264736965e+03
1.753605455250052955e+03
1.919613412719589178e+03
1.292599324522397637e+03
1.434361272489615658e+03
1.688035592337950675e+03
1.383161448218134410e+03
1.787219742494809452e+03
2.336394712663247446e+03
2.856096296974993038e+03
1.704063947003061230e+03
1.791061988824659920e+03
1.837472697251302407e+03
2.217950060287099404e+03
2.352689822332757558e+03
2.388760673229590338e+03
3.364200043026985441e+03
3.122786475909084857e+03
3.230121259565426953e+03
2.329616997299574450e+03
2.469149658148036451e+03
3.052785692171361461e+03
4.767304955411323135e+03
5.001247347071118384e+03
3.231806820771976163e+03
3.511789045016958880e+03
3.029941386575435899e+03
3.513518869746118980e+03
2.759441048156646502e+03
2.448789803122542253e+03
3.124954687540358918e+03
3.289879905566265279e+03
2.345996786424037055e+03
2.833317204672014213e+03
2.280241579259432456e+03
3.475568300502881357e+03
3.586670360785594312e+03
3.981315236830349932e+03
3.707352398457211166e+03
3.820143998309095878e+03
2.758689101933312486e+03
2.450066420859360278e+03
1.863360386518642599e+03
2.033623708443315309e+03
2.475476293762304522e+03
2.930586785017357670e+03
4.007159865973836986e+03
4.292445770459658888e+03
3.900884963020092528e+03
4.630712711404631591e+03
3.820268811366615409e+03
2.994959245209031906e+03
2.514629718936902918e+03
2.645394828658426832e+03
4.358631694190122289e+03
3.454312491761765159e+03
4.214896414658045614e+03
2.951290311267354809e+03
2.945222930091757462e+03
2.754068896057136044e+03
2.471319234766830505e+03
2.604141905605449210e+03
2.041407201285480824e+03
1.966667684431847192e+03
1.937414257520074216e+03
1.621647962080915477e+03
4.220749865375115405e+03
4.688131607490303395e+03
3.425538902221631815e+03
1.821290738946029933e+03
2.178856594218262217e+03
1.941117418289601574e+03
2.101995280623358212e+03
3.296325912027717095e+03
3.544558152151771992e+03
3.462167264405206424e+03
2.516145277188982163e+03
3.207151362770016931e+03
2.372925293572990540e+03
2.128141455490980661e+03
2.603192045601095288e+03
3.588861859298966010e+03
3.998331668874017396e+03
3.943138640995426158e+03
4.017011899569271463e+03
3.512725805210765429e+03
3.329672250384591280e+03
3.561896072795195778e+03
4.318621492008904170e+03
3.670840867481513214e+03
3.413691866405033124e+03
3.272693032178678550e+03
3.516466929547067139e+03
3.879167739191377223e+03
3.691843218452013389e+03
4.470288806537741948e+03
3.741373438758914745e+03
3.288719890196091001e+03
3.718449505755058453e+03
4.692073623672673421e+03
4.106109097373680925e+03
4.791678568499356516e+03
3.973609876984285620e+03
3.761025351206376854e+03
4.360864678623822329e+03
4.120271946741841930e+03
5.496836985624096087e+03
5.433417353057968285e+03
4.928775789060892748e+03
3.637289192094524878e+03
4.076736534231864425e+03
3.769587046976113925e+03
4.023472165437052809e+03
4.705102259547075846e+03
3.807124670181584406e+03
3.179780755888593376e+03
5.818046205162874685e+03
5.567772542019985849e+03
3.321959746858602557e+03
2.027576482050013965e+03
1.809726304811273621e+03
1.654316926232847209e+03
2.173277689039073721e+03
2.214342060730633875e+03
1.879893176132163035e+03
3.012069505518114056e+03
3.079409831442232189e+03
2.975779966994238293e+03
4.241867202879971956e+03
4.353867748650589419e+03
4.109681882716828113e+03
3.265662507721468955e+03
3.665334174348237411e+03
3.495187470142624534e+03
3.766837585294438213e+03
2.238324641248465923e+03
1.605545745014902195e+03
1.340793292222165519e+03
1.145170684556470178e+03
1.920400812941521053e+03
2.643758497027311478e+03
3.992211107858243849e+03
3.253963085365813185e+03
5.036761025905827410e+03
3.600571607301467793e+03
5.334584017949872759e+03
2.946075573174683996e+03
4.387924053819942856e+03
4.784438826974878793e+03
4.813447009708618680e+03
5.749399516275622773e+03
3.502401447552659647e+03
3.696430980038014695e+03
1.962427689838389369e+03
1.815221894910419906e+03
2.678166130994172363e+03
2.675691100570395065e+03
2.381626865507302682e+03
