4.468306795337741164e+02
6.204521070990072076e+02
6.527932030217639294e+02
5.715482278926025401e+02
3.460406766000720609e+02
3.967866601537115230e+02
3.308786160415083373e+02
5.891201563868565927e+02
6.597474859400776950e+02
4.196267634131800719e+02
5.216156823399728637e+02
4.408542665644844192e+02
5.169368189893904173e+02
3.530760331895104969e+02
3.268981886558857468e+02
3.572968421694977224e+02
4.051465085266671053e+02
2.714116774691104297e+02
3.883034462306068235e+02
4.918132448345916146e+02
6.662973077116756713e+02
7.996614568028541044e+02
4.762980882783878087e+02
3.672594478784741341e+02
4.404397895576907445e+02
7.857210886671036860e+02
2.790804952813768978e+02
4.400645247563430758e+02
2.749483738632727636e+02
2.688590256880075913e+02
2.595376696852439977e+02
4.281354473184253493e+02
3.414621298359060120e+02
2.874292588753315272e+02
4.389018514508666726e+02
5.963880146247295215e+02
4.275771592788173621e+02
3.430335169430981068e+02
2.629930546577031123e+02
3.005152623269292462e+02
3.976226767091165470e+02
4.060576526055824047e+02
4.429865862061041639e+02
3.312465119035377370e+02
2.797812360277682160e+02
4.245083263467698202e+02
3.584822814717911115e+02
7.481164957329119716e+02
5.881572813286261407e+02
6.585510105236262461e+02
6.390589111399212925e+02
3.917970962904378780e+02
3.456219835975197157e+02
9.247167839426384717e+02
9.604884427139851368e+02
7.236300054446236345e+02
8.030213878474139619e+02
5.141998398480589003e+02
3.408619950083148069e+02
4.060320370262386405e+02
4.680443496595340207e+02
2.983729844442832473e+02
3.096896669974184988e+02
3.662767663703062340e+02
4.187874075725885632e+02
4.795328400009648817e+02
4.282575677366181708e+02
4.855032864647455426e+02
8.028485740506322372e+02
2.697700668474687973e+02
2.587499184441509783e+02
2.591187886359873005e+02
2.926780902961057791e+02
3.114904512602085447e+02
5.858632117457470940e+02
6.701806534202846706e+02
1.023358281621341575e+03
5.302458077725021894e+02
3.523732896145348263e+02
5.672756277498939426e+02
6.576118863154354131e+02
6.257944613426568594e+02
4.633246368647640452e+02
3.995354206671506745e+02
3.767253143476996229e+02
2.841276190689333703e+02
4.722156220105833313e+02
3.294246152386303379e+02
4.773787964499435930e+02
5.646637305497669104e+02
3.772344497508280483e+02
5.537450807691899399e+02
4.446131496594898636e+02
5.126722375691821298e+02
4.381160902035985032e+02
2.673147045141240596e+02
3.458869057651932621e+02
3.916392960620480608e+02
3.919180126559861606e+02
4.097114684031774345e+02
5.873766145809046293e+02
4.182818177391273480e+02
2.878488563255543795e+02
2.613779794284929494e+02
4.280555429342101661e+02
3.293714197100898105e+02
3.305144663542899366e+02
5.129049965397546202e+02
5.014287576096841121e+02
3.463739848993354826e+02
2.597437842526509257e+02
3.575041152396073016e+02
5.385618091617540131e+02
3.377295279721150791e+02
4.483140165545094646e+02
7.811022955070582157e+02
5.308106139207776550e+02
3.538261037099282476e+02
2.909824305199370542e+02
4.383440044854012854e+02
5.250240601219206837e+02
4.752429983118329346e+02
5.065347586372152477e+02
4.371970190801319518e+02
4.107889292835956780e+02
3.982142838770454318e+02
4.447774207511631062e+02
3.234755901821376369e+02
2.990398259228239795e+02
3.021580663211817637e+02
5.207436138081721992e+02
4.888968930432401976e+02
4.042867787898355800e+02
3.397875395034130861e+02
3.736604636935644521e+02
4.338496427060415499e+02
5.735947626454121746e+02
9.585813629793619839e+02
5.752403483874226140e+02
4.553896026019199326e+02
4.314038210030241771e+02
3.484801452090828775e+02
4.734400539149772271e+02
4.851685439209044830e+02
3.012005190190157577e+02
3.405609968180743294e+02
2.438230386679957746e+02
5.073461087464976913e+02
5.756383997844422993e+02
4.272489382869667338e+02
4.257408947969634028e+02
2.814972147453308366e+02
2.194335438222749417e+02
1.721717683552831772e+02
3.195494731599926581e+02
2.530163793421374123e+02
3.240800157460094510e+02
3.736420428289656570e+02
4.999567097604046921e+02
3.890567246785030306e+02
3.811908314563594899e+02
8.090419216574293841e+02
6.016111436494708187e+02
4.555078636430670826e+02
5.265813633435834618e+02
5.661861819286223181e+02
5.496497129520349745e+02
3.464514805681590133e+02
2.252311843153935058e+02
2.554039321495258434e+02
2.729737737194707847e+02
4.477580561043307057e+02
6.822207112929942241e+02
5.113672757701473870e+02
3.381337438258419184e+02
2.301401006063993577e+02
2.342065987078750027e+02
3.036154864228769839e+02
3.570973975858408949e+02
4.078184893177727872e+02
4.230654183338644998e+02
6.708257504488223049e+02
5.672759796480019077e+02
8.544397498535568047e+02
1.137621099965323310e+03
1.275814281185604841e+03
1.648159035416203778e+03
1.165099016605209727e+03
1.364002299194147326e+03
1.098610878235175278e+03
1.003626956459536132e+03
1.424838123694213891e+03
1.975202627405290968e+03
1.141097277504204385e+03
8.789581955309316754e+02
1.048184004939787656e+03
1.418239202311168128e+03
1.558454657441569907e+03
1.718446587414894566e+03
2.134340452814115906e+03
1.955527782669084218e+03
1.458431091801803177e+03
1.213227169347372183e+03
1.179165380578229815e+03
1.449773525113166215e+03
1.119636933912725453e+03
1.742406928017440123e+03
1.548233005927923386e+03
2.038505261351265062e+03
2.137817387408857485e+03
1.548617134540330198e+03
1.747266004613934456e+03
1.251182068919195672e+03
1.990311589591431130e+03
1.366063601346755831e+03
1.378498524901079691e+03
1.217878534553291274e+03
8.838490287840245401e+02
1.329992524247244774e+03
1.844788717502332020e+03
1.542504305924327127e+03
1.076091646823333122e+03
1.336133062547636655e+03
1.691922879880871278e+03
1.570726912337849171e+03
1.573977760941695806e+03
1.414556882645068754e+03
1.238878246349864185e+03
1.001827675014157421e+03
1.566274452824819946e+03
1.317783276263162179e+03
8.452804425307316478e+02
8.143471616012984668e+02
8.482598004004103132e+02
6.923874507267313447e+02
1.052645272580218034e+03
9.927098112453281828e+02
8.691016286953349663e+02
9.449599846353579551e+02
9.184714645967965225e+02
1.080967748696610215e+03
1.569392771384296793e+03
1.414409639975589698e+03
1.480663514493983712e+03
1.120385514875054014e+03
7.003180532984943056e+02
9.044372089199787297e+02
8.901866240337812997e+02
1.184656748336373994e+03
1.183151265325394888e+03
1.240557381839855907e+03
1.009309973130752383e+03
9.914588038134249928e+02
6.282796055394774157e+02
3.656443909203396743e+02
6.545263686764429849e+02
9.124112142793501334e+02
9.343604780793397140e+02
7.621652995738039635e+02
9.625098784874865032e+02
6.584313831055645778e+02
6.819391828435204843e+02
5.731982852598496265e+02
5.967498761182372391e+02
5.328806190923716031e+02
3.986289944688053311e+02
4.245433238109606577e+02
4.881407876524145308e+02
5.354010936485324237e+02
7.142216666709355195e+02
8.183778945153501354e+02
8.983395413087935140e+02
5.249340389368435353e+02
3.701417195022565352e+02
5.015781418528871427e+02
5.600249977460715627e+02
7.281773125358070047e+02
7.016715819653334165e+02
4.268920398362547530e+02
5.943578887007199683e+02
7.171478433402675137e+02
3.709581483197503644e+02
3.525476765012227816e+02
3.862147753020898904e+02
3.103880381785634768e+02
4.364053127779976080e+02
5.684010908833419080e+02
4.129759903196357982e+02
3.568612479587782218e+02
3.463146223523289677e+02
3.698663661525579300e+02
3.815479153431866166e+02
4.802621972316804886e+02
6.379131224830914562e+02
5.518579573275131906e+02
5.733145245929133580e+02
6.581475138576939798e+02
3.303922260962683026e+02
3.900412829402586112e+02
2.880012647605859684e+02
2.147590450923355263e+02
2.649947800378802185e+02
2.929415397283196967e+02
2.612004326375029564e+02
4.424519770601069126e+02
6.088085190026852160e+02
6.978058818075854788e+02
4.748917809259587557e+02
3.935990632906315909e+02
2.423469425750700736e+02
3.373034668706011985e+02
2.813146037506035668e+02
2.144229905290235934e+02
2.610943665578053015e+02
1.974074608121070469e+03
2.215642403746349373e+03
1.405529880955169801e+03
5.085487697745218156e+02
6.744040352516461780e+02
6.119595336065124229e+02
6.524104309956933321e+02
9.162095119625483903e+02
9.355385130223095302e+02
5.415585940063842827e+02
5.631474416937767273e+02
3.495900988050501610e+02
2.345495651114569569e+02
2.659630268096001942e+02
6.366163484552178033e+02
3.112332278787301334e+02
2.451590880927765284e+02
3.229403623964749954e+02
1.626225834506905414e+02
1.757347913010358980e+02
7.347035694891128514e+02
8.924747368429235621e+02
6.224661795731118445e+02
8.610455694742687456e+02
6.319111314162922781e+02
6.955960810189061476e+02
1.452906436164841352e+03
1.110340023972627023e+03
8.773167771151249781e+02
1.238053046028983772e+03
1.257524700768170078e+03
9.004789961982814930e+02
1.140789690220057309e+03
7.010019588378885373e+02
7.430688285252978176e+02
1.219858784612055388e+03
1.107657129393101059e+03
8.417931174586720999e+02
6.411592628863296568e+02
7.452174782176605277e+02
7.384829713307188968e+02
8.787750575842267153e+02
1.278292476981192522e+03
1.456365795606468964e+03
9.165428138027886007e+02
9.326966567468549556e+02
9.172582185957619458e+02
8.573228022211366124e+02
8.602839368210903785e+02
7.335771049541720004e+02
7.776232699156062154e+02
5.870295164346216552e+02
8.299337784040912993e+02
8.483401526280342750e+02
7.489310896436944631e+02
5.899353369156588087e+02
6.838850559450276023e+02
7.743690510585208813e+02
9.033686145410525796e+02
8.194148085776586186e+02
6.352823624654480454e+02
5.495072636630651459e+02
5.577235688047107942e+02
5.481379944978201593e+02
5.905366223482426449e+02
6.604302768043893366e+02
1.640509946901760486e+03
1.538786575790759116e+03
4.439048369835338690e+02
4.655963164189936379e+02
5.671395977650471423e+02
3.800199508484396915e+02
3.596880817351150199e+02
5.798949218739377329e+02
5.304446496184972375e+02
4.250702021247547009e+02
3.008824447104208843e+02
2.376180904896116317e+02
4.321543728504461797e+02
1.013105950296769947e+03
1.128338129755325326e+03
1.768714134037188387e+03
1.307424194734504454e+03
3.197887681050304309e+03
3.054250307489427996e+03
2.196618729831657220e+03
2.985053482028473354e+03
2.853263106261227676e+03
1.111421697878687837e+03
1.633103581111723543e+03
7.085875043140823664e+02
8.652225350207991141e+02
1.229886087174117847e+03
1.558681460619826339e+03
1.337888604023570679e+03
9.263163760043244110e+02
3.711127710798392854e+03
3.985044787327439735e+03
4.166010950095001135e+03
3.521311539714289211e+03
2.407615995773640861e+03
1.861496096096232577e+03
2.597827030292442487e+03
1.899091799542331728e+03
2.122896353751651986e+03
3.453128656480773316e+03
3.651250244506725721e+03
3.410613307109402740e+03
3.359844496017789425e+03
2.220780367830614068e+03
1.388224499051877274e+03
1.590681983602265518e+03
2.198454950876192470e+03
3.780290403658481409e+03
3.537773331616404903e+03
3.465218774364898763e+03
3.385750283792108348e+03
3.140527870624752723e+03
3.342714988377013469e+03
3.655997212970783039e+03
2.991011891410108092e+03
3.383535014771154692e+03
3.123333923656432944e+03
1.416677341444957847e+03
2.123260459513615388e+03
1.870678761936004094e+03
2.351895644788521167e+03
3.158413886376039045e+03
3.097670688259860071e+03
2.558898832361185669e+03
1.980036180010208682e+03
2.594514277249122642e+03
2.095619719629382871e+03
3.186040266815188261e+03
3.321066142627024874e+03
2.004191580221616960e+03
1.663107265084304117e+03
2.830392430697821055e+03
2.809104961550182452e+03
2.656256333719234590e+03
3.180261994134795714e+03
2.725608527972266529e+03
2.479009785122259927e+03
2.054947193371898265e+03
2.283938702010746965e+03
1.939423891518940536e+03
1.617208498390484465e+03
1.719306908064037088e+03
2.621105981674197210e+03
2.649338337897650490e+03
2.002924104936160802e+03
2.243501587671619291e+03
2.669731582523549605e+03
2.450807868519743351e+03
2.851977653293841740e+03
2.452502416129376343e+03
3.232971662098402248e+03
2.648678430499510341e+03
3.115116729810145443e+03
3.420116355198605106e+03
3.812186302256485760e+03
2.618272490584807656e+03
2.412629346248817455e+03
3.857364900393571588e+03
3.007056834375296603e+03
2.566342980611737858e+03
3.138368539134865841e+03
2.698646194922768245e+03
2.222679206929120483e+03
2.313090626435330250e+03
2.112126045002768933e+03
2.238344578265026485e+03
3.407403782879581286e+03
3.394156194816522202e+03
3.748763600466713342e+03
4.134813296073412857e+03
3.429920125291296245e+03
2.959346504827301032e+03
2.420543920912354224e+03
2.597492894351460563e+03
2.006243751556101643e+03
1.594182460385834474e+03
1.670820268584112682e+03
1.863049263238059439e+03
1.922764856738356912e+03
