4.083450837678543849e+03
3.833426190267382935e+03
2.829779254781181407e+03
2.344632609080325892e+03
2.727111566894976477e+03
4.974788662075765387e+03
3.490694069951639904e+03
3.639996502208141010e+03
2.239914018061918796e+03
2.186796958818171333e+03
2.237392082872487663e+03
1.600387007103210181e+03
2.078863621092065387e+03
2.839120582981062398e+03
3.180664600690511179e+03
3.296791440700870226e+03
2.609720913749945339e+03
1.456284624730908718e+03
2.055425396307690335e+03
1.564439893447622808e+03
1.410376143184114653e+03
1.598702713115626693e+03
1.386481381979151593e+03
1.910132776550441349e+03
2.108914560839396017e+03
1.948933801081260071e+03
9.074710056152538300e+02
1.239026612346745424e+03
1.317826931022566214e+03
1.396458508589788835e+03
6.540126512251400754e+02
4.987280277470654255e+02
3.244414472681169741e+02
5.717235050688228739e+02
4.550904434306481789e+02
6.358502453193927977e+02
7.460540604155039546e+02
7.793733950717625021e+02
1.170888932394107769e+03
1.528015822371762852e+03
1.025681866124155931e+03
9.102547459990437346e+02
7.470311085946842695e+02
7.501838689379947027e+02
1.151353742433091838e+03
1.284023058321855387e+03
8.207055231872476497e+02
9.211082556465707967e+02
1.641296045386166270e+03
1.386305591482537920e+03
1.031303523274109466e+03
9.779759870338681367e+02
9.473222336515850657e+02
8.427273647891886412e+02
9.015053504068131360e+02
8.431444655888462876e+02
7.599526212903458600e+02
3.530635938365030597e+02
4.209797786127151653e+02
1.246014534784765374e+03
1.263109280583673126e+03
9.434382221570632510e+02
5.146742120051208076e+02
4.564395095420601365e+02
3.291056786826470102e+02
4.513003015274641143e+02
5.259914238275159732e+02
4.891781157732527845e+02
6.524393577031380573e+02
6.410663879377458443e+02
6.726482485352852336e+02
9.241595224044186807e+02
5.556863513438736391e+02
4.906845796702067446e+02
4.290380140974467622e+02
7.295988300493860379e+02
6.642063859968156976e+02
8.766466822010784199e+02
5.801323518753977169e+02
7.319255054190838337e+02
8.603181952112405497e+02
5.221101986640526320e+02
2.670341581975279723e+02
4.238152249953381556e+02
4.322426399109617137e+02
3.301605790181307611e+02
6.459960471774236339e+02
6.452139763969133810e+02
7.137254383316086432e+02
4.922560123329418502e+02
3.252174886429766048e+03
2.780356205399563805e+03
1.930224800973243873e+03
2.078984751730868084e+03
1.608418267322025031e+03
1.047903718198386741e+03
1.070608888938464361e+03
2.132290152987726742e+03
3.230882246389438933e+03
3.677484673712783206e+03
3.382755477908620378e+03
3.185466057434149661e+03
3.274191923006880188e+03
5.017412405575909361e+03
3.500488169472705977e+03
4.152681295849616617e+03
4.077787010875446867e+03
3.830001698556000520e+03
4.389250654445582768e+03
3.648198672600588907e+03
3.997422210508995249e+03
2.836259049419938492e+03
4.883396050176104836e+03
3.018522189048063410e+03
2.868435881270457685e+03
3.592764076867936183e+03
2.588638420461877558e+03
3.767445111211374297e+03
3.155423384558809630e+03
3.242732633204434933e+03
5.217143384985513876e+03
4.904349532203371382e+03
4.129036360685995533e+03
5.563356818399141048e+03
4.411666287541366728e+03
5.167565704120600458e+03
4.439814078522979798e+03
5.424113578790219435e+03
6.644155634877310149e+03
6.874596577506995345e+03
6.369961619120242176e+03
5.643258300487724227e+03
4.223563823603712081e+03
4.088213372619453821e+03
3.388104821616228946e+03
4.365481123640019177e+03
5.493142110533006417e+03
3.303276088323067597e+03
3.833275320621251922e+03
3.315485910537202471e+03
3.698464437667388665e+03
3.245421383766998133e+03
3.878390621357136297e+03
4.265142708265979309e+03
3.606305682325556063e+03
3.090942255687202760e+03
3.142502417808764676e+03
3.394469311273315725e+03
3.296399257142061742e+03
3.177526592525927299e+03
2.622308169084732981e+03
2.280715703772245433e+03
2.141835512028901121e+03
2.125236030276320434e+03
2.042582224383023458e+03
2.182203739407636931e+03
1.981499085211977672e+03
2.276972799868995025e+03
2.083804515798496595e+03
2.165345245691834862e+03
1.830476827698045781e+03
1.554450966383272544e+03
1.704436249944843212e+03
1.665382929894770996e+03
1.652734472092883607e+03
1.157886256514478873e+03
1.417010637918491057e+03
1.382507487907064160e+03
1.255153385279618306e+03
1.426681188967194657e+03
1.275653182102808614e+03
1.067213123246921668e+03
9.936254604706005011e+02
1.265858882208536670e+03
1.584712323846410754e+03
1.352926549413575003e+03
1.002342915747024790e+03
8.851381891196507468e+02
9.454275151374355346e+02
1.017431904294702008e+03
1.082223577049042888e+03
9.525431358836323170e+02
1.148649041550196671e+03
9.055619200670895452e+02
1.065378385659424794e+03
8.208953585487535065e+02
2.898671060917742125e+03
3.050261195234016213e+03
3.461951206486673527e+03
4.331312324646321031e+03
4.532515726185180029e+03
4.064870056263164315e+03
3.554214879599595406e+03
6.097528332941245935e+03
4.771697280781805603e+03
5.742822000734233370e+03
3.517387239726845564e+03
4.566315274192809738e+03
5.479798353139241044e+03
4.719395226055423336e+03
3.584646884508360927e+03
4.135153573462439454e+03
3.455063225818269075e+03
5.117475338249456399e+03
3.809578610500086597e+03
3.763920899522207492e+03
5.302603673916104526e+03
4.295629554523594379e+03
3.548579707433034400e+03
2.122657413035320587e+03
2.895470879341975888e+03
3.763682598684397817e+03
5.077947965102024682e+03
5.408830901907592306e+03
6.445312496397245013e+03
3.837939203930199710e+03
5.443820898152974223e+03
3.923034971791128100e+03
4.470751621731392333e+03
3.283357330246459696e+03
3.091444990109649552e+03
3.269124278798710293e+03
3.337919296962322733e+03
3.157020427713355275e+03
2.662684694039908209e+03
2.363859309931747248e+03
2.484247266503566152e+03
2.662910952054418885e+03
3.471083967327824666e+03
2.322558618961544653e+03
2.198805808759871979e+03
2.024311058160875746e+03
3.688303068966900810e+03
2.805954489257761907e+03
4.287879915171753964e+03
3.166891715951081096e+03
2.381132006300717876e+03
2.827824499206519704e+03
3.931174620769788362e+03
1.515663653090345406e+03
1.685429675615228462e+03
1.540573575228571599e+03
1.148235064597975679e+03
2.484802199851179466e+03
4.172178015398138086e+03
4.377393630363194461e+03
5.074822175990562755e+03
3.354125802645868589e+03
4.166643476270756764e+03
3.824064290351618183e+03
4.303878562528228940e+03
4.836184653800651176e+03
3.077192933203151824e+03
3.133457839456027614e+03
2.100463325972848452e+03
2.973488727502327038e+03
2.558047640873749515e+03
2.015301224457960188e+03
1.663475379178574030e+03
1.898671057051398066e+03
2.294907100353693750e+03
1.687896332402275448e+03
1.336669676149099359e+03
3.566982154254688339e+03
4.188555843324254056e+03
3.608113939211508296e+03
3.149452108437868901e+03
2.663908072963511131e+03
3.417120281770763540e+03
2.176901449614606008e+03
2.407572247157989295e+03
3.158820090174024244e+03
2.349107521745133454e+03
1.664617342418957833e+03
1.459364004550209756e+03
1.402605136261416646e+03
1.946779588917578394e+03
1.813110324397881868e+03
2.166318390580231608e+03
1.729065737554625684e+03
2.450492599539665207e+03
2.886743480968946642e+03
2.201146328147053282e+03
2.023072319049796079e+03
1.909265390177133440e+03
2.132119482877844803e+03
1.987973895368926151e+03
2.120714497058816960e+03
2.224148518440718817e+03
2.213017131317010353e+03
2.221598443741967003e+03
2.531674452520197065e+03
2.371536767011226402e+03
2.813622025115373617e+03
2.829337622795018888e+03
1.362275368115344691e+03
1.426626039421838641e+03
1.771359934345762667e+03
2.505566900279899983e+03
2.881887843877744672e+03
2.204456064939421594e+03
1.841158371325503822e+03
2.199161428200570754e+03
1.943462402672528697e+03
1.691778214384639568e+03
1.636696715144132895e+03
2.168394751963641738e+03
2.780861466818267218e+03
2.316077466726999319e+03
1.526597521635042995e+03
2.265601599541741962e+03
2.136997681615441252e+03
3.787350546566084631e+03
3.527814428020478772e+03
3.197576348695387878e+03
2.236700032216256659e+03
1.398102513599977783e+03
1.472945170676619682e+03
1.690278762063610429e+03
1.896587907054436982e+03
1.514299052647113967e+03
1.605926269922715846e+03
2.080533194061277754e+03
2.068450549164732820e+03
2.532933724341604375e+03
2.060596647618701809e+03
1.777460970389930480e+03
1.412816950489454484e+03
3.786105820185649009e+03
4.268904879018530664e+03
5.733071424853639655e+03
5.399140120061614653e+03
3.916357494259241776e+03
3.100723706971047250e+03
2.325473612566346674e+03
1.377804921035039115e+03
1.768797328734217444e+03
1.890819991464589066e+03
1.888575735670306585e+03
1.874519143878503655e+03
1.436474092188827399e+03
1.239540670055112059e+03
1.502674656101279197e+03
2.544410868493322596e+03
2.164572199991980597e+03
1.333436039682464070e+03
1.548698392889641582e+03
2.103924054706613788e+03
2.164117888070470144e+03
1.709239017906052368e+03
1.902966375736108603e+03
1.483964303401830648e+03
2.015774863913126865e+03
1.264599200661686382e+03
9.510950987107398760e+02
1.720584622757719899e+03
3.415336956716827899e+03
3.686205473685804918e+03
3.320625433785521636e+03
3.484726847509411527e+03
4.207735386969409774e+03
4.117870926476316527e+03
4.174408285421147411e+03
3.113144079834371041e+03
2.409567133998264126e+03
2.797171067787529864e+03
3.383075328213072225e+03
2.361660090690993457e+03
2.863480411082887258e+03
2.607482668767621817e+03
3.296069371379696349e+03
3.087046802886810383e+03
4.315990172414635708e+03
2.792490106457901675e+03
2.415264642626762452e+03
3.038456277845864861e+03
2.835722211070225057e+03
3.412760124373107828e+03
2.466103531887428289e+03
2.817596155765284493e+03
2.320775011951329361e+03
2.132245409962521080e+03
2.041282431188159308e+03
2.113246558681260922e+03
1.735933198076048029e+03
2.047126081043978274e+03
2.072662456613865288e+03
2.309021049287999631e+03
2.137045095509306520e+03
1.579305643171222073e+03
1.006238810524785663e+03
1.144061237151194064e+03
1.738474690952789160e+03
1.619147181457150964e+03
1.234900350190187964e+03
1.248780993619191122e+03
9.966072408610473303e+02
8.956411166486625461e+02
8.652833358190313220e+02
1.073880774461977353e+03
1.127158432239052672e+03
1.153734264346943746e+03
1.128459795778352827e+03
1.523565812520289228e+03
1.597050432482641327e+03
1.622303063282154653e+03
1.692157676701156788e+03
1.839204062490564183e+03
1.326964901480500657e+03
1.356978561360495405e+03
1.247690432347262913e+03
2.072481942985729802e+03
2.113406838505869018e+03
2.115892306221590843e+03
1.674371704946011278e+03
1.344728918191174671e+03
1.449186025069964444e+03
1.399538460464010768e+03
1.379837366138749758e+03
1.046223024450529010e+03
1.117752821605403597e+03
1.096511975716004827e+03
1.172931554728903620e+03
2.520688000973857925e+03
2.504682774636032718e+03
2.134125981375641004e+03
2.538773591242798830e+03
2.450745799291884850e+03
2.486915395262943093e+03
3.364225780359470264e+03
2.632318535759442057e+03
2.903024707011735245e+03
2.912105186833106927e+03
2.115765739654466415e+03
2.489545647523654225e+03
3.223222719162902649e+03
3.368758539256982203e+03
3.462472180246025800e+03
4.468983030567961578e+03
3.988504105036518922e+03
4.714489924351868467e+03
3.833085444424928482e+03
4.435125157933944138e+03
3.670966992248178485e+03
4.214711458855512319e+03
3.417217552430879550e+03
3.885837871806345902e+03
2.881156269961681573e+03
4.862262008197075374e+03
2.770648744253169752e+03
3.309675454278307370e+03
2.596347037353835731e+03
3.325518346811195897e+03
3.483627446862216857e+03
3.421695287837987962e+03
5.288851758538588001e+03
4.088780086973866219e+03
4.282454314433799482e+03
3.958937729380365454e+03
2.886692784568690513e+03
3.619519499746338170e+03
2.031047808112126404e+03
2.351662353497215918e+03
3.908506116347332409e+03
3.362587642693957150e+03
2.923037593172678044e+03
2.948888189856437748e+03
2.434808109256650823e+03
1.843235094105446251e+03
8.547876440040968191e+02
2.068065673946197421e+03
3.085660650987952522e+03
4.049897127051488496e+03
4.891750317587621794e+03
5.464446618314557782e+03
4.747881337412335597e+03
3.957401852947843508e+03
3.082263254215834877e+03
3.736776438077637977e+03
4.136627200751024247e+03
2.553614774783468420e+03
3.435524464932314913e+03
3.754664193491665173e+03
2.881630363479071093e+03
1.599255109246194252e+03
1.431824944797361240e+03
1.631119772239238728e+03
1.825140910584638732e+03
2.056533887909236910e+03
2.555356093072459316e+03
2.206627606463315715e+03
1.796215386531446484e+03
2.453236925301850079e+03
2.135357492614019066e+03
2.184572862680198341e+03
2.288576163665687545e+03
1.756077641339579486e+03
1.700468220988472694e+03
2.054946199824625182e+03
