1.979627126349363380e+03
2.632238818058246125e+03
4.159275373487991601e+03
2.744919388430862455e+03
4.876466338274086411e+03
4.069638451146237003e+03
3.404218359236210290e+03
4.393047430164529032e+03
4.058905994798446500e+03
4.289301066568492388e+03
4.751567718340184001e+03
4.695502226035224339e+03
5.801711521439653552e+03
4.289018072992925227e+03
4.469910579824555498e+03
4.707252669747327673e+03
5.003646851204114682e+03
3.194710411327640031e+03
3.274115765266679318e+03
2.651174217579283777e+03
3.021291368139366568e+03
2.778473270163693996e+03
3.077881730756953857e+03
3.288735569341362861e+03
2.898007250824656694e+03
2.687213424730034603e+03
2.639057482802112645e+03
1.814638490794594873e+03
2.860957135709157228e+03
2.448397082552750362e+03
2.705646825677044944e+03
2.714295695408791289e+03
3.256885659015067631e+03
2.953208040940692172e+03
3.010785183686011806e+03
3.315086786033917633e+03
3.102254768131982473e+03
2.437396979249501328e+03
2.861413410961209138e+03
1.896360668436548167e+03
2.474521331381090931e+03
1.911314679214570788e+03
2.102644706481336016e+03
2.238925250770480488e+03
1.299483951638621420e+03
1.121547788170819786e+03
7.985722759430427686e+02
9.433493045891673319e+02
1.114236690953123343e+03
1.234747962220018508e+03
2.521030511986898091e+03
1.193626081110174937e+03
1.781022290585717883e+03
5.880554330452019940e+02
9.518185371457927886e+02
8.822201531834317620e+02
7.737845393771938234e+02
2.456873851042878869e+03
1.109696898357354030e+03
4.427323045394659857e+02
9.081354833747941484e+02
9.439010636274500712e+02
8.676445281835929109e+02
8.294293789290428549e+02
8.427354307590292137e+02
1.073032776869864620e+03
1.223151003123178270e+03
1.285827885968055170e+03
1.241430868607807952e+03
1.447718252478723343e+03
1.279182786995407241e+03
1.099973266313420027e+03
1.034134973736113125e+03
1.088176155215549215e+03
1.529775533426450465e+03
1.365702850099680973e+03
1.665258314634304725e+03
1.418798729873386264e+03
3.383603290437795749e+03
4.214175413906904396e+03
6.179365144194905042e+03
6.148235426852761520e+03
7.538970741347249714e+03
5.605702039645035256e+03
4.271336381104820248e+03
4.788136730555237591e+03
4.080976360655485223e+03
6.002895506604852017e+03
4.149616477178202331e+03
4.359747782315177574e+03
5.081898388641282509e+03
4.003040410910151422e+03
2.976375198824826839e+03
3.409812875139016342e+03
2.262682562755255731e+03
2.199858911686198553e+03
1.213612849037428987e+03
2.649127790726604871e+03
3.182679846154803727e+03
3.020351947477740850e+03
3.546868205331790705e+03
3.822831568745541517e+03
3.724383914280507270e+03
3.808772913844443792e+03
4.736488091666150467e+03
3.291946541843751675e+03
3.888533455250678344e+03
6.927311099031158847e+03
5.611165440365075483e+03
6.126835934511194864e+03
5.051557824471878121e+03
5.715401028001248960e+03
5.791137710436767520e+03
4.194128657128941086e+03
3.666584199872331283e+03
3.753778572991006968e+03
3.406718726035033797e+03
3.438846625905283872e+03
3.160112397140623671e+03
3.960983383078454608e+03
4.750905063888732002e+03
3.949404347178029639e+03
2.380404205704125161e+03
1.662516525253630562e+03
2.037713964078675417e+03
2.755514622784619405e+03
2.968027111128052184e+03
2.259086135545411707e+03
2.599215238029481952e+03
2.989223134273650430e+03
2.662020775685075023e+03
2.484139581525088033e+03
2.003820584826765753e+03
2.911915351816352086e+03
2.359308170072488338e+03
2.508750033974069993e+03
1.096597892067069324e+03
1.525591632856860087e+03
2.321038950205425863e+03
1.632012433126076303e+03
1.675474499862005132e+03
1.807189384109456114e+03
1.882098039856377682e+03
1.984545905451211411e+03
1.135022067764587518e+03
1.042029976260301510e+03
9.266172659705291608e+02
2.119573419255479621e+03
1.282966696703344951e+03
1.357174637383987829e+03
9.096663853443484413e+02
1.675668188535889612e+03
1.788105892692209636e+03
9.743240511187393622e+02
2.155902943290621806e+03
2.527494033586121986e+03
1.885670162501804725e+03
3.372195306455656464e+03
6.941603434081566775e+02
1.524659912428358439e+03
1.939124143046612062e+03
9.442743454997004164e+02
9.653750848928167443e+02
1.559886873936328357e+03
5.511316225581930439e+02
9.717921402960539581e+02
8.781567109067578940e+02
1.283139541092163427e+03
1.200667033460746552e+03
9.320991937951990849e+02
1.055185087467276389e+03
9.634879145214002847e+02
1.478304334891649660e+03
1.646506230356197420e+03
1.148945253898129977e+03
2.424849964144741080e+03
2.057127438258849907e+03
1.258262479240301218e+03
1.381354825884440515e+03
1.182581814144527925e+03
1.419298737835216798e+03
1.378122150084775512e+03
9.773293240944792615e+02
1.956034908609971581e+03
1.684451487527921472e+03
1.579028363017010861e+03
1.280869654492983273e+03
1.050162278939985072e+03
1.372240930393161989e+03
1.354854171422556419e+03
1.194485860506600375e+03
1.058652592579119528e+03
9.962239111210520832e+02
8.611801578038491698e+02
8.444606250384518944e+02
9.493231131669037950e+02
1.103854477169801612e+03
9.121832548550891033e+02
1.262608998156607640e+03
1.499998129745596543e+03
1.303065400640397229e+03
9.943097083857877578e+02
9.349613487983471032e+02
1.363306959377644262e+03
1.641015929088557186e+03
1.109365601593782230e+03
8.171464725948267187e+02
1.235464393240447635e+03
8.809225342464249024e+02
9.204636371273361419e+02
8.959080756046632814e+02
7.109950415973551117e+02
1.289090610732618188e+03
1.262695238764187025e+03
9.651071584268671586e+02
1.361481323879976799e+03
1.599411440478992972e+03
8.704356847841504532e+02
7.139176661116468949e+02
7.127370845344804593e+02
6.898687973578371384e+02
9.672870783646997097e+02
1.194971317055732925e+03
1.224792768755014549e+03
9.663928182103285280e+02
8.088059233681387923e+02
1.180894242498013227e+03
1.524363614847607323e+03
8.400624294685497944e+02
7.951072604807498010e+02
1.598143723872167584e+03
9.802645255191341676e+02
8.923279421010038277e+02
8.508983449038724984e+02
9.026628255505992229e+02
9.965579081960472649e+02
1.262149187302204382e+03
1.037998964925185192e+03
1.127652392588882549e+03
1.066896844062768423e+03
8.110129888861870313e+02
8.766087831109419994e+02
1.157924543637815987e+03
1.280249486506288576e+03
1.166762656753628107e+03
8.463021438510412509e+02
7.894178451928545428e+02
1.030526640942186305e+03
1.001289296852996472e+03
1.110688078232192538e+03
1.462975895583202373e+03
1.401323381283310937e+03
1.092714508036179495e+03
1.200763026740514761e+03
8.199867900699587153e+02
8.071891309417891307e+02
1.330921566402145345e+03
1.716431386673551970e+03
1.616440568062258762e+03
2.757463102900998820e+03
2.201355456733158007e+03
2.398825791871440288e+03
2.846799788442684985e+03
1.770847193547568168e+03
2.613677254383581840e+03
3.121822931588433676e+03
2.057261192500438483e+03
3.138916139512581140e+03
2.249151730215818134e+03
1.950098356179923485e+03
2.056569031483991239e+03
2.044641458090823789e+03
2.054995924417986771e+03
2.136998329122520317e+03
1.912815022128005012e+03
2.633532220334375779e+03
2.502670638199884252e+03
2.792540191495265844e+03
2.817682601619253091e+03
2.391515314718595619e+03
2.306037463476228368e+03
2.217226518091184062e+03
2.318209510469923316e+03
3.793416146692095026e+03
4.078358516684064398e+03
2.933355148964217733e+03
3.674523966259935150e+03
3.378625507084251694e+03
3.035890549845958503e+03
2.865873178414855374e+03
2.217077402733665167e+03
1.931632840203253863e+03
2.519898107691369205e+03
1.263898398193013008e+03
1.364624466703615781e+03
1.490184154330957654e+03
2.136215072434496960e+03
1.991508171325310059e+03
2.827704331332516176e+03
3.246736327350023657e+03
2.328284938306122967e+03
3.602095332822171713e+03
4.553936936366323607e+03
5.530987023854168001e+03
4.642178093448085747e+03
6.207180834009679529e+03
4.378253806832859482e+03
5.370355895967651122e+03
4.136922159914570329e+03
4.485026718748677013e+03
4.621448200937985348e+03
4.200526075113366460e+03
4.012939212555418635e+03
2.869996060636953644e+03
2.760601855015010642e+03
2.427520778915013580e+03
2.269609847702975458e+03
1.967419903301417207e+03
2.057103890641841190e+03
1.955413204312276548e+03
2.116117947944415846e+03
1.459036282299780169e+03
2.013559957160457088e+03
1.535931828893767033e+03
1.978527107697836527e+03
2.797514278989646755e+03
2.278951806806984678e+03
2.506229909213362134e+03
3.432540283861498665e+03
2.445571338724640100e+03
2.115730612587411997e+03
3.164808905393309033e+03
3.971938410324482902e+03
3.408815153886385360e+03
4.443861839356954988e+03
4.856104930437583789e+03
2.839282568628283116e+03
3.109184132323199265e+03
3.073652032375934596e+03
3.583240710243919693e+03
5.206265522643711847e+03
5.051046804340792733e+03
4.565258468253764477e+03
3.157643674226135772e+03
3.128444023721182930e+03
3.481190348407875263e+03
2.517078724723055984e+03
3.796910305653763317e+03
1.764886502739598654e+03
2.384874892348697813e+03
3.442667855966346451e+03
2.512632427254963204e+03
2.845708476507451905e+03
2.872371483677665310e+03
2.877905951007641761e+03
1.842362460938443746e+03
2.122888169318619020e+03
2.146862359203169035e+03
2.132780909595278899e+03
2.531604045981702257e+03
2.785965046360155611e+03
2.438071324964596897e+03
2.653575882688714501e+03
2.770697401142848776e+03
1.887929622562252916e+03
1.575896389955794575e+03
1.629876151037272166e+03
7.595968134399732890e+02
1.585567076721593139e+03
1.334435432696634962e+03
1.727051775988473082e+03
1.587060338039766748e+03
2.386052067024467760e+03
1.899657871398124826e+03
1.960822357539421091e+03
1.493925680308673009e+03
1.566424024027005089e+03
1.616640634145946478e+03
1.820477408638309726e+03
2.195892513032057650e+03
1.981615687468816759e+03
2.666736621788049888e+03
1.662013587694650369e+03
1.902290186635011196e+03
1.756093814801156213e+03
3.114415833730265149e+03
3.121973399564423289e+03
2.505317179447655690e+03
2.157685208442163002e+03
2.390718700495608573e+03
2.713993141158117396e+03
2.812783599873780076e+03
2.416143064452597173e+03
2.212889393413483504e+03
2.084471327770451808e+03
2.936842490114796419e+03
2.932391056619397659e+03
1.765833925949202239e+03
1.513864844921352869e+03
1.360602838284250765e+03
4.954024745661698034e+03
4.891068911213179490e+03
6.069464523925876165e+03
7.366791086059380177e+03
5.371230857127575291e+03
6.662320348516825106e+03
6.505494803996992232e+03
4.746080822011773307e+03
3.995350474675497480e+03
3.627044226022895600e+03
2.718165658772435563e+03
2.607970830528220176e+03
2.334968149691836516e+03
1.950671908959072198e+03
5.373294966779838433e+03
5.557829929874429581e+03
6.233592583336107964e+03
6.938229863208773168e+03
5.097757766586099933e+03
5.912287144692777474e+03
5.335624323470372474e+03
4.542711381605237875e+03
3.772695811153250361e+03
3.228545318154863708e+03
3.275514274779791776e+03
4.328596056789841896e+03
3.461657349550585423e+03
3.106497481377202803e+03
3.745360207151722079e+03
2.424739031294046981e+03
1.776465182499148341e+03
2.808497242119458861e+03
3.469261228986555125e+03
3.385664386766090047e+03
2.876483196929974383e+03
2.348499540625417467e+03
2.250757147353185701e+03
2.899136664411150377e+03
2.386289962272791854e+03
2.163162963142151057e+03
2.820855638980200183e+03
3.797142106790812250e+03
4.949056462662309968e+03
3.098249777381772219e+03
4.845986166876758944e+03
3.877633366002988168e+03
4.276977545979937531e+03
5.041137215289520100e+03
3.189576489973318530e+03
3.231422573933762123e+03
3.133494599522325643e+03
4.554344369798320258e+03
3.302041854952109588e+03
3.168476040923682831e+03
3.374563573246456144e+03
4.148641358891295567e+03
2.990250101994458419e+03
2.299916795929252658e+03
1.999308336974694839e+03
2.140524791840461148e+03
2.120027789266962827e+03
2.005485882178972133e+03
2.777856313859919737e+03
2.743761822668017430e+03
3.244253541805021541e+03
2.560039025843988838e+03
3.945320689836116344e+03
3.354635611175395297e+03
4.017316878661872579e+03
4.145580500223359195e+03
4.040003817213261755e+03
4.139080551625841508e+03
5.473834194819255572e+03
3.593633677637075380e+03
3.025734015713289864e+03
3.810928877626578469e+03
4.748830990428379664e+03
3.442324842808166522e+03
3.059547410809065696e+03
2.644712380798593131e+03
3.080076579090850828e+03
3.064651176081677932e+03
3.611577246913188446e+03
3.248226780434126340e+03
3.931711254541792641e+03
2.856523675374509367e+03
1.879103092636625433e+03
2.359785089653477826e+03
3.179862465723149398e+03
2.420613232295495891e+03
2.658547418533106338e+03
1.966512931805196786e+03
3.024764257152331083e+03
3.448102275235536581e+03
2.008509156602167195e+03
1.378963969360547026e+03
6.345452278126157353e+02
1.589660642091257387e+03
2.040862743343393731e+03
