7.133187479802875259e+02
6.370368603863985300e+02
7.427250711628732915e+02
7.305538618304653937e+02
8.092732471060431862e+02
7.223986707169781312e+02
9.537088057449851703e+02
9.036076648530886359e+02
8.292816702615378972e+02
7.459753799177349265e+02
6.656347440871378467e+02
6.774619593579907360e+02
7.464419933714253830e+02
7.860741962349494543e+02
9.015952481220857635e+02
8.403381962186388137e+02
8.727090025262410791e+02
4.188118831306766879e+03
5.094505657315904500e+03
6.034513509788845113e+03
5.906997456254753160e+03
6.616234667792862638e+03
3.901955081507157502e+03
4.147066107020363233e+03
2.826670410096388878e+03
4.394335129896400758e+03
2.398203187331077515e+03
2.532893618578723817e+03
4.618356774847936322e+03
3.440173543269198035e+03
5.968718800058614761e+03
6.533036066282235879e+03
4.162386650123686195e+03
5.772672983317896069e+03
4.123381415250088139e+03
4.282128906726416062e+03
6.668949951251347557e+03
4.722831460969839100e+03
4.940025052028246137e+03
6.779576229852020333e+03
3.560583479052920666e+03
6.078562595647314083e+03
6.475299320148624247e+03
4.191400489548187579e+03
6.512888359126072828e+03
3.418708769722829402e+03
3.574860330121399784e+03
1.114739162622947788e+03
1.744984556623562867e+03
2.325688344105863507e+03
2.428129814315665953e+03
2.798883987902696845e+03
3.127284310570763409e+03
2.711011164118472607e+03
2.492278193604677199e+03
2.340614709545552159e+03
1.341181129327776034e+03
3.113976163004593673e+03
3.018142643583427798e+03
3.752761292931910248e+03
3.057537350307989982e+03
2.615327981245292904e+03
4.177018971216225509e+03
3.093294928916907793e+03
1.787832320338182399e+03
1.463895404422903084e+03
9.873046492230909053e+02
2.033363798174391377e+03
1.512124870342350732e+03
1.058316595955573121e+03
1.065378535526328506e+03
8.941449869417944001e+02
7.289736381115070571e+02
8.392514905949846025e+02
7.981910319402212508e+02
8.598758738475448808e+02
1.009795459218491146e+03
9.243002704830552148e+02
8.827192274498256666e+02
9.762896642269914764e+02
9.041794240615888612e+02
8.435083812972433179e+02
8.293642615410648204e+02
8.414890054467132359e+02
9.213187700118920702e+02
1.143400540160654828e+03
8.629274039257409186e+02
9.974490556750813539e+02
9.010892051122957582e+02
8.653457287813198491e+02
7.744229282506499885e+02
8.011172403025387894e+02
9.117858107420414626e+02
7.990916982467388152e+02
7.480380940696247762e+02
1.013247159227005227e+03
9.852271803423242318e+02
9.390633137570995359e+02
8.342928186841614888e+02
6.937858225918624839e+02
1.026884880156467261e+03
9.624267025253002430e+02
1.058336990933370544e+03
7.260357211694007447e+02
1.294138545305663456e+03
1.557129736515082641e+03
1.530212641071834696e+03
7.368748569126823895e+02
7.319019887167938805e+02
6.830435323303113364e+02
6.401257325577008714e+02
6.732477339089477937e+02
8.269647341352090280e+02
8.413246613863551602e+02
1.043129509739559580e+03
1.051569163294034524e+03
7.787788165832779441e+02
7.390359640297815531e+02
6.815110349389034354e+02
1.068204182472692764e+03
2.604848399904483813e+03
1.843964871171511504e+03
1.716648815033660185e+03
1.659776534217060316e+03
1.773396643864963607e+03
2.622615984827857119e+03
3.251717131781260377e+03
3.041156260114117686e+03
2.356623983291983222e+03
2.408214243146268473e+03
2.868579584016934405e+03
2.775011156796223986e+03
2.668326932627197948e+03
3.285601146349623377e+03
2.504471728592037834e+03
2.558547093186835809e+03
1.482525661587749255e+03
2.320698010943141981e+03
2.022406807401994229e+03
3.894575452142615177e+03
4.274951644289679280e+03
4.064751913035477173e+03
5.203021889838387324e+03
5.390418298119444444e+03
5.347389998697807641e+03
4.782636415076695812e+03
5.817659883183915554e+03
4.739910477289918163e+03
5.530483458426991092e+03
8.543589731367908826e+03
4.886303757669388688e+03
4.619427311579738671e+03
4.761567316135642614e+03
3.592766459247752209e+03
3.366050266954342533e+03
4.288308363293883303e+03
5.354719959617449604e+03
3.511699583191345937e+03
4.310610230144124216e+03
4.278002180089304602e+03
3.919079393559811251e+03
2.241713891555800274e+03
3.462060581613050999e+03
2.717009222722306731e+03
2.027635907688902762e+03
2.225360817389714157e+03
2.963826905097193958e+03
3.160474592798024787e+03
2.822014720830373790e+03
2.731999890427396622e+03
2.974449985009362081e+03
3.110015456804607311e+03
2.741412131003811282e+03
2.798731235678455505e+03
3.175090231286278140e+03
1.994164087327482093e+03
2.279033932048305360e+03
1.646348393806334116e+03
1.702673811923868243e+03
1.072048438174940202e+03
8.259411809638079376e+02
9.018478415791075804e+02
8.815533683764634816e+02
7.252778752141334735e+02
7.579402381391738572e+02
6.884939990753982784e+02
9.699098525515842084e+02
9.045574934294617151e+02
8.676543307199436867e+02
1.029492440074738624e+03
8.843938063271843930e+02
8.303430210750000242e+02
1.006402279460662498e+03
9.193718714220041193e+02
7.653267963977659747e+02
8.050946080611673779e+02
1.185183986449180793e+03
9.368965665725179406e+02
9.581296569414718078e+02
9.540205988228319711e+02
7.935054846459642022e+02
9.787353047452827468e+02
8.774199504286092406e+02
6.849722749953353969e+02
6.885369464580318208e+02
1.173292968091780722e+03
1.012900454850411620e+03
6.797958072055034791e+02
1.340804875808678617e+03
1.377714212314554061e+03
1.707685466472277540e+03
3.369509156716177131e+03
2.797930841591144144e+03
2.612565861803214375e+03
2.443438711027591580e+03
2.343639625366685777e+03
2.263422189260988034e+03
2.287215720774358033e+03
2.842158328993743908e+03
2.754425883195441656e+03
3.228364600485422670e+03
2.066939704386196809e+03
2.785478516168217084e+03
2.088173136653798338e+03
2.394609025766220839e+03
2.038880074070954606e+03
2.625031203616446874e+03
3.586276203311645986e+03
2.551757999922102044e+03
6.486569808295269013e+02
1.550089410932877399e+03
1.518436471276917700e+03
2.450632872215479892e+03
3.476853441402938188e+03
2.019853427490399099e+03
2.964223965285324994e+03
2.486539158069205314e+03
1.706464767571734683e+03
1.741079412679164079e+03
1.175283633315471434e+03
2.088197156835879468e+03
3.726203075588786760e+03
2.768068510968103510e+03
2.809863460394179583e+03
2.898041323738651954e+03
1.128313259942128298e+03
6.855150725381198527e+02
2.489080816944048820e+03
2.386982394503384057e+03
1.808494651645814201e+03
1.740169270857845731e+03
2.077720084121344371e+03
2.623753728228005002e+03
2.637761024118384285e+03
1.652574911402929956e+03
1.557409245928699420e+03
1.576665099470517816e+03
1.063566882765927630e+03
8.320916688308445828e+02
7.086137925490781981e+02
8.188155055705715313e+02
9.451512717033967874e+02
1.216073440585414346e+03
8.276241862703235483e+02
9.600160410880099562e+02
9.061388506466702211e+02
7.673017210700639907e+02
8.901019538732762157e+02
1.015839472181082215e+03
9.867359981608435646e+02
9.759173010928118401e+02
9.433774993885311915e+02
1.051468566215728742e+03
8.574772586182622263e+02
7.506473016535045417e+02
8.821603103580354173e+02
1.020728539551383960e+03
1.004510984319365548e+03
9.486875952857055836e+02
9.346442067668162963e+02
7.352680106737793722e+02
8.577463556061821919e+02
7.592819754921788444e+02
9.668468366980222299e+02
9.602203763593182657e+02
1.032095910496646411e+03
9.360709346598187039e+02
9.745500536804674994e+02
8.788281875846960247e+02
9.414649695595343246e+02
8.750806718512666293e+02
9.160462820451657535e+02
9.016347782396609318e+02
1.106070483851741756e+03
9.192905676043541234e+02
9.223055425530769753e+02
8.727596385101320493e+02
1.077613953631467894e+03
7.488324776757850714e+02
6.509354760635513912e+02
6.792881573128344144e+02
7.568907878754212106e+02
6.803140735255011577e+02
8.847378417319187065e+02
1.419762071660108631e+03
1.177846132363723200e+03
9.779941860110351399e+02
9.911672719144090706e+02
1.009033015143701959e+03
9.150384142873513156e+02
7.082053080391187905e+02
8.675614448315716345e+02
6.621866983293243720e+02
7.869527125160943797e+02
1.190693654789612992e+03
1.187152376926595934e+03
9.195108026441787388e+02
9.968996250987160010e+02
9.742262315099555963e+02
1.038634268970796256e+03
8.810283294821297204e+02
8.744841835661848108e+02
8.712265850716748901e+02
8.676857471553868209e+02
1.039111973130610295e+03
1.023009649188069716e+03
1.009005887941631499e+03
1.069325264713427487e+03
1.126136982155587020e+03
1.042537813959645973e+03
1.103679204640764965e+03
9.287210439559999031e+02
8.687004645690877851e+02
7.044164413658033936e+02
7.784458484066462916e+02
7.314620962227747896e+02
8.195318813367642861e+02
8.001554521273934597e+02
8.773642673493006896e+02
7.306554273557285342e+02
8.840762972906730965e+02
8.828893776105137476e+02
9.724118272959551632e+02
9.861796888243335388e+02
1.061780007335057462e+03
8.115679590202850022e+02
8.301666746713619887e+02
7.475923028522681761e+02
8.576812213996990977e+02
7.400760234354902423e+02
7.581878144506695207e+02
7.262172898463387583e+02
6.300804963164680430e+02
9.680924178957750428e+02
9.433406729639061723e+02
2.990445621987481900e+03
3.213535193945404444e+03
1.821843004851175692e+03
2.305289734055167173e+03
1.559219580879194609e+03
1.675515733976656747e+03
1.678918111302384432e+03
2.144048002551860918e+03
2.910338021802832827e+03
3.402936405456933244e+03
1.413012720225724934e+03
6.799063973824404457e+02
6.482020334925649649e+02
8.157447536693332495e+02
1.086581293292117834e+03
3.189108457494912273e+03
5.348809071041964671e+03
3.391907281072148180e+03
3.100002267478908379e+03
1.843827861049745252e+03
2.016514393334865417e+03
3.847817836813535450e+03
4.803556426454040775e+03
4.581403208983330842e+03
3.918936391574610752e+03
3.514187456720712817e+03
3.921042475990594539e+03
4.710284958241643835e+03
2.919457142175981517e+03
3.620975221770882399e+03
2.105547325744641967e+03
2.643608452451122957e+03
3.580330894882422399e+03
4.729752155591092560e+03
3.843970111972871109e+03
3.893357163201473213e+03
5.614532359097112021e+03
3.938994650013258251e+03
2.819008461496713608e+03
3.312315809315258321e+03
4.264682503058183102e+03
5.026838858140094089e+03
5.108971168649468382e+03
2.814472721918556545e+03
4.428614084563971119e+03
2.184281629040406642e+03
1.973223503969157946e+03
2.325364056972330673e+03
2.374976543110749390e+03
2.218737228459133348e+03
3.623008313613560858e+03
2.701535649689676575e+03
4.851148631971490431e+03
2.694066995199647408e+03
1.835358674997358776e+03
5.207676798040458380e+03
4.815728517098701559e+03
3.270546566343136419e+03
3.139133915572065234e+03
3.874274325062288881e+03
3.121093164877187519e+03
2.974938556574339145e+03
4.041655876470122621e+03
2.090873428627121029e+03
2.496070365502170716e+03
1.951908091336985990e+03
3.280686285794908144e+03
2.074935356018309449e+03
2.784644299302572108e+03
2.667334322292926117e+03
2.706477255465196777e+03
2.059463131645045451e+03
1.252114490278051562e+03
2.326196966428951328e+03
2.559303724442827388e+03
4.719120989130801718e+03
2.408568038797176996e+03
5.998258133343784721e+03
5.747722655532019417e+03
2.871679073893961686e+03
1.034269974608157099e+03
2.032974357107634887e+03
1.243221143147150315e+03
2.765234409692010104e+03
4.080554233677040429e+03
4.327655455602868642e+03
3.528060896849516212e+03
4.767028255698557587e+03
2.988149738591880578e+03
3.563030338373437189e+03
7.395141925879478549e+03
7.913387223162439113e+03
4.196476502805980999e+03
2.348600698768251732e+03
6.189062950584359896e+03
4.250147826973695373e+03
8.854473350522184774e+03
5.093292902258120193e+03
7.900555387738326317e+03
4.840780281223802376e+03
8.037341017524203380e+03
3.896835274670295348e+03
7.101731235069330978e+03
6.382011331429594975e+03
5.999719803123601196e+03
3.605869704033106245e+03
3.662396730152248892e+03
3.434105352370794662e+03
2.588680971522606796e+03
2.899209459961667108e+03
3.006593106030980380e+03
3.389514743095521226e+03
1.844409458576183169e+03
3.097118930721516335e+03
4.146218234529896108e+03
4.371854199731737936e+03
4.424593872256296891e+03
2.252422057625788966e+03
3.659035449239762784e+03
3.347459885726531411e+03
3.273635876919308430e+03
1.494796151606671401e+03
2.029591779666933689e+03
2.886907007982261803e+03
1.595572380995753520e+03
2.130300072002296019e+03
2.169852103885751603e+03
1.864876756585751536e+03
1.406776520803970698e+03
2.350193821241551632e+03
2.427302177514617597e+03
1.837850966069799370e+03
1.877881056493813730e+03
2.126173673230412533e+03
1.881011408356362153e+03
1.567016855227499491e+03
1.634835259198551284e+03
1.755129601450927794e+03
1.332859338549404811e+03
1.113647925568695200e+03
1.419173659079652680e+03
1.624364243776969488e+03
1.592657231089507832e+03
