1.171798645015079956e+03
1.154276363678758344e+03
1.140731876308948813e+03
9.822223816250957498e+02
1.344513079691840403e+03
1.930230561461819889e+03
1.728987003905031315e+03
1.855334491108076236e+03
1.492609833488348386e+03
1.817212509464933191e+03
1.462873478998887549e+03
1.504652732613549688e+03
1.507487083470053904e+03
1.489064496615684675e+03
1.940479899927292763e+03
1.157496086094308794e+03
2.262897631326288320e+03
1.288268719355542089e+03
1.413496151491780665e+03
1.398307052672991858e+03
1.363093335498803754e+03
1.508481201982600624e+03
1.337399883478008860e+03
1.607974245413048948e+03
1.741438191896591661e+03
1.761697469675918910e+03
1.999707788770141406e+03
2.327944340890576768e+03
1.860917404666715584e+03
1.932408238971867831e+03
2.275608707276263885e+03
2.505769156289357852e+03
2.221481145380301768e+03
2.287115614111787636e+03
1.664300518267046982e+03
1.406038141615507357e+03
1.230941712208625859e+03
1.034951468937239270e+03
1.063984576883278123e+03
1.167582236639408393e+03
1.422850506067772585e+03
1.194564988026512083e+03
1.613923414080814155e+03
1.384287487052771894e+03
1.640233853984265352e+03
1.697918519344282231e+03
1.492626975280518764e+03
1.354509907257328223e+03
1.387543655438767246e+03
1.205586106267781588e+03
1.308060902208294465e+03
1.161329891772058090e+03
1.165870597987703150e+03
1.208316360095607706e+03
1.357207499248365366e+03
1.524493768730446618e+03
1.414235949996822683e+03
1.739951380058354971e+03
7.078450124942705770e+02
8.712996001806918684e+02
1.853385486416331787e+03
3.592931457064235019e+03
4.320878183736099345e+03
7.143447865502730565e+03
6.515787324561099012e+03
5.802169515535950268e+03
6.131971369384299578e+03
5.103426830925706781e+03
8.395079100837343503e+03
8.709577849525427155e+03
7.337088577649334184e+03
4.888817710578447986e+03
6.601822713719922831e+03
7.398423199215703789e+03
7.403167244310542628e+03
6.581121320580851716e+03
4.380997135805692778e+03
7.494626203929830808e+03
7.885494954195379250e+03
7.866076147424300871e+03
8.156489293807557260e+03
4.329619074785518023e+03
4.903196556932353815e+03
7.928120077341011893e+03
6.850345512861357747e+03
7.261554600188876066e+03
3.609626146366815647e+03
5.768649938380748608e+03
5.597914911714835398e+03
4.542945421390148113e+03
3.618794741223325218e+03
4.268825799118098075e+03
5.479336576792326923e+03
4.862614746267750888e+03
4.371277717700046196e+03
3.314498652914370723e+03
3.368840565787620108e+03
4.768829749991579774e+03
3.773229688589056877e+03
3.735575515519329656e+03
2.281343539707935633e+03
2.978073593762173459e+03
3.787004124529156798e+03
3.465577627408844819e+03
2.062061763515928305e+03
3.393697844750637159e+03
3.356133943800989528e+03
3.294394479474658510e+03
2.627199304690451754e+03
4.810455418290019225e+03
5.613727478631597478e+03
4.164911921612932929e+03
3.523528571656809618e+03
2.838190805405462470e+03
4.445416915395640899e+03
3.745401400573861793e+03
2.748213907691990244e+03
2.624037052788480651e+03
2.534916349512521720e+03
2.506486028432500007e+03
2.352647085027380854e+03
2.836991896066462687e+03
3.200426202127390297e+03
2.687674078742593338e+03
9.597199866671979862e+02
1.406984428026844398e+03
1.487581188795974867e+03
4.043069246631935130e+03
2.468477801569240910e+03
1.918356870444802553e+03
2.920764121004903245e+03
2.727785219602227244e+03
2.004030502248722541e+03
1.972360407953312688e+03
2.042603293292397439e+03
2.238762829133043851e+03
2.871761808480479885e+03
4.546240024258676385e+03
4.635492500633476993e+03
2.999805389150020801e+03
2.401636952255935284e+03
1.234752625052551139e+03
1.236284641689195496e+03
1.033606964861750839e+03
1.518659508867870500e+03
6.183664130970949373e+03
4.025776753501099392e+03
5.774185610258869929e+03
6.036626380463694659e+03
5.566650847575820080e+03
4.643276755508169117e+03
5.571010299061374099e+03
5.377951580633528465e+03
5.397822954909976943e+03
3.615377154634117232e+03
3.117261361662398940e+03
2.308698150649665877e+03
2.320278184520513150e+03
2.523103116998547648e+03
2.500367041194791454e+03
3.931437975152550734e+03
2.691239118768501612e+03
3.996754414942281528e+03
2.848205703500911568e+03
2.827637894502096060e+03
2.128919199405884228e+03
2.266042394928222166e+03
2.273823107642199830e+03
2.258433195169980536e+03
3.822802701589934713e+03
1.862308578079641848e+03
3.864097388709845745e+03
4.862366906781830949e+03
4.370188648295576968e+03
4.403519003927464837e+03
3.828154122121272394e+03
4.726447022672752610e+03
2.942461896334506946e+03
2.983115729769279824e+03
2.226927050716917620e+03
2.191300542078326998e+03
1.659039129833679681e+03
1.598993211108455171e+03
1.876799519154824338e+03
2.507387613497414804e+03
2.912933362503881199e+03
2.638858120521128512e+03
2.916289620308474241e+03
2.437130022437122079e+03
2.331943963992210229e+03
1.764273102829397203e+03
2.977636914532131868e+03
3.067194896326184335e+03
2.983391169931540389e+03
2.288019145219751863e+03
1.878958753936507037e+03
1.799600412134800990e+03
2.225586012066497460e+03
1.900955238112018151e+03
1.684483155313589350e+03
1.576190640788303199e+03
2.123909419681012878e+03
1.733767321425435739e+03
2.706950825253480616e+03
2.228146096163819493e+03
3.055272024773256817e+03
6.142516060861723417e+03
4.992440004177736228e+03
6.018955612093772288e+03
4.353634580239486240e+03
3.029257796045581927e+03
2.561469665093073672e+03
2.208869584950754415e+03
2.780135317898611902e+03
4.245091661724867663e+03
3.990876905645655370e+03
4.495636659195983157e+03
3.830451584360671404e+03
3.970418581590320173e+03
4.095274661292101428e+03
4.058715740808362625e+03
3.796915094312414112e+03
4.004511249422212131e+03
4.161777116582361487e+03
1.996120461132080891e+03
2.980458937771281853e+03
4.074058361703398532e+03
3.830608740315570230e+03
2.803679595723265720e+03
3.017035197355160562e+03
1.256882941889032281e+03
1.341495788859438790e+03
1.010542624263129824e+03
1.569268463378916067e+03
2.180365076817974568e+03
1.828878854151620317e+03
8.746829497148679593e+02
1.018516763265842314e+03
1.204647739407535710e+03
1.339471225252335444e+03
1.482041085246401963e+03
1.174491280033637850e+03
1.352620974405478364e+03
2.703849501908365255e+03
2.473023839756083817e+03
3.727085804293501951e+03
5.392971330714417491e+03
2.842107309879994318e+03
2.389569545070387449e+03
3.215839263566216232e+03
2.401623448431093493e+03
2.091378334859971801e+03
2.758345699880097527e+03
2.862992342211021878e+03
2.190195127875498201e+03
2.233752843067972663e+03
2.519260466673509200e+03
3.207684071883477827e+03
3.656096038120265348e+03
4.808634025295990796e+03
3.129399587302961208e+03
2.551218025334142112e+03
2.768915600604441806e+03
3.772639751537859411e+03
3.088832648048510237e+03
3.179594063370552249e+03
2.162950693266327107e+03
5.334125085291555479e+03
3.235992155385833939e+03
3.840342896183880839e+03
3.711029824225730408e+03
3.155661001889329327e+03
3.961316072269786673e+03
3.920384377504738950e+03
2.244007284010217973e+03
9.634592572908782131e+02
1.335442479538842690e+03
2.137515327837439600e+03
1.499249751587381297e+03
1.548623307230312776e+03
1.924523767097638938e+03
1.564349863544650816e+03
1.661720453599799157e+03
2.266657762665810878e+03
2.202098657589914637e+03
3.320650780200464851e+03
4.669412924790987745e+03
3.604434409878881524e+03
5.360658710591458657e+03
5.128027031758027078e+03
4.491940226218503994e+03
4.881524722805503188e+03
4.904460542246219120e+03
4.166693157298808728e+03
4.480775665882239991e+03
4.237442443359747813e+03
2.671594614761163484e+03
3.238448537535548894e+03
2.427626821838133310e+03
2.700626975789009521e+03
2.542275543278745317e+03
3.136130987493378598e+03
2.177711230707695904e+03
2.802342627213056403e+03
1.561431604277114502e+03
9.275363864403195748e+02
1.093245658329254184e+03
1.250000853180932609e+03
2.310908732532833255e+03
3.055681847527705031e+03
3.711952352687665098e+03
3.291049065407911257e+03
4.414361011162220166e+03
3.163438881391053656e+03
3.929568040950387058e+03
3.432746456420972208e+03
2.717513634015888783e+03
2.632317911090252437e+03
2.461262570635215980e+03
2.109078619430313665e+03
2.284208859182925153e+03
2.912139615319467794e+03
3.498539862041081506e+03
1.996968906442293019e+03
1.770092119206644611e+03
2.261181678767909489e+03
1.858701925339737727e+03
1.644792768233078732e+03
2.987407933362272615e+03
2.677646955055472972e+03
2.016899282187051995e+03
1.907781203066240096e+03
1.619847729793661301e+03
2.272748550300899296e+03
1.813155773361995216e+03
2.285865612543022962e+03
2.232992696321637140e+03
2.901571305994880731e+03
3.881984285544856903e+03
2.771515726239832475e+03
2.736287461045385498e+03
1.709306647581287052e+03
3.422228351599133020e+03
3.537813863584080082e+03
4.784030217999044908e+03
5.182337932574730075e+03
5.281239959932167949e+03
4.740904464310268850e+03
3.731094095595567069e+03
2.332282370123642977e+03
2.423808745090181674e+03
2.193629961910105067e+03
1.608431012634522858e+03
1.555884558585613149e+03
1.754843399059606327e+03
1.598746816712384998e+03
1.417577571430696935e+03
1.596435030559405050e+03
1.692083470126560087e+03
1.477026133394231920e+03
1.416873160949538942e+03
1.806374412032125974e+03
2.170147824352730822e+03
2.312091807487909591e+03
1.741506105667134307e+03
1.403273391958086677e+03
1.456295462386831559e+03
1.475040012118998447e+03
1.447785705699643358e+03
2.130027511832095115e+03
1.618592796316350132e+03
2.469952923319682213e+03
2.319452437231968361e+03
2.362683659177147547e+03
2.075841081882671006e+03
3.067543960774849438e+03
2.806367027656820483e+03
2.674355985582747053e+03
3.066268261146183704e+03
2.753442196348618381e+03
3.253729334728565391e+03
3.904620582820431082e+03
4.131604404543229066e+03
5.212644359745238035e+03
3.797640984265203315e+03
4.864729432763888326e+03
4.968477427216511387e+03
3.684339908019076574e+03
4.158631850244465568e+03
2.283313307577780961e+03
2.699729506013845821e+03
2.401922102275906582e+03
2.281276068299873714e+03
1.552433684814405069e+03
1.462112057176918370e+03
1.270843140889284996e+03
1.473408462703762780e+03
1.762635694992306981e+03
1.802136352607233675e+03
1.609027928714647487e+03
2.377392945213265193e+03
2.405790363070202147e+03
2.789550240550074705e+03
4.485247215112854065e+03
5.032742389570394153e+03
4.563554727373130845e+03
4.571990113251408729e+03
4.419147263510311859e+03
3.725947566926589388e+03
4.222404736029648120e+03
3.188729699934505334e+03
3.922132648701437574e+03
2.635616633057990839e+03
3.199322212097767533e+03
1.517981635087898667e+03
1.916098755303059306e+03
2.162638889119861233e+03
1.544865966463178438e+03
1.883815777017774963e+03
2.870785206798519084e+03
3.422422856895017503e+03
3.652478016197311717e+03
4.521123485111110313e+03
4.520995355717985149e+03
4.101893380940504358e+03
3.165711613045479226e+03
3.327054964987733001e+03
4.099707334801100842e+03
4.536740351458561236e+03
2.759593914277763361e+03
2.981404022047054241e+03
1.181337507425114154e+03
1.563551671611877055e+03
1.394368510390506572e+03
1.903059451528183445e+03
1.985770173089656282e+03
1.720039492032523185e+03
3.010711257366612244e+03
1.728736008199066418e+03
1.957917773487287377e+03
2.278733556354266511e+03
2.300538751270612920e+03
2.307398913086201901e+03
1.625130963230166344e+03
1.862455030462275545e+03
2.120910851386299782e+03
2.423673296908215889e+03
3.294102836620576454e+03
2.730408729077435055e+03
2.971413495246584716e+03
1.406435737978058114e+03
1.931918137186313061e+03
1.656940244938505202e+03
1.514001924846411384e+03
1.718255467406876960e+03
1.946935205284536551e+03
2.427453112759377746e+03
1.857191491913427853e+03
1.094999534453452043e+03
1.098127121879195784e+03
8.449739829873916506e+02
1.132878457900887724e+03
2.797939335300407492e+03
5.307734101601504335e+03
3.947876831982113799e+03
4.727515257344281054e+03
4.126972023156025898e+03
4.210347509973581509e+03
4.808343205226751707e+03
3.768641283887203372e+03
4.803758079689014266e+03
2.998761227244061047e+03
3.305674606354652497e+03
3.212621837933308143e+03
3.014578434043938614e+03
2.835782018655168940e+03
3.132516335011146111e+03
3.411709733754338231e+03
3.332478963068103440e+03
3.986461377213361629e+03
3.716925026619353048e+03
3.719086566030697213e+03
2.818072824638542443e+03
1.841828467073991078e+03
2.128509944808986802e+03
2.540663804927738511e+03
2.657504080918616182e+03
3.124691727003915730e+03
2.473278141748997768e+03
3.262984699682627706e+03
4.433457901286961715e+03
3.068497641734227273e+03
2.628436918903620153e+03
3.635017173601493596e+03
2.817192854170696137e+03
2.191861574311027198e+03
2.278482022174604026e+03
