2.684397557545883501e+03
3.483038840430740947e+03
1.860706214510938707e+03
1.442067647888324018e+03
1.157822068469272153e+03
1.436210289148050833e+03
6.974971729598361208e+02
5.366352209313413368e+02
2.289188463253944064e+03
2.771146141982076188e+03
2.622219976534298894e+03
1.835968707298308345e+03
1.854874340507779152e+03
2.298217514230374945e+03
6.102363875879105763e+03
6.555429811125810375e+03
5.143701238647353421e+03
4.996250650144376777e+03
3.482527446963635157e+03
4.076606900795086403e+03
3.678926897174763781e+03
4.129815519200043127e+03
3.777858472649820669e+03
3.439518874285157835e+03
2.931118675118751526e+03
3.035295251955527419e+03
2.961679109743894514e+03
4.264946405318824873e+03
4.907665928917388555e+03
3.550239202845946238e+03
3.576056476176346223e+03
3.900934788887035211e+03
2.968878471597126918e+03
3.120384915134053244e+03
4.671604064249982912e+03
3.944820896192063628e+03
2.421035807271970953e+03
1.341045596661828540e+03
1.088167036218310386e+03
1.206417599497867059e+03
1.391990408321391214e+03
1.651539106004087898e+03
2.336355920233901088e+03
3.507898083208085609e+03
2.452960324125105672e+03
1.883344306723245154e+03
1.459726604744043470e+03
1.591987775121580398e+03
1.814092616778417096e+03
2.209892019719246946e+03
2.560864788704255716e+03
2.419606878575425526e+03
2.056282770683899344e+03
2.135694743784881666e+03
1.913930518305344322e+03
1.222410449908637020e+03
6.384319585945241897e+02
8.842444894893721994e+02
8.122820732143658233e+02
8.097705493783029169e+02
1.854114075813399495e+03
2.415713534384995000e+03
2.366101616888303397e+03
1.770493658518252005e+03
1.920048189964850508e+03
3.535278010599846766e+03
3.434619476348239914e+03
2.802394228969240430e+03
2.968675517709181804e+03
1.828091989175928120e+03
1.839104796567165295e+03
2.260532427721960175e+03
1.843885988574481416e+03
1.231249404807475230e+03
1.759479767361973245e+03
1.391320463720603811e+03
1.489520790153665757e+03
1.492381840636426887e+03
1.213512849604948315e+03
9.202341574088264906e+02
1.421615528682048307e+03
1.692889034111439742e+03
1.689288622232630132e+03
1.133762540843305260e+03
2.442246653987020636e+03
1.366651682949595397e+03
1.490438742727206773e+03
1.380835179175581516e+03
1.857088801072937258e+03
1.273986263682410936e+03
1.124566162433199224e+03
1.272056554285338279e+03
1.117660480468749256e+03
1.408929132332069685e+03
1.379115020683804232e+03
1.555866408112858608e+03
1.091068098362334695e+03
1.359776152135358188e+03
2.183422396621239841e+03
1.815322272529340808e+03
1.521038025787967399e+03
1.534641008076436265e+03
1.290074166245984998e+03
1.314821952294278617e+03
9.810150355816008414e+02
2.271246535229974597e+03
3.232670583864243781e+03
2.039645267626287477e+03
2.215485331062910518e+03
1.937524050474596152e+03
3.392472907811163168e+03
2.329455765059445639e+03
1.771710492211351038e+03
3.638864680000646331e+03
1.461072563785823377e+03
2.039724413842438253e+03
1.434435956358565591e+03
2.172514452362205702e+03
1.858194631713820399e+03
9.788477236670722732e+02
1.251442256902915005e+03
1.985959765167083560e+03
2.142304292521289426e+03
1.423778694440845584e+03
2.650128160696774103e+03
1.606791074891098788e+03
3.715320443820305627e+03
2.317442434005210544e+03
2.006263917753434725e+03
1.551219622791838901e+03
1.604971852780445943e+03
3.048502539823083225e+03
2.909393641261599896e+03
1.094059447643359817e+03
1.928494904169443544e+03
2.175393645148507858e+03
1.590683076639193814e+03
1.962068414456930896e+03
2.479740867728788999e+03
1.041144511791243531e+03
1.820514297516618853e+03
1.062511555707548951e+03
8.486575292022970416e+02
1.432110544156429114e+03
1.341796155887235955e+03
1.177860726889067337e+03
1.566130915593246527e+03
1.527622181403892000e+03
1.080963312285664415e+03
8.358624268971190077e+02
8.597510927843883337e+02
1.189673056747375767e+03
9.680879389952937117e+02
7.882592458127410282e+02
1.069237207624800703e+03
9.407829219845896205e+02
1.069382696134187654e+03
1.146616197276451430e+03
9.741083834863608217e+02
2.557066760112729753e+03
1.848506986592150724e+03
1.173881110262967695e+03
1.539326528632424925e+03
1.234116380133850498e+03
3.126902970384616310e+03
3.653978534371355636e+03
3.921429503632467458e+03
1.446201348371221002e+03
1.732684432174095036e+03
2.427088047524262493e+03
2.009451320436672177e+03
1.909109139015741221e+03
1.891866769314080784e+03
2.201272661913999400e+03
1.933540911379151567e+03
2.882202250231516700e+03
1.963700660703587801e+03
1.602119625078177705e+03
2.862012195026550216e+03
2.820879591254360093e+03
1.383144681022621626e+03
2.342439348369625804e+03
2.140355950318691612e+03
1.397674020164630520e+03
1.835537311921793616e+03
1.148671989321803039e+03
1.494427897409699654e+03
2.240122028667988616e+03
2.187790841636826372e+03
1.665739083607828661e+03
2.598850204653416313e+03
1.372908131244193100e+03
1.527324581937757102e+03
1.392296781229341377e+03
1.686302675142506814e+03
1.862484125143354049e+03
1.237395647305762623e+03
1.009359993769113430e+03
1.055958693135278736e+03
1.486631333750520753e+03
1.614419831699903852e+03
1.967183149674018523e+03
1.492768188306638194e+03
1.066302362558273671e+03
1.419216777310685529e+03
1.810224718710156594e+03
1.766214336770433874e+03
1.349669780930554680e+03
1.807185618150072969e+03
2.142306415338950046e+03
1.734950616601856609e+03
1.700627671199143606e+03
1.808328214860302978e+03
1.371613232299021774e+03
1.403231951283837589e+03
1.268400384680942352e+03
1.284962103328978401e+03
1.129376492118279884e+03
1.514716408216043646e+03
2.168428261874093096e+03
1.589132096958997636e+03
1.846525616995573046e+03
1.400919520053781071e+03
1.308458660294459150e+03
1.827836692672644176e+03
1.629107770030468146e+03
2.053372272820911348e+03
1.660567135605597969e+03
1.789089690373099074e+03
1.629413502731408471e+03
1.070507373067068329e+03
1.847140833040778716e+03
1.429292178606712014e+03
1.791869865735564872e+03
1.607220147665028890e+03
9.102299023108344045e+02
1.492889264419614392e+03
1.428034315972268587e+03
1.052609760110275374e+03
1.460841295021018141e+03
2.478647552741793788e+03
2.376850818729472849e+03
6.650935106191700470e+02
3.027803344840051977e+03
2.626399677549887656e+03
3.053908751524031686e+03
2.897580103722116746e+03
3.773335039704675182e+03
3.716247283957137824e+03
3.220112389773845280e+03
3.028823030807815030e+03
1.906159754461992861e+03
3.768882684650567626e+03
3.144520046817217917e+03
3.025588034742407672e+03
3.405915705663830977e+03
2.772618863296559539e+03
3.406643493414936529e+03
3.270223629703390543e+03
3.082026791250538736e+03
2.966062531116499940e+03
2.563923890001023210e+03
2.352337426072175276e+03
2.070281139449428792e+03
1.633299326378774595e+03
2.576173693223710870e+03
2.082623636790234286e+03
1.670358429879373261e+03
2.655462397624029563e+03
2.119132911125740975e+03
2.547380125098452481e+03
2.348215379619732630e+03
2.221577255164733742e+03
2.382053927625696360e+03
2.318924182554311301e+03
1.605850170184128046e+03
2.420516465461653297e+03
1.332994833621246926e+03
1.909872485541560309e+03
2.317152400641728491e+03
1.054923081357345836e+03
7.803004212988382733e+02
6.168384748618532285e+02
5.777385696842837888e+02
4.476885300087666337e+02
6.487940846688896954e+02
6.527432683087131409e+02
4.767588083544731035e+02
4.492919798520431414e+02
4.594333750979620845e+02
4.449611691240370988e+02
9.731493224109159428e+02
1.653158577674400021e+03
1.557281012690535135e+03
2.176879391249136006e+03
1.115106691407051358e+03
7.861528467925646737e+02
1.135470923159666199e+03
1.556167032600447101e+03
1.482416392245503175e+03
1.686033111321202796e+03
1.419700167010664472e+03
1.746800141704646194e+03
1.687113759728546484e+03
1.629486677393758555e+03
1.536299710313221340e+03
1.833474315227087800e+03
1.493093116736462889e+03
1.090102044039003886e+03
1.755653725691382533e+03
5.869738853794273155e+02
3.002221257817134756e+03
3.427067672072924324e+03
3.545271454368037212e+03
3.682924762791826197e+03
2.243539695628619484e+03
2.081886579589742723e+03
1.736919412505286573e+03
2.340088754983887611e+03
2.455744314864124135e+03
2.161938232230985705e+03
3.724569811843841308e+03
2.461549148203548157e+03
3.423034539098580353e+03
2.918546288171546621e+03
4.702885986616674018e+03
3.554556270109412708e+03
6.367230417323200527e+03
4.507678132075588110e+03
4.149316784358331461e+03
1.849754938582909062e+03
1.598657108167148863e+03
2.009497501257456861e+03
3.317448361529642170e+03
2.023545324044527433e+03
2.728323139104116763e+03
1.707552745409141380e+03
4.471958868985515437e+03
3.555544729738469869e+03
3.713722148171616936e+03
3.570218118662246070e+03
4.158042195607520625e+03
2.269558742542572872e+03
1.062470830303786897e+03
1.148088727956027924e+03
1.227734963249500652e+03
1.174554309236387326e+03
1.305479039789312083e+03
2.806620868902880375e+03
4.486864722896790227e+03
5.127401253387376528e+03
4.964466973889066139e+03
3.697418854157257101e+03
4.676629712721723990e+03
4.934444479484210206e+03
3.142123006036040351e+03
2.962612645755143603e+03
2.675602123967361422e+03
2.533062246170923117e+03
2.845303264907286575e+03
3.060143167081062074e+03
3.217607445993187866e+03
4.455070537155370403e+03
4.872561595397639394e+03
5.051561291701501432e+03
5.148875416904673330e+03
5.863922734626077727e+03
5.828223411972739996e+03
6.840611514057437489e+03
5.540442267681020894e+03
4.555147269597892773e+03
3.765898016549277145e+03
4.231404453229621140e+03
1.960291894481995769e+03
3.047684120963217083e+03
3.203032947793940366e+03
3.747037824440384156e+03
2.440273507339562912e+03
2.202123859129915218e+03
1.721480422482978611e+03
2.206791696693200720e+03
2.310507663423883059e+03
2.095985350454584932e+03
2.398996193841452623e+03
1.777503624666421956e+03
1.812895696648333114e+03
1.716064824259219904e+03
1.724087617824341578e+03
3.353278262881757200e+03
6.534482575568334141e+03
7.114338475415891480e+03
4.874060682590482429e+03
5.218333680383602768e+03
6.191438757980529772e+03
5.702976587562276109e+03
3.657228025226540922e+03
3.819557129880698540e+03
5.201757523642112574e+03
5.494032374450805037e+03
5.872987835190502665e+03
5.191987917237390320e+03
5.522825126964466108e+03
3.426730710791270667e+03
4.337609643775290351e+03
5.140468098598402321e+03
5.575793182844433431e+03
5.424685794467213782e+03
5.464582002177365212e+03
4.928045649868422515e+03
3.389955815259549581e+03
3.590502474272635482e+03
4.169680342625514641e+03
4.927420784502636707e+03
5.682304175945862880e+03
5.101042824800061680e+03
5.532795531177173871e+03
4.805349425351118043e+03
4.906502075860996229e+03
3.948979082966623537e+03
4.246704462047147899e+03
4.628719771714221679e+03
5.312722631511672262e+03
5.442104439411912608e+03
5.507736142849287717e+03
4.827873992807492868e+03
4.359479930330338902e+03
4.132781417746553416e+03
4.459933382894305396e+03
3.488877869314495911e+03
3.913134890058612200e+03
4.435660603733117568e+03
3.938169497092450001e+03
3.590152308496381011e+03
2.779299083088601947e+03
2.178912394685950858e+03
1.458630881007768039e+03
9.120035993562514705e+02
9.763485095171429293e+02
2.337543398395704571e+03
3.415238919263898424e+03
2.856301459904518197e+03
3.566746677033794185e+03
3.639321516748857903e+03
2.178667135581666116e+03
3.676271637446243858e+03
2.653554300489129218e+03
2.571053080288154888e+03
1.502092935709942140e+03
1.596670684634396366e+03
1.734152541964250759e+03
1.650092388189973235e+03
1.985530115094203893e+03
3.034929541938407056e+03
4.746929144083734172e+03
2.415964711172254283e+03
1.954625484149045633e+03
3.134804105402252389e+03
5.300606636158848232e+03
3.799978743663626574e+03
5.703935492669145788e+03
6.878193793788056610e+03
5.463681386379920696e+03
4.638686403423066622e+03
5.595011189125550118e+03
4.015762585937598942e+03
2.983833619818414263e+03
3.596521581821320979e+03
3.861709005288696972e+03
4.153726623544346694e+03
4.016763360633408411e+03
4.495057040412652896e+03
4.544611104036681354e+03
4.018730258093606608e+03
4.447706118425996465e+03
2.968683680513262971e+03
2.112643233419033095e+03
2.007456113585020603e+03
1.908944129558791019e+03
2.062540665520297807e+03
2.632113489632914934e+03
2.439686411554166170e+03
1.718542718252174836e+03
2.975717373152234813e+03
3.362094657754025775e+03
2.814145126602860273e+03
2.749478750738656345e+03
2.092238682671074457e+03
1.846337749951353317e+03
1.755821310198697802e+03
1.437469382133851468e+03
1.099049171564404105e+03
7.664672572450263033e+02
6.802192005462928819e+02
8.396245938093450150e+02
