2.427194977800711968e+03
4.883391121841797030e+03
4.005727438575004271e+03
3.107945967962785744e+03
3.892000875624614309e+03
4.264077018916411362e+03
4.219987387653442966e+03
4.418511612534194683e+03
2.989457799215354044e+03
3.699539706706308607e+03
3.588926390955888564e+03
3.357000940796724080e+03
2.629753062146426146e+03
1.836669349754898349e+03
1.922285128586362589e+03
2.175407212234281360e+03
2.133302101065152783e+03
1.952596334405058769e+03
2.094781788303007033e+03
2.598142421435180495e+03
3.501483549736849909e+03
2.602972767776465389e+03
2.165743846683231823e+03
2.569916781750378050e+03
1.954041826051683074e+03
4.393581624707338960e+03
4.830639193313442775e+03
5.623559300104313479e+03
3.504565243762432601e+03
2.921641241804098172e+03
2.201953425520986912e+03
3.102008318539185439e+03
2.931483878742095840e+03
2.530277380253654428e+03
2.510344444292386470e+03
3.337817336412111672e+03
4.526341743901216432e+03
4.356914463482095925e+03
3.259729453646012189e+03
3.387786734129040724e+03
3.095175970982417311e+03
3.433916710371324825e+03
3.052707224790665350e+03
3.885937059318252977e+03
4.592095743829740968e+03
2.180069616503817542e+03
2.154706778497878986e+03
2.756294165129814701e+03
6.731844267494056112e+03
4.152645047809318385e+03
6.421853515280218744e+03
4.424311856771739258e+03
6.568966009263616797e+03
4.571396462563054229e+03
7.413676757219906904e+03
6.065579864491492117e+03
7.415203043561124105e+03
5.782880117282517858e+03
5.531732908537538606e+03
5.292433546109698909e+03
4.474247219782621869e+03
6.642418155888707588e+03
6.852139110673988398e+03
4.735775581760868590e+03
5.198278409884859684e+03
4.463428379896353363e+03
3.922249446346422246e+03
3.513657494255922302e+03
3.461098007522366061e+03
2.361451974805677310e+03
1.985808368621669388e+03
3.719298884059297052e+03
2.594487872625294131e+03
2.024575526559455739e+03
1.104210773713949266e+03
1.668022804013167161e+03
2.394351413207592941e+03
1.424167554976386100e+03
3.438441489434000687e+03
2.644885647443178186e+03
2.155063407831908080e+03
1.550514458270354453e+03
2.070388587817932148e+03
2.418446585830240565e+03
1.844849198982417647e+03
1.305757088568564768e+03
1.735346832127506332e+03
1.512675315288902084e+03
2.647677857364037209e+03
1.739525343056729071e+03
1.576297770897285773e+03
1.780684398738135997e+03
1.080143058116379052e+03
1.494568995938040416e+03
1.317566801770684378e+03
1.735613211755435259e+03
4.173743313364589085e+03
2.222360123357787870e+03
2.572794640425946909e+03
2.044865890385108059e+03
2.099566770392806120e+03
1.648643047288872594e+03
1.572571475421330661e+03
1.166505736523234418e+03
1.304460898505876230e+03
1.521878690239855132e+03
1.922276421818732615e+03
1.226468208174865822e+03
1.742171067510128751e+03
1.649605397092719386e+03
1.349814117532104319e+03
9.604957879906778544e+02
9.597945533014076318e+02
8.965507333433528174e+02
1.392321820652677161e+03
1.682563376212154935e+03
1.109110830780091646e+03
1.059775841684634997e+03
2.347589070784848445e+03
5.473890465760134248e+03
1.961935484673047313e+03
3.941628623565198723e+03
4.476256064726913792e+03
5.579461350509405747e+03
3.427073993128547954e+03
5.146967404825302765e+03
4.512866615358982017e+03
4.711902971492901997e+03
5.255605741366603979e+03
4.478576032105567720e+03
4.140628492855792501e+03
3.700316826134433541e+03
4.245519138811950143e+03
4.897971828350832766e+03
5.255828712843178437e+03
4.794469583127293845e+03
4.975208487322928704e+03
3.324854289860100380e+03
3.080022666682981708e+03
3.747721611820354610e+03
3.241450681131004330e+03
3.757086155713277549e+03
1.852293005429905634e+03
3.629625934677932491e+03
3.303751184332428238e+03
2.858651176228182067e+03
3.621618526001673217e+03
3.768001066709457973e+03
3.873355506104336655e+03
2.551734258220478750e+03
2.402273592081175593e+03
3.211355765367745335e+03
2.616279884932172081e+03
2.848121926143784549e+03
1.481670255473662564e+03
2.084207806200818140e+03
1.926147742460853351e+03
2.158072499219067140e+03
2.250120802275651840e+03
3.102694452503871162e+03
4.247930981394400078e+03
4.568885197854255239e+03
3.677672064215450064e+03
3.176410954838151156e+03
4.144311622230440662e+03
5.080372260326152173e+03
5.031334676376228344e+03
4.893407889062654249e+03
4.276364614303357484e+03
2.964365508508906714e+03
2.914290484432991434e+03
3.329322112089687380e+03
3.587374347533568653e+03
4.177584785131340141e+03
3.696990875985528419e+03
4.232275702909007123e+03
3.048474468752056509e+03
3.300213585919703746e+03
3.211932926497044718e+03
2.869616485533828836e+03
3.043197505907872255e+03
3.107180820864406542e+03
3.532978526410568065e+03
4.020139314908371489e+03
4.313331956282007013e+03
3.762667687248870607e+03
3.900526528257806604e+03
3.389569135582154559e+03
2.966213535468490591e+03
3.001812852489176294e+03
3.145692478635506177e+03
3.369376993227800540e+03
3.215782372420682805e+03
3.134672681703490071e+03
3.414626666941801886e+03
3.390239394381993861e+03
3.690086771742997826e+03
4.042940306460592637e+03
4.405313119230675511e+03
4.713178987476229850e+03
4.835732220317865540e+03
4.235772451913579971e+03
3.722930425789100809e+03
3.929372286212003473e+03
3.349703989413978888e+03
2.540402271746701899e+03
2.876579598996280311e+03
3.334142426998370411e+03
2.892958782149368744e+03
3.584295653624336865e+03
2.986469324113824769e+03
2.794301366613444770e+03
2.053476094666992594e+03
1.246401270836765889e+03
7.845026543188265578e+02
9.742624370551679931e+02
1.883812468066220845e+03
1.284602448480663725e+03
8.307674932188911043e+02
1.224093289411340265e+03
9.306021320313057004e+02
6.393740700496206273e+02
8.529912412585474613e+02
1.087934497259819636e+03
1.329165249999522530e+03
1.828904730131420592e+03
1.319765386217711239e+03
9.815939528049927958e+02
8.594509937583674173e+02
1.035818769675330486e+03
1.548790453984780925e+03
2.556388030727036494e+03
4.129376964227049939e+03
4.163352855690483921e+03
5.034551662156088241e+03
5.080313198413551618e+03
4.125903476577521360e+03
3.837492935829729504e+03
3.794328843276001862e+03
3.767099467829612422e+03
4.020935052461649320e+03
4.148444361911476335e+03
4.719697816313259864e+03
4.884682127020142616e+03
3.266543524197154966e+03
2.710397587439152630e+03
1.598979056924559700e+03
1.453578342539820142e+03
1.493879197305017442e+03
1.500055498098407270e+03
1.377378603013808060e+03
2.107881811320610723e+03
3.481394735340365060e+03
5.084446226374613616e+03
3.706501225622770562e+03
5.208774251344847471e+03
5.088073900445611798e+03
4.868711442836296555e+03
3.848653563796551680e+03
1.758888084419359075e+03
1.821149004688641526e+03
2.201371080750944657e+03
3.359474089335907138e+03
3.756324615898395678e+03
2.633625418155416355e+03
3.729575529282337811e+03
4.186237384836265846e+03
3.427577293031126374e+03
2.683444840881820255e+03
3.656250292511484531e+03
4.696163208871513234e+03
4.867798816550178344e+03
4.839005762965007307e+03
2.618508955115843037e+03
3.179065156330103491e+03
3.050711226422792606e+03
2.608230933893977181e+03
3.076774679867215127e+03
2.822290220887143278e+03
3.446845925138373786e+03
5.433637440866000361e+03
3.386617526926703249e+03
4.834117213353177249e+03
4.879650800740961131e+03
5.267329403247228583e+03
5.489991958148807498e+03
4.412582792688368500e+03
4.516146358561663874e+03
5.350170724958799838e+03
5.147624504577615880e+03
3.932941415312349363e+03
5.838816334307388388e+03
4.329334854093408467e+03
5.472373639199728132e+03
5.076651115381308955e+03
2.970988764545462800e+03
5.800399926275871621e+03
4.582193924004749533e+03
3.059695967273182760e+03
8.093199663223789685e+03
3.143219135590613405e+03
5.213759941560399966e+03
4.155171661283885442e+03
5.124508425241790064e+03
4.060462461494611489e+03
4.005381631891967118e+03
2.266529352956736602e+03
1.921597096036673065e+03
1.605265383173697273e+03
2.397481782832350291e+03
3.679255618094320653e+03
4.900599892941623693e+03
4.186816607808161280e+03
4.379858307439350938e+03
5.293574593272357561e+03
4.935658366734521223e+03
3.479050338518940862e+03
6.363384555500282659e+03
3.613820915270592195e+03
4.005675823687226966e+03
4.289536729390404616e+03
4.038155892569069692e+03
4.386722575225521723e+03
4.837925663757614529e+03
3.606828838139568688e+03
3.704797535352744490e+03
3.437992796001312854e+03
4.521969321333665903e+03
4.355003442883371463e+03
4.819849672330639805e+03
4.411450479320691556e+03
3.545597725796862051e+03
3.309523732784111417e+03
3.593326634309638848e+03
3.663988153193583457e+03
3.845818747428014376e+03
3.697640171696925336e+03
3.700969763324046653e+03
4.082219852956948671e+03
4.694639066061718950e+03
2.863284418150924921e+03
3.767625920565421438e+03
3.824166009947817656e+03
3.124715000182447511e+03
2.235007420252262364e+03
3.561560951559167279e+03
3.292240106234419272e+03
3.312927575170409909e+03
3.449451566616996843e+03
2.902263017428693729e+03
2.628957667653457520e+03
3.011643411353776173e+03
3.122219045598916637e+03
2.895464761914190603e+03
2.712221583500153429e+03
2.664992708212393154e+03
2.977302605143610435e+03
2.744458846975768211e+03
2.278146194193289375e+03
2.100404692087974581e+03
2.029495910849185975e+03
1.898605707860670464e+03
1.715167154463333873e+03
1.612835352819989794e+03
1.422911538765378282e+03
1.449960627310669906e+03
1.426366101225309194e+03
1.541348026661765743e+03
9.850991427128769828e+02
7.427231597922220772e+02
5.941915367731421611e+02
5.300681533358292654e+02
4.731640052889777053e+02
4.955605465510649310e+02
4.444515375536779516e+02
4.213987603084525517e+02
4.077126369034311892e+02
7.628441152363772062e+02
1.010376849743744287e+03
1.391505888704785093e+03
1.705321991880181258e+03
1.343444130059570625e+03
8.889666696719007177e+02
8.776097605623110667e+02
5.031300686841095740e+02
4.215972026727466073e+03
2.451753923844619294e+03
2.728835298329263424e+03
1.680202642286451237e+03
1.907823235977940158e+03
2.206775451355587393e+03
1.086553598268204041e+03
1.122707506851082826e+03
9.835974605314995642e+02
8.432807308598653435e+02
9.389141410510541164e+02
9.914111291061292377e+02
2.077492384709601083e+03
3.697649315125711837e+03
3.645555671002625331e+03
3.412906744543712193e+03
1.970066378522053810e+03
3.260725931907110407e+03
3.350339383350058142e+03
3.787120218009056771e+03
3.624087057461198583e+03
3.198725499300552656e+03
2.897244872172317173e+03
2.743529760897143660e+03
2.556014565365483577e+03
2.391097097318334363e+03
2.200502049742286999e+03
2.404764259227288221e+03
2.511558752021099281e+03
2.542792867865543485e+03
2.140031533886912257e+03
2.204195930015557678e+03
2.053968319538074866e+03
1.992589185950383126e+03
2.112566417580330381e+03
1.703370509667704482e+03
1.872531168291666745e+03
2.301370444897884227e+03
2.236168716774641780e+03
2.054781081349921351e+03
1.917692317126393391e+03
1.817983438384811734e+03
2.152160692758184723e+03
1.814290320875900079e+03
1.546205630015883571e+03
1.618902398866973044e+03
1.506407048440784820e+03
2.065305817904670675e+03
2.087932021923866159e+03
1.720311568592632284e+03
2.407604927383873928e+03
2.814642255364900393e+03
1.864198704563462343e+03
1.803773849929150629e+03
2.121146401558155503e+03
1.682627022558761837e+03
2.306970098707807210e+03
2.430883389158145746e+03
2.000327589338358848e+03
1.895435239019946039e+03
2.150977824855056042e+03
2.341451970702717972e+03
1.710977627857724201e+03
9.752229706184458564e+02
1.405637193813281328e+03
1.435684587267562847e+03
8.933378951792313956e+02
2.599068299422397558e+03
2.368747557525784487e+03
2.415375936932798595e+03
2.603466926147899812e+03
2.394868940774976636e+03
2.450842152211851499e+03
1.991467317750941447e+03
2.916782418301070265e+03
2.332827358570703836e+03
2.198096785269076008e+03
2.305720799671848908e+03
2.982622931956104367e+03
3.262251413683178725e+03
2.942852261269904375e+03
4.211968562311450114e+03
6.375063809668689828e+03
6.586131954557345125e+03
5.327302159985920298e+03
2.800955582940269778e+03
1.884283233182702133e+03
1.592137958170423190e+03
2.543121577746460389e+03
3.223998467702323978e+03
2.704336481753578028e+03
2.668587226658701184e+03
3.050721321517586603e+03
2.064132890551357377e+03
2.632737831219857071e+03
3.153964274719558034e+03
3.159635175902156789e+03
2.747578815987641065e+03
1.366880433053701381e+03
3.115788326170532855e+03
5.185220501693801452e+03
4.782276746187701065e+03
4.381526762462074657e+03
4.560842886763323804e+03
3.401330411117350650e+03
3.324902529773581136e+03
4.395837554072314560e+03
4.935351973239400650e+03
4.663791610427340856e+03
4.175394973078248768e+03
3.157954119499256194e+03
1.436781530319203057e+03
