3.021820570369985035e+03
2.263433387867004967e+03
2.384156367517458875e+03
2.516348898153736627e+03
2.308326867436511748e+03
2.182734955170021294e+03
2.238477374995513401e+03
3.163467325782812622e+03
3.662353112653308926e+03
5.086740400400155522e+03
3.329464502610391264e+03
5.044270730213992465e+03
5.237402158854083609e+03
4.295868568173730637e+03
4.452919892350921145e+03
4.642627993660457832e+03
4.866589594210779978e+03
4.196876481049649556e+03
4.970041405358842894e+03
3.457246114096329620e+03
3.725054680542269125e+03
3.433481071108109063e+03
2.246727784596543188e+03
3.617214542000409438e+03
2.677021219614013717e+03
2.333630879217050733e+03
1.834664864132517096e+03
1.326193863990001773e+03
2.483878593797094254e+03
1.957643807300006301e+03
2.379629281907965378e+03
1.526120854476139129e+03
1.834358289274558501e+03
2.594031547996475183e+03
2.669979082828785522e+03
1.353153356050383309e+03
3.197816539626273425e+03
4.075230702403384839e+03
3.728675151047968484e+03
4.674382910473178526e+03
5.534309224353558420e+03
4.729060585506003918e+03
3.227679903020777147e+03
3.009483629474770623e+03
3.191950926745504603e+03
4.837148926276090606e+03
3.806894408252452195e+03
3.657244676638672900e+03
3.257972709075719195e+03
3.554144000532081918e+03
3.052035412559989709e+03
3.680853068560263637e+03
3.199676380907597832e+03
3.951209583257442773e+03
3.378134805115600102e+03
4.130817527317593886e+03
4.194026136410657273e+03
4.876647714626001289e+03
4.101285165749889529e+03
5.193478116425752887e+03
4.006059104132219090e+03
6.054318722084606634e+03
4.222338758268872880e+03
5.154859035575731468e+03
3.670992039802466479e+03
4.464246426622855324e+03
3.871719502220082177e+03
4.866824032509537574e+03
5.623536315237474810e+03
6.614804700410011719e+03
3.561080921636508720e+03
3.948031413937230809e+03
3.515802702227084410e+03
4.661304686431164555e+03
3.822842865882743808e+03
3.502485183570841855e+03
4.418752116721077073e+03
3.520512751148376537e+03
3.281433369781082547e+03
3.189262002488968847e+03
3.996243144603648943e+03
3.664962868876802986e+03
4.288293256335951810e+03
3.625099000051853636e+03
4.429780541887152140e+03
2.059011443851561580e+03
2.772152695983474132e+03
2.643734445664162649e+03
3.862170466100045360e+03
3.245554633724463201e+03
2.809854957327615921e+03
2.812360671045521485e+03
2.857016144814642757e+03
2.134016536280094442e+03
2.088585757232068318e+03
2.222353149936203863e+03
2.512459835449514230e+03
2.214652322570337219e+03
2.512655567198268727e+03
2.521400650764718648e+03
2.792546552516794691e+03
2.971482105606771711e+03
2.688136311478973766e+03
1.788878107462989419e+03
1.624952050288156897e+03
1.772972328410050295e+03
1.052361208684160374e+03
1.271947348759675606e+03
1.342183163408534028e+03
1.763421637129928968e+03
2.349326955109498613e+03
2.083864503108520694e+03
2.225022682499374241e+03
2.197745265855658545e+03
1.776117365506838041e+03
2.131712197652155737e+03
2.763272367764157934e+03
2.747451788723513801e+03
1.841447090512848717e+03
1.002960917122119213e+03
1.111446597541586016e+03
1.429854472693203661e+03
1.644817688210168171e+03
2.968755684866638148e+03
3.145549417639223066e+03
3.675414678659969013e+03
4.318309771884697511e+03
4.715786537271489578e+03
4.441128418015237912e+03
5.510989552153053410e+03
4.259280490995447508e+03
5.423100067529006083e+03
4.335452555825821946e+03
4.203817798776177369e+03
4.179203564689368250e+03
3.550258626936897599e+03
3.214890447404728093e+03
2.946316482553545484e+03
1.461255088415496175e+03
2.039428100423167962e+03
3.585706373048327805e+03
5.017743421142642546e+03
6.083468112499882409e+03
5.557535127118794662e+03
6.184122937492881647e+03
5.507836376360342911e+03
3.850164070200884453e+03
2.422868678537608957e+03
3.670766021444255784e+03
2.547024616567828616e+03
2.152161865427173780e+03
1.957473815745251159e+03
1.844483339317901937e+03
2.413312832886863362e+03
2.709353007174060622e+03
2.827364925773248615e+03
3.101172854920404461e+03
3.278342969979733425e+03
3.020907562601318659e+03
4.395646163748597246e+03
2.649488339916554196e+03
4.798038924675745875e+03
4.564463388208065226e+03
4.917525073908142986e+03
4.278087555400321435e+03
4.303195020384049712e+03
3.383349680884557074e+03
3.046460376736061789e+03
3.248996047126619032e+03
4.002300908716563299e+03
3.662510999071417245e+03
3.604329301769379981e+03
4.753779351639240303e+03
3.535472472776715676e+03
4.354392610947889807e+03
4.195655479277527775e+03
4.913072666560212383e+03
5.145981510669017553e+03
4.706963907214175379e+03
3.578315937125100390e+03
4.782471158156853562e+03
4.278787199364622211e+03
4.923297266454952478e+03
5.288423835896261153e+03
5.758087584751184295e+03
6.606891342117732165e+03
4.757266591112358583e+03
3.634012215979616940e+03
3.995498363147993587e+03
3.748347453275201588e+03
3.013742324299442771e+03
2.773678791414594798e+03
3.981361565720653743e+03
3.169691928066963101e+03
2.787538424007369031e+03
3.119141326880961060e+03
2.844172810082384331e+03
4.570673199911784650e+03
3.906137758229967858e+03
3.194462924809125980e+03
3.287980428173496421e+03
4.343035430610442745e+03
3.640328150128240850e+03
4.573748413202921256e+03
4.408083371961803095e+03
3.798168391878655257e+03
2.491705994814880341e+03
2.801590503062408970e+03
2.952379340710202541e+03
2.549406607098872882e+03
3.982002897286103689e+03
2.907032877329490475e+03
2.333567071948758894e+03
1.990992510675992207e+03
3.159588955228757186e+03
2.886277722876148800e+03
3.494883544162336875e+03
2.902081343000231755e+03
2.799722870597122437e+03
4.043426606724236080e+03
5.199212286779353235e+03
3.247314147693079121e+03
3.023548633708984653e+03
3.090100997544120673e+03
4.487428524640336946e+03
4.519004305546236537e+03
5.350470796454200354e+03
3.834786250727758670e+03
3.147246936951412408e+03
3.816600237413497780e+03
3.198711598326026888e+03
5.182838297593971220e+03
2.700974705651355180e+03
5.284669918949652129e+03
2.298641153594821844e+03
4.159494638104309161e+03
3.403216567752161609e+03
3.534087313451972932e+03
3.571203682790650873e+03
2.453307890763693649e+03
4.094541646163907899e+03
2.917882914829262972e+03
3.360261315117261347e+03
3.657294152412488074e+03
3.994049382003978735e+03
3.128228927914722135e+03
4.314226441048338529e+03
4.258589728887696765e+03
3.755826994672051114e+03
5.216562568246397859e+03
3.789341474768417811e+03
3.386844880078422648e+03
6.197473242836697864e+03
6.486868479207384553e+03
4.686390420437675857e+03
7.159016526856921701e+03
5.828096428197247405e+03
4.532380350690941668e+03
6.310443928408696593e+03
6.437824914733100741e+03
5.915752169787227103e+03
8.128728880241099432e+03
8.998211187192942816e+03
6.100511820048452137e+03
5.945241388599175480e+03
5.935128910758026905e+03
4.411113715637917267e+03
6.568812917663423832e+03
5.815640420714661559e+03
6.726360321091775404e+03
3.990717881837397726e+03
5.649607340273063528e+03
5.094588702332831417e+03
5.449599051307637637e+03
4.135371805101334758e+03
3.994105797905323925e+03
4.699247156023277057e+03
6.562021351672750825e+03
4.968643078986043292e+03
3.913832161724894831e+03
3.799889228115753667e+03
4.682522536177597431e+03
4.435063054591451873e+03
3.872539994078672407e+03
3.684250650854045034e+03
3.655592558630055464e+03
3.565399265640746762e+03
3.078057180659847290e+03
2.873675926999401327e+03
2.433079047514676404e+03
1.754905032684768003e+03
2.377741918581543359e+03
2.018368565603752131e+03
2.577053984233126357e+03
2.599692772749727737e+03
2.985663397212013024e+03
3.117914314068360000e+03
3.253866139903439034e+03
2.765672355167572277e+03
3.239515873365753123e+03
2.664771751370913989e+03
2.826553198919875285e+03
2.056591290479005238e+03
1.890978123244282415e+03
2.084623558879584380e+03
1.603422710651453599e+03
1.419013936359423269e+03
1.144424038595900129e+03
1.704252767753153876e+03
1.927397665459951213e+03
2.670483399435905994e+03
3.942676545085602356e+03
4.497650521821830807e+03
4.032686997450652598e+03
4.283376992972960579e+03
3.635558163679741938e+03
3.399574166168537886e+03
4.316285937820988693e+03
4.895024906838125389e+03
4.953260523014729188e+03
4.161917125349792514e+03
4.910943356523713192e+03
5.880090785311511354e+03
7.353934764821261524e+03
5.690151271368486050e+03
6.754486026829964430e+03
5.361902551041138395e+03
4.946084366861061426e+03
4.036170980107560354e+03
4.731227146400295169e+03
4.289550313898593231e+03
5.515712550567095604e+03
4.308260616522476084e+03
5.578387280817525607e+03
5.547619785844858598e+03
4.807473382071735614e+03
3.975921564408357881e+03
5.678822459602005438e+03
4.640779726134755037e+03
4.966384152287117104e+03
5.414092852872312505e+03
3.640665949769091185e+03
3.297124464504269781e+03
3.253571425549191645e+03
3.977962522199200521e+03
3.434315203027799271e+03
2.780606835673114801e+03
1.639855599819774852e+03
2.788265111234944015e+03
3.881388040465790255e+03
2.730943067205195348e+03
1.983867658997247872e+03
3.730682007774943941e+03
3.304645356477068617e+03
4.147633658333813401e+03
4.536225263933881251e+03
4.637752985505926517e+03
4.759748024424005052e+03
3.985320545773088725e+03
4.180252801092315167e+03
2.588516949341335476e+03
2.186974428293627170e+03
2.911307487743894853e+03
3.178913535074438641e+03
3.638635007596523337e+03
3.676061490640648572e+03
2.942201735318587907e+03
1.879892877527845258e+03
3.383018246224860832e+03
3.284601328082182590e+03
2.363189850414268221e+03
1.514043270831288282e+03
1.335075479169943492e+03
3.845140866505329086e+03
4.045381154048604458e+03
3.423314793079859101e+03
3.300211306107745258e+03
3.503481284359640540e+03
3.757873523981409562e+03
1.796839446893066452e+03
1.988139281163194482e+03
2.446108813028163240e+03
2.338489446677306660e+03
2.834623263341874008e+03
2.964080493469185058e+03
4.036023326867632932e+03
5.062463574533139763e+03
4.417806003953609434e+03
6.589389615970746490e+03
5.981936847778298215e+03
6.938612148474009700e+03
4.578457848379268398e+03
3.907974469073921227e+03
3.549542378318331430e+03
4.301686590580123266e+03
3.478143636457922184e+03
2.747494020760684634e+03
2.047916854723791857e+03
1.732486056759098119e+03
1.312808497264844846e+03
2.274294650364841345e+03
3.147297977517996060e+03
3.032794664583689155e+03
3.071817666134165393e+03
2.271655965101808306e+03
4.533175107619361370e+03
3.968888830410272021e+03
4.561648007554690594e+03
5.276127438902162794e+03
5.701637565124925459e+03
5.523820529517751311e+03
5.477999889544103098e+03
3.768551041735082435e+03
4.309611679434388861e+03
3.991096764779773821e+03
3.235741188743239945e+03
3.119429095166503885e+03
4.156308059711680471e+03
3.500241620596477787e+03
3.083445590757817627e+03
3.887836921763519967e+03
3.324246835829490010e+03
2.416196271827377586e+03
1.632544501472021693e+03
1.859063140471566385e+03
3.177111639290603762e+03
3.039230656477036973e+03
2.314578284540414643e+03
1.932924985381987881e+03
1.712163724546910771e+03
1.571387979741534537e+03
1.517900981243107481e+03
1.105193487783180217e+03
1.137084222789212845e+03
1.100470553292235309e+03
9.714067212565995533e+02
1.089076877401925003e+03
1.100182979609010090e+03
1.036540590844838107e+03
9.173583975637457115e+02
1.323453195200653681e+03
1.087147396501756702e+03
1.253778800159923549e+03
1.172237713918574855e+03
8.974702491784973972e+02
9.820331344932889124e+02
1.236246118025798069e+03
1.724213389032200666e+03
2.908053877022693086e+03
4.271744018388483710e+03
2.661868053271307872e+03
1.079689834359033739e+03
1.397508159856821294e+03
1.324529849767581027e+03
1.146453797277316880e+03
1.163841286125789793e+03
1.436546668278351262e+03
1.452944453881132404e+03
1.238144961146064588e+03
1.980277399464294149e+03
3.253991715819350247e+03
5.506003691963062010e+03
5.346263577796318714e+03
7.924040089338139296e+03
4.696889081925715800e+03
7.065189019837012893e+03
5.274136716993021764e+03
4.539999864627485294e+03
6.836566675512398433e+03
7.801915426998913972e+03
4.586145058477460225e+03
5.703839364280807786e+03
7.769343007338134157e+03
7.927843415708639441e+03
7.261521544356170125e+03
6.959944191373519971e+03
5.751755919524716774e+03
6.931786755491003532e+03
6.306777248434113062e+03
6.719876262176757336e+03
6.859333145720501307e+03
3.657659412991295994e+03
4.939054176606120564e+03
5.555002468864788170e+03
7.499284367058749012e+03
6.643454299949224151e+03
3.597396989695223056e+03
3.796085487205578374e+03
5.587188875701559482e+03
5.441749045420445327e+03
6.276999911778737442e+03
6.368550173984163848e+03
5.745220993962871944e+03
4.951017759284650310e+03
6.318407294394395649e+03
6.204606970362781794e+03
6.996198579027874985e+03
