8.897880405067977563e+02
2.074831852316683580e+03
1.326756135977434724e+03
1.562240013068745384e+03
1.283183682966366405e+03
1.499712738056351554e+03
1.406757638988432063e+03
2.006235874657152408e+03
1.389942993490454683e+03
6.519059333105931273e+02
1.378367457478482038e+03
1.655583048075132865e+03
1.996643982936682960e+03
1.822508974817440048e+03
2.071332040715650692e+03
2.084159503104066516e+03
2.063510857585046779e+03
3.348574469391134244e+03
4.991811232171463416e+03
5.551098509223392284e+03
6.405721641300984629e+03
4.281614410613502514e+03
2.562665895757924318e+03
1.338536684205848587e+03
1.573718366852906001e+03
2.610263606064797386e+03
3.479492561559992282e+03
2.467757137673138004e+03
2.190675413141767422e+03
2.670429015682436784e+03
1.603936982799770703e+03
4.505683569592463755e+03
5.584920751411505989e+03
5.857799804902039796e+03
4.581864819291285130e+03
3.549381863016063107e+03
2.789447609279688550e+03
3.180729753409458681e+03
2.985118330304851952e+03
2.509731033582198052e+03
2.637242962128104409e+03
2.783360657193495626e+03
3.233643190911407146e+03
4.075768208656278603e+03
3.002202729017146339e+03
3.799316765055674296e+03
2.756663613413821622e+03
1.775268826976621995e+03
1.443574053796159660e+03
1.341839771720801082e+03
1.392541409039556356e+03
1.557221037121340487e+03
1.374923010828385713e+03
1.735744809217799229e+03
1.399452343788168491e+03
1.100221182843091810e+03
1.251161241164150624e+03
1.474338796162116296e+03
3.106915921723707470e+03
3.852302677729457173e+03
3.512092068127260063e+03
3.099482341964406260e+03
3.379021750813496965e+03
3.799692662740916603e+03
2.806109106478389549e+03
2.507819052398058830e+03
2.940372018169581224e+03
4.583139664630562947e+03
3.728963477039651480e+03
3.558625525327152900e+03
2.671055658777059762e+03
1.985253874198703897e+03
1.915805974266691010e+03
2.630589249631795610e+03
2.857002516853769066e+03
2.948312793551015602e+03
2.532294460509079727e+03
2.936806306769518415e+03
3.497121385582928724e+03
3.284427140607753699e+03
3.161968953861714454e+03
2.748461513193468818e+03
3.034161970157523683e+03
2.342816077323787340e+03
2.196775658402594217e+03
1.525190701171502042e+03
1.438013526006110624e+03
1.610125351704485411e+03
1.380887276125217340e+03
1.195717557830867918e+03
1.403740014109062258e+03
1.645056716664436181e+03
1.187199128303844418e+03
1.176449388033151990e+03
8.050055097663334891e+02
9.638647448401633255e+02
7.775614863790840445e+02
3.863803761997194215e+02
3.247714214591100585e+02
3.448805449249345543e+02
6.006880549196087031e+02
4.969095022958786103e+02
1.772205839874750382e+02
3.213221665545669907e+02
3.323557271843908438e+02
3.547173471778073690e+02
3.967813130910812447e+02
6.070885261345189292e+02
5.550164357172116070e+02
5.549099689577246863e+02
4.254299980108463615e+02
4.794648223228633697e+02
3.101051782529840466e+02
4.183193887217171323e+02
5.160521228489617442e+02
6.573970187208866491e+02
9.435811820512047916e+02
6.565127617270767360e+02
5.909581800840222741e+02
5.552668955246749647e+02
8.464491838406353281e+02
5.299449050256903320e+02
3.552058230620400536e+02
6.799057894605049341e+02
7.507606099299965763e+02
4.582307593540039647e+02
5.231852376174425672e+02
7.279717718746805986e+02
7.808305016373067247e+02
5.745435020229282372e+02
5.383675045241513999e+02
5.629574695491834291e+02
5.821058775790297659e+02
5.229940763657137950e+02
3.818799542249972205e+02
5.111831961200972501e+02
6.549718102283786720e+02
6.922339627498454320e+02
7.015600697972348598e+02
7.014963335171413519e+02
6.167469973654865498e+02
5.152076154384221809e+02
6.929856397697474222e+02
1.020721111934404689e+03
8.279004081144421434e+02
8.617109145397305383e+02
8.446344960147473557e+02
8.599428240040407445e+02
7.050182375609145993e+02
5.785170451679638290e+02
6.134767547785886563e+02
4.285189085425535040e+02
5.036798760750441488e+02
6.612366771673728181e+02
7.939093407170573755e+02
5.729192686777734025e+02
6.994616681271429570e+02
6.671164110616934977e+02
6.068484066309082436e+02
7.017970131353220040e+02
9.662950090777935657e+02
9.338812842972369026e+02
5.615261147464193527e+02
5.156546232103532930e+02
4.205053829547509281e+02
4.870397592875669375e+02
5.921788963495058624e+02
6.747509862031954526e+02
4.760505541079819523e+02
5.010646761466235262e+02
2.197269232783290249e+02
2.863238713032395140e+02
2.877378233546157276e+02
3.762299638806274515e+02
2.417167591299123330e+02
2.975199252238678014e+02
1.022987357307802426e+03
9.305784558375194138e+02
6.821156685920381051e+02
6.907959952112533983e+02
6.670177076043892157e+02
7.335983472622003774e+02
9.004831539492396359e+02
7.259245639156129073e+02
6.566586075164085514e+02
7.484097640343754847e+02
5.988713499153506064e+02
1.074678284518855662e+03
7.450249705870807020e+02
6.136544955290576127e+02
6.827878500926271954e+02
1.063921945801499533e+03
1.023960845406901285e+03
9.753919103160303621e+02
5.683993389160790457e+02
6.464696755276060003e+02
6.123248217073361275e+02
9.005281596374777564e+02
8.098383595569913496e+02
5.594165318099223896e+02
6.875959650175844899e+02
7.543720384214046817e+02
6.561746570501052247e+02
4.492796278337845024e+02
4.328755144567642787e+02
3.571498246393573481e+02
6.823312931796125440e+02
4.886599914902222395e+02
3.883221947426358156e+02
6.248646638638039121e+02
6.918886034753689955e+02
4.494364565657546677e+02
4.556817270365762624e+02
5.233926961450546287e+02
5.476528566740927317e+02
3.100510947705006970e+02
2.825168049591478052e+02
7.017634357241471434e+02
6.007535151965778368e+02
6.592080285492397707e+02
4.496587988917585790e+02
4.787826190760921463e+02
6.201208669465529510e+02
6.757137779381032487e+02
5.872303890732692935e+02
4.600887635086410228e+02
4.267688710936949974e+02
7.668626816291759951e+02
6.361171846742869320e+02
4.077079978559854680e+02
5.164150935829353557e+02
6.575349171652218274e+02
6.382581560860936634e+02
5.631046551949542618e+02
7.084341287760846626e+02
1.216304478334900978e+03
9.531482306512057221e+02
9.294984841487517997e+02
1.042742761371231154e+03
8.970849220530102457e+02
8.415933885139299946e+02
7.923546224043809616e+02
5.393989682277118618e+02
4.853088959136949825e+02
4.984135275687210651e+02
6.863454719833218860e+02
1.452350044582055034e+03
1.616286303876808915e+03
2.397686084688645678e+03
3.400422940006146746e+03
5.393362915871730365e+03
4.568372678489357895e+03
2.920716336903125921e+03
2.492427317917184155e+03
4.334007186515173998e+03
3.938091447910849638e+03
2.329188900862225637e+03
2.045554583375770790e+03
3.672240039317875926e+03
2.699689315131537114e+03
3.142522141820880734e+03
1.930826416507365821e+03
2.682341300348075492e+03
1.386069714167520715e+03
1.457947192048550733e+03
1.421886818822769783e+03
1.647327355913846304e+03
1.788638597525390423e+03
4.762607058755601429e+03
2.017324564035482808e+03
3.028194318934362855e+03
3.595309446454778481e+03
3.004230473976531357e+03
4.759570456481192195e+03
3.763678034868795294e+03
2.919220550818415177e+03
2.512537096656842095e+03
2.237317924314035281e+03
1.967335280920061905e+03
2.251284614750977198e+03
2.010061128957538131e+03
1.962814652108402925e+03
2.014894874030982010e+03
1.972907370390047163e+03
2.104459825981487938e+03
4.336356204892986170e+03
4.588839159358395591e+03
4.395984804439988693e+03
2.822878732698932708e+03
1.749496884787122553e+03
2.035035238056744447e+03
3.471835781906744160e+03
3.516719889720565334e+03
2.634358015017326125e+03
2.302602058869182201e+03
1.911621999765728333e+03
2.135644267274485173e+03
2.599266921204256960e+03
2.238164208374031659e+03
2.237070364022275498e+03
1.017637948673532946e+03
2.030134778141643892e+03
2.154640600092581735e+03
1.610321861049257222e+03
1.306329079387686988e+03
9.740921773857875223e+02
1.659727739047804562e+03
1.613643502133037373e+03
1.219567070162184564e+03
1.176648655256445863e+03
1.517110299199041492e+03
1.927181244843015065e+03
1.558479485295220456e+03
1.553831774226809102e+03
1.445503657967288973e+03
2.517373532669346332e+03
2.805810627191333879e+03
2.575935829554292468e+03
2.398286952929937343e+03
2.333830318377913500e+03
2.218457175714178447e+03
1.505449398701641030e+03
1.577039851477833508e+03
1.282147411767675976e+03
1.856405266361017993e+03
2.543417290626669455e+03
1.969866920580325996e+03
4.211058281510374400e+03
3.932333368195924777e+03
3.049015433990180554e+03
3.702192116734425781e+03
1.503292886645888302e+03
2.264880066815764167e+03
2.296345739503899040e+03
1.881582731392311189e+03
1.900804004902826136e+03
1.986443215485113342e+03
2.419882123613577278e+03
1.335875347984109567e+03
1.711567468400132384e+03
1.715545200498715531e+03
1.981420045123654972e+03
1.671518029680451036e+03
1.576536869819887670e+03
1.413134034893508215e+03
1.761761833947282412e+03
2.001570115600222607e+03
1.458498497606896990e+03
1.073424857614202665e+03
9.703763975865110751e+02
9.980736134547452139e+02
7.520636345151708611e+02
4.047130590122689000e+02
3.936952518163099626e+02
4.840791810156623569e+02
4.349831384209130078e+02
6.388042762957654759e+02
5.482109723911312358e+02
7.139317844042337811e+02
8.295601965728677669e+02
6.991558729544145763e+02
5.568379063293248237e+02
5.006734235232796095e+02
5.447271043390379646e+02
5.270304044439192239e+02
4.632462298295657774e+02
4.239240766329397161e+02
4.771784209147060665e+02
3.778500719315881611e+02
7.016008209349489562e+02
5.510050696047056817e+02
3.600889182137913167e+02
2.159535751990783581e+02
2.233519212248306189e+02
7.068296759999863070e+02
3.476422558793357780e+02
3.906885693641844455e+02
2.710612967557007664e+02
2.681324998204442522e+02
2.304765533610878094e+02
2.377546039255782375e+02
2.839506396642880190e+02
2.900742427788534883e+02
1.855720081103434040e+02
2.039088640678270963e+02
3.576713681785416270e+02
6.384619603586971834e+02
3.953381646721196034e+02
7.479188343906063210e+02
1.146691694160580937e+03
1.128267356870759158e+03
3.555534207451279372e+02
4.446716765812308836e+02
9.920275891615164028e+02
3.589489672924026991e+02
3.168328060929567869e+02
4.208190887407745322e+02
6.254061381908911699e+02
6.220827953126731700e+02
4.895684558200973697e+02
4.663974722557916834e+02
6.204521070990072076e+02
6.527932030217639294e+02
5.715482278926025401e+02
3.460406766000720609e+02
3.967866601537115230e+02
3.308786160415083373e+02
5.891201563868565927e+02
6.597474859400776950e+02
4.196267634131800719e+02
5.216156823399728637e+02
4.408542665644844192e+02
5.169368189893904173e+02
3.530760331895104969e+02
3.268981886558857468e+02
3.572968421694977224e+02
4.051465085266671053e+02
2.714116774691104297e+02
3.883034462306068235e+02
4.918132448345916146e+02
6.662973077116756713e+02
7.996614568028541044e+02
4.762980882783878087e+02
3.672594478784741341e+02
4.404397895576907445e+02
7.857210886671036860e+02
2.790804952813768978e+02
4.400645247563430758e+02
2.749483738632727636e+02
2.688590256880075913e+02
2.595376696852439977e+02
4.281354473184253493e+02
3.414621298359060120e+02
2.874292588753315272e+02
4.389018514508666726e+02
5.963880146247295215e+02
4.275771592788173621e+02
3.430335169430981068e+02
2.629930546577031123e+02
3.005152623269292462e+02
3.976226767091165470e+02
4.060576526055824047e+02
4.429865862061041639e+02
3.312465119035377370e+02
2.797812360277682160e+02
4.245083263467698202e+02
3.584822814717911115e+02
7.481164957329119716e+02
5.881572813286261407e+02
6.585510105236262461e+02
6.390589111399212925e+02
3.917970962904378780e+02
3.456219835975197157e+02
9.247167839426384717e+02
9.604884427139851368e+02
7.236300054446236345e+02
8.030213878474139619e+02
5.141998398480589003e+02
3.408619950083148069e+02
4.060320370262386405e+02
4.680443496595340207e+02
2.983729844442832473e+02
3.096896669974184988e+02
3.662767663703062340e+02
4.187874075725885632e+02
4.795328400009648817e+02
4.282575677366181708e+02
4.855032864647455426e+02
8.028485740506322372e+02
2.697700668474687973e+02
2.587499184441509783e+02
2.591187886359873005e+02
2.926780902961057791e+02
3.114904512602085447e+02
5.858632117457470940e+02
6.701806534202846706e+02
1.023358281621341575e+03
5.302458077725021894e+02
3.523732896145348263e+02
5.672756277498939426e+02
6.576118863154354131e+02
6.257944613426568594e+02
4.633246368647640452e+02
3.995354206671506745e+02
3.767253143476996229e+02
2.841276190689333703e+02
4.722156220105833313e+02
3.294246152386303379e+02
4.773787964499435930e+02
5.646637305497669104e+02
3.772344497508280483e+02
5.537450807691899399e+02
4.446131496594898636e+02
5.126722375691821298e+02
4.381160902035985032e+02
2.673147045141240596e+02
3.458869057651932621e+02
3.916392960620480608e+02
4.324727632162381497e+02
