1.596691400486587327e+03
2.283400786916483867e+03
1.146043251039857978e+03
1.173477537247976443e+03
1.379593575572479949e+03
1.093692826033640358e+03
1.865590958240450846e+03
1.886832776528406839e+03
1.112632749430588092e+03
1.835878921733051129e+03
1.206516281096132161e+03
1.213974190652269726e+03
2.510764292851340088e+03
1.946714612190010257e+03
1.884091122661755207e+03
1.486579394304974130e+03
1.771604795322183463e+03
1.345538713133504416e+03
1.387467464426386869e+03
1.589755046279126873e+03
1.689037632908402202e+03
1.329132691445590126e+03
1.272770213497667100e+03
1.555261725782955409e+03
2.041468985814647112e+03
2.779841907373966023e+03
1.258650386935648839e+03
1.290497902596441691e+03
1.602216013332376633e+03
1.719869334921505015e+03
1.961234476139769413e+03
1.976443127712435398e+03
1.454510295759407427e+03
1.725929355255222390e+03
1.592314408309389364e+03
2.052326842016344472e+03
1.296972203490625361e+03
1.102235849896971104e+03
8.185715592141208390e+02
9.215219033272020397e+02
8.062253609497881826e+02
9.726026534734037341e+02
2.751215008852086612e+03
2.983601158885005134e+03
3.049487292522321695e+03
2.129088718153258014e+03
2.379922287571332163e+03
1.797339627600451422e+03
1.963276490865444885e+03
1.633003980531447269e+03
1.992556412674917510e+03
3.124567174471842463e+03
2.864082099101411586e+03
3.261138599607180822e+03
4.397807626322803117e+03
4.031109825297176485e+03
6.725174198975671061e+03
7.214625393107618038e+03
5.684247021448594751e+03
6.204505769173655608e+03
5.757638835107634804e+03
5.599203611960871058e+03
4.511185432377543293e+03
4.557629589539093104e+03
5.251866738982102106e+03
4.979106669747121487e+03
4.919326168657469680e+03
5.091340623377625889e+03
3.916225028838228809e+03
3.040471909285750826e+03
2.715207054221921226e+03
3.487400771754314974e+03
4.018984711630189850e+03
4.604392477880471233e+03
4.772809540250925238e+03
3.995501547425375065e+03
4.611006016102038302e+03
4.077657291947336944e+03
4.793565568694565627e+03
3.388380693527341464e+03
2.277998072432631488e+03
1.767900673354591845e+03
2.513950346113727392e+03
2.721723691811223944e+03
2.492497266986576051e+03
3.189574789379809317e+03
2.537002727096040871e+03
2.131266460092187117e+03
2.490048580851155748e+03
2.560960623987342387e+03
3.737961087489721649e+03
2.938330841245226111e+03
2.255262761635461175e+03
2.691738316705565467e+03
4.551753407535665247e+03
3.115228336981952452e+03
3.193132420830106184e+03
2.884462678061277984e+03
4.031346865406870620e+03
5.265034516213212555e+03
6.149159868185544838e+03
6.675542229761552335e+03
9.012681707295698288e+03
1.026061958551837051e+04
6.976341742934494505e+03
6.041056970359105435e+03
6.729770553802511131e+03
6.033451454770658529e+03
5.530886908994913028e+03
4.741555665466469691e+03
6.955669124507659035e+03
5.791234374670947545e+03
4.928741478321881004e+03
4.493184453419578858e+03
5.184690725057004784e+03
2.543188512835537495e+03
3.998062177705105569e+03
4.291874033180471997e+03
4.491069467577084652e+03
4.300226682361650091e+03
5.383193407351413953e+03
3.030417051690624248e+03
3.571993958069966084e+03
1.569880540144542920e+03
2.241716049023125379e+03
2.246712841678173390e+03
2.563971880529534246e+03
3.166725805477726226e+03
4.154834770400430898e+03
3.132560400955950627e+03
3.844502578676850135e+03
5.117173666264599888e+03
4.856703092628206832e+03
2.690731323142145811e+03
3.259057138716827922e+03
3.603128900332977082e+03
2.656017599854974378e+03
3.321837124711083106e+03
2.365482214351856328e+03
4.485614920906109546e+03
3.362646811551422161e+03
5.039899882399657145e+03
2.759169929356552075e+03
4.784089733509808866e+03
3.508820019194346060e+03
3.532165666251763923e+03
3.429343172476788823e+03
3.426735613958137492e+03
4.894771559432821050e+03
3.374188964615490477e+03
4.934712600971371103e+03
3.545086928965097741e+03
4.095769487370929710e+03
4.773882153299362471e+03
4.632607582096697115e+03
6.578079993250897132e+03
5.908508243878010944e+03
3.842423072485469675e+03
5.700328460016359713e+03
4.007525922448799065e+03
6.043850762848438535e+03
5.322526793986603479e+03
4.500555341807400509e+03
7.020616506820211725e+03
4.745488767098149765e+03
4.515485116283698517e+03
3.863270799855237328e+03
4.032915026198660144e+03
3.883226589479279482e+03
4.400163850906093103e+03
3.923956788338389742e+03
3.204249639659371041e+03
3.593656780992398581e+03
3.801700841603525078e+03
4.215453933701488495e+03
2.946398282237491458e+03
5.453936005867964013e+03
5.042511023738506992e+03
4.109586278498268257e+03
3.079627665001679361e+03
2.245064850637837935e+03
2.421982849196850566e+03
2.379846609970541067e+03
2.611879042346562073e+03
2.124144560698132864e+03
2.008899862880375622e+03
2.041265274322302275e+03
2.637405730481108549e+03
2.959823096582941616e+03
1.942886888018362242e+03
1.182873467466426973e+03
1.517185020237126764e+03
1.664491326142024718e+03
1.684129451909462205e+03
1.890191161750725087e+03
1.954439567962950605e+03
1.700800104529551618e+03
1.599359091275530773e+03
1.250993197758495853e+03
2.319624158407536470e+03
2.181813413476158530e+03
1.690441860179144669e+03
1.468379804920654351e+03
1.436383512626469610e+03
2.452281941826742241e+03
1.854320883883163333e+03
2.360238034258785319e+03
1.918647714671168615e+03
2.571767493762377399e+03
1.943227949107522136e+03
1.771013898401087999e+03
1.529730895867393883e+03
1.532724551868961044e+03
1.504512214159873110e+03
1.005849571239274269e+03
7.881138108295731399e+02
1.243007814124183142e+03
2.006164937416482644e+03
1.704653771681659236e+03
1.696120573586650153e+03
2.111242283129593488e+03
2.526135907358751410e+03
2.617882129724453080e+03
1.999165723828054979e+03
2.975089487744891812e+03
4.778680892333402880e+03
4.364979218147054780e+03
6.456270981005711292e+03
5.361016945331961324e+03
6.783152708224531125e+03
6.217971559006941789e+03
6.289867742610861569e+03
3.657148992893248305e+03
2.946109902258266175e+03
2.549271537149725646e+03
2.332460602893453142e+03
2.236051134419071786e+03
2.116077768640806426e+03
2.237268551661424226e+03
2.935053160626217050e+03
3.073008652908407385e+03
4.488140931103381263e+03
3.414470420326411386e+03
3.771782197802768678e+03
2.803553463185575310e+03
4.055723806492789208e+03
3.939728156855918769e+03
4.004924052313908305e+03
2.594831093513406358e+03
2.321053176662783699e+03
2.619576350643460955e+03
2.924722463922895258e+03
3.300468818106838626e+03
4.139903250210244551e+03
3.548332754924351320e+03
3.537138490952453594e+03
3.216562994681957662e+03
3.690549785554311256e+03
2.662491801383146594e+03
1.883165863089742743e+03
2.247349468604203594e+03
2.162438564674623649e+03
1.775478288508862079e+03
1.823807990316480755e+03
1.695289748272720090e+03
2.005141344352607803e+03
3.519427850848614071e+03
3.716666998119674645e+03
4.119632169205576247e+03
3.355079812326988758e+03
3.192865080177828986e+03
3.527829131485623293e+03
3.168576503948036589e+03
1.949323828514735851e+03
2.535509601857361304e+03
1.643788772665507167e+03
2.371508140062641360e+03
2.568110722311699647e+03
2.006140928527994447e+03
1.627308786106947764e+03
1.659005734155081655e+03
2.178174465785112716e+03
2.726292238682185598e+03
2.174608175621914143e+03
1.343699191869192646e+03
2.028641746155884675e+03
2.102329655015018034e+03
3.904291971997632118e+03
4.199383681549027642e+03
5.332993767907790243e+03
3.586361778193170721e+03
4.821022860131229208e+03
3.889784117270713523e+03
4.088028187033440190e+03
3.334846223072596786e+03
4.430422241796848539e+03
4.186898556283874314e+03
4.751360566415812173e+03
3.901544940664671685e+03
4.275430663782056399e+03
4.190174086553975940e+03
4.168297731763730553e+03
3.092830625742236407e+03
3.910662748758618818e+03
5.329575765796125779e+03
5.327331828898047206e+03
4.059010931710648947e+03
4.214074974132161515e+03
3.663121733905392830e+03
4.110825454938992152e+03
3.451868876729723524e+03
4.296754491886784308e+03
4.770623697705133964e+03
3.265905623666691099e+03
2.466608550142960212e+03
2.977900279616870648e+03
2.643048528640451423e+03
1.793141480331038565e+03
1.797826880806754161e+03
1.833530754149592440e+03
1.634079106666608368e+03
1.919568656641734378e+03
1.905680004499360393e+03
1.550187294510895981e+03
2.308353659463733038e+03
2.059373470858404289e+03
2.904716821803211133e+03
2.600792347543696906e+03
3.101199051304913155e+03
3.486362730316825491e+03
2.282000124254645925e+03
2.408065192167679015e+03
1.905561492059735883e+03
2.519588966273750884e+03
1.817786826750566888e+03
1.575389865320863464e+03
1.422530839393750512e+03
1.353765162054929988e+03
2.596407665251180788e+03
2.364932156119003139e+03
1.410260386054282890e+03
2.463829089897986250e+03
4.510120969420850997e+03
3.100980546058055552e+03
2.922636242732257870e+03
3.656966569301915115e+03
3.819540356225812957e+03
3.720562162745944534e+03
4.235696131503508695e+03
2.634930355542303914e+03
1.989374955303142997e+03
1.625607770850895804e+03
2.177408799942839323e+03
1.878426868494577548e+03
2.786394560140400699e+03
2.405122021185481117e+03
2.558710143955434432e+03
2.692513628568142394e+03
2.518948476646825839e+03
2.760443701475086527e+03
1.996496165440664527e+03
2.558759070225350115e+03
3.175148787376610471e+03
3.061609245267416554e+03
2.528355663101394384e+03
4.149754472593343962e+03
3.074544607957804601e+03
3.126804576739863933e+03
3.168038738959920920e+03
2.546521851228615560e+03
2.252546038406598655e+03
4.041670636888949502e+03
3.898277681477982242e+03
3.619922399317455984e+03
3.614754654017376197e+03
4.280599652473223614e+03
5.048767564427328580e+03
3.718666672514943002e+03
4.026751808922909731e+03
3.499547801708169118e+03
3.988155769446890645e+03
4.966134469756034377e+03
4.348511517433761583e+03
3.687741072602511849e+03
4.666758258228626801e+03
4.335532435767095194e+03
6.566163301714521367e+03
5.990510210963953796e+03
5.504913756524734708e+03
3.725109250776122281e+03
2.574039046382188644e+03
1.755981332010653432e+03
1.305550555337609012e+03
1.770945741209377729e+03
1.394268729209675712e+03
1.771816227950588882e+03
2.109331247775398879e+03
2.332657449788284794e+03
1.995549135856494104e+03
2.186832118844007709e+03
2.374638864690069568e+03
2.096706630822296574e+03
2.315748182084774726e+03
3.026849084195324394e+03
2.211245827343225301e+03
2.404363924896840672e+03
2.539237348962513352e+03
4.187116123487675395e+03
4.778713356563184789e+03
3.587157215400731275e+03
3.022096463378676162e+03
2.889074899709609326e+03
1.189439546959333029e+03
8.056383210767199898e+02
9.088746140860837386e+02
9.029330587291707388e+02
9.808003650819716768e+02
1.000647499403738721e+03
1.169191852880595206e+03
1.333263969306767422e+03
1.356305342918881479e+03
2.052798731686099472e+03
1.096359646039824156e+03
1.721062511335688214e+03
3.509814512303116317e+03
3.839631909091548550e+03
3.718026550648574357e+03
4.958246004224448370e+03
4.791202747911120241e+03
4.270743552545604871e+03
3.374385261561941661e+03
2.704004664042247441e+03
2.444329540032644218e+03
2.423895717291315577e+03
3.155731383165774787e+03
1.483281258192449286e+03
2.145228529013752450e+03
9.213446133031673071e+02
1.001933274868515014e+03
1.763237885271953928e+03
2.949115255444747163e+03
3.563126678054496551e+03
3.391376510334645900e+03
4.612643564384501587e+03
2.897069401286052198e+03
3.382889450130952355e+03
4.071317412443214380e+03
3.554740061043877631e+03
1.614657893465616553e+03
1.304082468776994347e+03
1.151922538738096137e+03
1.707744510264929204e+03
2.181576363344936453e+03
2.104022229360086840e+03
2.402430837068805431e+03
2.859606771412550188e+03
2.880572463159794097e+03
2.365062791534445751e+03
2.223352255901325407e+03
1.931205381096124256e+03
1.833684955864732274e+03
1.692379742811305505e+03
3.482533899991591170e+03
3.179017844543751380e+03
3.521950122781721348e+03
3.247179960119326097e+03
4.160904556651168605e+03
3.431401351643663475e+03
2.524260763832218800e+03
3.442253111137617907e+03
3.228549203747811134e+03
3.072390433417501299e+03
2.596431853106569179e+03
2.284748539499201343e+03
2.609410269712218906e+03
3.505896130429286586e+03
2.758991980149696246e+03
3.049407925360003901e+03
2.665053580026383770e+03
2.338600012142245760e+03
2.187435995363230177e+03
2.115384484074836564e+03
2.522135116021054728e+03
3.886384592351103947e+03
5.252421984714478640e+03
6.464950064511288474e+03
6.285193224016745262e+03
4.766563956301636608e+03
3.063138991209063988e+03
2.902164886138983093e+03
3.548299508753208102e+03
2.415470544299565063e+03
2.671814526080389442e+03
2.663469050534909456e+03
4.606138566244770118e+03
4.099633585966528699e+03
3.228698389335273532e+03
2.981946106806845364e+03
2.401906446202338884e+03
