-3.604365338911715355e+01,0.000000000000000000e+00,0.000000000000000000e+00,0.000000000000000000e+00,0.000000000000000000e+00,0.000000000000000000e+00,-3.432169450445465983e-14,0.000000000000000000e+00,0.000000000000000000e+00,0.000000000000000000e+00,9.640286916519939396e-15,0.000000000000000000e+00,0.000000000000000000e+00
-3.604365338911715355e+01,0.000000000000000000e+00,0.000000000000000000e+00,0.000000000000000000e+00,0.000000000000000000e+00,0.000000000000000000e+00,-3.432169450445465983e-14,0.000000000000000000e+00,0.000000000000000000e+00,0.000000000000000000e+00,9.640286916519939396e-15,0.000000000000000000e+00,0.000000000000000000e+00
9.281617274675779683e+00,6.665844748879617754e+00,-1.364588822723238160e+01,2.285065846501241893e+01,-1.859571873199690373e+01,1.666960119772772941e+01,-7.690164329564257883e+00,4.237400854601117040e+00,-2.228699944283552004e+00,-1.203339074322713920e+01,6.881556287869332600e+00,-1.627326374742377268e+01,1.663743680056426655e+01
8.807482012310016373e+00,1.186095742236294370e+01,-5.800191210829220623e+00,2.036438154084539676e+01,2.698903368607488584e+00,6.930296930543121903e+00,7.048097646668458616e-01,1.108578382995763434e+01,-8.686048569475019576e+00,-2.073748781843506350e+01,1.257544042194296940e+00,-1.427366976376976915e+01,1.227530162979930139e+01
7.849606517754005530e+00,9.973755454381118213e+00,-1.062634027567874107e+01,1.493578395199177500e+01,2.303581507519132288e+01,-1.502105064754750074e+01,-7.061035361760545914e-01,-2.221866072369483636e+00,-1.768869307487301157e+01,-3.345464559791930803e+00,-6.505485311373319313e+00,-2.480528497687553013e+01,-1.419622138652341192e+01
7.273422104644733821e+00,5.550778583241625874e+00,-6.130150626521067458e+00,1.944053015074453583e+01,2.374287990608581111e+01,-7.017066756801938254e+00,9.596598316299829179e+00,9.163151343152527772e+00,-3.867624131662843467e+00,8.131078874798090439e+00,3.151320359049339270e+00,-1.437011589122061750e+01,-1.543977216149540510e+01
6.936830898862128336e+00,5.263486423269412740e+00,-5.548072482997800314e+00,1.956771614637453283e+01,2.085322153808591139e+01,-1.491305386058671445e+01,1.478026089811304455e+00,8.593957904559826888e-01,-1.332540430388524832e+01,6.204021536609326537e-01,-4.504917522253437667e+00,-1.800855505474859086e+01,-1.266455917240469686e+00
7.058182965970339673e+00,2.418222970481900269e+00,-1.082764538806481092e+01,1.462361643008380341e+01,1.332998810772811460e+01,-1.926760630632341531e+01,5.883065219896022491e+00,-1.344417475774460913e+00,-1.470529899329174839e+01,2.708680028403957607e+00,-1.086857754662142206e+01,-2.040236540683301314e+01,-1.266932872238689445e+00
7.173503688320542082e+00,3.537369648646850884e+00,-1.509914651476318959e+01,1.389811154236399560e+01,2.248462427215317305e+01,-1.289755747998381885e+01,1.320638622038269361e+01,8.598720078556780777e+00,-9.349421033216271937e+00,5.800167169212689267e+00,-1.126854894647905070e+01,-1.801034433748808539e+01,5.852910737354338089e+00
9.372502038300764227e+00,9.884318103291450441e+00,-3.107815301303298128e+01,3.750854785191506391e+00,1.363426125957912660e+01,-3.329384610916719822e+01,1.251145889033958625e+01,-1.191171021115657247e+01,-4.668694860597903329e+01,-8.176626370534206600e+00,-1.866934134756254693e+01,-1.913526619434911424e+01,1.829452315433286103e+01
8.068604483140077832e+00,4.404065356796147412e+00,-2.695033000123352096e+01,4.656755128602706684e+00,5.055246893217756110e+00,-3.778413573972009232e+01,7.711885356097099908e+00,-2.904524094332971540e+00,-2.419560679176616702e+01,-2.320243733414956822e+00,-9.403476182938348416e+00,-6.147966709976556032e+00,1.315280801267376454e+01
7.732622884093098392e+00,4.364035468706472187e+00,-2.113600128418327984e+01,1.178026132294344208e+01,1.301491569917934044e+01,-3.133470847330255538e+01,1.001954629485772230e+01,-5.000738548874422484e+00,-2.545558287929639008e+01,1.027293107520371684e+01,7.498316570571824435e+00,-7.080595087912360253e-01,1.646763257909817568e+01
7.682230290609926904e+00,-1.497478733824974428e+00,-2.512742814701756444e+01,7.522465860696774698e+00,5.119155042432576685e+00,-4.103257552750558546e+01,7.570365172812746124e+00,-1.530714767354723449e+00,-2.187181144587360748e+01,1.123434456192680919e+01,-2.126590858882014157e+00,-7.113945698904933224e+00,1.538790361518421967e+01
7.753080792418349354e+00,-3.122886686910022025e+00,-2.524149076305164385e+01,8.625259162983091699e+00,1.357591072434734203e+00,-4.318966230106444470e+01,-4.666888122516771986e+00,-1.072192873295001014e+01,-2.646003615133458098e+01,2.156866391253092208e-01,-1.056627476499850005e+01,-8.672504696458133822e+00,1.140949708959009712e+01
7.424517130890718519e+00,-6.013517147846393129e+00,-2.611636426501209840e+01,6.167155590682943611e+00,5.181315910005448444e+00,-3.003970346307701433e+01,5.175033658813474879e+00,-3.913809213911934037e+00,-2.973882089997033162e+01,7.055126468558668762e+00,-3.038865930370737267e+00,-4.074732448749746716e+00,1.818646556947913950e+01
6.703633978647893343e+00,-6.659858519966522117e+00,-2.445958435866252145e+01,-7.700711683482136527e-01,2.500826264849738134e+00,-3.494919332930706446e+01,-8.572572586745419443e+00,-1.062827895779857101e+01,-2.697797360016325996e+01,-2.926193239816049729e+00,-1.378379063078237543e+01,-4.345011599014585002e+00,1.268141753848409792e+01
6.815515359441274512e+00,-7.019605193168463764e+00,-2.548821021124907560e+01,3.620886474448333558e+00,6.597301859498157839e+00,-2.261189970001622385e+01,1.013321141197843644e+01,2.276081725759091512e+00,-2.181056039183486561e+01,4.312291123253295666e+00,-6.353680624486581330e+00,-7.666117498791150453e+00,1.123897229285741339e+01
6.431464939721307061e+00,-8.464182389646413895e+00,-2.391306893427731950e+01,-9.533856953716282057e-01,1.690640038308451221e+00,-3.936508828726895359e+01,-4.899626662572165614e+00,2.037669423567869398e+00,-4.918455578033585240e+00,1.688727771092256447e+01,-4.347605527492319766e+00,-5.865897174922618973e+00,1.698404195733585809e+01
5.999409689768329557e+00,-8.603860276748459768e+00,-2.326069433957868426e+01,-1.313988735849401346e+00,7.952610297119568905e+00,-2.270916284160159648e+01,2.594696150720287253e+00,-7.278861958629160966e+00,-1.424752720742576173e+01,-6.777515075774417364e-01,-7.445796958741804694e+00,2.112178447817339322e+00,1.476472442413059305e+01
5.965582513471921366e+00,-7.275203685826838296e+00,-2.258593381896370289e+01,-4.437643671464165940e-01,1.234220045814384470e+01,-2.261611169156566703e+01,7.706701306283585851e+00,6.683306540754768932e+00,-1.205049275426792121e+01,9.615895689471186003e+00,4.120594977117379543e+00,9.630313417800039133e+00,2.002367788831339368e+01
6.005846699110104936e+00,-8.936143697285730880e+00,-2.184861224425801396e+01,1.248816173139170704e+00,8.674921101610554075e+00,-2.309000269251039228e+01,3.117687032858502127e-01,-3.138166332568374184e+00,-1.406923330592265131e+01,1.010019204777069390e+01,2.482242589023220258e+00,-5.107702073469264636e-01,1.452833005777655906e+01
5.954909871993049109e+00,-6.881165182408615522e+00,-2.217658906523079310e+01,-7.736166617143513058e+00,3.786329367291161319e+00,-3.277899980367202915e+01,8.785891689409159877e-01,3.736003212068186308e+00,-2.646399772430559239e+00,1.215886485467846612e+01,-2.436454985766422610e+00,-7.549067837021594229e+00,5.656804254235161977e+00
6.009055012100816384e+00,-7.681271814459792679e+00,-2.176060071388950590e+01,-3.671067373247111298e+00,1.016889703266450340e+01,-2.016964974964147572e+01,9.430503998442747005e+00,9.618204810780927261e+00,-1.840441191094937867e+00,7.862368780366101539e+00,-2.660893772744883812e+00,1.676688939716094451e+00,2.460603212816711238e+00
6.028745220420666406e+00,-8.561194082817257467e+00,-2.282045092012194232e+01,-4.401610659547356558e-02,1.516550548542353383e+01,-2.055936708484653508e+01,-2.919429499600873612e+00,4.613494324785136769e+00,-4.085457720604429355e+00,1.379015852672089792e+01,7.915949573426368957e+00,-6.663881164836272575e+00,5.034937134822907723e+00
5.794924356175468638e+00,-5.552489637178811499e+00,-1.724032872294959517e+01,-3.532590129670805545e+00,7.356714407934665800e+00,-2.313609869407925501e+01,7.445881115459102695e+00,1.266456686427140177e+01,-4.760425463804807578e+00,4.055166233705739032e+00,-2.777211344489271649e+00,-4.891233203858611489e+00,1.091789997503715171e+01
5.735680015693609413e+00,-7.357107449780915687e+00,-2.144253794658633439e+01,-5.097649288106637755e+00,5.614753816531441011e+00,-2.092095300077690467e+01,5.916306103133016414e+00,-3.400597732249531546e+00,-1.094195813351464253e+01,-5.458103015578963380e+00,-1.556537916798058241e+01,-9.478283239117079262e+00,-1.226672907882344887e+01
5.938036489096618631e+00,-6.099275723307513886e+00,-1.863278796618296340e+01,-6.950690152655047971e-01,7.305602361958525748e+00,-2.549232119853317258e+01,1.298858921720284165e+01,1.234164168842862708e+01,-7.739025932781010697e-01,1.821145279510859183e+01,8.164401470108101577e+00,-1.145695137283508203e+01,-6.658154073180091892e+00
5.771196687348756349e+00,-8.072377672720627118e+00,-1.826165260840320670e+01,1.121268855225252770e+00,1.200181909302095029e+01,-1.969294679304060836e+01,1.032717447589262427e+01,2.891703739951264396e+00,-1.832845304551729271e+01,2.157374522034259279e+00,-4.284408136984722143e-02,5.151475068432750604e+00,1.219759639153834385e+01
6.029336987059549458e+00,-9.300620056127538504e+00,-2.357507221370659423e+01,-6.768277121242979533e+00,4.515548996066844900e+00,-2.928207292939314144e+01,5.285936082873179842e+00,-1.075769394882710506e+00,-8.070641762935645502e+00,1.621634050068099242e+01,-2.358953244181819731e+00,-1.613402202475663927e+01,6.679431358214888093e+00
5.924405849867663498e+00,-6.753738743630505859e+00,-1.842941056914825992e+01,-1.514297904186918897e+00,6.040921178313650941e+00,-2.620819940334727605e+01,6.374348179195855835e+00,7.099295745737762786e+00,-4.384923622753801098e+00,1.666728975720329231e+01,3.977761580652548812e+00,-1.070118286279484465e+01,4.906605092272407376e+00
6.212214971943540220e+00,-7.619597897518094243e+00,-2.395057210271906456e+01,-1.494736567288638351e+00,9.726697840634617620e+00,-2.425442955782214938e+01,7.374052540525906529e+00,2.745227705509155069e-01,-2.022036566170994032e+00,2.385940817994338659e+01,7.999280012382616434e+00,2.112365918195140857e+00,1.076097779390985032e+01
6.141721894209332788e+00,-7.562321614308480378e+00,-2.411815136308574026e+01,-2.484240274644258673e+00,3.871981525127041746e+00,-2.659870838945650817e+01,7.200448733773671117e-01,-1.332109861454972899e+00,-1.831222490668897152e+01,-1.032436864862660109e+01,-7.314775968151502328e-01,-8.645817150117050431e+00,4.904538997402320688e-01
6.022678207036118003e+00,-4.252510707099153464e+00,-1.957445529536946793e+01,1.508229073174495172e+00,1.140670711082652922e+01,-1.824446982751371849e+01,7.185406524081770385e+00,1.054526832625514565e+01,8.544185556038218499e-01,1.050333265286425721e+01,-9.251970648794762830e-01,-1.199233507003068411e+01,1.527565358750015312e+00
5.954247473335831486e+00,-6.389100398375654244e+00,-1.548187115203380060e+01,6.891039683626654977e+00,9.401256998190312686e+00,-1.511671424734720937e+01,3.678341365619123948e+00,-1.155281346480981419e+01,-1.959058466484397698e+01,1.061018590259074124e+01,5.656921033305756019e+00,-4.398383091924699784e+00,-3.328498877956262536e+00
5.801412731477453733e+00,-5.154238828366495717e+00,-1.580408040330284258e+01,-2.418175017318625830e+00,6.157775251842354081e+00,-1.967830756921441804e+01,-1.799558667354620889e+00,6.268272644831565099e-01,-1.545484629180422864e+01,-3.538600985358211215e+00,-7.236626006542110190e+00,-8.122686595295743217e+00,-7.756673138380642207e+00
5.744229837135635286e+00,-7.492490789759429504e+00,-1.490958611458588834e+01,3.917035969281686292e+00,1.077359983004429722e+01,-1.928732290266771443e+01,-2.193367825419331840e+00,-5.999258252737031505e+00,-1.226021617551765885e+01,-5.385085324467183909e+00,-9.546513394414111175e+00,-1.198883894667034156e+01,-1.449554911429663306e+00
5.898778959255962739e+00,-5.644712440011232957e+00,-1.677468713810772272e+01,7.628950719412688937e-04,6.252464396636268518e+00,-2.361177333952943513e+01,-5.538285034975418686e-01,-4.427543641241244998e+00,-6.180394188359559671e+00,2.921986336965599396e+00,-1.677852003640608558e+01,-1.615585067953177401e+01,5.013057517970835875e-01
5.850650427926982644e+00,-6.360666249915773562e+00,-1.875742867320939311e+01,-6.710701816666831299e+00,1.449813921913373882e+00,-2.281567515251767375e+01,5.717319030573379202e+00,7.108683213945477419e+00,-1.476917517124195989e+01,2.780663063359503973e+00,1.966596085979086805e-01,-2.005244416351678272e+00,1.079075132461387909e+01
5.763310640805344498e+00,-3.934893375405167149e+00,-1.498840852736080720e+01,-1.780489395063909353e+00,1.105165303988462355e+01,-1.402881870179524526e+01,1.149280519880479545e+01,1.834333968228868850e+00,-6.944923303948151272e+00,1.137739084758555030e+01,-3.571050672268007098e+00,-1.526506016521471842e+01,4.264852292366375863e+00
6.068469335930829267e+00,-2.028169895568531889e+00,-1.384797210420222058e+01,4.798493671025739538e+00,8.724743584022524701e+00,-2.762522248554116189e+01,-5.205959718518955448e+00,-7.593982550241255680e+00,-8.997129554667280260e+00,7.031502631053615282e+00,-3.445507983014270526e+00,-1.959018406391066591e+01,-8.639855704648073953e+00
6.095689473159572103e+00,2.606088205312343753e+00,-1.043792515830513423e+01,6.132271506413157880e+00,1.332332781389762033e+01,-1.987366688133442238e+01,7.775843591747711336e+00,6.481621735853237531e+00,-8.210636451845397588e+00,2.069888535188757483e+00,-2.173280269586303159e+00,-1.467776515407160609e+01,-3.248357155816058661e+00
6.127306459282170437e+00,1.303563642481571083e+00,-8.735461258586770583e+00,1.244271462583112076e+01,1.946941161052508207e+01,-1.607308154826186097e+01,1.288653356537617434e+01,2.602273936037594826e+00,-2.027000219839527517e+01,-7.718736497238661620e+00,-8.238730447335216311e+00,-1.387133083539768563e+01,9.427869142122894397e-01
8.749495358589200578e+00,1.674963574301389002e+01,9.544758108769581639e+00,2.572840888653243496e+01,2.184861255799182445e+01,-1.668122387618770475e+01,-6.138702868730694817e+00,-9.935242441276516345e+00,-1.466156793865475372e+01,9.557039683071634206e-01,2.240464852345225300e+00,4.632512550563728126e+00,1.074500964976963324e+01
1.347029099883562964e+01,2.846274971578937496e+01,1.758075425438961403e+01,2.478586103473002211e+01,1.808491189969248225e+01,3.529016544874826744e-01,1.031158685952305198e+01,4.075158017442053193e+00,-9.497823627671632352e+00,-7.326250319967191338e+00,-9.424524216981721381e+00,-1.502987946276881637e+01,-8.850341822032623540e+00
1.537957676953155328e+01,3.364063610360479117e+01,1.987117473584975613e+01,2.363454067333305275e+01,1.008656490661820015e+01,-7.604661324252882437e+00,-5.154704823438741812e+00,-1.378442958167681098e+01,-2.198073678095800076e+01,-1.412838490562363702e+01,-9.321502193745059728e+00,-1.192340786588437140e+01,-1.720633743865921161e+01
1.549351453564141501e+01,4.878322984704800547e+01,7.524394000941587279e+00,1.262929190011478298e+01,-2.017679910295692824e+00,-2.467722729862900621e+01,7.790665752622495610e+00,-2.280922051733225686e+01,-3.926940833445039658e+01,-6.037109749852949570e+00,-1.771834955128236899e+01,-9.430618176747870507e+00,-2.640187274730784406e+00
1.572900127834462758e+01,4.364635586557492530e+01,-2.629712426858457519e+00,4.803402419998784367e+00,-2.746659821968819859e+00,-1.969491995382150407e+01,1.635953305571246075e-01,-2.470413075481416953e+01,-3.631256086399805127e+01,-2.009712401439357166e+01,-1.885521597496261492e+01,-1.222413352932737673e+00,-1.989406286645309052e+01
1.594996828993491889e+01,3.993627993496742334e+01,-2.165893285368260646e+00,3.364102018153725560e+00,5.661760817986104949e-02,-1.536838239725245359e+01,-5.589606974735559675e+00,-1.797052314896201963e+01,-2.733343975133465520e+01,-2.318481325386739300e+01,-2.186164290623034034e+01,-3.168484932488803363e+00,-9.000665191584445779e+00
1.646324031189657333e+01,3.288114680207144858e+01,-2.133342220011511614e+01,6.280791764114401765e+00,1.714403222698576101e+01,-2.434838845108130556e+01,-1.762076896269627468e+01,-1.112141466346875696e+01,-2.256238650060999618e+01,-1.135206158267463294e+01,1.875292130475183283e+00,1.034532018226731509e+01,-1.409805058971496772e+00
1.733677603631744191e+01,2.554269822153063529e+01,-2.296477076434677045e+01,-1.814098606523008916e+00,4.410113264734564886e+00,-3.146102955911430854e+01,-2.874309869232116199e+01,-1.453156756131051708e+01,-1.386727357372949321e+01,-1.149931856456296586e+01,-1.336054140293001424e+01,-5.259679509822651866e+00,-5.605787858121068501e-01
1.780640628869202757e+01,3.199744935024802217e+01,-3.339673946456051112e+01,-1.607494952265215105e+00,4.125856872947568199e+00,-3.355028046929163565e+01,-1.667797433458420997e+01,-1.509719110888374338e+01,-1.168403927486746952e+01,-1.146441570656679954e+00,-1.371122667138532059e+01,2.701009876851127256e+00,1.043790831049119960e+00
1.827268321786188210e+01,3.679077926561441814e+01,-3.778404132064693499e+01,9.756911542699681306e+00,-4.998960157969090545e+00,-2.339550567319788144e+01,-6.633301922885058488e+00,-4.511378906194482674e+00,-3.980086255968501074e+00,7.708087608793984025e+00,-1.123742564141629430e+01,9.568679906067302454e+00,1.640861447242213700e+01
1.850345962613720019e+01,2.432463959688688249e+01,-2.950368508103120391e+01,-1.442041323630719951e+01,-1.286842837431109032e+01,-2.684316727386361734e+01,-1.994073229842273065e+01,-1.820213747148807926e+01,-7.352259311029500033e+00,-1.278145034591961071e+01,-2.813166691480926218e+01,-5.557986769945333805e+00,2.018171742009855052e+00
1.861289309599792219e+01,3.683812804883556424e+01,-3.630256509723929526e+01,-5.968677364550551978e+00,-9.421313648826375342e+00,-1.984915286674311474e+01,-9.430541458632685448e+00,-1.090285881040202121e+01,-1.228893009739601005e+01,-1.533238025886845435e+00,-9.323313030300987236e+00,-4.379478706287947887e+00,1.307219063117613933e+00
1.861874765911791840e+01,4.065566630659861147e+01,-3.699593828583352462e+01,-1.304137849491353762e+01,-1.108128953508471248e+01,-3.813622070270698572e+01,-7.300385608455355335e-01,-7.012062609386790157e+00,-1.480963171321620031e+01,-9.219207658430709884e+00,-3.027691619657191424e+01,3.090205593272103535e+00,9.849021079141669688e+00
1.854588285216041044e+01,2.322872726283159039e+01,-2.272189654930914671e+01,-1.943233154537625751e+01,-1.721175884518721944e+01,-2.433892494976608134e+01,-7.926941015885181407e+00,-1.897992348445708410e+00,-9.428745047924660838e+00,-1.881670117652520702e+01,-2.025822657389409898e+01,-1.010609007025569994e+00,1.550431423203888492e+00
1.867794596359349057e+01,4.511291739091630859e+01,-3.670654432913085685e+01,-1.071608728855473203e+01,-1.313536630546648176e+01,-3.711067057356117971e+01,8.805739185494083188e+00,-2.953671385393045190e-01,-9.632625391526199010e+00,-4.092159590138206404e+00,-3.249469185401126481e+01,1.255580888594153066e+00,2.417914439581239350e+01
1.831500758643463556e+01,4.154901060558707115e+01,-2.883139415132740879e+01,-1.410236673224693682e+01,-1.932133114192906831e+01,-4.171846688226133892e+01,-3.435918718642557934e+00,1.419262812822277064e+00,-4.857870415568388722e+00,-8.095208178298026525e+00,-3.789975757972121073e+01,-9.363712820513603319e+00,1.973143320319843852e+01
1.792613545017170296e+01,4.117208489408201189e+01,-2.135529596826098597e+01,-8.185164603616783552e+00,-2.264017821087880833e+01,-4.849812805813278516e+01,-1.071088461876631648e+01,8.261350366834585568e-01,-4.442557094146080687e-01,-5.917625559357708731e+00,-3.417244935414247919e+01,-1.256455324467192369e+01,1.003519120024110656e+01
1.775062379844618476e+01,3.727459305043966253e+01,-8.224071278431933862e+00,-4.367029668953184895e+00,-2.391700078958703912e+01,-4.967776769931477077e+01,-1.939041378540129301e+01,-1.161179933257296293e+00,8.451257703269577704e+00,2.685112170012236010e+00,-3.995987705861065820e+01,-2.166762193551623383e+01,1.723935712298160894e+01
1.739603276592107406e+01,3.975665411181002185e+01,-2.647485209177135590e-01,7.447287601992237382e-01,-2.259234105384237523e+01,-5.587319707925550460e+01,-2.135082404861747563e+01,5.295057462120833058e+00,6.034731417634431772e+00,-1.976231008139754386e-01,-3.376391191574531803e+01,-2.133592993678483651e+01,1.715058469538041663e+01
1.701817910902541797e+01,3.602391756369699749e+01,4.515410439028600287e+00,2.492713242611872548e+00,-1.871765291861699865e+01,-4.470117134844367257e+01,-2.774459497806644137e+01,-1.147376932976000630e+00,1.093661251532214074e+01,-4.557919086540043629e+00,-2.555333536275078288e+01,-5.418952836894384006e+00,7.931424995265145661e+00
1.679192748993464335e+01,3.381624382886836599e+01,9.148982320370592447e+00,2.315734085663102793e+00,-1.743081990259510761e+01,-3.856731822026839751e+01,-2.579864470333817650e+01,-1.364211639456751390e+00,8.448941588735202401e+00,-5.110711051323893805e+00,-1.717288438339840440e+01,-6.619137967479193030e+00,-4.782098113542931905e+00
1.674903713966830310e+01,2.732867789468281217e+01,9.785674617918582285e+00,-1.391369350251468351e+00,-1.208509827532919800e+01,-1.482925222808276011e+01,-1.076476570776367225e+01,-5.122791095367454695e+00,3.728617088802786306e+00,2.512475771610211073e+00,-4.794247538450267854e+00,-6.271352486009336147e+00,-7.116689374595800643e+00
1.677016727567479393e+01,5.202511911351796670e+01,-2.395286802163717699e+00,1.547523221149866224e+01,-1.786891214274232809e+01,-1.833949494906864786e+01,1.148571946312340497e+00,-6.263288364049435231e+00,1.140581953489218670e+01,9.222354747621809068e+00,-1.878866997637150860e+01,-6.949195555840777416e+00,-1.447778485587182917e+00
1.649780151630080383e+01,3.643036693712070218e+01,1.134205564007178424e+01,9.832870858163596850e+00,-5.018873598453996721e+00,-1.919133505147571483e+01,-2.352931804470439481e+00,1.223160096045355028e+00,6.760382898632210313e+00,8.624379596746496901e+00,-1.463293101676099184e+01,-1.271537737974353988e+01,-3.085785476464132593e+00
1.658966089824975754e+01,2.421163112816264729e+01,7.246812090041925281e+00,4.314906828513562331e+00,-6.590574162807937952e+00,-1.374176286487270815e+01,-1.163718837589419763e+01,-9.111974001814221680e+00,1.436733945660821465e+00,-4.656306213725115661e+00,-1.574007780656376632e+01,-2.530974330904902203e+00,4.207804642380559734e+00
1.700493294993290050e+01,4.141841699137758326e+01,-6.252261838213887479e+00,1.466761428365723319e+01,2.011346321995614250e+00,-2.020768035463831680e+01,1.136266331096221904e+01,4.156941807574748182e+00,-1.567707115699986353e+01,-2.380114452231715205e+01,-2.751161676127865974e+01,7.523895718052682646e+00,1.064475911265029495e+01
1.718823564464729614e+01,3.237715244512925494e+01,-6.487352043593153539e+00,8.865480758265272598e+00,1.347143985861259630e+01,-1.140834895374362112e+01,-9.983070286804947457e+00,-4.350173908592973149e+00,-7.890279732697851323e+00,-1.958695139508608207e+01,-2.139878869799346717e+01,-3.584594080600731481e+00,-3.676120518696957884e+00
1.729078501587402528e+01,3.275459305615155614e+01,-1.331666795788667557e+01,2.217513110136358989e+01,2.530166485882621785e+01,-2.152547373183470114e+01,-1.648465507285892429e+01,-1.728706768127827686e+01,-1.479766376378760562e+01,-4.024723058730841352e+00,-2.356425847686584163e+01,-1.444939821894366894e+01,5.540399620126810198e-01
1.659764040535239360e+01,3.894572607238747253e+01,-1.748449740855351919e+01,3.353914888539177497e+01,2.943115321120658123e+01,-2.371728542892197211e+01,-1.114930474965144747e+01,-2.343056242690338564e+01,-1.929635200042685028e+01,3.717639376855753408e+00,-3.941665411753886961e+00,5.736231207664314269e+00,-2.902588677939640149e+00
1.436107867204476030e+01,1.745357714739872179e+01,-1.730633259356478959e+01,2.821054930492196178e+01,1.196442154264036617e+01,-3.472804554663437671e+01,8.734335091593168343e+00,9.503823717635897950e+00,-2.474466052222356183e+01,-1.095245727455807483e+01,-1.241713599076857832e+01,-1.382021577785634747e+01,-4.279845306325496423e+00
1.475750407387661234e+01,1.413029866081395447e+01,-2.488492580743256255e+01,4.487593159636379170e+01,2.370864120064373637e+01,-2.931855964969222228e+01,-3.612296610889896842e-01,-1.940816890823352026e+01,-4.184957073170927799e+01,-1.221989544948519679e+01,-1.015775299222324790e+01,-1.122938757714707592e+01,-1.152403405843797302e+01
1.535764349036474918e+01,1.441581508425086966e+01,-2.340714682598352070e+01,3.135231279566866647e+01,1.144275903782457249e+01,-2.396628840396556370e+01,1.368454224575398781e+00,-2.081305981838398722e+01,-3.641119939562557306e+01,-1.760889949494278639e+01,-2.906480974466850142e+01,-3.014658535816136009e+01,-1.298242301610655147e+01
1.569059217968045772e+01,3.369012273782946920e+01,-2.483913243259973314e+01,4.439569466188175539e+01,3.066499085653959256e+01,-3.793133762197800962e+01,1.884211004781764842e+01,-1.298602293861934953e+01,-3.186349696759691952e+01,6.757166545515224776e+00,-3.238362594724012666e+01,-2.432307136392432056e+01,-6.592628081379311666e+00
1.568259811220636735e+01,2.902319150554091465e+01,-1.050164354239808517e+01,4.096913113637712911e+01,2.493285789934470387e+01,-2.535480876892631841e+01,-3.812671619153323199e+00,-1.502839767010891414e+01,-1.955975090010853279e+01,5.213551493138310455e+00,-1.591726673450643581e+01,-2.407986312586026756e+01,-9.874193764148877506e+00
1.560679758070201473e+01,2.746370744405677300e+01,-1.122551804696076161e+01,3.310279819239128329e+01,1.912163344825656353e+01,-2.652154182090021806e+01,2.185913304557624226e+00,-5.931862597665478631e+00,-2.455519636645910353e+01,-4.835994984689991227e+00,-1.200287342556570991e+01,-2.012001960911619491e+01,-1.117940870434713752e+01
1.548490312120820711e+01,2.221372715693398803e+01,-1.293538621053954785e+01,2.646530209554031288e+01,1.464017363251915782e+01,-3.602623550903857819e+01,-2.185037917294128551e+00,-3.784966265932781848e+00,-3.196208370264527687e+01,-8.844310841344016794e+00,-1.420617393269464479e+01,-2.871237103542688729e+01,-6.674117885186300114e+00
1.519403116093428174e+01,2.722949358105823592e+01,-3.136333269714833349e+01,3.259531134185853318e+01,2.289381875725187143e+01,-5.324309621722166952e+01,8.342034596938571411e+00,-1.102820876031035802e+01,-4.409996555845776101e+01,5.344766688877260918e+00,-2.257786912582871608e+01,-3.229636470035767104e+01,-2.689748945010872472e+00
1.471197445833152351e+01,1.858066278395980575e+01,-3.212001085352226681e+01,5.019110246955025900e+01,2.420189882565943407e+01,-3.908629257904218690e+01,4.333051831612156235e+00,-9.001200141339193550e+00,-3.160539492603823675e+01,-2.927070476942751132e+00,-1.007187237233644161e+01,-2.008834978288875206e+01,-8.296270644767311353e+00
1.310268764312299972e+01,1.899070900954457741e+01,-2.672318187517345223e+01,3.173227103469855237e+01,1.080550042671556099e+01,-3.100768083939521347e+01,1.945030364684218682e+01,1.205054689915690602e+01,-2.503136169716307080e+01,-4.923169928061030376e+00,-1.327340981793237873e+01,-2.743770864587370539e+01,-1.764805972726696481e+01
1.316927166823305662e+01,1.750383900503249635e+01,-3.688676484778471121e+01,1.508911255787065286e+01,-1.680592233971952787e+00,-4.260215662418750071e+01,5.656560444821192579e-01,-9.446688788196579145e-02,-2.576218442320437774e+01,-2.307894964320353282e+01,-4.106357167397690944e+01,-4.985173357262652871e+01,-3.530720720023575865e+01
1.297691257492627948e+01,1.704853164128844867e+01,-5.285496622657211985e-01,1.801232864831221292e+01,4.096835979902708758e+00,-2.092286489379252146e+01,1.355826564853011895e+00,1.162014958741617043e+01,-1.021180912642863348e+01,-1.999644988347154495e+01,-2.203805674006115112e+01,-1.852275517968287843e+01,-9.621569029698887832e+00
1.575556182724378296e+01,3.059513457672963455e+01,1.586107416277077320e+01,2.510319524631194099e+01,1.635287818338221300e+01,-3.385796592910089053e+00,5.234235398741331480e+00,4.842443500702074743e+00,-1.311559786342683331e+01,-1.797730098391534881e+01,-1.770076657137106224e+01,-2.120257778276014449e+01,-1.710690188932825961e+01
1.714156959970434357e+01,5.221314974600237946e+01,2.974463251591794144e+00,3.399190703308791939e+01,2.204707296328940913e+01,-4.226752392812719705e+01,1.139536531282370646e+01,-3.098078419113504012e+00,-2.334649163578480824e+01,2.712031993671608188e+00,-1.873088638422352048e+01,-1.347219533529137969e+01,-4.681536616610619816e+00
1.711690027341397169e+01,2.979543175984982994e+01,1.447502629095814797e+01,2.186079055725304698e+01,9.491643026668228345e+00,-1.439536844236352486e+01,-2.555191531036202779e+00,7.034508774144828891e+00,-9.698462243891640355e+00,-1.144640386890372064e+01,-1.219422694311327326e+00,-1.021528746433921775e+01,-1.847348392577458753e+01
1.714542739549445116e+01,2.549034728502915925e+01,-5.603881162452648113e+00,2.578226547499077270e+01,1.211140210371376114e+01,-3.371962273164485424e+01,-5.601216889110120084e-02,8.698334447152467064e+00,-2.377996985760296056e+01,-6.479286203496147145e+00,-3.071032657158679346e-01,-2.017226952531355977e+01,-1.123534360037194091e+01
1.705445904413231517e+01,3.251075793919236645e+01,-9.894218566941097137e+00,3.235818512084300380e+01,2.353576114647272277e+01,-4.304434887848910307e+01,-1.288069700937656492e+01,9.213969724547620643e+00,-6.512478656588513104e+00,3.410956033126014031e+00,-4.090743281386476360e-01,-4.348068600268593542e+00,-2.728281101510539930e+00
1.657664888760300315e+01,3.495000189321692119e+01,-2.645386103578217174e+01,3.466471050235790585e+01,1.797657665256731363e+01,-4.356248576861933941e+01,-1.830340937719501326e+01,-3.973476853918141760e+00,-9.249184149837111235e+00,4.645288916068661678e+00,-4.117456303065905487e+00,-8.437380688100327930e+00,-1.264852011965434109e+01
1.638497270712750264e+01,2.831422865091375485e+01,-1.923964923338284194e+01,3.523303335578370366e+01,1.574850229088481335e+01,-5.349047947360557487e+01,-3.798354273902592126e+01,-2.270081320046473650e+01,-1.122636456108495295e+01,1.204618304882103974e+00,-1.559763503042480792e+01,-1.159308673614263796e+01,-1.161689551590188962e+01
1.643884299211487132e+01,2.570367814091560987e+01,-1.103315895894139409e+01,1.994315512040640925e+01,1.945862486773640398e+01,-3.788514172048545703e+01,-3.564034090613441208e+01,-6.962939090458474034e+00,-9.993984111381266189e+00,-1.002220151114919311e+01,-8.257405980766574061e+00,-1.250106444374653591e+01,-9.002493316971646564e+00
1.648360000132351644e+01,2.152703978904271409e+01,-4.898188820037455926e+00,1.316468118722991854e+01,9.636665694438981689e+00,-2.992752542382615744e+01,-3.183498225014601246e+01,-1.038499291102462330e+01,-7.630834557575564503e+00,-8.572637242614483455e+00,-6.129524276723655518e+00,-1.079863900260327370e+01,-1.057705349925071303e+01
1.648192781599667356e+01,2.539987597056783031e+01,-3.828106726945605942e+00,1.357820857317536323e+01,1.018752749682786529e+01,-3.566951736018021535e+01,-4.213236880734889667e+01,-1.655705996603386865e+01,-1.263463578270099852e+01,-1.993590447233909657e+01,-1.337164067847380444e+01,-1.151336033884328813e+01,-1.939762590437106127e+01
1.567757551387922810e+01,4.212595567329313440e+01,-1.313059672847370862e+01,2.801545655491241504e+01,2.204230572498207863e+01,-2.213378109276463235e+01,1.383284722304078951e+00,-7.360056923925528238e+00,-1.701444053903101050e+01,-2.471962985000538016e+00,-1.472265926768185906e+01,-2.513102246939369877e+01,-1.417160878464049034e+01
1.589617871670602156e+01,2.559998929465243123e+01,-1.684461857239904248e+01,3.570489920947615303e+01,1.189863145029960911e+01,-4.285272757432302626e+01,2.838340404632543112e+00,5.050780877421313875e+00,-2.981799934075290182e+01,-2.167167748129837257e+00,8.448834480581867368e+00,-1.038557271812202920e+01,-1.192735231002916674e+00
1.570268107579097361e+01,3.080692325959473266e+01,-1.503404679619794670e+01,3.254695657407867060e+01,5.203607243890294498e+00,-4.514758797357711728e+01,2.956564031697672235e+00,2.502199598426665172e+00,-4.458848227940461584e+01,-2.229145707619905892e+01,-1.016780172192767573e+01,-2.790277363661058629e+01,-1.857293335734079420e+01
1.518957274545558711e+01,2.418807204894972784e+01,2.736684116166840486e+00,1.750781276575847301e+01,8.091685274075887335e+00,-1.997263588455557937e+01,-4.309501623862368014e+00,5.224101478235008145e+00,-1.840232733938022847e+01,-2.153078342462326589e+01,-1.027097166447188314e+01,-8.738616159795371985e+00,-1.288876641224752095e+00
1.469531563217995540e+01,2.107848875312049586e+01,8.501358738221644895e-01,1.754407037960555726e+01,8.425383986976324735e+00,-2.050293889707695882e+01,-4.247908861603926667e+00,1.011044898549134041e+00,-2.213002181575624761e+01,-1.179203942023544549e+01,-3.443520911888567348e-01,-1.782973122685426404e+01,-1.182610998565058225e+01
1.361132544583518289e+01,2.029869462620706955e+01,-1.414208614473543690e+01,3.671121782985100168e+01,2.718389046098450024e+01,-2.441750720235279459e+01,-8.636023774397157737e+00,5.223154967534766158e+00,-8.098868773264866761e+00,-7.853257906336890137e+00,-1.034291756400933870e+01,-2.220572290511581315e+01,-1.189381462951621415e+01
1.579753991105443411e+01,1.298589143246471522e+01,-3.274374779344444875e+01,2.645459939891005519e+01,5.756620267093662591e+00,-6.975048376959642837e+01,-3.325121577842521248e+01,2.545128646048829602e+00,-4.671976080939296061e+00,2.610183893190171300e+00,-2.186655271756277497e+00,3.423653096809269769e+00,1.795537026203026443e+01
1.399403874519612856e+01,2.309926764236887564e+01,-3.057324438172249259e+01,5.425581568303925906e+01,8.414669318141285714e+00,-6.681329460861333303e+01,-1.505700572107417035e+00,5.076141153266127581e+00,-4.026043200074396644e+00,-1.096330267004231018e+01,-1.324996912124713155e+01,-3.752892352759831240e+00,-1.245201094236898953e+01
1.178544241361563749e+01,2.088670305223818957e+01,-2.351799587997176388e+01,2.875842561946466702e+01,6.703711884640827456e+00,-4.519042996068944973e+01,2.475985286646229966e+00,1.918439926969653442e+01,1.163421239674883978e+01,1.544043348678752592e+00,-1.504417406218303377e+01,-1.020170179955697520e+01,-1.353411035890030156e+01
9.816671824900232934e+00,2.219524688649345379e+01,-1.291280599011995456e+01,1.928794385385935328e+01,9.162950223015267071e+00,-4.268350446716117830e+01,9.995495007598645287e+00,1.506165783794010871e+01,-1.248200288026092331e+01,-9.775499833389915239e+00,-2.385732889368971854e+01,-4.931605864085893742e+00,5.503797704084639086e+00
9.041032462953479509e+00,1.675014032957459875e+01,-1.920361679321999659e+01,1.016527711501492348e+01,8.493647618340427030e+00,-4.234054003528672894e+01,1.599497492414680089e+01,1.825169067515416899e+01,-1.513545067426247392e+01,-5.837544028295599041e+00,-1.291065089598566118e+01,-5.421175609814537388e+00,-1.430576225357430287e-01
8.548970889499528880e+00,1.078869065747878153e+01,-2.331002818083681660e+01,5.124673452872318791e+00,-3.248981692808166510e+00,-5.017093124846180530e+01,4.288467694523217411e+00,1.009551830608117307e+01,-4.216767490440147981e+00,3.984852523434947891e+00,-7.205634074435778025e-02,5.377873208579245556e+00,8.242597725008819154e+00
7.623052292654996620e+00,7.204899577781057829e+00,-2.238760868710944152e+01,-9.491155352562548941e+00,-5.909514977410559311e+00,-3.418598852449162706e+01,1.305863748209474373e+01,1.562771909242979085e+01,-2.015295545704788083e+00,1.550590068904236674e+01,7.723417866438728296e+00,8.880390019220332221e+00,1.281247034223955517e+01
7.722935544852719936e+00,6.462663777410034172e+00,-2.255963075637120596e+01,-1.386439742769276329e+01,-1.101485543815458534e+01,-4.023843200439806367e+01,1.120986046377561429e+01,1.566272538966280869e+01,-6.412484812709843496e+00,1.606607003698312752e+01,1.320294317002453077e+01,1.579493424203767038e+00,-2.222771028736232612e-01
7.495007149865757334e+00,5.518383720542543003e+00,-2.101503543472184887e+01,-1.572707453861578131e+01,-7.393840150018712976e+00,-2.674192416205579192e+01,1.097073744655943983e+01,1.822937179636848981e+01,-1.180189517282222944e+01,-6.502718609762531798e+00,8.326252952445706512e+00,1.366412091656874495e+01,1.487489754866467351e+01
9.409469578537658307e+00,5.680411882251467759e+00,-3.164575287000948123e+01,-1.187559648459010297e+00,-9.357965459095749949e+00,-5.078425183258189435e+01,2.851549142010974691e+01,2.599398990400450415e+01,-2.771289545933223053e+01,-1.609694939149362014e+00,1.963467837091732449e+01,1.917547303093425626e+01,2.611507112237790640e+00
1.535252151580263735e+01,3.914568885717994107e+00,-2.727579932523153872e+01,-1.459719961060473303e-01,-2.362412927774005666e+01,-4.439922788197124959e+01,1.496292442984873539e+01,2.424309605328634021e+01,-7.043069856630081560e+00,1.785564139091186320e+01,1.370548264355572421e+01,-2.900562157028863197e+01,-6.777578919290236037e+00
1.679876166325212239e+01,2.804484873771078313e+01,-5.447775318580882242e+01,1.987640297014986857e+01,-1.601914018764063030e+01,-6.099875698315130990e+01,2.570054764454945584e+01,4.336166449364819186e+01,1.241551638289420367e+01,1.168521347220724493e+01,-1.438147664229362732e+01,-9.367455003064886654e+00,1.342535665474397177e+01
1.570198372871507964e+01,2.334146779796475002e+01,-5.075117558178818911e+01,2.585964182201504480e-01,-1.865566436734017586e+01,-5.214823639803233846e+01,8.068962801792912032e+00,2.300356989128248486e+01,4.425103886683378285e+00,-5.207267594231482555e+00,-2.155492027912875841e+01,-2.152860096863836059e+00,1.536317885272444173e+01
1.726249290127539027e+01,2.741731909249399024e+01,-1.583937026850100338e+01,-4.101056638117059450e+00,-7.635981415058289201e+00,-2.453328196965597030e+01,2.657727291090677735e+00,5.154241114274027424e+00,-2.214114501573935634e+00,6.489077609360159649e+00,-4.448070148994824891e+00,8.046417546753046324e-01,1.325184071034721001e+01
1.860953372398146755e+01,2.260369047447577273e+01,-1.621004999389099410e+01,-8.337467042822646945e+00,-1.915222581834777316e+01,-2.608926443575172627e+01,3.347340628539469121e-01,-4.605104367167312418e+00,-7.930016455544923737e+00,1.640611193903979692e-01,-1.079715285185860196e+01,2.232533063311100907e+00,1.406665460970267745e+01
1.854971077637804555e+01,2.417357637654951930e+01,-2.196746677738411435e+01,-9.894087596584871136e+00,-2.059464713196818408e+01,-3.486459825548369196e+01,8.410742291344157628e-01,-1.384020190607094669e+01,-2.440131891781209816e+01,3.724444236566057942e+00,-8.213400304694964404e+00,-5.251949047835018369e+00,1.171869121281189408e+01
1.818255798357641595e+01,4.939218393033881682e+01,-3.729089885822181571e+01,3.039447082785795118e+00,-2.088938206996135083e+00,-4.854207540845068536e+01,8.448574162620774430e+00,-1.748034925604649814e+01,-1.942493919019097603e+01,1.023507488134412036e+01,-2.220274929712577716e+01,1.656514521596717060e+01,1.757556642210050057e+01
1.656148515755244688e+01,3.246563432952000028e+01,-1.976863101644573462e+01,-4.786046294253910593e-01,2.044647310374402949e+00,-2.019370370188433839e+01,-1.314846269424616132e+01,-1.115952414978982432e+01,-1.372394651783802288e+01,-1.311340164720492751e+01,-7.736568784009596911e+00,1.288940014642194143e+01,1.270861942937457911e+01
1.643355903850926225e+01,2.636506781761080731e+01,-4.584586528398052252e+00,2.075428291606197462e+01,2.089676627552548283e+01,-8.960310389536726206e+00,-1.586048270584328890e+01,-1.397231114745511782e+01,-6.972643067840686548e+00,-2.666041986598458990e+01,-4.021298698064415333e+01,-3.087712684184946710e+00,7.904882487162999460e+00
1.638460980303699444e+01,2.875180154423535583e+01,-2.300361215673817483e+01,2.453786606876308340e+01,2.104583900185006939e+01,-5.030172711802921803e+00,-7.898339387543011902e+00,-4.027810572366738739e+01,-2.833526928425709102e+01,-2.858226882756675380e+01,-6.083467337301455302e+01,-2.049521048873764073e+01,-4.419169742865107220e-01
1.613459872963024822e+01,3.004270646600066641e+01,-1.099862901623876432e+01,2.576686938006152161e+01,2.036041505045112388e+01,-2.712459344011291407e+01,-2.903997185763199695e+01,-2.493752635212998570e+01,-1.144673944281872302e+01,-2.664105929359603664e+01,-5.608693211529170242e+01,-1.212311763201763704e+01,1.543834194594876408e+01
1.604059178367132432e+01,3.037516944641999217e+01,-1.586065495572448292e+01,2.061531589699891143e+01,1.715134807140596962e+01,-3.104034143467346141e+01,-2.747865470028941814e+01,-7.094183909218397588e+00,3.364393149368777314e-01,-1.402710423256760208e+01,-2.896360673829499888e+01,-1.229713928270479428e+01,-6.779160086365020987e+00
1.727795064647295220e+01,3.269953982559416517e+01,-1.432419538248362834e+01,-2.809988705532150632e+00,2.836985663742333408e+00,-2.424800952809545862e+01,-1.654834396707213884e+01,-5.458673685873992376e+00,-1.238544632408927448e+01,-1.621197219633885922e+01,-5.482180960792140567e+00,1.900280521596656413e+01,1.622885680189919100e+01
1.738481567927887639e+01,5.189624941310201223e+01,-3.838660017120474066e+01,2.184838762609540463e+00,-9.493046707701402909e+00,-3.613626470643680477e+01,-4.607063347541499709e+00,-2.342573351264915615e+01,-2.750227559640269348e+01,3.019893492214822395e+00,-1.639133432092697618e+01,2.001603971047275365e+01,1.932909044504522100e+01
1.752602855619458566e+01,3.082766512924198210e+01,-1.579349087958541631e+01,-1.293311267826121380e+01,-1.312755614021992123e+01,-2.128744410861905223e+01,-4.958394418084281163e+00,-3.990727482561085893e+00,-1.039002092053343373e+00,-4.876330446976012700e-01,-1.304046121570254080e+01,7.205706925951488095e+00,1.622033633309339962e+01
1.737305232264148458e+01,3.046860332951563066e+01,-2.056038898263131287e+01,-9.383636437839205868e+00,-1.285166208196950421e+01,-1.471808474666562994e+01,7.064798148996056959e+00,-7.739922731007447432e+00,4.214251611321524926e+00,1.587764551279569147e+01,-1.200482502763317072e+01,7.843563344914643132e+00,2.287736451725146480e+01
1.764317822266112046e+01,2.752772729817021258e+01,-1.767209157903403494e+01,-1.613572775536606230e+01,-1.631734724946472781e+01,-1.318351634767876313e+01,1.328133453430369570e+01,2.856323961873404649e+00,-7.993242986178684006e+00,6.594070915912597641e+00,-1.990256968931332304e+00,-1.773009373530083366e+00,1.361319392010057783e+01
1.738120967228055491e+01,2.947377085557088350e+01,-1.699987723577658016e+01,-1.637144423055861253e+01,-1.857173310031360458e+01,-1.341930420403090274e+01,1.587491019912789980e+01,1.320604642333356171e+00,-9.782737913323078516e+00,3.062237011382252572e+00,-1.007563505090221234e+01,-1.761646099723796155e+00,1.604793953264046635e+01
1.595929039380973435e+01,4.177094343366271545e+01,-1.343952564220096590e+01,-6.992475980288436865e+00,-1.569057185937483823e+01,-2.283478163292634378e+01,1.919743183112519347e+01,6.377639501274555478e+00,-1.658576881160645611e+00,9.973050556734206040e+00,-2.430007769252236827e+01,-1.467822465085034267e+01,2.509154813648045135e+01
1.574834827570666285e+01,4.138160260237708599e+01,-1.550633850521555424e+01,2.360854149463810003e+00,1.877523980805741566e+00,-8.890905134075996585e+00,3.137562494484659936e+01,1.166071413486412567e+01,-1.430436525272582138e+01,-4.175153620254570264e+00,-3.939173926689609573e+01,-3.071137801348604413e+01,1.772582238992176329e+01
1.541006682583035925e+01,3.896205574128441640e+01,-5.824518701587597214e+00,5.970867257818079921e+00,5.680206544546909653e-01,-1.570308102258100291e+01,2.611725304420895455e+01,1.926738990461638323e+01,-1.123492794229721170e+01,-1.379423527928442539e+01,-3.415438089554584167e+01,-1.844843068029386757e+01,1.998363999976748673e+01
1.547485506929288057e+01,3.372598930054207500e+01,-6.361743925369680142e+00,5.550272218691068460e+00,9.032692327942848820e+00,-5.415380890228338906e+00,2.436486846917958715e+01,2.228434165941077794e+01,-1.055430430513696649e+01,-1.530904930436355649e+01,-3.535390155619003139e+01,-2.318039478001908549e+01,1.621452350205046500e+01
1.499055944890802650e+01,3.279207703555011477e+01,2.888071508918453656e+00,1.643488774491791915e+01,5.848304412809899322e-01,-8.597060609020237720e+00,3.129952704811173803e+01,1.593371487899917049e+01,-1.606936317177398976e+01,-6.277428310328732053e+00,-1.707162902002418647e+01,-2.373248852192935132e+01,1.945885854570593709e-01
1.508235834397715358e+01,3.357417229084776267e+01,-2.187644536401185835e+00,1.400800498714477982e+01,8.559395876663524305e+00,-3.443795665994355826e+00,2.818288138490145300e+01,1.158194292479472054e+01,-1.546381206018789456e+01,-5.614291669720289590e+00,-2.979714973808907530e+01,-2.680630456553670271e+01,1.165355019511097012e+01
1.485011630542762973e+01,2.201086840751917606e+01,4.621603286197409233e+00,1.031222475990387721e+01,8.350794025104362195e-01,4.042102734987774504e+00,2.374738463548683143e+01,4.030713411386648848e-01,-1.918850185764555505e+01,-5.525392367350133505e+00,-1.509306657378495053e+01,-1.874723529864474969e+01,4.236146127718813936e+00
1.455038723537807854e+01,2.909110948568952182e+01,3.566075718495758995e+00,1.373329873841435500e+01,6.991505207059519833e+00,5.442636680282946643e-02,2.689242321176040917e+01,3.868311476755359024e+00,-3.071102033787834884e+01,-1.312635674249344042e+01,-7.739279935883326189e+00,-8.074879394090562101e+00,1.211243017210994211e+01
1.444442783730403868e+01,3.012486734516139109e+01,6.480036980926705326e+00,1.105137992994832707e+01,5.909541412567583807e-01,-5.813127537958061586e-01,2.935546853168069958e+01,4.420397850769384185e+00,-2.546105728222878284e+01,-7.440478903876518224e+00,-2.036887730766703797e+01,-2.384210571366033449e+01,1.276896842460894455e+01
1.334323109273260677e+01,3.437390908150049285e+01,-2.280687946139526634e+00,1.535602100734270969e+01,8.641232088718368232e+00,-7.297180331404242715e+00,3.260678578768374791e+01,1.836545371755248368e+01,-2.340889307372055228e+01,-6.572288758479155391e+00,-1.381710291718846584e+01,-1.573965457230260867e+01,2.531966032192310934e+01
1.316904823233111976e+01,3.058683815241886350e+01,-8.457643174259967811e-01,1.001227566439284367e+01,1.365128624536241020e+01,3.776989148343115610e-01,2.016009919193427891e+01,1.779552640289111665e+01,-1.088384768396668889e+01,-9.612490422594150985e+00,-1.430455136684053485e+01,-6.502675181884802313e+00,2.119690013259155137e+01
1.240290002065717267e+01,3.550371146142948220e+01,-1.191439467719353296e+01,6.247366144992485992e+00,1.936493396737728290e+01,-5.485817189420695072e+00,3.086494227515412803e+01,2.292420989528091013e+01,-1.440431082702241739e+01,-1.667476339751724268e+01,-2.299656960498194636e+01,-5.097522504814604005e+00,2.439057029764918383e+01
1.116003154167029621e+01,3.251180853689982087e+01,-1.218880967997534270e+01,4.612019833346884257e-01,2.334945151718229894e+01,-1.105210344378810383e+01,2.421557461951242374e+01,2.453514892869939601e+01,-1.274570178186539771e+01,-1.975049290198126783e+01,-3.215569250782949950e+01,-8.278440704614634882e+00,1.715710714998605724e+01
1.051300931488632706e+01,1.777536888616893052e+01,-1.234370158142561458e+01,4.266848119148393792e+00,8.690357583705159428e+00,-1.347183067484597707e+01,8.815918842631612407e+00,2.187126707922476143e+01,-5.093330681774321356e+00,-3.310217859675427121e+01,-3.077716810735564934e+01,1.354630064353298247e+00,2.065256213797432139e+01
9.619329446803664752e+00,2.195771792634391062e+01,-1.489455252234702520e+01,4.459433840928102022e+00,3.334485816010608517e+01,-6.265468416595375345e+00,6.503321692245741303e+00,1.757506469427943330e+01,-9.718483404730529074e+00,-1.423702621385028344e+01,-1.590087563946508453e+01,-2.857459999229192249e+00,9.868731078205685847e+00
8.886278432404598249e+00,1.779024708707288482e+01,-1.449872819912552302e+01,-3.837028267986378749e-01,1.235554964988503457e+01,-2.340436681546967179e+01,-7.346937136963081372e+00,5.639676960799698158e+00,-8.323575167884316173e+00,-2.153751298885279297e+01,-2.344101452815123565e+01,-3.178801057118145312e+00,1.166600925874398342e+01
7.665584255327460461e+00,1.076950623323304157e+01,-1.491653017663707281e+01,-2.495892016798179736e+00,7.523702814615854884e+00,-2.096784136731355375e+01,-2.620503768925400490e+00,8.364033745048246260e+00,-9.546046279995502815e+00,-1.487168039434418354e+01,-7.347062280341631890e+00,2.128335767228898057e+00,5.674323302300018135e+00
7.584117689592235756e+00,8.941764151734696853e+00,-1.267921261446006476e+01,6.148895224088302136e+00,1.548560174273537093e+01,-9.705167841607815760e+00,-9.330450344169387289e-02,-5.439207720475330632e+00,-2.445138459512525841e+01,-1.570533946267930858e+01,-1.651837465906163160e+01,-5.944444468841281193e+00,6.147632457586833077e+00
7.327028720068877732e+00,3.850051565819025523e+00,-1.654904304371725843e+01,6.162185523440622426e+00,2.199146685077406005e+01,-1.538568789791855806e+01,-6.234055182720735999e+00,7.295748913089862286e-01,-1.911577891130509954e+01,-2.038860329390253057e+01,-1.182247078213956470e+01,-1.378525638231901995e+00,-1.513692690744327773e+00
6.692732696844453599e+00,3.598298984826574731e+00,-1.765253762545359706e+01,-1.121304765434128159e+00,6.876388892445171486e+00,-2.636791371618771862e+01,-3.306816905752193669e+00,-6.521860091937130122e+00,-1.618926875921809838e+01,-5.944193957926180438e+00,-7.341406321265002255e+00,-1.002399084887531799e+01,5.824534267962000467e-01
6.682950572590442562e+00,-1.195117614574262133e+00,-2.113298885115150938e+01,-2.881261813643017256e+00,6.186668095812682289e+00,-1.578004418698408884e+01,1.121074146158964169e+01,8.058460153008930149e+00,-1.386746463801531704e+01,-6.311986195594189830e+00,-1.163972623760884240e+01,-5.629582296655005536e+00,1.775773078815009143e+01
6.625598289329986734e+00,1.852940337976468399e+00,-1.340342120522731584e+01,6.634348957050085538e+00,1.597883475177868284e+01,-2.120829340880922587e+01,-5.398263128857987425e+00,1.228334880977614230e+00,-1.068883045084558425e+01,9.860525477191342536e-02,-6.340190878257075724e+00,-1.053993464458577733e+01,8.692485135978525790e+00
6.321012027191429183e+00,1.687552156528003902e-02,-1.271048338436596659e+01,3.709971730812051671e+00,1.489650331360171975e+01,-1.221710949309019867e+01,5.871666656318503819e+00,1.780115523125976296e+01,2.051661121498496332e+00,7.063716902410663856e+00,-1.643728831822074132e-01,-2.450955949933054967e+01,-9.318834240096069976e+00
6.257569123085427343e+00,-2.541993986916814219e+00,-1.572220075092491243e+01,-1.362457962488172747e+00,8.976627786597438430e+00,-1.856966324487078168e+01,-2.024695147369586223e+00,6.342106466779013907e+00,2.999363875284087211e+00,2.366411273392925452e+01,2.690476672915774525e+00,-2.356767352877366761e+01,-1.054101490345203374e+01
6.544328290145914551e+00,-2.604328574733044466e+00,-1.618994482414225189e+01,-5.438059870496960713e+00,-1.835715885202928277e+00,-2.553952152574337120e+01,-1.117030650617890419e+00,9.680898384095627307e+00,9.103682001416101954e+00,2.465509853670889839e+01,7.079782549011066628e+00,-1.635968824026528878e+01,-9.113092380999441744e+00
6.900909258525484091e+00,-3.548822906851128334e+00,-1.791390543239484856e+01,-4.225034161085427620e+00,-1.053017703264500682e+01,-2.925706981968303566e+01,3.317834201423484064e+00,2.448207299091389189e+01,1.455446544585720403e+01,1.849900057302443912e+01,-2.876941565304446780e+00,-2.146016111809005977e+01,-8.207205839654676538e+00
7.178655935150849210e+00,-5.933190869028810432e+00,-2.626427567247766603e+01,-1.710680806748199245e+01,-2.141793871736614108e+01,-3.902267127777902544e+01,2.439137241453645188e+00,1.016926369063425817e+01,-8.982351174782198910e+00,-1.218390879419336770e+00,-2.655276714954322870e+01,-3.657635909432640631e+01,-8.509473313302104103e+00
7.242345388649260585e+00,-4.927470258030114181e+00,-2.697470839574018697e+01,-1.567419976144891614e+01,-1.679175801332883111e+01,-3.316719718300162612e+01,1.200554295594129606e+01,2.101456778442332052e+01,7.707228913974568663e+00,1.787213850013258210e+01,-1.659767759687100153e+01,-3.502535028037874554e+01,-1.194492434240751599e+01
7.356737465232878748e+00,-2.532418597466357557e+00,-2.259712769363200380e+01,-1.059326855211238794e+01,-1.823067027668520268e+01,-3.068686903447508740e+01,1.887707804398081990e+01,2.559851336864146276e+01,4.543910712837956112e+00,1.069139476357305618e+01,-1.434236887439570474e+01,-2.711669208901424000e+01,-6.951544412820469532e+00
7.234337429411440645e+00,-4.494227444520719317e+00,-2.531031485587111618e+01,-7.007171552314659380e+00,-1.445729514514462366e+01,-3.657618585176077630e+01,1.358000778260859498e+01,1.572295012045037232e+01,-6.469210040268229989e+00,6.620457952874573060e+00,-1.120892592995982717e+01,-2.545384401459645929e+01,2.459664603855112874e-01
7.075433192791462211e+00,-8.458866870424312623e+00,-2.326697790244100617e+01,1.783909004799066889e+00,-1.010788612593896296e+01,-3.600022835983721592e+01,8.138629492034285207e+00,7.945130297018062393e+00,-9.722543142463731414e+00,1.495540609535278520e+01,-1.882509410223198643e+01,-2.674909100801043849e+01,6.623450295341074545e-01
6.771644173588437177e+00,-1.091350493808172750e+01,-3.009908036745393645e+01,-1.220678298756379299e+01,-1.579842117215691211e+01,-3.753822052946375720e+01,8.582857789854068997e+00,1.314229579632505640e+01,-6.195906435591981953e+00,5.819960848444361012e+00,-2.321514413276839051e+01,-2.616450394797328372e+01,-9.956700901916631929e-02
6.639161518817409124e+00,-9.930617700421318972e+00,-2.952799829657965347e+01,-9.317433556442052733e+00,-8.081962489476687495e+00,-3.409526479762401152e+01,1.034090760791296404e+01,1.375902205471756012e+01,-8.092620316030215477e+00,1.917426990961292432e+01,1.519270796070134155e+00,-1.084286943583637708e+01,3.665514656108783242e+00
6.551450037342408272e+00,-8.811673638398271891e+00,-2.832839010547488456e+01,-8.055884579657258016e+00,-3.616370204892150664e+00,-3.487942143424141506e+01,4.782732024313615327e+00,-1.270319411096170192e+00,-1.669079461385568308e+01,1.814241696759175015e+00,-7.146033236587194359e+00,-2.191174323836906979e+01,-5.021624704267354522e-01
6.299296110878816357e+00,-8.465087228544861730e+00,-2.201175757339214911e+01,-1.920479620949699484e+00,-1.345873178710352835e-01,-3.133081996686900794e+01,7.015531556852510064e+00,8.412649041656115045e+00,-1.408400320456934018e+01,6.925704435084360178e+00,-3.073831706039166445e+00,-1.263569624616578935e+01,-6.973909355033761637e-01
6.047539779140667981e+00,-8.198604902701971398e+00,-2.139188240584996947e+01,-1.018974096644470473e+00,2.356383284160838087e+00,-2.192485530791691417e+01,-4.186431254704721105e+00,1.379872558567969865e+00,-1.242685060127648100e+01,4.433457134649686715e+00,-7.691167694689200474e+00,-2.255729129396806343e+01,-7.033744312513584340e+00
6.179527316167008344e+00,-8.997155997161659258e+00,-2.432145316407127211e+01,-5.214208233497374501e+00,2.204951672827466069e+00,-2.176898486863362336e+01,1.108359976181031881e+00,1.356763492932815218e+01,2.671791200122922927e+00,1.202892839363936162e+01,2.976774685173110946e+00,-8.436064304745844566e+00,2.887008602362922005e+00
6.007984491145274220e+00,-8.134552162220684224e+00,-1.868293686343821847e+01,-2.407847437171328486e-01,7.794442250880684320e-01,-2.327877553461789972e+01,2.789054405345630538e+00,9.379467158841238827e+00,-4.141551981385146242e+00,1.033836471635822107e+01,5.907722988133614628e-01,-1.084518510756721099e+01,2.966967083019816709e+00
5.930104118916335487e+00,-1.035999688307540190e+01,-2.023199119643825483e+01,-3.935715963651040816e-01,2.809983882002191180e+00,-2.110477010595171521e+01,5.272356615895508192e+00,9.465196968118560150e+00,-4.570110433342029488e+00,6.529518213827066653e+00,-3.044634143269305815e-01,-1.695787839777295636e+00,3.937409069525131144e+00
6.034135413598128217e+00,-1.071076922789981722e+01,-2.279816523274772777e+01,-7.150850477294079965e+00,-4.303990430958174462e-01,-2.137045731941999804e+01,7.456039941481714672e-01,5.884982975414841277e+00,-6.891959968739993947e+00,1.640143366914147904e+01,7.273486709113144322e+00,-1.235546555653490941e+01,7.555863342833535334e-01
6.288773173214500467e+00,-8.849072848226127164e+00,-2.277073379120479757e+01,-4.832650630677258974e+00,-3.964612592532704038e+00,-2.804608964711519548e+01,-3.956756646708194936e+00,-8.667396789601522045e+00,-2.490769364690798326e+01,6.307852700683632463e+00,-5.466286208140154201e+00,-1.908883506120187690e+01,-3.486916860379852601e+00
6.386100105000647176e+00,-9.850703328311571028e+00,-2.466164546774161082e+01,-4.023630740745677947e+00,-6.818599053814618394e+00,-3.244546522727764426e+01,-1.362666127364141744e+01,-1.459882228194494580e+01,-2.154891867646076520e+01,1.813146111537383032e+00,-3.204299689123645045e+00,-1.358249411244421800e+01,-1.202996400297537782e+01
6.254483386957716995e+00,-8.705356475268303029e+00,-2.378864878588784393e+01,-3.750149578182407684e+00,1.064149401439623110e+00,-3.096934190132355980e+01,-1.391624949390217481e+01,-1.253886829841131778e+01,-1.875686195137838297e+01,1.000424813960263393e+01,4.270555726249677164e+00,-5.755245786058944546e+00,6.995176311555899140e+00
6.120359094590178017e+00,-8.319879420400141612e+00,-2.041786246072836875e+01,-1.233131432291902696e+00,2.611960189939740662e+00,-2.486349814909717537e+01,-1.502251539347330134e+00,-1.771774016975549770e+01,-2.723372024441970396e+01,7.552691829661659639e+00,-2.976544207340537707e+00,-2.661084805442521795e+00,1.043446937827756393e+01
6.284675631316163802e+00,-7.076812714869323173e+00,-2.045195057586445841e+01,-7.827036232407301730e-01,3.013975510015133530e+00,-2.651027498690116957e+01,-6.469925671741835416e+00,-3.039716634053063249e+00,-1.601588381335082190e+01,7.273712208656968770e+00,6.940497447895137562e+00,-9.622569072017711278e+00,2.065700039050406556e+00
6.348096407061972535e+00,-7.998759593252278144e+00,-1.790363878859019309e+01,5.307336220260536308e+00,5.289739213531071016e+00,-2.091373228209148039e+01,3.863329071807378501e+00,-6.574292342612151341e-01,-1.766125722360135342e+01,8.195985152985141298e+00,-3.270049666271367172e+00,-1.253664271534077201e+01,1.514613957967266167e+01
6.490495803540111908e+00,-9.883196045665657792e+00,-2.082925324213480067e+01,3.372282181451554894e+00,1.013188914670165364e+00,-2.511579397673141045e+01,-2.888333914649203749e+00,-1.079590267459001574e+01,-2.816284446868154490e+01,-1.073811225465771901e+00,-1.387838779261162081e+01,-1.924111385685721842e+01,7.997643332294389396e+00
6.376663246092924453e+00,-1.170988887219724361e+01,-2.807742733853025996e+01,-8.693261229735529838e+00,-3.260214330509850988e+00,-3.128957782771450979e+01,-8.703252659188951412e+00,-1.348920522089526841e+01,-2.872094052673290676e+01,-6.490317837928464506e+00,-1.607231550365348838e+01,-1.069180625267506102e+01,8.748082285271747693e+00
6.455333670233312837e+00,-8.063242420136228716e+00,-2.210375494557623810e+01,4.519315580031814661e-01,3.758290612016905730e+00,-2.450450941069604482e+01,-2.950730944695897140e+00,-4.070172287790571275e+00,-1.825459492784822757e+01,5.045937411925717875e+00,-4.490542829575058903e+00,-1.447879979143763407e+01,9.725205006896530335e+00
6.196920882923283358e+00,-1.248380937539081259e+01,-2.628531262516203171e+01,-6.700076795627036397e+00,-1.284547992597424804e+00,-3.363190892769015505e+01,-1.278087334558335364e+01,-7.750744561889231221e+00,-1.339254409951594127e+01,4.100191193982500870e+00,1.180131353212950041e+00,-1.040122000814731784e+01,5.879823235201981468e+00
5.959170588270736424e+00,-1.020079242511634732e+01,-2.188414469801224627e+01,-2.872018154337365292e+00,4.270993771005935358e+00,-2.713826220297072567e+01,1.371169959749660050e+00,5.743589605704019441e+00,-1.033509555810122116e+01,1.256447550880337793e+01,9.964458787319504296e+00,6.598695353723993406e-01,1.356958036331928419e+01
6.047736358532354473e+00,-1.123436046558620305e+01,-2.406307775584403075e+01,-7.819852000859160768e+00,-3.378151931664664875e+00,-3.088532945502574378e+01,-7.563000208525629375e+00,-7.338927096838697040e+00,-1.620739429358688355e+01,4.215008098829008176e+00,4.944152083837780154e+00,-4.765730039572019905e+00,6.136889048196675134e+00
5.912745126142609386e+00,-9.558674165659146738e+00,-2.465273026971474124e+01,-1.183337209889435471e+01,-5.261454463930847147e+00,-2.664695160061178214e+01,-4.579290938100848862e+00,-1.658776615179634595e+00,-1.487639033374608211e+01,-9.083599401864779210e-01,8.814534493753923172e+00,-9.202468163830211267e+00,1.023736249155565758e+01
6.109673079901229542e+00,-1.090047242079213419e+01,-2.700236698270650848e+01,-1.051528885958440007e+01,3.682040954892499052e+00,-1.549246946811568115e+01,1.029380927929090417e+00,-2.616953185003894067e+00,-1.693418512832180767e+01,6.109860889139206108e+00,4.299042606775590691e+00,-2.971548755646529205e-01,6.433593752551210798e+00
6.211511842778556058e+00,-8.999378094620292146e+00,-2.534458904901871179e+01,-7.431863250678739874e+00,8.171503780421025098e+00,-8.572820252888199377e+00,1.490445374700703951e+01,1.507724959656370700e+01,1.167194593712682860e+00,1.158462856960112930e+01,1.164919265807696824e+01,8.687666402746214711e-01,1.405011476585255537e+01
6.135274413713966979e+00,-8.272346851594315709e+00,-2.133487834445323017e+01,7.914978113692931749e-02,1.134079009683393657e+01,-2.284120484199160828e+01,-1.581290620961323778e+00,-4.361878708827953699e-01,-1.676487407329687329e+01,4.790007503771382957e+00,-4.742827682100144715e-01,-1.099742424116574391e+01,-5.699019970579254135e+00
5.881935749558651949e+00,-8.104636464604210389e+00,-1.887142087661426260e+01,-4.050942348764875689e+00,8.744427238325968688e+00,-2.239592191508747732e+01,-4.696084536433867918e+00,1.069773056924792698e+01,-3.282838493122804735e+00,5.131188409659467986e+00,-7.462325398377369634e-01,-1.626610999622236875e+01,-2.561991193606309114e+00
5.801284328874857898e+00,-6.953549459237404307e+00,-1.568902126390468865e+01,-2.841677399317881658e+00,1.690012052484002103e+00,-2.268708846893240860e+01,3.622273682903295100e+00,1.309355690802071237e+01,-3.537629783589645083e+00,3.205298090332690197e+00,7.284370403638989799e+00,-1.277364300507383144e+00,-4.057399201265603494e+00
5.857196982906002880e+00,-1.056326425871815999e+01,-2.404506808130728501e+01,-1.188532703812507840e+01,-2.079033950942094311e+00,-1.974178388769513148e+01,7.496866999893397221e+00,6.016477132091043956e+00,-1.416097154656366897e+01,2.987618492158076844e+00,2.179709867610545027e-01,-1.026456970774098920e+01,-1.057963042048064217e+01
5.977996677632200218e+00,-5.551127902418498294e+00,-1.967580687956179375e+01,-6.699239443878469480e+00,-2.192589946047747596e+00,-2.215090643355416589e+01,-4.038901892920477854e-01,1.280129135268097862e+01,4.380463526815149833e-01,7.943287585941631868e+00,2.596975629634934446e-02,1.117952255078833446e+00,5.819895143329441467e+00
6.159921609577271084e+00,-7.518017659812197273e+00,-2.478366892703062518e+01,-1.727306013810139973e+01,-1.002986746738834611e+01,-3.556317293912962185e+01,-1.165580682957444481e+01,5.430990853505496929e+00,-7.234382068301894897e+00,-7.000401469020505196e+00,-7.549135183313486763e+00,-9.448650918082897476e+00,2.831289461597521928e+00
6.416239946388910376e+00,-7.366077202258878742e+00,-2.591908126873873286e+01,-1.954658018582139789e+01,-8.794853392453598318e+00,-1.565431929238388697e+01,1.574508918945603853e+01,2.664608493812172796e+01,8.320681530352940669e+00,-4.240317315099032314e+00,-1.589840841457251663e+01,-2.056275168538449805e+01,-7.879355739114369150e+00
6.301903646196843845e+00,-6.610861439234112069e+00,-2.344818608301260454e+01,-1.644972528397623535e+01,-6.992338248086292118e+00,-2.368350292040866734e+01,1.997768233161830498e+00,2.098350584297826771e+01,8.206783774949061083e+00,1.047445363581674016e+01,-2.854681141236253605e+00,-1.108080542877852004e+01,-3.126178494224579385e+00
1.108998124410698161e+01,1.242891504828718396e+01,-5.877839532981817605e+00,4.870746540644319555e-01,1.202081399372828763e+01,7.871817021496163136e+00,-4.213571658073963278e+00,-1.165206096989365570e+01,-2.450096737776851441e+00,1.174529295045716104e+01,1.051898290476833964e+01,-2.196625674971850906e+00,-2.806553896298843220e+00
1.434008223201924004e+01,3.063175677486268000e+01,6.820064535636816139e+00,4.267155253747443311e+00,1.373167845340304360e+01,2.018771425976742862e+01,1.424506165128015844e+01,-1.238558333552822327e-01,6.426003873474417816e+00,1.175658003381013117e+01,-6.924526423883057280e-01,-6.525849222461242327e+00,8.065985814791462261e+00
1.302436244255933318e+01,2.639643273653589617e+01,1.114179893945530786e+01,1.030582614597878077e+01,8.980982287318923341e+00,8.513789975054843140e+00,2.070865638680058396e+01,1.546206389849553631e+01,9.823060223759576104e+00,1.477557911850560401e+01,7.148437266259787037e+00,-1.792969281640976575e+00,3.253309977060320435e+00
1.042119340098924773e+01,2.372859955441537849e+01,5.327912920439566768e+00,3.015098291215455806e+00,3.364408857745780690e+00,-6.569194616617090254e+00,1.678771127471354419e+01,1.154983105132567367e+01,1.046716857463650285e+01,1.978958924649090534e+01,-4.863480668164122278e+00,-2.047500620640350633e+01,-4.399528445475483274e+00
8.235696432547024770e+00,1.627916351147917595e+01,-5.196202343268805812e+00,2.683136128121427433e+00,5.198518603015036987e+00,-1.147294867716500910e+01,1.604515572205292884e+01,2.251417667904571474e+01,6.148359134588493591e-01,3.325848356865052313e+00,-1.618883956778350353e+01,-3.307289120997154441e+01,-6.868471381257272412e+00
8.136893531159779869e+00,1.396158243891551365e+01,-5.892854223481796438e+00,2.355989158213986023e+00,9.713753036006302466e+00,-1.312908772262127677e+01,2.152194275813517166e+01,2.707983996258791493e+01,3.928249162219922930e+00,4.478336120624437200e+00,-2.306955091465995267e+01,-4.050622634091781293e+01,-1.728857584612258336e+01
7.925578996874778959e+00,1.140724758123783467e+01,-6.833569646247548590e+00,7.911364366903829159e-01,4.206411785729029518e+00,-2.120675178534875016e+01,2.112444188678188084e+01,2.204882484712869228e+01,5.943813664870359226e+00,4.803938509820646630e+00,-2.817102603625818702e+01,-4.454833720493117255e+01,-1.643378943274226245e+01
7.474904740613910192e+00,8.926212016839235375e+00,-1.134418894317888693e+01,-7.477056931584976418e+00,-4.779914613763904252e-01,-1.828769647691095912e+01,1.606142708213977954e+01,2.156327880715040024e+01,3.071504651970005106e+00,1.047873604240630208e+01,-4.289190620321362779e+00,-1.922129380179728031e+01,6.953328089094498843e+00
7.113863493302353014e+00,5.605989929574763053e+00,-1.116624267425944694e+01,-5.130914211564270744e+00,2.709126530537440125e+00,-1.058164828708208027e+01,1.154758338420407426e+01,2.301128880453192593e+01,-3.129340463027830754e+00,-1.105041074249051070e+00,-9.504895872691092151e+00,-2.405909125510560287e+01,5.467406805768561640e+00
6.719693918329229909e+00,4.976570137495873070e+00,-1.247467707798546321e+01,-3.608747537984543730e+00,1.031384999888892295e+01,-1.045474733978232784e+01,1.984442110129998582e+01,2.162104916763237838e+01,2.711831603871076801e+00,-3.586462888886214451e+00,-1.948763206361384093e+01,-2.715370802993867372e+01,-4.670707620688532735e+00
6.391365928357441106e+00,-4.078870348100756549e-01,-1.945275606698187687e+01,-8.577863903077119545e+00,3.069701584335017053e+00,-2.376852118035663253e+01,1.436334139412212174e+01,1.582474163684252666e+01,3.850130956429533402e+00,6.961526316457519847e+00,-8.411994386543529600e+00,-1.645688479768536183e+01,-4.398778758479473971e+00
5.942025041717828415e+00,-2.433845528282110759e+00,-1.303255483821256888e+01,-1.997167295712537483e+00,6.564393036759541111e+00,-1.522558218505708361e+01,1.770357044727682094e+01,2.580839442124739591e+01,-5.138611436360891460e+00,2.821709599763491116e+00,-7.772324190936205746e+00,-2.086546093177885552e+01,-1.512253055289980996e-01
5.969698824434706452e+00,-4.437967984364782126e+00,-1.762499096446672198e+01,-6.739716668472251371e+00,-7.463586528945387322e-01,-1.902531008737400242e+01,6.108926141791501507e+00,1.362785242317940160e+01,-4.554964145422419008e+00,1.292044457349141773e+01,-8.283025269112949118e+00,-2.467165152259756766e+01,-1.135371148772805405e+01
6.003408990847836968e+00,-5.425375992124054747e+00,-1.868693515628932644e+01,-3.306801240199647385e+00,3.747548156443755385e+00,-2.100863629154587287e+01,4.684585406148602083e+00,1.169823888244984111e+01,-1.242619407348323213e+00,5.660065345796337688e+00,7.070786735882948371e+00,-7.158897528141469735e+00,-2.317407268675407916e+00
6.038433703430145627e+00,-7.040582204185399817e+00,-2.358252466808153613e+01,-4.402314065559743028e+00,3.420740668645393612e+00,-2.895418046256491351e+01,-3.104255642535632909e+00,1.500944390684661178e-01,-7.971764896019224445e+00,6.327401738694260480e+00,-1.152251849293316921e+00,-2.518447847117687211e+00,2.573009385342746480e+00
6.218538206825217074e+00,-7.043078751176434338e+00,-2.229831356165913903e+01,-5.205099518646641776e+00,5.755517345170730437e+00,-2.422901015072461561e+01,-1.770104871490878473e+00,1.682308839904944398e+00,-1.788960657754670436e+01,4.756279860119054237e-01,5.982463263502387107e+00,-2.773813031516849215e+00,4.279033302702802466e+00
6.182409761131930637e+00,-7.737860630049087085e+00,-2.246508941987224972e+01,-2.093650244359426260e-01,1.067610945763748909e+01,-1.591545989149569884e+01,8.223218181772113056e+00,1.431972691699055389e+01,1.973792555695762785e-01,8.713024710248353344e+00,2.182452174100044662e+00,-1.034407167029269381e+01,3.599441760824168224e+00
5.962008919812274321e+00,-8.781006629585185408e+00,-2.036475329463875283e+01,2.219992904509522358e+00,1.364935156944410544e+01,-1.324574739997666661e+01,9.463169668122594302e+00,1.174145136268655598e+01,-6.094169657075972246e+00,-1.391622136964268397e-01,-6.805652170685139168e+00,5.036064391555279407e+00,1.456982382840777746e+01
5.652466847919504822e+00,-8.339380795826606629e+00,-1.588069297692750581e+01,-1.890029845306456568e+00,4.468071816662254392e+00,-1.352576725390434653e+01,3.642926058203819650e+00,7.850715963848053924e+00,-2.454783561707758910e+00,8.041071068024161050e+00,-2.595912799645233804e+00,-8.651181950577917945e+00,6.188169746003829852e-01
5.904760731836284471e+00,-5.350030551507563459e+00,-1.599415932556555120e+01,-1.324402433549747515e+00,4.159981660880691934e-02,-1.906619392645202282e+01,6.754605012366868166e+00,5.351894209426446558e+00,-8.899258782089853881e+00,8.166474047402122238e+00,1.240057632090393902e+01,-1.007519878136210689e+00,-4.401672948056052803e+00
5.796459596425113325e+00,-6.128230760114605324e+00,-1.526055994504011082e+01,2.088977601331441836e+00,4.868137954406411616e+00,-1.951424944960017172e+01,-3.080676675850252622e+00,7.725227446554433719e+00,-1.738226194319588247e+00,1.051377075530449190e+01,5.247685124128577350e+00,-8.865782266815568136e+00,6.384377807793637061e+00
5.899358760900536680e+00,-7.750057031111698080e+00,-1.712978447073261989e+01,1.004326239093647377e+00,1.082013154211640504e+01,-2.244652133428476759e+01,-4.238191943113149840e+00,4.075034215212547828e+00,-6.481811254992734916e+00,7.533229936537313876e+00,-3.372660662753056204e+00,-6.990267275964280991e+00,9.642345223316851843e+00
5.929640933625385912e+00,-6.583279218553554912e+00,-1.796861838316235094e+01,-1.822524135123139821e+00,-9.762524545389692499e-01,-3.014221745788943352e+01,-7.372417559272413712e+00,7.315611079088691904e-01,-3.355046153471597403e+00,8.721126506808762002e+00,2.058990304993513654e+00,3.773294982085483529e+00,9.095095345523468211e+00
5.929330707405107148e+00,-1.026349377780806016e+01,-1.861902438452271014e+01,-1.390444016236009217e+00,-1.314874400973581547e+00,-3.237365258321194972e+01,-4.422988278574512044e+00,3.962075238763789642e+00,-9.224624292057633568e+00,4.886781460934948029e+00,5.219404698848229884e+00,3.473030670452264435e+00,8.361791828196146525e+00
5.926320097120097330e+00,-7.877385139263532565e+00,-2.017260618978091813e+01,-7.688757587584066577e+00,-7.452071713930779495e+00,-2.434482390034819588e+01,8.996237493463502544e-01,2.284766255369306887e+00,-7.539356297383458028e+00,1.200323888902452651e+01,1.086275469473118349e+01,2.869429965442013231e+00,1.026156416628727008e+01
5.917448982192992979e+00,-7.535692000361899012e+00,-1.895528764432978974e+01,-7.451474917663466258e+00,3.965456095759281929e+00,-1.956792350909824663e+01,-5.940390238507262666e-01,7.553139600976797929e+00,-6.195430584817898989e+00,1.342301952531745712e+01,1.697527394439039128e+01,2.032101705507988854e+00,4.923139078024456161e+00
6.063261707313305493e+00,-7.231161560427615598e+00,-2.024011516206470773e+01,-3.971305700345586942e+00,7.744912505629621080e+00,-2.081962631663318319e+01,-1.530368970551300167e+00,4.874031391329024743e+00,-7.694321296653136244e+00,8.009667545708378356e+00,-1.039478240781981144e+00,-1.183745222735954350e+01,2.129561205650141453e-01
5.842800743835853794e+00,-5.277823954848402721e+00,-1.545391322855985017e+01,4.382112540401945644e+00,1.033628820085911570e+01,-1.032004665261240817e+01,4.480603304974411394e+00,-2.365845809882206385e+00,-6.527087348464313266e+00,7.592746905028019633e+00,4.857301596917810826e+00,-2.618959795453041473e+00,-6.157020224936738728e+00
5.988109358835618679e+00,-8.893429836202521699e+00,-2.633563111816773628e+01,-9.311626631714922553e+00,4.878138147905400679e+00,-2.337379304753449105e+01,-9.326111709159394803e-01,-3.527545757523240955e+00,-1.786415901624586056e+01,-1.288331225466942953e-01,-3.227156286899609317e+00,-4.292025926103679723e+00,1.013056648738370313e+01
6.038371056337393128e+00,-6.330177077658467155e+00,-2.098996288333214721e+01,-5.724001879699747164e+00,6.709070247765441586e+00,-2.533961887827831916e+01,2.758992095387623689e+00,2.476116776055814483e+00,-1.106244163185865226e+01,1.815606843130382453e+00,1.226771192354660478e+00,-6.922272269748642515e+00,-7.678052206447228967e-01
6.083146385746040608e+00,-1.313587749628872992e+01,-2.126633175255760833e+01,1.940834706887485606e+00,1.011150000178925756e+00,-2.743050191847063957e+01,-9.094503399427919632e+00,1.338228348957386071e+00,-1.663692745613721868e+01,7.487539720472539351e+00,8.333489209332578085e+00,4.331160299829761584e+00,1.710253745232684253e+01
5.979788128613689580e+00,-1.022739758836841872e+01,-2.061874423832830061e+01,-8.805125837324562221e-01,1.206053549702170358e+01,-1.408383269296305684e+01,3.943659333129548639e+00,5.813332695436448816e+00,-1.373760157890017908e+01,9.279448177968513178e+00,-2.300314264274395004e+00,-9.720925415204280995e+00,9.050260360710677077e+00
5.877418121474503820e+00,-1.058429454287056082e+01,-2.386503576664261317e+01,-7.445831679447489471e+00,-3.115527942472575140e-01,-2.642427709294234006e+01,-5.203951273301863800e+00,-1.932229928802617014e+00,-9.728936556956499615e+00,6.505968818345944094e+00,-2.919762618942733035e+00,-5.634521919797617073e+00,7.531800136661503053e+00
5.572419063593759603e+00,-1.151909477815616967e+01,-2.020811848205580574e+01,-6.358807991862864384e+00,-1.516883269927761013e+00,-2.251196961786138573e+01,-9.733454604898069462e+00,-1.021833597798080184e+01,-1.982316192620261219e+01,4.879545041560306551e+00,1.029166966578896591e+01,9.888138285376324887e+00,1.862547210421210053e+01
5.777832688631534985e+00,-6.543276767856101905e+00,-1.530401584975945539e+01,5.580991683110576584e-01,8.090241481108574106e+00,-1.818479838829400208e+01,-6.002478950870660412e+00,3.797097372421385675e+00,-7.203471483340546655e+00,8.315379561313990919e+00,6.028508916628724457e+00,-7.331181416703220322e+00,3.384324648590722351e+00
5.829519752510461394e+00,-8.183464148330367394e+00,-1.909736282245553340e+01,-2.099111920550484900e+00,8.622883905955054828e+00,-1.354286332028079443e+01,2.810243573473222511e+00,9.057927476654805687e+00,-5.035600992649310825e+00,1.151467563112858450e+01,7.412915586035619953e+00,4.290713847714973106e-01,8.287562791992687750e+00
5.937644149866336818e+00,-7.033399766119539542e+00,-1.935800147693723616e+01,-1.719514756487518170e+00,5.954705558085267469e+00,-1.503347611737907741e+01,3.207123186142581073e+00,1.081108234222664599e+01,-1.566654775243077502e+00,6.368364476372314620e+00,-1.903709037821334382e+00,-6.585787112153315803e+00,6.627824164431569187e+00
5.833033082037726302e+00,-1.044134477425801855e+01,-1.987201428831757610e+01,-3.722260286943168239e+00,5.021570696215322815e-01,-1.933000519929639083e+01,2.938369785675417845e+00,5.962827020771618081e+00,-1.585336857979834413e+01,-5.943700368939751399e+00,-6.490282544627509864e+00,-3.865677456691156255e+00,-2.985507286250721926e+00
5.829172552451378664e+00,-9.958531225002161591e+00,-2.190269444148261968e+01,-3.814490620571548085e+00,7.706861218360772980e+00,-1.400932937075638307e+01,2.170171512449372120e+00,-4.174165156452923853e+00,-1.223970842676785686e+01,1.946948624808036432e-01,-4.668632717603348858e+00,-4.100507929718705036e+00,1.138650626279064859e+01
5.754871671231533092e+00,-1.027516984312198112e+01,-1.854021097677586383e+01,9.545758517404367982e-01,8.037576937696186974e+00,-8.809011586000359273e+00,1.158553134261244821e+01,1.223812016548937454e+00,-1.333422711092267754e+01,-3.001631900756838167e+00,-9.950331171810216091e+00,-7.789416856054700133e+00,-2.804119586999557878e+00
5.757780392332604080e+00,-7.175057498093834418e+00,-1.755921400898903428e+01,-1.442840127383457238e+00,7.867233349142576770e+00,-1.236160327151829286e+01,8.808394625517108167e+00,4.351798101291238119e+00,-1.186896653114525968e+01,-8.638188508667006271e-01,2.851989680198755428e-01,-3.631169713124574372e+00,6.330607570791253913e+00
5.816131998286407701e+00,-6.425152421197532604e+00,-1.968548134165844843e+01,-2.306914400308059498e+00,5.224469083993376728e+00,-1.569177042570805902e+01,1.276413640931702531e+01,1.099490436925333903e+01,1.581134961387747007e+00,9.603578169883789428e+00,-1.743630823874884994e+00,-2.626048932335268482e+00,4.135855499149582393e+00
5.655251743139801945e+00,-7.414310600695283249e+00,-1.408069631371223451e+01,4.184858539183743176e+00,1.123051193628290712e+01,-9.301640519303370880e+00,7.321327397090866107e+00,3.764454499370921692e+00,-2.299881245268577068e+00,1.326058919111708256e+00,8.924072581015142225e-01,-1.225653345375876668e+01,-1.302548942976023838e+01
5.535761378672542143e+00,-6.888153980681794408e+00,-1.289176641747364371e+01,2.589576064653677179e+00,9.018018270765709943e+00,-1.387416745304675558e+01,9.680753864153141208e+00,1.152205372997559074e+01,-7.780718395140326926e+00,2.212321973915772677e+00,8.438831186505231230e+00,-1.005032750776754114e+01,-5.416598115877456765e-01
5.554958050714366102e+00,-8.350663685952826043e+00,-1.843288056027424204e+01,-1.047488387579669888e+00,8.837044003035179784e+00,-1.946142145385530497e+01,7.016700007491505353e+00,4.512539071199406671e+00,-6.256300679415256916e+00,3.772337772778477483e+00,-1.008668672591433335e+00,-1.770358524915298659e+00,-1.373477891628960723e+00
5.656766115563171660e+00,-8.883620592110942127e+00,-1.916388221073575693e+01,-2.508063004451812184e+00,1.075928848132702953e+01,-1.211354648838635306e+01,6.992418672571761640e+00,6.648480618398628916e-01,-8.739139304290965526e+00,4.307565297794265113e+00,3.006293707233488544e+00,1.653651192085472399e+00,6.447452216168949590e+00
5.543963750487219677e+00,-1.123681490848928988e+01,-2.001304912418408222e+01,-3.998008089230983941e+00,2.275955113487637238e+00,-1.638597566318181720e+01,3.875704334751315372e+00,9.412262181364598135e+00,1.820156174288453998e+00,4.655291852975507183e+00,2.860201185283343772e+00,-5.361646256790217890e-01,2.136761642671241024e+00
5.595940160818576814e+00,-1.569133985834793954e+01,-2.456793701607445612e+01,-8.202113029862132976e+00,-8.727199139662323857e-01,-2.152262036190842664e+01,3.175489734754326943e+00,1.314837752861115661e+01,7.944414682822693585e+00,1.946027794735244854e+01,3.267293404798872647e+00,-8.376870344938541990e+00,-4.430880325960336208e+00
5.592338114455513320e+00,-1.066718760835277102e+01,-1.704148440409364795e+01,-2.384895856590518726e+00,2.246568042110939523e+00,-1.578006388389516346e+01,-4.321199233668666650e+00,2.830799039478781864e+00,-2.286284377931716350e+00,1.899921747308341224e+01,1.680957155071239484e+01,1.119876618361195453e+00,4.831266454480181771e+00
5.607587306881142375e+00,-1.169265301754616004e+01,-1.950796746392966696e+01,-7.023189995485284776e+00,1.581263573178378401e+00,-1.700117410484470426e+01,-1.339260322929914260e+00,8.698946553767632039e+00,1.051041670407406592e+01,2.319206662084058834e+01,1.345230244937971165e+01,-3.578504313181225527e+00,-3.473805386475055101e-01
5.622230625383143554e+00,-9.912206387376276240e+00,-1.706985953386620025e+01,6.009340341217446202e-01,4.463763631105054586e+00,-1.941349299304791742e+01,2.731316409505200049e+00,8.348387547297853928e+00,-2.821565870835831102e+00,7.891368518679459321e+00,-6.027229752275476748e+00,-1.127954992373168963e+01,-1.935610218035589192e+00
