-3.604365338911715355e+01,0.000000000000000000e+00,0.000000000000000000e+00,0.000000000000000000e+00,0.000000000000000000e+00,0.000000000000000000e+00,-3.432169450445465983e-14,0.000000000000000000e+00,0.000000000000000000e+00,0.000000000000000000e+00,9.640286916519939396e-15,0.000000000000000000e+00,0.000000000000000000e+00
-3.604365338911715355e+01,0.000000000000000000e+00,0.000000000000000000e+00,0.000000000000000000e+00,0.000000000000000000e+00,0.000000000000000000e+00,-3.432169450445465983e-14,0.000000000000000000e+00,0.000000000000000000e+00,0.000000000000000000e+00,9.640286916519939396e-15,0.000000000000000000e+00,0.000000000000000000e+00
7.358041658829865383e+00,9.022329150307074386e+00,-1.203120366288026410e+01,1.565781738824098213e+01,5.135102830879221258e+00,-1.134243811725667328e+01,5.499429283622293774e+00,-2.180980031844736544e+01,1.153794151493643394e+00,-9.816795978252251809e-01,-6.209287014440723063e+00,1.058799450902091266e+01,-6.024575000344614573e+00
9.568970480699215742e+00,1.411605202694795480e+01,-2.151029766781455521e+01,1.846872103327095260e+01,2.302244093570675076e+01,-1.848497911370741065e+01,4.319210449984724143e+00,6.389391530258124341e+00,-8.359496031392604110e+00,-8.384912200709939256e+00,4.005721679803246893e+00,2.058511798717100660e+00,-6.627074344524025662e+00
1.045670380918628339e+01,1.981139379801941214e+00,-2.284559525545061476e+01,2.829592792073695762e+01,2.736931988898938073e+01,-2.588112455939713286e+01,6.735841497947383516e+00,1.984133969724071633e+01,-1.797726720607750650e+01,-1.140986879181969371e+01,5.008411636525686994e+00,-1.831453642589627862e+01,-2.503505418745193367e+01
1.035552478412165378e+01,4.091109708696134994e+00,-2.374772702897045562e+01,2.516647083611918490e+01,3.043136137377373274e+01,-2.170140560804356866e+01,1.086253109334777278e+01,2.543798199468551502e+01,-9.149731857490102982e+00,-9.233846449111725363e+00,1.609719111347306963e+01,-5.920999258883655969e+00,-2.546746768876601053e+01
1.008896407750537882e+01,8.540194757520074009e-02,-2.148178298229250416e+01,2.736230394354498330e+01,2.878627518209465208e+01,-2.922033899199328744e+01,-4.861820857213400293e-01,3.233244223904271308e+01,-3.134923491178069899e+00,-1.234424834522567771e+01,4.825027728653356718e+00,-1.089198737780300164e+01,-2.943134107250565279e+01
9.667913514993053070e+00,-7.408214614153237065e-02,-2.782105004706467000e+01,2.234014358685173107e+01,3.648520658576316578e+01,-2.905839087601811599e+01,5.376462999749553440e+00,3.201159596096545101e+01,-1.635073461293606556e+01,-3.052706597137840561e+01,-8.592417664444955250e+00,-1.433044780689997921e+01,-1.879876464923980706e+01
9.657718643588134810e+00,-3.518154670298011766e+00,-2.573979592368659652e+01,2.370682146580092464e+01,2.218858775094677327e+01,-4.237840459810166038e+01,-4.537832900584673368e+00,2.406442572946611591e+01,-1.677984505542028515e+01,-3.172436654759258445e+01,-1.553582045088440111e+00,-1.439778907275591102e+00,-1.453789842581049108e+01
1.061670687102259336e+01,-3.007566855054686794e+00,-2.810265149723883127e+01,2.408467613782979910e+01,4.212718871102915585e+01,-3.074099693562054725e+01,1.079190666315497715e+01,4.437671141519831508e+01,-1.542858463951747972e+01,-2.125674182299502846e+01,9.121446072781393966e+00,-8.814823265978898092e+00,-2.284300366034111462e+01
9.514306751648335947e+00,-3.916914568020747556e+00,-2.339903424652905883e+01,2.616529978190876093e+01,2.760366673798240811e+01,-3.487871493374389331e+01,-5.260542384193998444e+00,2.368333487729308473e+01,-1.572547594790335168e+01,-2.225514155587886833e+01,8.472898567418545301e-01,-4.541722102640656900e+00,-1.477311289609031242e+01
9.292838708649798107e+00,-7.339672017104564850e-01,-2.539913795843637701e+01,2.298728562761090188e+01,3.676322675782355276e+01,-3.563139666985159693e+01,-4.250301644117684852e+00,1.790987036440446190e+01,-2.407745974966062263e+01,-1.948117438280690195e+01,-3.646445454618752358e+00,-1.526710446416795186e+01,-1.444501675893562975e+01
9.077175770133731447e+00,-4.535352495240552173e+00,-2.723988570051240643e+01,1.969417903628315969e+01,2.561476236692535124e+01,-3.297851030718688037e+01,-1.352063581374328471e+01,8.177541831588419186e+00,-1.562121919715497498e+01,-1.284930444710420083e+01,-1.102260357537605984e+00,-1.326194012270737232e+01,-9.558710604701419200e+00
9.289122458646037472e+00,-3.375484562200383731e+00,-3.115820146786884237e+01,1.436955680408052238e+01,3.299110703675639655e+01,-4.232043466471441917e+01,-9.826309156408239431e+00,1.498424406558380184e+01,-2.206446499535688233e+01,-1.303326641988453893e+01,3.055976290154971409e+00,-6.025927783010404326e+00,-1.038878756863101316e+01
8.990454556836734668e+00,-9.962082829468355882e+00,-3.030835137824275805e+01,1.532921169099101455e+01,1.933377316497575293e+01,-3.758761677029680470e+01,-2.256452006579498359e+01,3.700436921155480174e+00,-7.479321418684006240e+00,-3.629782052317799934e+00,5.585752556959942439e+00,-5.111637812835930106e+00,-1.007599505931342421e+01
8.867489781173764740e+00,-2.583301553779479232e+00,-3.404449163460466821e+01,6.220963830817443529e+00,3.024409585772925624e+01,-3.541316237637620645e+01,-1.507281797862178330e+01,8.094193815560251082e+00,-1.822719188071867435e+01,3.379579262950201279e+00,2.283178864206745473e+01,-7.833217680488393952e+00,-7.311031869473353595e+00
8.144892276500620198e+00,-2.540589597312453485e+00,-2.882556767255291064e+01,1.032692982744893406e+01,2.888230795336914625e+01,-2.963209366943489798e+01,-6.181667954327036973e+00,3.501681151187737928e+00,-2.118031683786866992e+01,-9.845795720505323700e+00,1.157752829838302050e-01,-1.347585137712877668e+01,-1.171983917996207936e+01
8.054041328118939802e+00,3.239355880596209158e-01,-2.612410813052935055e+01,4.889516551300124192e+00,1.503594678493965908e+01,-4.176200377777769290e+01,-1.172705484060745285e+01,4.749561389849161763e+00,-2.456281516270517429e+01,-1.470560924740154363e+01,-6.335298790870679930e+00,-1.079580111204696280e+01,-9.253743133244348940e+00
8.458516402252129751e+00,-1.530365617179463067e+00,-2.661449071305895941e+01,3.662137239878065387e+00,2.113185324261950981e+01,-2.994493043439567970e+01,-3.858589405128314720e+00,1.310903237503753260e+01,-1.225027294113081133e+01,-1.001033326158452752e+01,9.986305945413292307e+00,1.190499846965234365e+00,-1.022727840727191229e+01
7.107869149506422346e+00,1.340439945022793733e+00,-2.181756324365819921e+01,-1.623520424575146004e+00,1.749128474769699437e+01,-2.591834486345366173e+01,-7.412769492076950684e+00,-8.080927072625522456e+00,-3.566327189250709040e+01,-5.889885892001897716e+00,4.184082019260538132e+00,-9.195240366677344568e+00,3.204227269232034825e+00
7.498790432768061898e+00,-2.061324511662656622e+00,-2.283181049628520043e+01,3.346441148856220238e+00,2.341362674994833171e+01,-2.357791405071442981e+01,5.304525622959439524e+00,1.245739851557754108e+01,-2.337288719538689108e+01,-1.822215275538889401e+01,-2.396060977388846158e+00,-1.070912563897560865e+01,-4.115185605028780280e+00
6.885263189036191278e+00,3.710275736693708359e-01,-2.021453152728535940e+01,-1.336229973300815832e+00,1.016634423452062030e+01,-3.304114655874672479e+01,-3.852533683291549771e+00,-5.499966039845641141e+00,-2.341410500569844544e+01,-5.932131887032538131e+00,-5.671119528763831630e-01,-1.680871503650301335e+01,-8.336896360465257061e+00
7.162570525172605507e+00,-1.405472090530435425e+00,-2.388965016399800945e+01,7.970886674747030831e-01,2.026503122941266000e+01,-2.892704258772377912e+01,-6.646511352669965511e+00,1.019413601381372159e+00,-2.564670299163114109e+01,-8.428037525723066636e+00,-2.725562630518886476e+00,-1.105209831353307237e+01,-3.982746038314203485e+00
6.955561844249348979e+00,-2.323152141205666599e+00,-2.057613554655645416e+01,5.525787353059922857e+00,2.236477621441670749e+01,-2.455329515198240742e+01,-1.607919720180651524e+01,-1.346780017546015884e+01,-2.642524830954171833e+01,-6.464597266455096580e+00,-8.983975255408758187e+00,-1.921245785835816022e+01,-1.033176916001070467e+01
7.262743978943867695e+00,-6.311125027627879636e-01,-2.347244767689055323e+01,2.032218541258235867e+00,2.291439949668924214e+01,-2.351563945195964678e+01,-3.430781779011397248e+00,-9.461915540395905211e+00,-2.139002605339057084e+01,1.225094750443507685e+01,1.420323802501618271e+00,-2.580586185744608940e+01,-1.168092157321690649e+01
6.685264866865139766e+00,-1.018297862469405457e+00,-1.863501708584819028e+01,2.904974937894783116e-01,1.770711559810758828e+01,-1.542447601414844449e+01,-5.955878702467673591e+00,-2.001200671376930629e+01,-2.340205341103914805e+01,1.620195671690923334e+01,1.367210720895288034e+01,-3.211884897967266284e+00,2.559919598469577284e+00
6.067493542786955629e+00,2.321650048807571420e-01,-1.361647829988237035e+01,1.354892272502697503e+00,1.985710970067665215e+01,-2.233670204420874228e+01,-9.412935725580581448e+00,-1.129021997172464786e+01,-2.252728596764702118e+01,5.261392154035175572e+00,-8.198975945072977112e-01,-1.092665855837968536e+01,4.974036757522365626e+00
6.531306157716405103e+00,7.493446263883020431e-02,-1.814577362727197141e+01,1.327622894794065200e-01,2.319599741365041723e+01,-4.865293023614790435e+00,8.099915775071023560e+00,-1.228379825987423857e+01,-2.044134702022867955e+01,7.619801161635283648e+00,-4.095772502646104485e+00,-1.173684450949690294e+01,-1.282183496162544678e+00
6.617654091684267215e+00,-3.055918557209523545e+00,-2.129977040271673161e+01,-5.962927312528493395e+00,1.602106206376712905e+01,-1.245881550659337478e+01,-3.070103117199010967e+00,-1.249808787129813403e+01,-2.110331317203172929e+01,1.295312013271275653e+01,6.525146933989096176e+00,-4.943208264099333782e+00,6.447367026703827442e+00
6.134259567199035423e+00,-1.718633888663485987e+00,-1.718048140764058829e+01,-3.695382362790472719e+00,1.430885981092047565e+01,-1.527356803718439870e+01,-6.999572769261789951e+00,-1.803836180274842249e+01,-2.546449241536566177e+01,8.213788542372876478e+00,-3.095980689759881277e-01,6.815245476616882403e-01,9.283559372296869228e+00
5.831828825046973641e+00,-4.619964175873144896e+00,-1.433453274276278400e+01,8.468124802695353726e-01,9.433950055249288980e+00,-1.823085800604868112e+01,-2.328240194215725811e+00,-1.337788805137354053e+01,-2.389278197274856552e+01,4.171938905274827469e+00,-4.394827464709524456e+00,-2.024193808928826499e+01,-6.752810841479828241e+00
6.028554645978721815e+00,-4.560892758391581481e+00,-1.572235190667093718e+01,3.449236254261029089e+00,7.109968142617907993e+00,-3.010567988589179933e+01,-6.158669950149803896e+00,-1.325523523277304250e+01,-3.023249055532059160e+01,-1.251875426003072711e+01,-1.962817362646786412e+00,-1.018725731707236015e+00,6.786468616774822493e+00
5.874044746072059731e+00,-6.545843479025183598e+00,-2.008021728306822951e+01,-1.337044873421852964e+00,7.633548799623949499e+00,-2.593092028646981007e+01,-1.252853194775221191e+01,-2.016547778134627578e+01,-3.193964532818303326e+01,-7.638107161642926357e-01,5.164136085330700787e+00,6.966942979492682930e-01,7.001028392511088327e+00
5.888890277011333829e+00,-7.383013545977244796e+00,-2.066757862018812375e+01,-9.713221977437571653e-01,1.590382366271774650e+01,-1.527039285273438018e+01,-4.767445811530131472e+00,-7.140016851412597454e+00,-2.110942386656452641e+01,-7.167880238458197439e+00,2.959267193123294781e+00,1.019139763715509517e+01,1.715137987332835934e+01
6.020745963813299184e+00,-5.930690437631539247e+00,-1.963131296854782093e+01,-3.261788021753408984e+00,3.335874160236156794e+00,-2.102262847307373050e+01,-1.016091170358779827e+01,-1.270786552685489923e+01,-2.105477118828581951e+01,-1.267947470611936245e+00,-4.080408306641110983e+00,-1.062868359335933732e+01,1.290724561657843417e+01
5.774627457356356963e+00,-4.425641549606233127e+00,-1.277606987685106787e+01,2.862311558195715921e+00,5.883734170363474014e+00,-2.724837415284185482e+01,-2.995317495821954168e+00,-4.598360897947957326e-01,-1.940897471453827094e+01,-9.086066452272364202e+00,-7.605162493844801475e+00,-7.397021513050817454e+00,8.595879674236075019e+00
5.796172818826589079e+00,-4.405260439223748214e+00,-1.683107357338553456e+01,-4.741881339880595014e+00,2.193124788413689963e+00,-2.593299561919748086e+01,-1.326604016223646543e+00,-1.511521528153586580e+01,-3.496384747752632904e+01,-1.876085217000760608e+01,-1.464321737667230039e+01,-9.880773675103034392e+00,2.365971188018509697e+00
6.026931129944856025e+00,-3.225270766240516895e+00,-1.396268200073299504e+01,5.789171211331298750e+00,2.017534733284941240e+01,-1.698751801472010214e+01,1.603517186638603764e+00,-3.205464106492263543e+00,-2.621691617962452980e+01,-1.432878630044205792e+01,-2.275757649072117061e+01,-2.510755161301612048e+01,1.836840444746503875e+00
6.280844664370003549e+00,-1.715238074845084393e+00,-1.222083237005557166e+01,6.489253538925431997e+00,1.622527044103910754e+01,-2.329701002348192418e+01,-7.140794798735204729e+00,-1.332090049738305204e+01,-2.821721978836955458e+01,-1.925803231188549347e+01,-1.678401147633347179e+01,-1.096943695774591987e+01,4.954534997443452937e+00
6.390764810364594872e+00,-2.584785954286302978e+00,-1.606596118091345105e+01,4.517549143896079755e+00,1.553938557977250490e+01,-2.285797566643782730e+01,-6.217500378774900582e+00,-1.556474238794963405e+01,-4.018250253442187869e+01,-2.008826925732662616e+01,-2.407126357456089849e+01,-2.485737360062083212e+01,1.481767728866863143e+00
6.573226870496054808e+00,-2.122029830576117160e+00,-1.581240704248989815e+01,4.487686195021103330e+00,1.208831002876390848e+01,-1.807508709027174021e+01,-4.633032705979647226e-01,-2.053116798891956307e+01,-3.722902180575994890e+01,-2.259589839380493714e+01,-3.016466097684070036e+01,-3.462623857264182448e+01,-8.489608870656937256e+00
6.547639353010909602e+00,-7.048816035793151746e-01,-1.235908787813784038e+01,6.242643957026474233e+00,1.021590188126993581e+01,-1.986393938606179432e+01,-1.355327981512239433e+01,-3.125631625883741194e+01,-4.520794349306070359e+01,-2.292587692413729883e+01,-1.958023457229182895e+01,-1.910094732920890692e+01,-3.699896202490400743e+00
6.681654318068539489e+00,1.771595751800930874e+00,-9.423647249002735649e+00,7.552957837864180846e+00,1.670607283931444442e+01,-2.083290865893170363e+01,-6.656012116099991438e+00,-2.100554520962381133e+01,-4.042249994889840536e+01,-1.396415679366809570e+01,-1.500279131017217260e+01,-1.216721487953019754e+01,-6.630811387829585790e+00
6.631043745445248661e+00,5.884671169393941303e-01,-1.464463068839867965e+01,9.170888224770256114e-01,1.076218592556061715e+01,-2.245386306075631566e+01,-3.146995129130954361e+00,-1.946435463020975831e+01,-3.568348690129697331e+01,-2.141084578582776032e+01,-2.224309476217349157e+01,-1.573679426957271232e+01,-2.425266401895163515e+00
6.605585372494137353e+00,7.741303108370037878e-01,-8.884556526533280874e+00,7.170018200472997094e+00,1.449477863683156187e+01,-1.769831806862980628e+01,-7.209583529337150465e-02,-1.284580033832858703e+01,-3.731396392055009414e+01,-3.235006436000680452e+01,-2.875215711749388703e+01,-2.714508709957467403e+01,-2.110237493366737827e+00
6.454844233485940386e+00,-7.050058328036976629e-01,-1.448235265751513445e+01,3.563902927398245879e+00,9.990808036632548905e+00,-1.861637478304605153e+01,-2.667100871026236580e-02,-1.585062521312062600e+01,-3.228952749182889903e+01,-2.702036627671726876e+01,-2.513718176584591291e+01,-2.568997831882855820e+01,1.188685340474875812e-01
6.201901958817748195e+00,9.525977544495629612e-01,-8.919371410899589847e+00,3.788166961968064239e+00,1.503120394421030603e+01,-1.557517379781928035e+01,-2.639878415887924934e+00,-1.913758013184148155e+01,-3.376921392046832437e+01,-1.983784951327225698e+01,-2.649084980505025655e+01,-1.810783093572180036e+01,-1.585333343889973268e+00
5.847800334731321215e+00,4.103381701087954747e-01,-1.217076878928859962e+01,-6.381558241934814912e-01,1.154336642566267734e+01,-1.608139104338316372e+01,-1.690097046225936817e+00,-1.283970691372674011e+01,-3.328632740838508397e+01,-1.489024363681107310e+01,-1.586738363353068948e+01,-1.427348282679832892e+01,-2.512231502565915431e+00
5.498945321839027400e+00,-1.183631977067379326e+00,-1.025954626503807532e+01,-3.628984075242025487e+00,1.125409089351161107e+01,-2.171945884434540019e+01,-3.768688505388017251e+00,-1.469234002948345719e+01,-2.396059738890044954e+01,-6.731572541901152285e+00,-1.021730087949137733e+01,-1.495590829270196132e+01,5.102969000751802042e+00
5.885569620557428827e+00,-1.207924446269676766e+00,-8.405479444774625719e+00,7.057802457929378548e+00,1.057747033372123902e+01,-1.320569704677113698e+01,9.180374477276114220e+00,-1.132410070690978543e+01,-3.078304834560933045e+01,-1.542471189296247402e+01,-9.358613721113336226e+00,-1.106617826240506552e+01,2.909526494864305590e+00
5.875588792569310215e+00,-3.761631512088021712e+00,-1.272298354354170513e+01,-4.331085428106540292e-01,2.300383691293686805e+00,-1.895188196921296608e+01,5.117703034667310469e+00,-6.791997367300104393e+00,-2.527594448424985174e+01,-1.309001691872378004e+01,-7.210827394281353442e+00,-4.987935815094967751e+00,1.176111688072495376e+01
5.785700613114325819e+00,-4.360831100288743656e+00,-1.456230484133562264e+01,-1.940856813551306681e+00,4.463676822490876717e+00,-1.983921328994242828e+01,6.102079920451394024e+00,-2.133206668308976095e+00,-2.615782028988361319e+01,-8.521700479341978607e+00,-2.583774131542967201e+00,-7.647590713012697883e+00,9.068652795495822261e+00
5.691285715720361793e+00,-5.216059821039988442e+00,-1.631038077065591452e+01,1.243926612563237555e+00,1.102405270135952620e+01,-2.442455443085671263e+01,-5.241120949245131833e+00,-1.349237102444441838e+01,-2.025254630195045991e+01,-3.543982759054442155e+00,-7.909832341038757875e+00,-7.874063796045394081e-01,1.409148088854804648e+01
5.687970910002667857e+00,-8.887059316286499921e+00,-1.703032911621477652e+01,3.179416160661011070e-01,9.556500882786572504e+00,-2.484014426308810641e+01,8.534544411387777751e-01,-4.478579449555556202e+00,-1.871989121669179568e+01,2.394874886011129356e-01,-2.452881992082460716e+00,-1.089163287540943870e+01,-1.135223927678627787e+00
6.008180173112442013e+00,-1.099472074441959712e+01,-1.957004658704391176e+01,-4.794543747863440064e-01,6.526451085674935371e+00,-2.523759258410337836e+01,-7.090827425660998884e+00,-3.366286730481702794e+00,-2.683693771941608830e+01,-1.676554333638098626e+01,-1.245881754555669296e+01,-2.269320477332085062e+01,-1.314530919968181344e+01
6.446668681139819945e+00,-8.339720986674384662e+00,-1.614508889280855186e+01,7.542438756859625393e+00,7.928013503292940634e+00,-2.705246387368195471e+01,-8.577276863155944397e+00,-3.085538814021205667e+00,-2.346695365599182992e+01,-1.684408845466714055e+01,-5.349052252712402478e+00,-2.731221744256165262e+00,-7.346268564173926485e+00
7.375995479422915224e+00,-1.367132172687775338e+01,-3.077072601581198086e+01,-1.661291400872098922e+00,4.555397473821328980e+00,-4.207808827351153980e+01,-1.224936675994808333e+01,3.412324163882479944e+00,-3.314736469047883105e+01,-2.703919833006011331e+01,-9.331001234150521739e+00,-4.876418726126361847e+00,-6.440889202868929964e+00
7.504941334012301901e+00,-9.939571200646996729e+00,-2.492250727487896356e+01,8.019683799140320701e+00,1.637245538265890232e+01,-3.375692970702258577e+01,-3.223797162798848759e-01,5.963346947045456758e+00,-2.309455963215919994e+01,-3.392892776278143341e+00,1.680982153180733718e+01,1.036629709627062823e+01,-4.838363008187372749e+00
7.380129585209116883e+00,-7.687675148929759672e+00,-2.572200323169197134e+01,-4.701031094583554282e-01,8.887954451816604262e+00,-4.078360297778571919e+01,-2.950724617415326545e+00,1.724655385675102792e+01,-1.582165979091186792e+01,-1.789591147027613971e+01,4.782834665098587124e+00,5.353567414345369313e-01,-3.448867698134049586e+00
7.152846844095685164e+00,-1.059212383231718491e+01,-2.332761199790551743e+01,4.882176692821967201e+00,7.654091918447065268e+00,-3.021520340929639659e+01,3.693483232633882007e+00,2.379293506548670578e+01,-4.783927944064919835e+00,-4.849609260358959339e+00,9.883614412985524567e+00,-4.678408461906753857e+00,-1.586396804571861630e+01
6.341248260684726468e+00,-5.277340620437667162e+00,-1.930849150009402493e+01,4.596139435349875235e+00,1.857806053969214943e+01,-2.304698768743118364e+01,6.347762702332831353e+00,1.383937286479297057e+01,-1.049038525288817247e+01,-4.135544480296468706e+00,-2.480759884498781265e+00,-1.796620917127026118e+01,-4.786565676362335431e+00
6.150351114732567126e+00,-4.137232284441605401e+00,-1.750545341798769172e+01,4.998393595729185845e-01,6.397869342355529731e+00,-3.177073177592184194e+01,-5.856196395943912947e+00,-3.572664652345891145e+00,-1.427007064385646018e+01,5.834815412353011155e+00,5.663123730769263453e+00,-3.602779875597671655e+00,1.058609447899219624e+01
6.145973423656830192e+00,-6.575489756780521056e+00,-2.252960058722471004e+01,-3.919739110362117085e+00,5.364666576244895957e+00,-2.016098111637048973e+01,-2.569425548349647315e+00,-7.655466183012349823e+00,-2.922339269007985152e+01,-6.919652824129322255e+00,-7.647721229021223976e+00,-1.597267301300355058e+01,-1.149498444106737871e+01
6.490711078585118976e+00,-5.542684724604068691e+00,-2.075051985657426101e+01,1.361945082383544170e+00,6.091293351003725043e+00,-2.520172404289366597e+01,4.062945625288191032e+00,-4.905173732974148493e+00,-2.975066047368330757e+01,7.400318879429752528e+00,8.147193788810159987e+00,-9.936892366807889232e+00,5.154866730115810647e+00
6.492433256772558003e+00,-1.338387235531946828e+01,-2.738746078428937025e+01,-3.231824556251332581e+00,3.229777495116108010e+00,-3.705563614091420277e+01,-7.915837511217541866e+00,-1.131537737816272760e+01,-2.436311677634052941e+01,1.287084350402621880e+01,7.015325696960702295e+00,-1.191432784788351640e+01,-1.699477090063417073e+00
9.517007548563396924e+00,-1.521941270486589382e+01,-3.576197320472345353e+01,1.745638240943136665e+01,2.670841280054449207e+00,-4.899561342924096152e+01,9.675882311739796293e+00,-4.970849427959573852e+00,-5.130535555778932633e+01,2.852485430749810202e+00,2.343891577661546322e+00,-2.474603502078223727e+01,2.106876289152905368e+00
1.055278755489679376e+01,-1.087511144926958195e+01,-3.902463402360164224e+01,2.326277126621360480e+01,5.555201096282757156e+00,-5.331407677739445461e+01,2.537827904471164686e+01,6.818281173226344194e+00,-3.606355713922985728e+01,1.762284426026051420e+01,3.341661775558157910e+00,-1.874395172049167257e+01,1.128842255033530151e+01
8.919803584115639339e+00,-1.027963707771137258e+01,-3.273493107221299425e+01,2.027098907071341571e+01,1.102229334632415103e+01,-4.245308324099837449e+01,2.075513138554393322e+01,6.965952340102279372e+00,-3.148600203581644053e+01,1.164724189909527752e+01,7.200094290068611791e+00,-1.048880488575681902e+01,2.854256293246269838e+00
7.261890129300314634e+00,-8.526476601669546795e+00,-2.720117312903555984e+01,1.046445999230822288e+01,1.869781762964689165e+01,-2.545116151326856624e+01,1.826231278174335060e+01,1.444553162541868652e+01,-2.601112337409603725e+01,-9.666483163022151714e+00,-5.452446677694111621e+00,-1.664793587473745617e+01,-2.083341200424841944e+00
6.759615302503746648e+00,-9.669466647166046869e+00,-2.401819187136405986e+01,4.462895630123390411e+00,6.189668295611933324e+00,-3.994276719727065483e+01,-4.680985425641628339e+00,-1.007201263238091293e+01,-4.166753227647463120e+01,-1.282307385697141733e+01,-1.183180183593124468e+01,-2.547768711162891009e+01,-4.045483568629204996e+00
6.031946111032066682e+00,-1.019808535224501078e+01,-1.954088667998836826e+01,5.113327401485404877e+00,1.430791233050270961e+01,-2.470984348666534558e+01,-2.527038382409734218e+00,-1.239202092513484210e+01,-3.444981007421704788e+01,-4.328399426062328637e+00,-1.131919104057045367e+01,-1.307096847146329566e+01,5.577152340496246197e+00
5.824795359331965017e+00,-6.186063860895068878e+00,-1.658991784992810636e+01,-1.197156264136583159e+00,6.194891100747513590e+00,-2.680779904300159089e+01,-4.152577491692143852e+00,-1.775174229234044887e+00,-1.454166279496242353e+01,1.031606707485724250e+00,2.199632385298778470e+00,-8.428138269978697750e-01,1.222357067659925578e+00
5.883714140717065000e+00,-6.662405548975177894e+00,-1.780895172166919949e+01,-3.009621077220882235e+00,1.336890220611024693e+00,-2.344155971199312205e+01,-2.558117810795311975e+00,2.276166128981929937e+00,-1.136592117664283919e+01,4.336251144544727154e+00,9.386795197692791248e+00,1.202649186082836108e+00,8.425703261560387958e+00
5.602063633125334619e+00,-6.065265185175682028e+00,-1.379027517158621130e+01,-3.783976908823037721e+00,-3.374043586272583273e+00,-2.486571843525937808e+01,-1.254370298019339458e+01,-1.002059184868865316e+01,-1.203993327601450680e+01,2.980578331909480294e+00,1.738303154378715298e+00,-7.236668969511380389e+00,-5.961696164672544818e+00
5.911128756165846987e+00,-2.598618377485815145e+00,-7.815487511661460829e+00,3.670326769772151998e+00,1.811747363169388669e-01,-2.901623854171603156e+01,-2.887172326305522674e+00,7.571708059281467840e+00,-2.531504270502937803e-01,2.097899525186759817e+01,1.971215471535960972e+01,-3.354097279071266868e+00,-9.685630122616034399e+00
7.375707070516998698e+00,-8.198045631097029329e+00,-2.973565136000183884e+01,-1.650218026327182841e+00,-1.789801379852921093e+00,-4.513673806604488448e+01,4.814218069473213263e-02,7.471314226084293963e+00,-1.768815902495610493e+00,3.516081610063940133e+01,1.598429702972303978e+01,-1.745572078705079733e+01,4.616731529819093183e+00
6.265578057730088801e+00,-4.519211497124946852e+00,-1.927626639011571896e+01,-1.738751913498219448e+00,3.762980217030998276e+00,-3.347246325569195591e+01,-1.426470849171284971e+00,4.687644470481291847e+00,-1.946544231026148042e+00,2.341943201647313444e+01,1.475657434721039962e+01,-7.822987694900106703e+00,-2.030988753381633760e+00
5.895121130915533136e+00,-5.831724612977927436e+00,-1.232678524932617314e+01,9.359787034897651958e-01,-1.735183676120704455e+00,-2.494222985756120892e+01,-2.775407382157522029e+00,1.004073135754457091e+01,2.936387737340142134e+00,2.695917942752506136e+01,1.724411737183423554e+01,-6.734315664176666161e+00,-8.970394654422605640e+00
5.607908913721588284e+00,-9.927172493578128254e+00,-1.776394745807150599e+01,-8.945704931040950214e+00,-8.749660289339059815e+00,-2.124560957515025805e+01,6.292424347426098130e+00,3.375833804237481583e+00,-4.792864838740860556e+00,1.362647279711083925e+01,1.494258362463084566e+01,-1.994600244449744597e+00,8.119232872608604268e+00
5.555936777195876530e+00,-8.122699761982422828e+00,-1.679057997712503436e+01,-1.143880608612621153e+01,-4.822197812528610683e+00,-1.891447579631007514e+01,1.724233104126822402e+00,-2.703328056027560766e+00,-1.475794470854751594e+01,4.535460197693593543e+00,-3.735865921237974341e+00,-6.409810428261828896e+00,1.172096654275339489e+00
6.603622656521532797e+00,-7.086396121643033119e+00,-2.629358134084727538e+01,-1.152786833803071787e+01,-2.492908108203284456e+00,-2.921626115408608371e+01,1.977515508984240888e+00,3.417735952270467337e+00,-5.280237873961882045e+00,1.581524516506421207e+01,3.529639948020827145e+00,-1.497394263751870724e+01,1.543260439167437603e+00
6.091522877280053372e+00,-4.667851867552049505e+00,-1.973941344521871244e+01,-1.031378284035985082e+01,5.595360863005548469e-01,-1.748861652289782853e+01,-7.491231553809996058e+00,-2.863146602818015474e+00,-1.028517743662674455e+01,1.242892558827253957e+01,8.278489715257317805e-01,-7.498318391340026423e-01,1.311307750166551322e+01
8.858073130548836716e+00,-8.934897313920783901e+00,-2.370993547523278622e+01,1.353300957201658150e+01,-4.588801051767328332e+00,-2.346850887070349145e+01,1.086003556214171439e+01,5.112145491331591352e+00,-1.675491691490370272e+01,5.511858279967932539e+00,1.479379756309391958e+01,-3.902471355776859774e+00,-4.401411774193777049e+00
1.033889018255736048e+01,-6.181793401058844672e+00,-3.330405782502740664e+01,1.482625682158302460e+01,8.355148458765709663e+00,-4.177292824082324074e+01,1.093286205766544761e+01,1.624065721446254429e+01,-1.968367893233101995e+01,7.054466287376797595e+00,1.640457653081394440e+01,-1.715842517717858939e+01,-4.212296011791930361e+00
1.557370905105650927e+01,-1.918523003090745860e+01,-6.859323383917347883e+01,1.196789138241266315e+00,6.170427019549191983e-02,-1.762406926912354166e+01,3.026918862489431206e+01,-6.005075489447135872e+00,-3.195385126834554868e+01,2.368288214217785637e+01,-4.277747593139651805e+00,-3.813205763479670907e+01,1.129676434576960098e+01
1.608881262492114672e+01,1.776776709445051239e+01,-1.135918920997482395e+01,1.105366927498942253e+01,-1.154320408850930946e+01,-2.638841272384705405e+01,4.259539212970003597e+00,-1.362551728471654577e+01,-1.275829964431872376e+01,4.186711431750376278e+01,2.463230437034746245e+01,-2.478932119808170853e+01,-7.785986427055688885e+00
1.876687762176119278e+01,3.593628428993052637e+01,-3.916692737651314360e+01,1.341765800649262097e+01,-8.558228655672913021e+00,-3.739059940164656837e+01,1.286233367954102924e+01,-3.765308740360553941e+01,-3.548601835519106373e+01,5.600356065633810232e+01,1.720959948068069423e+01,-3.109215074203833140e+01,1.466162649377878324e+01
1.844411636543607358e+01,2.377448588477445668e+01,-2.846074777212709250e+01,3.918929344622095634e+00,2.387269651036817208e+00,-4.179733899974824141e+01,-1.115501316805024778e+01,-3.296138002317306359e+01,-3.275315877455582125e+01,4.287001856544350886e+01,1.154613191510597758e+01,-2.904702368628768028e+01,6.011677806055563345e+00
1.763180838883646118e+01,2.178164636516398289e+01,-2.753877384504579950e+01,4.779005402627512389e+00,-5.152056209517763996e+00,-3.057508456638102601e+01,-7.912224134996694858e+00,-4.766553889529070176e+01,-4.156937764308934646e+01,3.716738406020747476e+01,6.023982960560363864e+00,-3.841735757788737260e+01,5.030381278475480222e+00
1.560818188899733450e+01,2.417351647230916711e+01,-1.736049223270764941e+01,2.430032113135824545e+01,-8.541134362524976709e+00,-2.516132249051993597e+01,2.149659062402487830e+00,-4.160324395836016009e+01,-5.030990583195639232e+01,1.375639754597230180e+01,2.489633307882298807e-01,-2.825966002814715239e+01,4.964598907620633383e+00
1.255500920547108556e+01,2.913688759608661982e+01,-2.144678472388729773e+01,1.318123477630517293e+01,6.045903619284225705e+00,-2.223543077446822025e+01,1.304469798844522010e+01,-3.953964408600501912e+01,-5.685853141821294088e+01,1.327227513414603344e+01,1.061796115379010530e+00,-2.446473537365857709e+01,5.592047693878585690e+00
1.162893929075607069e+01,2.685334948324154070e+01,-1.415064067702291872e+01,6.529147608934705360e+00,1.304058906601796153e+01,-4.940350612184420065e+00,1.206064472997478454e+01,-2.445971332181155233e+01,-2.833619528087535500e+01,1.103055669177509479e+01,-4.184576063941489871e-02,-1.379511525653364856e+01,-7.202730840533662082e+00
9.972314349440491554e+00,2.000046458253167359e+01,-1.766199591126942181e+01,-4.132057358976060080e+00,1.271349993049956106e+00,-1.628927155017284178e+01,-4.080926166068053362e+00,-3.627747601868870220e+01,-3.409753641237429633e+01,8.878194611933526659e+00,7.034368840077113383e+00,-5.253747951909080172e-01,1.195591752278175335e+01
9.833325108048136087e+00,2.305232709822710291e+01,-5.496122003541088930e+00,-4.355182468462239775e+00,-1.660348938167964805e+00,-2.295464813407811278e+01,-6.427859954928706543e+00,-1.709125994606846888e+01,-2.882833862826657167e+01,-2.469641499444940713e+00,-1.742432697904510608e+00,-1.229855714215126028e+01,1.047622326181851804e+01
9.467636531283174506e+00,2.335978375118653361e+01,-3.419410274482803103e-01,7.368616810986564403e+00,7.583816261946376258e+00,-2.317776160734752722e+01,-5.136060555060279142e+00,-1.907151387953141253e+01,-3.983261855246684746e+01,1.426513283542949484e+00,1.979517267415768833e+00,-1.118340702120781671e+01,1.586229140526938153e+01
7.573071936534566895e+00,1.137411822857009724e+01,-9.154247404435791324e+00,3.178245854270025372e+00,4.375312363633765855e+00,-2.980101738020619351e+01,-3.222785012277463945e+00,-1.068148761806837221e+01,-2.915183276979313121e+01,2.395145445799621520e+00,9.191395912343255148e+00,8.272379473459151811e+00,8.815544796578116404e+00
7.163945536049511453e+00,6.048763583848249858e+00,-1.409249148316335898e+01,-7.541532225293992475e+00,-1.122658568641643839e+01,-3.072317673250107006e+01,-6.808801890025227621e+00,-1.708034642870298114e+01,-3.576520248044689509e+01,-7.498413129435906654e+00,6.839549367440739047e+00,1.098730470708669849e+01,1.817872788551586538e+01
6.258521749219188024e+00,-3.047655157476877541e+00,-1.666078990431685369e+01,-5.765595022740067854e+00,-2.112525362095974746e+00,-2.863472058697530898e+01,-9.526730639879108509e+00,-1.725845028325812791e+01,-3.636100375113954897e+01,-2.855098451262422898e+00,7.849209338965286165e+00,-5.282900898992224370e-01,5.633771865315552851e+00
7.950262117516850857e+00,-7.959871424846247656e-01,-1.996915275801937639e+01,1.217003241302931649e+01,4.832635852177172175e+00,-3.653258173025631805e+01,1.222509931180729126e+01,8.838996781046924767e+00,-2.082133038394413305e+01,9.083396596341659190e+00,1.913357531274165879e+01,-1.727244217549079863e+00,3.733621021135553608e-01
1.381616220204911727e+01,-7.815791057361962224e+00,-3.397277563568298575e+01,1.079395113474695123e+01,-7.428220521440601631e-01,-2.699609177919673897e+01,-1.926112378883462872e+00,-2.523519455391744870e+01,-3.828340646341749931e+01,2.095094189327620882e+01,2.599029799581041544e+01,-1.501855069535089449e+01,-7.315558580637995689e+00
1.864277963866917531e+01,4.123896984422041889e+00,-5.401281806122217688e+01,3.851330745054116278e+01,-6.959063387535390222e-01,-4.756089909902367907e+01,3.085788888973596489e+00,-1.683243176026202548e+01,-4.932676872960600178e+01,3.536815148723245272e+01,3.257873399955642668e+01,-3.051623222129998680e+01,-1.166630888663098986e+01
1.569070927608939847e+01,7.981593729953874394e+00,-3.380861886732625265e+01,3.659637447639523344e+01,2.076715168163313763e+01,-9.468399130453605039e+00,8.872906045497714445e+00,-1.228323480737456386e+01,-2.393477685270773136e+01,2.111627637332729179e+01,-1.613768165916944941e+00,-3.975807416536794392e+01,-3.178699536131857073e+00
1.723209627894042839e+01,2.789702292920231486e+01,-2.160457547134201661e+01,2.490722813047221962e+01,1.375715526711899628e+01,-2.215734049181688547e+01,-1.039899464242294691e+01,-5.189297949072381044e+01,-5.142602814088236585e+01,2.160884863608617934e+01,2.042649194692110814e+00,-3.957318380970863103e+01,-4.719590099710353037e+00
1.754894621241926345e+01,2.149265532382403165e+01,-1.673504107490180104e+01,1.745278075855263111e+01,1.471066614871299905e+01,-1.591358685237534942e+01,-1.932765677036057994e+01,-5.144410171367917428e+01,-3.679444499331783902e+01,2.509336113405477064e+01,1.474501347015668706e+00,-3.242258191611074380e+01,-1.403642691235887696e+00
1.737271161841063005e+01,3.382118011900895738e+01,-3.407640065464979529e+01,2.465547464935049859e+01,1.787705306437990771e+01,-2.662187463902304074e+01,-1.447751283602563355e+01,-5.845973607424599550e+01,-4.887944239456005846e+01,2.770884709408512947e+01,-2.335942381969793868e-01,-2.933824840313727123e+01,1.717919640575038764e+00
1.640310646613849954e+01,1.890708495425408842e+01,-1.551377540427337820e+01,1.203927774671514328e+01,1.686510944229199893e+01,-1.264360033187712773e+01,-1.660622017128817163e+01,-2.822757556817296631e+01,-2.635956777114930460e+01,6.819102013083999658e+00,5.880713970382625000e+00,-1.134077038610376675e+01,-1.047926759823384346e+00
1.548424623940161737e+01,1.793969750504725624e+01,-2.012172772899511841e+01,2.506477730797797676e+01,3.338419497168771244e+01,-1.268694485975098196e+01,-1.543551163188174868e+01,-1.725448483781221753e+01,-2.418726055080676574e+01,3.479546334687466658e+00,2.469261535030390586e+00,-2.567797671965378470e+01,-1.166641438104305806e+01
1.526871107227442259e+01,2.160652894290064907e+01,-2.055082327146768506e+01,2.951155732065773662e+01,3.101968385256284577e+01,-1.452522164996296716e+01,-1.563270587423465585e+01,-2.301589237079860339e+01,-2.094127871786873030e+01,7.608599491927349412e+00,-1.047381806962034467e+01,-3.507696626651958383e+01,-1.043333398792588440e+01
1.413914532814926694e+01,2.988601527347251263e+01,-3.108008222988849667e+01,3.133663062569013036e+01,4.241824188258747341e+01,-1.499542182278195845e+01,-1.043821678966160071e+01,-1.710167815056925278e+01,-9.658641142708276561e+00,7.896557859535874968e+00,-7.589891903952415753e+00,-1.700322266828442253e+01,4.192559512275561673e+00
1.467927133728067268e+01,1.250488369061789662e+01,-2.683707461412983619e+01,2.753561453932100633e+01,4.889332205066487091e+01,-4.421518745217055901e+00,-1.311532142712948712e+01,-3.752003212626705775e+00,8.436600988210588570e-01,1.889973360557995363e+01,-2.910169702680073911e+00,-2.929102119538114124e+01,-6.678478241555988681e+00
1.490614201070480505e+01,1.497392433188085192e+01,-4.672523408256066091e+01,1.810917346915370985e+01,4.974436831225339262e+01,-5.474755202227478357e+00,-2.450505636306469448e+00,-2.074859470376786419e+01,-2.231484909455278043e+01,1.745199692407196679e+01,-3.809547563959732486e+00,-1.355523406546708998e+01,8.814859225856816138e+00
1.441170156347373776e+01,-3.431225911131718487e+00,-4.029011815247599770e+01,1.227984745417263035e+01,2.432093496624710127e+01,9.649708241703025546e-01,8.619427121004143544e+00,-1.685015628828238121e+01,-2.748165252536960779e+01,1.122802631138221585e+01,3.884430877378479696e+00,-2.259949338557587595e+01,-6.971987516354678505e+00
1.423095309415155363e+01,6.684557398425734931e+00,-4.692673720063977783e+01,1.438359731028524813e+01,1.334435807910036154e+01,-1.863399421016988100e+01,7.595056789346685377e+00,-1.691516199210032312e+01,-3.065212129606898372e+01,1.654907632619668334e+01,-4.730219453086704995e+00,-3.317034272231345682e+01,-9.928136604235557883e-01
1.460542796665780152e+01,1.729057684840599052e+01,-6.476265224000341902e+01,1.324983760881547390e+01,1.252074503907372627e+00,-4.233052102922105320e+01,8.923135305825809382e+00,-3.344175406663566719e+01,-4.232884781988312994e+01,1.684859973051227300e+01,-9.158594185074655059e+00,-3.094840649035147706e+01,8.339110553095939113e-03
1.453666657290334641e+01,4.738887399923561006e+00,-5.936901478885487649e+01,9.407482129036701224e+00,6.976585721048239597e-01,-3.509861774616934582e+01,3.069909345240839915e+00,-2.955484488557468481e+01,-3.670143407247450540e+01,1.835794856749872750e+01,-8.518075512252364589e+00,-3.187984312742231197e+01,1.346555197542944171e+00
1.456004655604858655e+01,6.012134155119470691e+00,-6.130315564628376279e+01,2.614760476737711770e+01,-9.383601845074881487e-01,-2.859076329083580603e+01,6.197901871051980649e+00,-1.564002493536765748e+01,-1.755584780505662224e+01,3.388273600774170546e+01,8.527809036423121825e+00,-1.193113128890459507e+01,1.460416974213839758e+01
1.430648058300016423e+01,-8.987711123834952076e+00,-4.681214636191170797e+01,4.903212439727138161e+00,-4.107307644284241555e+00,-4.098033208575183295e+01,-1.610567323803764950e+01,-2.385456089269534274e+01,-2.462653412391813745e+01,1.912986240306202745e+01,6.440218581784405316e+00,-1.517757548484391528e+01,1.021209780032247494e+01
1.365362391056207159e+01,8.168567439212649717e+00,-4.962344101930741402e+01,1.916431912354869027e+01,-1.200638619124576811e+00,-3.431294197554611003e+01,2.755735507596721146e+00,-2.108760403826478935e+01,-1.568943940249696212e+01,2.675736442164594564e+01,1.379133452307326424e+00,-3.737833442602998879e+00,1.652836941543028360e+01
1.427016261182763301e+01,1.045078298382715509e+01,-6.163598900624820232e+01,1.526493649206734915e+01,-3.636246613233488301e+00,-5.244822385559578493e+01,1.347436868633913321e+01,-9.261705113681644619e+00,-6.364849035553410417e+00,4.732540407303883967e+01,1.102871192301753211e+01,-6.065002791846670682e+00,1.054606732439628480e+01
1.332451544321679826e+01,-5.507785350328103569e+00,-4.289746848975212146e+01,-5.386996548618995462e+00,-1.617302121329319675e+01,-4.225540169498714249e+01,-2.026336019929228627e+01,-2.121897487250349457e+01,-1.678025067261678061e+01,1.737970049050316490e+01,1.375637013965338795e+01,-6.145374160497045324e+00,9.225773882861677544e-01
1.384973750319720054e+01,4.254653113112523499e+01,-2.531831549111684154e+01,1.401135031163822431e+00,1.247361346527876513e+01,-2.720882411556095803e+01,-1.011945865337309514e-01,-2.888537095256090126e+01,-1.272139301536303968e+01,4.001670531379249951e+01,-2.323758279777564106e-01,-1.286857657921787634e+01,7.778285083480849238e+00
1.647372163675897028e+01,4.377324200862378945e+01,-2.401846078222262548e+01,1.026612819549678424e+00,-7.590098391085014384e+00,-1.365149454538768481e+01,-8.204223651993993727e+00,-3.440153863140664470e+01,-1.287548928424597072e+01,2.991848575297561297e+01,-5.476785134600064886e+00,-2.305193398362392898e+01,1.698989569952574552e+00
1.660037265921641492e+01,3.053035450975783505e+01,-1.342624884207150870e+01,-5.449263289044369074e+00,-5.446118386219104046e+00,-1.190402401550687550e+01,-4.238751569710166756e+00,-2.320060813640370156e+01,-4.068488716636810665e+00,3.266116763671890766e+01,5.361610328013727944e+00,-9.287847290947071954e+00,1.312148369170347983e+01
1.693478057512725243e+01,3.070509939791777398e+01,-2.044133244617624356e+01,-4.869974462615557442e+00,-6.990173413880430786e+00,-2.241893122582050779e+01,1.175147075740954478e-01,-2.312822533501129030e+01,-1.448791289248111980e+01,3.653479975146936454e+01,2.196627697246835154e-01,-2.576758137713191488e+01,1.566250075669920960e+01
1.674954075951843180e+01,2.617718006283516985e+01,-1.982076672563422903e+01,-6.062318242424593606e+00,-7.527298948009244484e+00,-1.921603735835299176e+01,5.136146170874912542e+00,-1.387212478629511381e+01,-8.192494303580648563e+00,3.960799869750887581e+01,1.043052954440154956e+01,-2.015985065344634819e+01,8.495176543548554449e+00
1.698862935978569055e+01,5.177368772903925276e+01,-4.494386962165839350e+01,8.918600105840605252e+00,-9.580209368980453277e+00,-4.335054126073676173e+01,1.824621010759225115e+01,-3.967870785973875059e+01,-2.064158539123653924e+01,4.790926645406783280e+01,-1.704846520527293308e+01,-2.905813029784984280e+01,7.332791915968039476e+00
1.651847585856274492e+01,2.738575462577390951e+01,-1.711012303730288409e+01,-2.290232313816420895e+00,-1.246536731592561864e+01,-2.212099956543570656e+01,5.226513996481622293e+00,-1.894911556207263459e+01,-3.840057126700608947e+00,4.595075629609996781e+01,5.130105316528826620e+00,-2.195556679367536645e+01,1.258680303268620904e+01
1.678389300389198624e+01,3.111326174125596111e+01,-1.931402693982640884e+01,1.303787602454112404e+00,-9.618949740254247871e+00,-2.656660279910665423e+01,3.783595984623373099e+00,-1.653474845504485558e+01,-6.815894419606970622e+00,4.070495501789979187e+01,4.851223959832135613e+00,-2.202119487758062277e+01,8.487740560745303142e+00
1.631613623419947245e+01,2.697919685108501753e+01,-1.111689961072315924e+01,-3.099324383568816121e-02,-9.559522880110050025e+00,-1.513000314590107465e+01,7.267768973084113959e+00,-1.950045043118509369e+01,-1.950842964954816239e+01,2.166152696670278743e+01,-1.642520222254511275e-01,-2.214466666351934876e+01,3.697540399133367739e+00
1.653753864860484768e+01,4.952768350338369885e+01,-3.563788106038082759e+01,1.308670588703319204e+01,-2.206545687425552416e+01,-3.351763531797075046e+01,2.578534687565524308e+01,-3.651615578927376049e+01,-2.818340104523769085e+01,4.389799793459479815e+01,-2.148665280232740393e+00,-1.851668988885181832e+01,1.358470905746844792e+01
1.646426440556420800e+01,3.113555090539954406e+01,-1.155153214487503632e+01,5.634053004061037484e+00,-1.562145241782519811e+01,-3.044901339385484818e+01,3.145902600947665384e+00,-2.503435611123324378e+01,-1.767131765367182794e+01,3.472627538434655037e+01,-1.647525512080172394e+00,-2.568480256507690385e+01,1.174802612822994519e+01
1.623574316018920882e+01,3.479626240121184821e+01,-2.016094178285973726e+01,1.806909857693503696e+01,-1.731407127642529886e+01,-2.125047488081455072e+01,7.664022916148715225e+00,-2.096848126257358302e+01,-1.818457874555052811e+01,2.249178321512948031e+01,-1.740393946369938494e+00,-1.595299265185641957e+01,6.319565066924933916e+00
1.628023674526700759e+01,3.276485945167810598e+01,-2.507903169054858949e+01,1.460858992778556598e+01,-2.358870348930685878e+01,-3.568537935580930309e+01,5.235888471826972257e+00,-3.796098960014492008e+01,-3.327806575950022250e+01,2.495156224385854316e+01,-6.348449868079333314e+00,-2.195201876028835031e+01,6.518565502758957741e+00
1.616231334306259626e+01,2.777892950005992034e+01,-1.849330198478363485e+01,1.656439498927247556e+01,-1.774601453807318308e+01,-3.796543553796343673e+01,1.173834072432366149e+01,-2.022682826609011997e+01,-4.070449181977311071e+01,9.017779112771597383e+00,-7.158747653315364889e-01,-1.496956570515021667e+01,1.225847233301987593e+01
1.561597235674615725e+01,2.477913161054548397e+01,-1.160621565239690511e+01,2.340954800787847745e+01,-8.539902427069998581e+00,-3.739461645568171377e+01,3.312032681965421332e+00,-2.066581340730009941e+01,-3.923825274575454358e+01,-6.338796379867308595e-01,-8.976942536376757431e+00,-1.614226705119698480e+01,1.025636384493867936e+01
1.491243967438621709e+01,2.080923447272666138e+01,-7.084554414376285081e-01,2.186840458188937930e+01,-9.185321103501150830e+00,-1.868843233191191899e+01,1.562773068431273948e+01,-2.568938978039993515e+01,-3.374224307633593156e+01,5.275156386554333388e+00,-2.557845096678697061e+01,-3.038927052293913533e+01,6.170115432367777153e+00
1.442641889093646412e+01,1.967179528628619778e+01,7.696783944853785586e-01,2.629012931438699496e+01,-4.461187951372961535e+00,-1.768886386811468725e+01,1.802292548076297507e+01,-2.507569748442871216e+01,-4.057065334986193506e+01,5.729404551639505350e+00,-1.888888589351016734e+01,-3.337619861254524523e+01,1.023265593327512235e+01
1.435069386542857472e+01,2.471806995201098545e+01,-9.240479572206165670e+00,5.521965915796248936e+01,-3.851736081109814691e+00,-2.835767485138617161e+01,3.871791595128822649e+01,-2.489099703197591040e+01,-4.026573678989182525e+01,1.732089360988922166e+01,-1.938516655925827337e+01,-2.218903640588471404e+01,1.504135490625485438e+01
1.473546333230497574e+01,8.688319725766074697e+00,-5.856531608641825315e+00,5.037798815924973894e+01,-7.938367121044107577e+00,-2.935756289687138221e+01,3.252892063698039493e+01,-1.838640449113201569e+01,-3.467994337309512787e+01,1.234230043530391718e+01,-2.340004711218694311e+01,-1.912136355392060949e+01,1.223310858364702902e+01
1.432254266093334394e+01,1.498657752163784718e+00,-2.363120769126665799e+00,6.195823473155844852e+01,-6.099200717825358886e+00,-2.743983415878210508e+01,4.148703919518346339e+01,-2.335896693655687884e+01,-3.438312796337131516e+01,2.050950202115834742e+01,-1.782658045122124335e+01,-1.366845978921655202e+01,1.085633557728285936e+01
1.445050318079748131e+01,-9.995087306363313884e-01,-1.587270939545242499e+01,5.821896042106681790e+01,-1.083026264249516224e+01,-2.635175682945424214e+01,2.846148350649593084e+01,-2.016978462361997515e+01,-2.884891100470160197e+01,9.994546904509570950e+00,-1.458631843526661243e+01,-9.583617411583865930e+00,-5.190133479211991308e-01
1.759861634010657738e+01,-2.456894894992091238e+01,-1.555983043754250161e+01,4.099832170581929347e+01,-2.053050659640299358e+01,-1.416301217779688848e+01,3.443095050823189496e+01,-2.367415325487970890e+01,-8.075291992558073062e+00,2.751258372589951406e+01,-2.037762984870723315e+01,-1.305453735638945734e+00,1.635496098530621012e+01
1.664902209949161360e+01,-1.303259197001746550e+01,-2.324782723119387740e+01,3.461315225536620943e+01,-2.029888949560749367e+01,-1.413763549231231842e+01,2.995444985424038009e+01,-1.648735747542661656e+01,-6.581617198587100148e+00,2.474534201980402415e+01,-1.420303553825463183e+01,-3.263288052802920003e+00,1.219846579336332049e+01
1.361706006172699901e+01,-1.930481312748851153e+01,-2.556700803302768676e+01,4.709794723438886166e+01,5.687876180807209359e+00,-3.868944405905391903e+01,1.209404540095960279e+01,-6.207286976385530508e+00,-4.579165874655924284e+01,-1.495067981875069130e+01,-1.258821615105067515e+00,-1.208854015591476028e+01,-1.514429769267073844e+01
1.119589244933849237e+01,8.528715905602727076e+00,-2.337698639179107829e+01,3.428833234302544497e+01,8.356984491381604485e+00,-3.521755390404984354e+01,1.102052237038260607e+01,-1.667102697183353044e+01,-4.117308981047083449e+01,-6.400493564724402340e+00,-6.768912423742240669e+00,-1.688838983384843573e+01,-1.402228896022499782e+01
1.046116374206119559e+01,9.487150601515963899e+00,-2.937019360802752033e+01,2.861462901459506369e+01,1.070141089955805747e+01,-4.340423929545132609e+01,2.227001059582660858e+01,-1.925803089017823666e+01,-3.989950065089998077e+01,5.688690037835541169e+00,-2.181637330846595191e+01,-1.322927016569616754e+01,-6.994804676415746769e+00
9.328383864353130051e+00,4.472916548440710294e+00,-2.810447822243007110e+01,2.208324969271502880e+01,4.148399099303514248e+00,-2.943453563898693304e+01,7.942810215337074986e+00,-2.004037247634607155e+01,-2.257199210509162057e+01,9.916706823120849279e+00,-4.471024665147291799e+00,3.999287279661212224e-01,1.504070418537947207e+00
9.066188822180102136e+00,8.447665568471375508e+00,-8.980384660326416579e+00,2.390616491202492355e+01,-2.225883163902247386e+00,-2.216210178021571409e+01,2.305885244056076644e+01,-2.434028668924194339e+00,-1.795155566334763009e+01,1.498879874102062715e+01,-8.086571503030009822e+00,-1.440893760243214317e+01,-8.847496313751691821e-02
1.313651710263315309e+01,2.117762328904332492e+01,9.089898881760507976e+00,1.269561283991241218e+01,2.510548940481223124e-01,-7.119482279350771492e+00,1.575261557330182374e-02,-1.074645930085274870e+01,-1.699572506762576651e+01,-1.135011834772096684e+01,-1.799870451288175488e+01,-1.860121410675598952e+01,-7.586927906679495237e+00
1.630088957860730758e+01,4.074191234793490679e+01,1.302515133713723827e+01,2.927815545423727883e+01,1.077787075333924527e+01,-2.039528259701607737e+01,4.620115880724665836e+00,-6.923651099408528076e+00,-1.894757952068426476e+01,-1.920915009740178547e+01,-3.639518743997625450e+01,-1.687629293955578902e+01,5.587909942260430363e+00
1.687321199955630746e+01,3.923339413526279884e+01,-2.683888202682628954e+00,1.157460047474815568e+01,4.261881212076135128e+00,-1.635324637874466447e+01,1.918571273915919662e+01,2.185024027742438868e+00,-2.712432352179200734e+01,-2.400816430694967352e+01,-4.232791508053128382e+01,-2.680834098161576406e+01,8.486274894177812556e+00
1.702785208479420831e+01,2.943238905239932635e+01,1.403095302217085916e+01,7.332770891656210210e+00,-2.712574099386626525e-01,-4.471485867705241368e+00,-4.672959971970897519e-01,-3.651464496769962764e+00,-1.511405389191896909e+01,-2.317158938010409841e+01,-2.352433963711559173e+01,-1.411026053579172412e+01,-2.481410571856236480e+00
1.680532523002676015e+01,2.178990434427302247e+01,2.283347471304707721e+00,-2.064679696860588720e+00,-5.501264305648183583e-01,-7.695177456247765946e+00,-1.819992840089929942e+01,-2.045180981785391339e+01,-1.784159932494365819e+01,-1.675871287435734658e+01,-1.079192838081272043e+01,-4.176360980288343683e+00,-3.014051780061095531e+00
1.707264094145757838e+01,3.116302836379015773e+01,1.505396843561005893e+00,4.528658943760239808e+00,5.513174866420237130e+00,-1.545727108651216497e+01,-1.913159571258214697e+01,-6.648653062916369372e+00,-2.498377174438305648e+00,-1.060198533443061031e+01,-1.632326769037362268e+01,-5.857112982912958898e+00,6.666529506499616176e+00
1.703003525495069681e+01,3.557145043641513382e+01,2.055701291442611822e+00,7.442459627405391132e+00,5.443058682316169516e+00,-1.687472968954388008e+01,-1.381188140736465364e+01,-1.744443512053906176e+01,-1.827327168480006137e+01,1.169934466282022356e+00,-3.060849851411053812e+00,-7.719912103677188497e+00,7.303264475587816662e+00
1.679401069423471426e+01,2.653824357691171798e+01,1.855992214834383480e+00,7.197884552176577744e-01,-3.752313396966933556e+00,-1.479306896263943649e+01,-1.179783279905060134e+01,-1.600492324072933670e+01,-2.263189673513662470e+01,-1.616867984270819036e+01,-1.222645918736439974e+01,-7.742484202421709760e+00,4.864280527490479678e+00
1.537741811640277589e+01,4.720067055049305793e+01,-2.380778618638138155e+01,2.002821746772788103e+01,1.095459597685680997e+01,-2.865639981048463980e+01,1.483171055484173628e+01,-2.396451452531178106e+01,-2.839472889978773296e+01,5.018160115978496982e+00,-2.458908877605455956e+01,-1.467569730839644038e+01,1.107145042544263980e+01
1.484026291492004823e+01,2.467001871336725216e+01,-4.062639778001980062e+01,2.640274915372400244e+01,1.858217373522541127e+00,-4.311143072536084020e+01,2.503574049036179261e+01,-1.389365105769034336e+01,-4.565242313852402134e+01,1.534310728846872474e+00,-8.379779212007154143e+00,-8.056141360740564750e+00,-3.741846767186340461e+00
1.558977469420853978e+01,8.148159194659605475e+00,-3.472756751338672387e+01,1.584811777428916457e+01,2.926462405654105314e+00,-2.382742705936810879e+01,1.878756406599952911e+01,-1.198511351209944564e+01,-4.055589647439606438e+01,3.737083425295984807e+00,2.069415777259142164e+00,-1.602953294254513850e+01,-8.292111995042546368e+00
1.532756630181568269e+01,9.729947986377638358e+00,-3.803274410244103620e+01,2.303381166975326266e+01,-5.969006058624261257e+00,-2.874071769322777214e+01,2.000217312223390209e+01,-8.257432153828531796e+00,-2.861755713565296944e+01,5.405179081241327843e+00,-6.806602837372204284e+00,-1.821900268013581581e+01,-4.455446858075912786e+00
1.516502937276695206e+01,1.868524535764720440e+01,-6.024494008190552563e+01,2.423010648528029165e+01,-5.470462722396081112e-01,-4.397325008141810798e+01,3.204002507276835132e+01,-1.630383781727705994e+01,-2.494248105938968152e+01,1.779596064718064952e+01,-2.123459785641790631e+01,-1.229787313434193052e+01,-2.775349885445482112e+00
1.499451092315466560e+01,-5.331677378093651498e+00,-4.342048797644890357e+01,1.306723715383538575e+01,-6.998192014612146572e+00,-3.553895016529524753e+01,5.964376079544754461e+00,-1.776311231644470467e+01,-3.173152882903981364e+01,2.775609284405854194e+00,-2.977999120038464564e+00,-5.250098378339986382e+00,1.089577348967853965e+00
1.537409817387101185e+01,1.697476192375596549e+00,-6.094691006902449715e+01,1.803671790828309440e+01,-1.758334077516976990e+01,-5.287454253211639355e+01,9.964898817450768220e+00,-1.741862854388579507e+01,-2.954432911658898675e+01,1.361278313890492342e+01,1.980496589117402451e+00,-2.909806045078284331e+00,4.721209411661133615e+00
1.418958260871710308e+01,-2.681678642177206751e+00,-6.336158194743892125e+01,1.876847198385313886e+00,-2.049410166674740452e+01,-4.677133712034144253e+01,-7.167610244858222401e-01,-2.484308851193775425e+01,-2.793033789396667643e+01,1.487228541821128047e+01,2.185937127886388609e+00,2.207636186653956223e+00,1.381133526158584601e+01
1.105095446659585257e+01,9.465925300347963756e+00,-2.919203619136821715e+01,7.715681467817807615e+00,2.547763795788898111e+00,-2.816450721584791950e+01,1.989640077440326893e+00,-6.171260905747622871e+00,-9.744509121801950613e+00,1.073641969068036239e+01,-1.197654105757743448e+00,2.687111232716546727e+00,1.230248872263248749e+01
8.813123704790220003e+00,8.590872688677373414e-01,-3.562650484802643547e+01,1.280681527600711522e+00,-2.452444091370313828e+00,-3.402979362305831046e+01,-3.971661902076029649e-01,-2.122465714607899656e+01,-3.266078649493741182e+01,-7.981381707142393367e+00,-9.469628529737111222e+00,-5.240998071686488124e+00,4.073007763996685071e+00
7.528069202838489460e+00,-1.064280065774122264e+00,-2.987184725476442537e+01,2.602406933432049208e+00,3.859615781729841100e+00,-3.293798185856231697e+01,3.589028718251871197e+00,-1.062696500877795813e+01,-1.274920425350926934e+01,5.681175096679938363e+00,-8.971289423999358803e+00,1.463483505893989012e+00,9.290243308615050211e+00
1.201856954213908146e+01,-1.168027946943456108e+01,-2.860375748242389449e+01,4.075084485358188857e+01,-1.374437343327816308e+01,-2.359187975271515825e+01,2.979628126155233048e+01,-6.919004333842849519e+00,-1.267174942309387475e+01,2.003769566455316564e+01,-1.054849219038154473e+01,-1.027614810422946690e+01,8.462546715894843530e+00
1.215055200561773496e+01,-5.584649276558821818e+00,-3.164416566579063428e+01,3.252631934097549760e+01,-1.669799802686213752e+01,-1.535869149600897288e+01,2.007848798086423159e+01,-9.638285357469444037e+00,-1.178921337644828959e+01,1.704188863855929981e+01,-5.528871363024862262e+00,-3.637420596928416572e+00,6.854991916594627810e+00
1.067725455152736558e+01,-2.622235707034370478e+00,-3.698212719752002897e+01,1.701559649732827850e+01,-2.499968651057696556e-01,-2.909990295585112108e+01,1.420237785712743417e+01,-1.114432944711950313e+00,-1.844398714349794233e+01,1.367552400297818949e+01,6.555249661233974123e+00,-1.540486075428875168e+01,-7.855687648209312535e+00
1.539995590433758821e+01,1.240117057227207553e+01,-6.118401811371458621e+01,2.688755946697795096e+01,-3.849195826014940369e+00,-5.526484578454817864e+01,1.615385230038144115e+01,-1.874427153930855283e+01,-3.524378733174127376e+01,2.497661383758025266e+01,2.121436957603306972e+00,-4.529378655822499766e+00,2.210122695992476238e+00
1.427554167186948852e+01,8.274492992741894426e+00,-5.240709435660073723e+01,3.354704876016860027e+01,2.986104745910973524e+00,-3.087050371896670242e+01,1.911280728511511384e+01,1.303181776838471695e+00,-3.086649977611663331e+01,2.642741712003161325e+00,1.596476221914420401e+00,3.639422026003684141e-01,1.006111114833038478e+01
1.517678728864289894e+01,2.498391455621181478e+01,2.840074158802071924e+00,5.866006717744396859e+00,-1.247997500034372820e+00,-1.631947029368704349e+01,-1.537762006847107266e+01,-3.141061421132566522e+01,-3.511133760406847415e+01,-9.044802285251188678e+00,-8.158911506010731784e+00,-1.376547555251826971e+01,3.958274393112919842e+00
1.588895875914977296e+01,2.950061726578011090e+01,9.105288252420292716e-01,8.953822438679299722e+00,-1.252145073682840337e+00,-1.361207039790933848e+01,-6.087166464261562382e+00,-2.474109724402536870e+01,-1.182773112119408054e+01,1.210261225297097099e+01,-1.836881725679835142e+01,-1.894291849034954112e+01,1.037033516368374997e+01
1.558743290446879115e+01,3.395302621533403453e+01,-1.315318994320514001e+01,1.147690230025718883e+01,-9.030077687018820853e+00,-3.671908278269807369e+01,-7.388566357171009180e+00,-4.022838821744165472e+01,-1.994171251046545024e+01,2.109290161072931369e+01,-3.305142221091632848e+01,-1.701464408765479419e+01,1.986252559542117879e+01
1.574380589864414937e+01,2.570000810885833076e+01,-1.114559805962012362e+01,5.270084077775793574e+00,-2.301281992075150029e+01,-4.302438045226467267e+01,-2.016106557027110924e+01,-3.830990326439065541e+01,-5.133328302779415431e+00,2.219535855538813962e+01,-3.499154952337732993e+01,-2.029598587202455917e+01,2.050999251094996012e+01
1.626853919349598598e+01,2.917233546011361867e+01,4.294979537244659973e+00,1.039699683907294592e+01,-8.452461880822466966e+00,-2.650157867425428293e+01,-2.174861355310839883e+01,-2.809554289624584200e+01,8.226605278243936947e-01,1.787782513825791497e+01,-1.834877770463571167e+01,-8.224510208368684516e+00,1.620255034332030064e+01
1.631066465986659608e+01,3.443702094037951156e+01,-8.512626224126327301e+00,2.500839769100079835e+01,-9.516063005310440914e+00,-3.988844599804114210e+01,-2.170180845790992308e+01,-4.294427175103857053e+01,-5.320010613253292497e+00,9.850215807469171025e+00,-4.183344847993310367e+01,-9.953547451828567816e+00,7.098410998971051988e+00
1.635635279714614754e+01,2.312674833125815610e+01,3.388980993455719570e+00,1.500657362270958650e+01,-1.108498506432066577e+01,-2.829479584550577798e+01,-1.720864900162567679e+01,-3.643413593160332908e+01,-1.351296951833852233e+01,4.548105905392667125e+00,-2.849099071507901115e+01,-6.741239811059744014e+00,1.126642341858910079e+01
1.623961477839104717e+01,2.948909679034424514e+01,9.948502437938879339e+00,2.131002157618786086e+01,-9.963098432071264554e-01,-2.956719470321562682e+01,-2.372639559429655165e+01,-3.148025238410538407e+01,-9.026847121347707059e+00,1.229077588061718096e+01,-1.974791220366790157e+01,-1.553082772756823715e+01,1.772145799627034668e+00
1.594354649524599310e+01,3.324980689402750045e+01,1.103296601537011146e+00,1.027419469677728081e+01,-1.356650939586620197e+01,-4.066573976407613600e+01,-3.149854129243342626e+01,-4.327545465856095319e+01,-1.471889536489556960e+01,1.024456395843470702e+01,-3.454890957966451737e+01,-3.140107241341119249e+01,-5.812567848179979180e+00
1.583007245935089458e+01,3.169109443915837687e+01,4.733079984758998826e+00,1.046396325162806029e+01,-2.042516773713684941e+01,-3.424239959179313786e+01,-2.121365658116903674e+01,-3.916287336740106895e+01,-1.404382585268936667e+00,2.411083993803947578e+01,-3.346664363924500663e+01,-3.028195434416428355e+01,3.609047498610882254e+00
1.602637565687390975e+01,5.208998528648275084e+01,-4.985517181814903331e+00,1.541606773806213937e+01,-1.256686700493839304e+01,-4.726399440732659940e+01,-4.553639104887109990e-01,-3.733370773628620043e+01,-7.857409097507495055e+00,3.532802281476171657e+01,-3.057840196761148732e+01,-3.168268455633578640e+01,3.969541252539761977e+00
1.509902393403462995e+01,2.168879304737750857e+01,5.635958773637560704e+00,4.114646740613741471e+00,-8.276774786221801961e+00,-1.297410575114772335e+01,-6.096339635954906910e+00,-1.634456677274086189e+01,-1.278667493930688615e+01,-3.885357038139400920e-01,-6.530805649687388303e+00,-2.091468780342110811e+00,9.382212779630894062e+00
1.340443070366552902e+01,2.598419481992844027e+01,4.678713246466688958e+00,1.190402306661130361e+01,-1.202284506221873439e+00,-1.205837086791891366e+01,1.413851123007149324e+00,-9.916207989623281094e+00,1.674633572301639894e+00,2.085621803609570790e+01,-5.169975870340365987e+00,-7.537802098821538621e+00,9.251957343572065895e+00
1.269802607355662971e+01,3.862794002765168244e+01,-6.537937265804331766e+00,1.400515070892795144e+01,9.728583435139588786e+00,-1.828078381987550571e+01,6.208487093439968518e+00,-1.909157934738832552e+01,-1.225056936888791270e+01,2.534121711806463750e+01,6.576034166720270413e+00,-6.371528272750184740e+00,2.026186444959775235e-01
1.277718471348165963e+01,3.806028697279457162e+01,-2.272319414452570285e+01,-1.306932398458352296e+00,7.497757626362323791e+00,-2.572536262219924552e+01,-8.803920338107932286e-01,-1.527997290655511442e+01,-1.973897381960764008e+01,2.020706326217687376e+01,1.748510744791402116e+00,-7.062414310485999991e+00,1.185560618675822298e+01
1.342169800562430204e+01,2.596286706588200133e+01,-3.053423512222106240e+01,-9.133642003306725599e+00,-3.929753060848783619e+00,-2.731053055089966008e+01,-9.836831338096159172e+00,-1.777385031483428790e+01,-9.018226871499066988e+00,2.418838530544794807e+01,2.122926162530647076e+01,3.220458820133109246e+00,-2.354049475799082636e+00
1.324035144218802706e+01,1.656328005032444750e+01,-2.757204443520550896e+01,-1.153352885961583141e+01,1.025685730396075712e+01,-5.652149441051243173e+00,-1.558639108538389983e+01,-2.721467540072224622e+01,-2.240151465390735197e+01,1.321934019678823802e+01,2.850368223069676432e+01,1.793356366269198787e+01,4.877500692161014229e+00
1.318485116551012126e+01,3.152537537647372190e+01,-5.054559953547690299e+01,-9.094640009645381440e+00,1.912187747736884091e+01,-3.304557410783128546e+01,-1.509717656715279244e-01,-2.464635065740030129e+01,-2.532626183437317380e+01,2.339644099879535588e+01,1.026082452245393739e+01,1.046781781067162953e+01,8.075121402225411416e+00
1.345484438001723682e+01,2.586315092527601678e+01,-5.400929840190616460e+01,-1.286037959728646918e+01,9.639507130971841420e+00,-2.663456889106967651e+01,-2.093243260293562447e+00,-3.706847031626649169e+01,-2.785646156845050925e+01,2.949119858294760732e+01,1.845770280109167771e+01,1.697728905259866750e+01,9.129790872049092343e+00
1.343378981176927134e+01,1.969254857217226373e+01,-6.050503789824216483e+01,-1.953339590634979572e+01,1.289041072725678694e+00,-3.771387374607368770e+01,-2.119112148633969994e+01,-3.714748368897733144e+01,-3.252227232378621125e+01,3.602342090465114222e+00,1.441398599996149343e+01,2.892545020970906933e+01,1.197118497759724320e+01
1.455846782105778381e+01,1.224434401034511843e+01,-3.326086001310940077e+01,-2.406404041584476872e+01,2.685511520564987986e+00,-6.670206480533757976e+00,-2.195582601418195523e+01,-2.937947975513998955e+01,-2.386225604711643555e+01,5.190405474518355433e+00,2.545862785591697275e+01,1.641911324935374950e+01,4.961315697867679120e+00
1.480614934281835637e+01,1.766745812608412436e+01,-3.495393908371018199e+01,-1.404929562429371614e+01,1.824541266850905785e+01,5.041554849616031397e+00,-1.225192873130971094e+01,-1.958503483727464101e+01,-1.744312517055280409e+01,6.932648395526051388e+00,2.777299190205934565e+01,1.868662144020578353e+01,-3.021745530808225944e+00
1.514412077705726567e+01,1.214727711121958720e+01,-3.579421736588736991e+01,-2.337503946912532982e+01,1.056201822452960748e+01,3.455805170942856996e+00,-2.034328956741475380e+01,-3.164024497672432190e+01,-2.250368483293426536e+01,3.581257322137537447e+00,2.102270575583225920e+01,1.458837866239920444e+01,4.202669207190934841e+00
1.486525570264366536e+01,2.265476650197611974e+01,-4.015259053873376871e+01,-2.296546571164176953e+01,2.182239099056137022e+01,3.394265254383197483e+00,-2.427135169498000877e+01,-2.732465339146909500e+01,-1.680815071310060205e+01,1.820597744150606712e+00,2.164289783609833151e+01,2.347343444814670477e+01,9.020774732098432835e+00
1.402490408188358728e+01,1.585245423988914837e+01,-3.437594150803447235e+01,-2.423886735200476039e+01,8.234993763096341013e+00,-4.985832757288376271e+00,-3.245388118898016216e+01,-2.621387386054795599e+01,-2.398501576141426117e+00,1.200830934205271561e+01,1.439796539538204101e+01,7.828003279715240126e+00,3.516900661811832585e-01
1.325320735951561879e+01,2.997537355317385988e+01,-4.961180206761211053e+01,-2.626746278327366468e+01,1.389843134898291233e+01,-2.271025552534313263e+01,-2.714144790252757744e+01,-3.226914938101253938e+01,-1.639023403455616190e+01,1.176350859845511998e+01,4.203201664384404346e+00,7.434494933830787744e+00,1.504959215444987741e+01
1.273102044004020250e+01,1.501605480345191523e+01,-3.059992896638432214e+01,-2.076696348882310872e+01,1.172248376106403178e+01,4.095681498410041144e+00,-1.728499016683770861e+01,-1.645141403951281589e+01,-4.890080774592644453e+00,-2.476817304342337600e+00,2.127853378486169511e+00,9.823269752976731439e+00,1.075150839000349379e+01
1.273592784675704159e+01,2.910834098984707552e+01,-3.419097021449164941e+01,-2.714138887740397621e+01,1.192467712818855752e+01,-1.948913871537644127e+01,-3.144598216896701359e+01,-2.538531073787532577e+01,-1.364066680964566736e+01,1.074118296831935737e+01,2.516039246964389520e+01,3.052377036463806448e+01,2.218821507145872474e+01
1.181648561082183946e+01,1.796339553716224913e+01,-2.325010129147838001e+01,-2.261011658674253511e+01,-3.405825304692190247e+00,-1.249176839915988957e+01,-2.402816939030674703e+01,-1.998231265560844960e+01,-8.822176509380044607e+00,5.129858647222530266e+00,1.262681709439245559e+01,1.655525766437305890e+01,1.219374660327956406e+01
1.086306829570011168e+01,2.422359288845352054e+01,-3.646050670944160998e+01,-2.989037762724143121e+01,1.405789836595651821e+01,-2.464019428892924779e+01,-1.634068669071856661e+01,-1.561300573210283460e+01,-1.822918698407795546e+01,5.185986990030372112e+00,3.833879777347359408e+00,2.911943604228087956e+00,1.763546956805626564e+01
1.021708817077594311e+01,1.870496044776240652e+01,-2.559029524598890148e+01,-1.687040717307630189e+01,5.489146591705704736e+00,-1.771033835181821203e+01,-1.559577059544254496e+01,-1.050808912856149391e+01,-2.171574995889468951e-01,1.608627245036151621e+01,1.717975110905012315e+01,8.707461655935404110e+00,9.611008539478204327e+00
8.897926249144001432e+00,1.492054030495118511e+01,-2.787904924408059415e+01,-2.095891636489519172e+01,1.213969607510356319e+01,-2.259547489556783972e+01,-9.831542818928477701e+00,-1.191058149079692008e+01,-1.579981695174462963e+01,1.123857397952889414e+01,1.228655790888525523e+01,6.892346536939155222e+00,2.184216307975248128e+01
7.416178938112786945e+00,6.986813120015853862e+00,-2.223211000273074944e+01,-1.065228655446135875e+01,6.214761160986445709e+00,-1.836324943519248620e+01,-2.321189031846971673e+00,-6.669892322024924880e+00,-1.349481344555386109e+01,1.125704835067894294e+01,4.391880591518503962e+00,5.311727480638069210e+00,2.671320431400156536e+01
6.420550777426039524e+00,1.130582677069634556e+00,-1.822470728999125811e+01,-1.010479781785082665e+01,9.465568604346778159e+00,-1.621825156670585955e+01,-6.177162176269162863e+00,-6.249319022207902918e+00,-1.966521831430582878e+01,-6.742664848631334529e+00,-1.440995340160678317e+01,-1.108010710566231261e+01,4.175330816894233799e+00
6.254608434348458701e+00,-2.064646017781188281e+00,-1.767085187225636389e+01,-5.350121437585967143e+00,5.074043934254678589e+00,-9.025442793549515841e+00,1.148267641530110161e+01,-2.930812061518254019e+00,-3.270383082603450475e+01,-1.300106858206510196e+01,-9.905907373346591882e+00,-1.248338166958174611e+01,-6.548066694707118884e+00
6.172068148348095029e+00,-1.448533728455378755e+00,-1.709736838424034389e+01,-4.182029398875456216e+00,8.129369114639688476e+00,-1.962713765955260570e+01,-6.478438228451322445e+00,-9.310898284249326196e+00,-2.417644520302845734e+01,-1.346984316518316049e+01,-1.600770501837920534e+01,-2.142782187985177700e+01,4.588475255286222243e+00
6.129103264293803477e+00,-6.073053813544226465e+00,-1.737552867996287631e+01,3.226036495698045847e+00,1.281859387843862308e+01,-1.798952361369050479e+01,4.220631142550625547e+00,-8.516367785717217087e-01,-2.321760857325127247e+01,-1.459990108755145499e+01,-2.084812729610930049e+01,-1.836144134247739146e+01,5.576326765769180405e+00
5.988335977080153860e+00,-6.090154227933520126e+00,-1.765102246095279526e+01,-1.604221390504357636e+00,-1.372541663700371339e+00,-2.375780588253813619e+01,3.786034634090709616e+00,-8.186131170461784512e-01,-2.380408003209079126e+01,-1.846719974377272644e+00,-5.261247670151499634e+00,-1.335330448655887992e+01,5.574387006069544626e+00
6.146482404399582045e+00,-8.088171215212549114e+00,-1.760337043647614053e+01,4.811590074860777833e+00,1.603598398285801707e+01,-1.774663067034051878e+01,-1.716150656377847250e+00,5.824072424745276422e+00,-5.710678351287430843e+00,8.807906312703195795e+00,-4.133522879294288188e+00,-1.124949899362765038e+01,-1.458037328765899032e-01
6.293347604893954284e+00,-9.519340161566779202e+00,-2.478265341945278877e+01,-3.396196684551964218e-01,1.411142925456333685e+01,-1.133322533408611932e+01,1.024857219683712550e+01,7.605921782142626597e+00,-6.236474810715708195e+00,9.933189765857731501e+00,6.337650651431072646e+00,-6.490939120822709185e+00,-1.402714036517787449e-02
6.018893824151994032e+00,-8.206159623602227171e+00,-2.401733495434083565e+01,-5.548720189780111944e+00,9.453752550363157425e+00,-2.025767851292771127e+01,3.770843854584252863e+00,-5.459818788064896289e-01,-2.485153894874801495e+01,-9.200394949141211143e+00,-2.116704570670601981e+01,-1.890471028662601327e+01,3.509617363348566776e+00
5.736267484143246165e+00,-7.232632509409482324e+00,-1.887394714674865170e+01,-2.793211011015445333e+00,5.239612101791512266e+00,-2.106048187311651176e+01,-1.888889720309575582e+00,-5.739630432924506920e+00,-1.236147541913921799e+01,2.965598248790273672e+00,-7.777494008245830592e+00,-9.639359230377539944e+00,8.840124494642413566e+00
5.891789472770055269e+00,-1.283804559508329035e+01,-2.498758765174664020e+01,-8.251992396914838324e+00,1.341912970806825312e-01,-1.816111225951180685e+01,2.090735241727852856e+00,7.850133137047920151e+00,-1.116059262395619456e+01,3.272948887924820305e+00,-1.201958728765123574e+01,-1.435956878852746144e+01,1.039085119351809006e+01
5.856322135390573891e+00,-9.483580982815759342e+00,-1.829131614412606055e+01,2.366276279594988208e-01,1.060849790286674654e+01,-1.611289988820514552e+01,5.506730035499724174e+00,7.368014268747586915e-01,-2.314187330747297366e+01,-8.997014685558486491e+00,-2.061821354973658060e+01,-1.906135217012124627e+01,2.200042926358859674e+00
6.063378838430543816e+00,-7.580401226068905096e+00,-2.361834077183046787e+01,-4.909525689975160923e+00,8.300668135200158559e+00,-2.271072094170670752e+01,-3.682559192009869253e+00,-6.591257149071793719e+00,-1.613194435214283118e+01,-4.945539298844168208e+00,-1.311474732867848836e+01,-8.458933631313822588e+00,1.369753346181921927e+01
6.389834759402355679e+00,-9.959267638087805352e+00,-2.884848082762891863e+01,-5.954262554744646607e+00,8.546686624429888468e+00,-2.128804130026374253e+01,-1.431312094525015954e+00,-9.619208402505012856e+00,-1.778547295677001472e+01,-1.415707244903708073e+01,-3.092002515421062725e+01,-1.914319992443170548e+01,-9.018928367523905143e-01
6.120723696557014648e+00,-6.861345100029300426e+00,-2.358895774139098123e+01,-5.304516768762208123e+00,9.086540784321673669e+00,-2.981032115002412297e+01,-7.952856853722347630e+00,-6.789757638057169586e+00,-1.662054235133320645e+01,-3.453507583428764960e+00,-1.781122834106798791e+01,-1.373685383089201117e+01,-6.959961729709707168e-01
6.050796725623393435e+00,-5.819275018701964619e+00,-2.053420442588041084e+01,-5.036057684045273319e+00,9.955024867221409224e+00,-1.434039397557846307e+01,-1.934341314165515469e+00,-4.801743258521176116e+00,-1.610579953130299558e+01,-5.276071687795822029e+00,-1.107053502675644374e+01,-7.398456836214752030e+00,1.028706753269000629e+01
6.154505781513805118e+00,-1.006302921865295730e+01,-2.069525398715033049e+01,-5.933917959752003091e-01,7.118204240345134437e+00,-2.495894804927264943e+01,-1.293519202214997166e-01,6.647223515495053192e-01,-4.336709097404360946e+00,1.488040012593425310e+01,-1.378098898422461538e+01,-1.683680859382361916e+01,5.063966958484686920e+00
6.086775086464799145e+00,-7.550858047236991943e+00,-2.186669899940849149e+01,-4.907672373257940257e-01,7.112687144541812501e+00,-1.684344308520147493e+01,-9.696982153310303998e-01,-4.907328114407238928e+00,-1.620192884035233050e+01,-2.925212571875016820e+00,-1.410666128577641665e+01,-1.471863482570557835e+01,-1.462221774009471398e+00
6.075524327423551085e+00,-6.013407437802587907e+00,-1.924191144823606336e+01,3.102929989814831480e+00,1.455745795438294010e+01,-1.429165943372258241e+01,2.247992953912901548e+00,-2.176961806941253741e+00,-2.376047852925831805e+01,-7.183122748830543358e+00,-1.335206948259272863e+01,-1.494364813927581181e+01,-6.470272449859852948e-01
5.929361379442519286e+00,-3.045673781802294755e+00,-1.152750710664226830e+01,5.759411409318191843e+00,1.279657759146107665e+01,-1.388089821218579800e+01,3.195775943672029662e+00,5.181578516830422920e+00,-7.691887820449378133e+00,-8.187628067262207043e-01,-7.317685231664704304e+00,-8.444009912416760244e+00,3.612692478421728026e+00
5.780313881291385236e+00,-8.512475612900503918e+00,-1.697015506979594335e+01,2.610904658877963858e+00,9.557751964681964196e+00,-1.561903992524627505e+01,-1.371066135020795551e+00,-8.318403305126409464e+00,-1.742419504919753592e+01,2.453568345416662577e+00,1.732974875338646248e+00,-1.407814447858797635e+01,-3.958362355194188886e+00
5.634678220013251249e+00,-9.295659763637491579e+00,-1.889812984800131801e+01,-1.753785786510394962e+00,1.669746516036611617e+00,-2.153907503681490354e+01,-8.883258170978493240e+00,-4.999373649322876645e+00,-2.003018103651985271e+01,-1.448372578776720943e+01,-1.862766209206978019e+01,-2.155557968086444021e+01,-7.621819783519572233e+00
5.635009487614545343e+00,-9.453452064136957489e+00,-1.502832082629920762e+01,1.659181549885455187e+00,1.416356468782150024e+01,-5.449860447134403429e+00,3.792082236270442941e+00,4.624915850108538784e+00,-7.006059276273943759e+00,4.807292169114899316e+00,1.555044974879651987e+00,-4.130874100575620211e+00,9.587244774063398367e+00
5.891702970566465858e+00,-1.425285173599091770e+01,-2.360172442428661199e+01,5.833820018015997144e-01,1.075008674588391067e+01,-8.495601813104313393e+00,3.014693431378383526e+00,-8.545219834868266418e+00,-2.768895786041090190e+01,-7.519514901299749532e+00,-2.722005219613996108e+00,7.726808999375856857e+00,8.027378440966600692e+00
6.033480513247856614e+00,-1.130229195145943777e+01,-2.051115890830461552e+01,2.108456048074835554e+00,1.006261990738684275e+01,-1.615154932706659352e+01,2.901754895752596042e+00,1.576848124396857731e+00,-1.785205883496051271e+01,-3.319012069423179501e+00,1.794578371681103013e+00,-1.150797582065231417e+01,-3.186363964054148568e+00
5.940538785911964048e+00,-8.307090437932096449e+00,-1.938190966935758652e+01,-3.405152124219935850e+00,6.978279421906878888e+00,-1.764386526855824044e+01,3.072448075779556476e+00,-5.178203937567017690e+00,-1.988793963108235374e+01,-2.299559492023162399e-01,-2.637901534614824239e+00,-8.879288541396874734e+00,2.672645960036635682e+00
6.031208748987109125e+00,-8.130563237312840030e+00,-1.944392995959187687e+01,-2.030895213247280173e-01,6.142999722576249155e+00,-2.353637848276458300e+01,-1.165768398933593408e+00,-4.905675810699691830e+00,-1.967508636578953940e+01,8.131185509937038702e+00,-6.543113368275973230e+00,-1.886805557593571336e+01,-3.049668241177337258e+00
5.820158125155910689e+00,-6.814005970868298512e+00,-1.567443747578355939e+01,5.490228043956536297e+00,1.370874946089511859e+01,-1.289684928463400659e+01,6.538287693737944828e+00,-2.046956482167137104e+00,-1.323635666516452325e+01,2.135279490058393570e+00,-9.254142810661204477e-01,-8.170371379265938927e+00,2.498643167487734296e+00
5.687241817790263276e+00,-7.581899883790164552e+00,-1.704627899814018477e+01,-1.658867284097783390e+00,9.296151011560597865e+00,-1.426063946942770322e+01,-3.186622471488426811e+00,-3.474916312004761476e+00,-1.351071479782179985e+01,-1.092502846988209697e+01,-1.612219822676460268e+01,-1.624631425629520720e+01,-8.474166410824063078e+00
6.048906640379424715e+00,-8.454198679303795316e+00,-1.619872741111092296e+01,4.097856202296005002e+00,6.006207722670031224e+00,-2.340203983038319535e+01,-6.326973643807755288e+00,-8.173554757247256219e+00,-2.602394293887724785e+01,-4.167664163846520609e+00,-7.086718374119061359e+00,-1.550111916077162633e+01,-2.583086620738341832e+00
5.855919219953919175e+00,-1.285983890758635972e+01,-2.216811928324771586e+01,-4.043932496495110662e+00,2.671099236209686367e+00,-1.938891680685882690e+01,-2.029117528617484734e+00,-6.744626299435533490e+00,-2.038940184182528625e+01,-1.702777986426509571e+00,-1.294017274958982355e+01,-3.353954743879989309e+01,-1.904148873453610946e+01
5.843956202707014214e+00,-9.976716010230777698e+00,-1.724743430659740540e+01,7.975894992995687938e-01,4.333744293950815063e+00,-1.924095851139990287e+01,2.056989553706728202e+00,-3.117903346496272654e+00,-2.122286613750374684e+01,5.830115617796864491e+00,7.430455711999995883e-01,-7.853337242862034273e+00,4.033760065550464624e+00
5.906304755833851061e+00,-1.006085634237068049e+01,-1.989679627242425397e+01,-1.658978522159721525e+00,-4.043259554378773601e-01,-2.053381722090806960e+01,3.157575967670115169e+00,-3.461142886317422729e+00,-1.008176234102545621e+01,1.462321499712160033e+01,9.600196009032623934e+00,1.303060941121078953e+00,1.090145360454879864e+01
5.881970949613554822e+00,-8.316932831230667844e+00,-1.733771057994493603e+01,-6.533476135253749040e-03,8.389070351743805887e+00,-2.007638551619923106e+01,-3.035594602302284173e+00,7.682529245527785378e+00,-1.222939884443975700e+01,-1.110920985270015038e+00,-5.100671325403741463e+00,-1.486935260627260291e+01,2.138306942198697769e+00
5.858874622435715551e+00,-1.022357061973972669e+01,-2.116872712965255232e+01,-4.261621023276493503e+00,1.099193937585995329e+01,-1.013467389974057475e+01,1.035504198897660100e+00,1.561296248719179047e+00,-5.742427962044189371e+00,1.459276124504634709e+01,2.224693813418449295e+00,-1.228704839732711207e+01,5.077307420651939296e+00
5.608956376493575036e+00,-7.815327440294729477e+00,-1.323905683306942471e+01,1.274896129274929235e+00,1.145721925487459103e+01,-9.654892165390275949e+00,-1.062205866149041000e+00,-7.462054536334105315e+00,-2.096537841921306722e+01,7.765353266600031112e+00,4.984950355938903677e+00,-8.634143503263800312e+00,4.348515534768347734e+00
5.684297104060042294e+00,-7.564617049666279236e+00,-1.489364393438702905e+01,2.604899652032048429e+00,7.454133115734859594e+00,-1.757715961526986703e+01,2.970534054018155956e+00,-4.446976503682831705e+00,-1.324603948538079479e+01,1.211227418098661346e+01,8.750888095458888571e+00,-2.027836765511028094e+00,8.353647672338734509e+00
5.585685041925986916e+00,-6.050749276836455692e+00,-1.431668814340978813e+01,-1.574404564141338225e+00,7.656284211628227254e+00,-1.401235096236580979e+01,5.526691420860874615e+00,5.148336796556311157e+00,-1.338303175535577871e+01,4.188204439726883166e+00,-2.900235680463296273e+00,-5.517766127404182264e+00,7.558437297835761903e+00
5.894538796956767079e+00,-7.570405494985437578e+00,-1.838886528058262826e+01,1.614778861370174123e+00,1.046155435147498380e+01,-1.549084200104056919e+01,-5.945138436387393810e+00,-1.252099088200069943e+01,-1.936899753654700618e+01,1.104424738720914689e+01,1.302489346107754020e+00,-4.911585043702180187e+00,1.282669309641776323e+01
5.838736502966508368e+00,-7.336476232317966639e-01,-8.732763969295513462e+00,3.521427826998051014e+00,1.366594564631148678e+01,-1.026694604922884047e+01,-4.540341033370666857e+00,-1.498134829624041098e+00,-8.968777865880230848e+00,6.574836916350827565e+00,7.791276825865485200e-01,-1.039938778916797268e+01,-1.512482846585585960e+00
1.297658123043183842e+01,3.173396491602120406e+01,-1.789448135260503614e+00,2.088507379547018150e+00,1.255344280747658914e+01,-3.265219961563133211e+00,-7.625759927697677021e-02,4.863357850356870848e+00,-5.156444572589943043e+00,2.848257996906328415e+00,1.424923908589297206e+01,4.197868157474655249e+00,4.297344111427478630e+00
1.561908024693183883e+01,3.688925535918563270e+01,1.763647587061951683e+01,2.457052276707955940e+01,2.642242059631822215e+01,1.317116028242126902e+01,1.063129260423854916e+01,-7.718213993723012756e+00,-1.299499353898533904e+01,5.531326385937079593e+00,7.713703976744446855e+00,-6.753223166481951090e+00,-8.801375180847308854e+00
1.364554682506316752e+01,2.607889007297964667e+01,1.078902990040090337e+01,1.896207929517326107e+01,1.902301920198702589e+01,9.054280082086473058e+00,1.691412245263269298e+01,8.696338852407189179e+00,-3.336059810310285201e+00,4.708331296952311895e+00,9.564573266812519847e+00,3.498123644265213272e+00,7.825393259709783500e+00
9.822759292167873468e+00,1.978117204160362164e+01,6.644005024124436609e+00,1.837081748837362127e+01,2.031990468099440506e+01,4.329636067869176763e+00,2.722967541265230906e+01,1.222500163528864725e+01,-8.644850354819601179e+00,-4.412493651648349058e+00,8.279569577213807818e-01,-4.070138945998206026e+00,4.839687680714988005e+00
8.387047861791973702e+00,1.480613050791651730e+01,2.854522703857088839e+00,1.800630825630460663e+01,2.352805087188982114e+01,-3.146440186689002383e-01,1.571122022721760381e+01,-6.719696301129884475e+00,-2.696877568388129021e+01,-4.693476370485629268e+00,-4.944368055932291561e+00,-1.378793700469055850e+01,-5.642426106988173373e+00
9.136170083433720279e+00,2.007789672107147538e+01,-7.462813257166085457e+00,4.144064061568920820e+00,2.110531914136974407e+01,-9.299665604154897514e-01,-1.869364500128200213e+00,-1.072741183663934095e+01,-2.282464840699780950e+01,3.931102615053471361e+00,7.557095058177359270e+00,-1.324696235368919517e+01,-2.395369842689456519e+00
8.757206355570568590e+00,2.051137894371863624e+01,-4.493722482476396607e-01,6.619947022499988343e+00,1.396430577045835619e+01,-1.115023339934576363e+01,-1.961644481636261483e+00,-5.957783751308451947e+00,-2.187985959530248792e+01,4.583910883165120964e+00,1.072561873601092941e+01,-1.187043565505200959e+01,-4.485958255952728457e+00
7.467693655058981861e+00,1.000875853514715708e+01,-3.904898111634265145e+00,1.349433301794442741e+01,2.218124465872671180e+01,-5.814183786270628929e+00,1.988957720280469132e+01,9.282832301482539350e+00,-1.027190837795309086e+01,8.971199443426336018e+00,-1.651258510903459209e+00,-1.434349338202017776e+01,-8.481754653184612636e+00
6.827923718579248735e+00,6.437556287739615968e+00,-5.813218646002866308e+00,1.161222847335740305e+01,1.896915487165192715e+01,-1.358115393150204397e+01,6.506242142663365868e+00,-5.049628302845205141e+00,-2.393964011467591391e+01,-1.975599579943881690e+00,-1.001661964560067730e+01,-1.974300900331627062e+01,-3.809738055485583974e+00
6.249828304054482864e+00,1.387656287575724345e+00,-4.522773847090074462e+00,1.695870791825582558e+01,2.693094894359968094e+01,-4.184299948160041360e+00,2.394872461043138667e+00,5.423298168417652887e-01,-1.285346888934732057e+01,-4.196408289034108119e-01,-9.885279627025274962e+00,-1.173308560741610584e+01,7.429225574123502263e+00
6.025512549550112062e+00,-2.406076567442027692e+00,-8.925761409234103994e+00,9.771304345247326495e+00,1.833218954100939158e+01,-4.007313405675057894e+00,1.512397562599247536e+01,1.952635042025146817e+00,-1.368465254117580265e+01,1.638750058808528254e-01,-7.478913635515207048e+00,-1.129360382777777794e+01,-3.612564023187554429e+00
6.081210512023788262e+00,-3.476363762251081013e+00,-9.371876481604791920e+00,1.128965361275880497e+01,1.879034120797687279e+01,-1.064605772995736288e+01,8.356601305293310133e+00,-6.098104107325458267e-01,-1.464547413464465997e+01,-8.022192900439940599e-01,-1.081842705854968578e+01,-1.612886854941700676e+01,-3.417758733343220445e+00
5.890181412916187575e+00,-5.153534120854523337e+00,-1.437336761499859605e+01,3.577661062834994077e+00,1.003990107885980443e+01,-1.525697531363368142e+01,1.987978868012125089e+00,-4.043520512074933571e+00,-1.913976955878326791e+01,3.853705013836142612e+00,-8.981988118269758070e-01,-6.843134806977334783e+00,-1.434468999171811365e+00
6.061176755578267183e+00,-7.746345502109268644e+00,-1.586612880054598840e+01,8.769036803646070410e+00,1.032177373865333792e+01,-9.294047161681897151e+00,1.537239289922450602e+01,1.129588183204161034e+01,-1.437154006486654012e+01,4.283263233666021463e+00,1.272107020906978114e+01,2.146071165158803584e+00,9.155648101320597476e+00
6.164162917968533328e+00,-1.015290311777773979e+01,-2.230058223681656315e+01,4.479827699001025287e+00,6.297424387462811524e+00,-1.493172007127512835e+01,1.673964528192494683e+01,1.190001550529534846e+01,-8.850734157810842717e+00,4.435644187484125034e+00,9.830531513307780855e+00,-3.868073289104107193e+00,6.009859757667558533e+00
6.787758355812404609e+00,-1.030004933372823928e+01,-2.443901422453481942e+01,8.048739315527786431e+00,1.208932678072290479e+01,-2.609474301299286481e+01,1.010249924775135533e+01,5.645706815025289593e+00,-2.139619734522517192e+01,3.037533434776400920e+00,-4.090787790524046841e+00,-1.258739486353902848e+01,8.947897850666452157e+00
7.604521839956621676e+00,-9.326063765731770872e+00,-2.878869871924852575e+01,7.849975135958787931e+00,4.509173545020898288e+00,-4.073611551048351487e+01,1.491945259772336563e+01,3.079426377277522664e-01,-1.875882259102638017e+01,2.077489063316349416e+01,-5.352138745196560521e+00,-1.311093049552523659e+01,1.111032163894311253e+01
7.942603982908001292e+00,-1.266552665413314038e+01,-3.000065638362018916e+01,1.361201417154787308e+01,1.410255934364034625e+00,-4.030138684410160010e+01,2.638965764287856786e+01,9.671223970090872868e+00,-7.633379791701051964e+00,2.846285242481677358e+01,-5.182684280729367821e+00,-6.253480560390206833e+00,1.419672455200298877e+01
8.631566435682978877e+00,-8.607024279464205563e+00,-2.783898985644843549e+01,2.303627800901736222e+01,-1.233205582159623004e-01,-3.106889141248730013e+01,2.904224265391227178e+01,9.751233164813640775e-01,-1.413620002397966324e+01,2.111244216089462711e+01,3.515286786266675012e+00,-4.649739983166643054e-01,3.751576694551181035e+00
8.773768344972189936e+00,-1.389174739442468187e+01,-3.611972506366981861e+01,1.747509484510671030e+01,1.864040739847453887e+00,-4.354052209745171353e+01,1.968424200820062353e+01,-8.638837629005513108e+00,-2.690662680999887613e+01,1.330516206514963606e+00,-2.454389530106331208e+01,-1.256400552646839941e+01,9.341514745574961864e+00
8.990548596034313888e+00,-1.236611160180689062e+01,-3.266252353003402220e+01,2.504522139637270328e+01,7.483904693289578525e+00,-3.885747641147494136e+01,2.604754362598723461e+01,-4.897367283019502526e-01,-2.767744332453623457e+01,6.914029054704020183e+00,-2.039383454761576786e+01,-9.872631726074411418e+00,1.018607404408059658e+01
8.845390956063756249e+00,-1.172246636671805398e+01,-3.320376044051607778e+01,2.178878978499341557e+01,-3.037578670816393434e+00,-2.806051045181914816e+01,1.814294322260453640e+01,-7.363895802098549659e+00,-1.791187073358410942e+01,5.889071469399672409e+00,-1.111685353482925365e+01,3.470396134928602216e-01,9.117619409509003958e+00
9.236884631956657543e+00,-2.404638705479292682e+01,-3.707097685624290051e+01,1.936188346169289076e+01,-8.660369500637012052e+00,-2.845729991159731753e+01,1.966918004896849581e+01,-1.478455988295468160e+01,-2.633468133592298344e+01,3.380208166378650070e+00,-1.017125491140971860e+01,-4.733748459041629886e+00,9.796479595596666812e+00
9.043400747076168145e+00,-2.171885434022583894e+01,-3.409739196236997572e+01,2.009069107433086643e+01,-4.198540574741866038e+00,-2.983208545783288557e+01,1.662531849849209564e+01,1.481623614635008968e-01,-1.945945279635248326e+01,8.655115458345395751e+00,8.275226276467648745e+00,-9.271030831923822157e-01,1.975975336770638691e-01
8.528035248325895878e+00,-1.207147464416619975e+01,-3.341230594722549085e+01,1.315339756868587351e+01,-3.771704257763941026e+00,-3.672283008728680187e+01,1.298760331163556714e+01,-1.553394471071179694e+01,-2.844197190862072588e+01,5.209274909044458113e+00,-1.296639752306525040e+01,-1.238509534227307185e+01,6.655269125261703778e+00
8.173055524394321480e+00,-1.304102856979032410e+01,-3.118250136492732949e+01,1.625345635936594135e+01,-5.256525819431694391e-01,-2.964988769185923090e+01,2.192593416000646656e+01,-2.319676768601794947e+00,-1.104507883890095599e+01,1.236986616577134335e+01,-4.334377428254407860e+00,-6.097973622173717967e-01,7.228577109131478551e+00
7.909424288019750726e+00,-1.262931880637366966e+01,-3.198522934237993098e+01,1.379106625329342428e+01,6.028929492360706632e+00,-3.097762147809847733e+01,1.943028812478025458e+01,1.304992940112098099e+00,-2.271616934259779441e+01,7.863994099801630888e+00,-1.758776506181575172e+01,-1.017396024016151479e+01,9.680567219228507270e+00
7.737314779849384649e+00,-1.670900594023843411e+01,-3.327230290977684035e+01,4.603736475310509668e+00,-4.789007573137793905e+00,-3.279106749623236539e+01,1.325830000329020741e+01,-9.175518478135463951e+00,-3.744506114294416221e+01,-1.752409730755790873e+00,-1.321455957911029699e+01,-2.395220807705488397e+01,-3.590960157516698725e+00
7.194876543771239419e+00,-1.066658284438992155e+01,-2.345247913714806742e+01,8.402347847908469447e+00,4.196095297528865675e-01,-2.467432075414189896e+01,1.994409734003869161e+01,1.025484974949199923e+01,-1.148745913456617096e+01,1.646011109679632156e+01,-9.339277452283089032e-01,-9.406011041478176793e+00,9.320867214921090493e+00
6.351615342488813098e+00,-9.643312966888183624e+00,-2.643118853510940625e+01,-3.685198397249715097e+00,-1.563203049878053141e+00,-2.989584161885664670e+01,1.865369403040911145e+00,-3.350634540131939842e-01,-1.584273795419517938e+01,8.882627148333845923e+00,6.479700021431044066e-01,-1.109677457015160584e+01,2.450330885434041761e+00
6.252116769945123664e+00,-8.435580341685639638e+00,-2.396115986428080191e+01,-7.863891852767123103e-01,1.003335160989449371e+01,-2.388785387613676647e+01,1.271986235630510009e+01,4.580912848880727140e+00,-1.472049739109504607e+01,7.826543423539731315e-01,-5.074481134464970289e+00,-1.411476648289970370e+01,-1.603685643197586330e+00
6.016939734980357279e+00,-9.672646341963863748e+00,-2.358947474375996123e+01,-3.757717088249394433e+00,3.427102973734954539e+00,-1.635375327651430410e+01,1.131869237518472815e+01,3.189021208853707101e+00,-1.456740748426709331e+01,1.310593420891399674e+01,3.770860032400086048e+00,-1.195087752369445511e+01,4.082854459328935981e+00
5.897454968957266175e+00,-9.057164185224863218e+00,-1.983069952835033334e+01,-7.205844733567274840e-01,4.610569057586650032e+00,-2.370245684182495083e+01,-2.403083467347387980e+00,-8.642469389170541305e+00,-2.280277654110133767e+01,-6.283905933813533018e+00,3.204485258051479768e+00,-7.605733478556513383e-01,1.263714567898455954e+01
5.790595484261818804e+00,-1.277324931357159521e+01,-2.629831659130329413e+01,-7.062860013792228386e+00,-6.939419293530296740e-01,-2.264222763770797542e+01,-3.834033489290348484e+00,-7.317767928228335883e+00,-2.270997086099516338e+01,-8.306600059241898704e-01,-5.990597987155023674e+00,-1.096188642450404416e+01,7.766328687481517612e+00
5.966422146908627155e+00,-1.266652548233319209e+01,-2.273958672067119124e+01,2.573115073493193461e-01,8.084347379532230704e+00,-2.128407221000369276e+01,-6.561908612449840028e+00,-1.497476531552751400e+00,-2.223868621894509090e+01,5.894317610441545119e-01,8.927240179848176638e+00,-2.805973144387345908e+00,3.790944586157519058e+00
5.863422123319392831e+00,-1.064419203422846394e+01,-1.969887353340045877e+01,3.567085625687788308e+00,8.766957458050086416e+00,-1.435769423322274108e+01,1.851042259049980432e+00,8.708144988504503914e+00,1.809839345007323130e+00,1.357625217231898240e+01,8.198713034988449166e+00,-9.210153716745994146e+00,1.898103405094687890e+00
5.782688852456232098e+00,-9.476282896864224981e+00,-1.726148430557218560e+01,5.338062164365276807e+00,1.201088829482209341e+01,-1.235058090747656401e+01,7.121689175854220011e+00,-1.230043272405374921e+00,-1.649240805590414993e+01,-1.977299442597441503e+00,2.594601926293423233e+00,-4.597828732590160783e+00,1.862782066310800344e+00
6.108720419532686741e+00,-1.295361776098274831e+01,-2.761527748389703873e+01,-4.202860515188360679e+00,1.211817218260789453e+01,-1.104869273220739245e+01,7.034983846339740943e+00,7.507395067581846604e+00,-1.586700440772186305e+01,5.088210260190510148e+00,5.016336279326024439e+00,-3.927611606903550268e+00,3.227086011256367293e+00
6.110884882715995836e+00,-1.040416333675219995e+01,-2.151313603491223603e+01,2.367799570919625562e+00,1.386728584317882529e+01,-1.276126736653385763e+01,-1.387689945616284115e+00,-8.940226072078722552e+00,-3.599538489017901810e+01,-9.644924420724695580e+00,-7.576395171057123124e-01,-1.607656826389391114e+01,-1.152606697829402904e+01
5.847175746585901557e+00,-8.552243194955890360e+00,-1.772719614581244585e+01,1.673779087414998035e+00,1.326541338189359287e+01,-5.369249827818716625e+00,1.541860879729717482e+01,5.890499736844842182e+00,-2.148004401325329127e+01,-3.129896054624493384e+00,-2.257818601352223009e+00,-7.374792249232532626e+00,6.975821835555207961e+00
6.190249402858527539e+00,-1.158709761360452006e+01,-2.214733223158780717e+01,2.348147771726368793e-01,3.706650659221709110e-01,-1.902316454034323456e+01,3.041096674987484150e+00,-9.768580957474167548e+00,-2.787608101026826901e+01,-2.870450585083232031e+00,-2.628429597558744391e+00,-5.764808234040926571e+00,8.697520738815880392e+00
5.953363867810664622e+00,-6.460158755173277534e+00,-1.723643298888141118e+01,-9.155995276778887693e-01,2.298367445611026127e+00,-1.683518170155640448e+01,9.143588544888066494e+00,1.171227136579978678e+00,-2.032713114257410680e+01,4.632983254756865676e+00,9.307038445333697396e+00,2.703311642932413883e-01,5.460453256996488314e+00
6.120194706344460833e+00,-1.248909533340345490e+01,-2.561775409504105383e+01,-2.751350597050214120e+00,6.080186924055490216e+00,-1.600192691909741427e+01,1.121303887084251372e+01,5.418420511249804061e-01,-2.705583822620200962e+01,-1.038127520492614941e+01,-7.404301292518258748e+00,-1.138639418969564687e+01,4.570675033384517860e+00
5.994836280736526746e+00,-1.353133126267921327e+01,-2.685795882575343541e+01,-9.669873694570361167e+00,-4.032320626499936722e+00,-1.972029764369717952e+01,8.207746793350414904e+00,-3.131952019437558299e+00,-2.462171185830390741e+01,7.206694983408096222e-02,1.304117025580063149e+01,-9.794191385289749974e-01,7.703603848968175960e+00
6.021041314145683110e+00,-1.098163446757861372e+01,-2.173475957162370165e+01,-9.799899709524002578e-01,8.622139897462488989e+00,-1.640704911906111718e+01,7.744110410666409372e+00,2.732348757410303808e+00,-9.663290998005525267e+00,1.592526885748963394e+01,9.377106215011208334e+00,1.439460008024149751e+00,8.883159919372429769e-01
5.984415365864264480e+00,-1.576046052703175171e+01,-2.440754901210740258e+01,-2.564565322183430141e+00,7.530540707244447240e+00,-1.430843846310854772e+01,2.600980157899209111e+00,-3.889158065593983249e+00,-2.152108496341137922e+01,5.854737132895500906e+00,6.611385451139294434e-01,-1.286100107823005700e+01,-5.195290377794307135e-01
5.689917972409964442e+00,-1.020797422497775564e+01,-1.903233716991665503e+01,1.243299768675558470e+00,6.326665149643862840e+00,-1.436648233109776562e+01,2.706767134249010720e+00,5.677881037430722699e+00,-4.852768332471881330e+00,-2.954152175658210089e-01,-1.142374428707618250e+01,-1.566023369077582572e+01,2.661929439280473986e+00
6.534825963450141550e+00,8.505145186824760728e-01,-1.872320784946315797e+01,-1.120828688605119616e+01,-7.816364761764988067e+00,-2.580315025058436973e+01,-5.556652779873877179e+00,4.079265060773296980e+00,-1.435074179481854451e+01,-1.179955424830857957e+01,-1.004816083306551455e+01,-1.531067152029168277e+01,-7.524927123715817956e+00
5.735795920697888128e+00,-3.638421842286235108e+00,-1.245434265792992434e+01,-3.903947285138374301e+00,1.332374291421404067e+00,-2.138816112274310655e+01,-2.620506131328730337e+00,4.322361442173545676e+00,-8.962689247871432840e+00,-1.579214085456922323e+00,-5.534773471444363047e+00,-8.054488185303606329e+00,-4.961346164291613015e+00
5.924813231528788471e+00,-4.527547848135706765e+00,-1.418011161977488932e+01,3.486845716990368271e-01,5.131955552258900433e+00,-2.122595691584457001e+01,6.897963546839863680e-01,1.512040603045707421e+01,-8.436083048170777587e+00,2.844037639830359510e+00,-5.186001191387340725e+00,-9.313041010399857100e+00,-2.176339404413448531e+00
5.960212020538711464e+00,-4.438581122955023162e+00,-1.365991169465449850e+01,4.582266137741722645e+00,8.277169756621233887e+00,-1.692902789562674215e+01,5.158256480315522197e+00,1.362133926513717785e+00,-1.500788853214367080e+01,-2.517096042902108533e+00,-1.734475758647751720e+00,-7.894319341482994190e+00,1.623290997358866283e+00
6.955683889084712135e+00,4.314674939014910393e+00,1.421065325956060832e+00,9.630588797029025372e+00,4.389957663089762541e+00,-7.260718476354229622e+00,-2.652574434772322132e+00,7.606615214097824484e+00,-2.102041018690998797e+01,-2.014995910147415081e+00,5.176782728814369738e-01,-9.072642561485885437e+00,-3.905274047125348869e+00
9.260922650962728042e+00,-6.930950702011463571e-01,-5.822420501686958794e+00,1.386745741168062018e+01,-1.553156882234941349e+01,1.093398813709312201e+01,-1.830876264739777071e+01,1.050382531571846023e+01,-2.087650063068497985e+01,6.006145887562445163e-01,-2.244158319534122015e+01,-2.031329644988127292e+00,-1.129671602550102705e+01
