-3.604365338911715355e+01,0.000000000000000000e+00,0.000000000000000000e+00,0.000000000000000000e+00,0.000000000000000000e+00,0.000000000000000000e+00,-3.432169450445465983e-14,0.000000000000000000e+00,0.000000000000000000e+00,0.000000000000000000e+00,9.640286916519939396e-15,0.000000000000000000e+00,0.000000000000000000e+00
-3.604365338911715355e+01,0.000000000000000000e+00,0.000000000000000000e+00,0.000000000000000000e+00,0.000000000000000000e+00,0.000000000000000000e+00,-3.432169450445465983e-14,0.000000000000000000e+00,0.000000000000000000e+00,0.000000000000000000e+00,9.640286916519939396e-15,0.000000000000000000e+00,0.000000000000000000e+00
6.660171615325591432e+00,-5.277724738663550630e-01,-2.537751616735170046e+01,2.783344528105280435e+00,1.926132033854896619e+01,-1.513412637608839439e+01,1.654945915856844962e+01,2.174134771531289090e+00,-1.304676992052610096e+01,1.834871088874544531e+00,-1.013438141762914846e+01,-4.579905409943832773e+00,-7.983194816532291904e-01
9.353834712561777565e+00,6.407280033308077272e+00,-2.960976309745504054e+01,2.334554984345211182e+01,3.127951437430044734e+01,-3.049343832502423268e+01,2.935470416025426132e+00,-4.470536486016151834e+00,-7.927422700307828585e+00,1.569392663485431250e+01,-2.568790044862727129e+01,-1.947009840413508641e+01,1.023217010980069830e+01
9.828525378154038705e+00,2.058651576419905282e+01,-2.529841134866396146e+01,3.602063465869847381e+00,1.779561687026264849e+01,-3.285549457070778345e+01,-6.978807543654398593e+00,-6.516237246994161403e+00,-1.316383627988397187e+01,6.218357534809444864e+00,-7.198695045273768578e+00,-9.533022678364632796e+00,4.531837767222735458e+00
1.120838090856454450e+01,2.121386953140837051e+01,-4.150760382489860234e+01,2.761510124948382661e+00,3.019357765209340982e+01,-2.634448494762283488e+01,2.639390609895422291e+00,-7.159134324842058916e+00,-1.583640059138860856e+01,2.459091580356870566e+01,-6.776988326477311197e-01,-1.210858650094105826e+01,2.146593001284311342e+01
9.144493186515036953e+00,1.160757216039453787e+01,-3.422460218779983876e+01,-5.843954528370704615e+00,1.815242443570201658e+01,-1.492436716781242367e+01,4.950136327198951136e+00,-4.885109947077634018e+00,-1.277455332371205898e+01,8.303327458200955746e+00,-1.340235630757696761e+01,-1.393574431618965193e+01,1.308898792987233328e+00
9.537701497797563377e+00,1.067372095363534434e+01,-3.575346275850584021e+01,-6.189293274238361064e+00,1.795048167877504142e+01,-2.713526518575863733e+01,-1.076483170460745242e+01,-1.398228175018643071e+01,-5.882822849518937858e+00,1.133478246579465676e+01,-9.930143542253704325e+00,-1.520849115343204083e+01,5.781233143753259363e+00
9.579784180757490830e+00,7.569373500892297102e+00,-3.168609001171621742e+01,-1.242705667200568298e+00,1.932335001206122627e+01,-2.259070846974124436e+01,-1.199207076758997381e+01,-2.483671060848060108e+00,1.109278769077152127e+01,1.920476712182254175e+01,-5.781969275392089713e+00,-7.323340601622915891e+00,1.709942133014838817e+01
8.836085843126852524e+00,5.389131866304488483e+00,-3.341678053190418041e+01,-1.333043242683824126e+01,1.008794888488944785e+01,-3.770907755865599853e+01,-2.941566318186285045e+01,-2.117150781300810181e+01,-1.228020330014497041e+01,1.440003157165991077e+01,-1.726873739925032680e+01,-2.734167416537492556e+01,1.207535103966756829e+01
8.547667324955567025e+00,3.466769187984488632e+00,-2.648263379778671123e+01,-6.648200342767108140e+00,1.103816339636392563e+01,-2.759319319449528152e+01,-2.703721735349191135e+01,-2.044906902599614540e+01,3.851935452125473613e+00,2.435682395121346033e+01,-1.134338347276192493e+01,-2.020732741008410471e+01,1.307404860082204934e+01
8.038389172712463449e+00,2.445421556175080724e+00,-3.019597359369923595e+01,-1.196122818946037825e+01,7.669414011546917820e+00,-3.978239502676748884e+01,-3.639249449003087733e+01,-3.674859761095751054e+01,-1.636648608291453044e+01,6.484804315388735141e+00,-2.209063390115853664e+01,-2.586532401344716448e+01,1.312608184006053058e+01
8.290956620335688143e+00,-3.036467023668819376e+00,-3.583009407272607660e+01,-1.538882592882708700e+01,3.594832455735019749e+00,-4.199592978554043299e+01,-4.127328467767610931e+01,-3.402155615863659932e+01,-1.343337732620125635e+01,6.431868734200444138e+00,-1.861509203085111963e+01,-1.728481409448835038e+01,1.157631051207949113e+01
7.596695278492573422e+00,3.707715363143967657e+00,-2.374532380945397847e+01,-1.040381857594510429e+01,1.265976199647888301e+01,-3.585834503367826898e+01,-2.185626794597264677e+01,-1.083944949143776171e+01,2.407227375568870897e+00,1.713043666626575501e+01,-1.939252950060541281e+01,-2.546048958686743546e+01,3.272262465055934211e+00
7.005914137856600554e+00,1.686086034129771205e+00,-2.244217899530974236e+01,-8.466815704354255345e+00,1.262364531563061121e+01,-3.243269126271482605e+01,-1.865366357552514387e+01,-8.264306508126098905e+00,2.872720629438068496e+00,1.779207973704109236e+01,-8.190596117751361760e+00,-1.118077666234355760e+01,1.438522385323061670e+01
7.038858266187034474e+00,-2.342383358641829005e+00,-2.573621022327098729e+01,-8.827416403519722010e+00,1.566207245518734048e+01,-3.377422139915764632e+01,-2.985108281649187489e+01,-2.378312506591533193e+01,-1.194494217330461083e+01,6.144241413166513510e+00,-1.284360246374525616e+01,-8.461051767395820988e+00,1.258793073369713866e+01
7.230375486452651934e+00,-2.702569480149383807e+00,-2.510864983550264284e+01,-3.778094314169891277e+00,1.533226735248262607e+01,-2.795399766606176684e+01,-2.510430433809142059e+01,-2.283215017089482046e+01,-3.171211017203765081e+00,3.171846816368301347e+00,-1.622951316625590934e+01,-1.330141652515441208e+01,1.749445282707922189e+01
7.623111054299697820e+00,-1.777169862802343125e+00,-2.420086598685835000e+01,-3.483932283618209169e+00,2.428232845068280810e+01,-1.722654766397927162e+01,-2.128028814205159236e+01,-1.322997182701059415e+01,-4.643708634527716761e+00,1.759715470014051419e+01,-1.188243864177896647e+01,-9.676731037486153042e+00,2.327046404319863981e+01
8.081223962906772584e+00,-3.577137878116557701e+00,-2.757651792175053629e+01,-5.236603732273096945e+00,1.529796556291183940e+01,-2.067170527096712362e+01,-2.806006900941274651e+01,-2.332208449073073098e+01,8.226811333148419392e-01,5.202710183946673617e+00,-2.054545847645875867e+01,-7.211003894033355621e+00,1.819878016387582420e+01
7.577827633091168025e+00,6.852369050015976182e-01,-2.435100205505505855e+01,-2.398734505577376996e+00,2.741218826546797516e+01,-1.395876463562626135e+01,-1.856467173477329879e+01,-1.947369331372269130e+01,-1.068945225479259875e+01,1.274838774627636262e+01,-5.030303932081137575e+00,-3.518046282853078299e+00,2.042117872105523091e+01
6.834704327402350010e+00,3.376313563711912935e-01,-2.222701541483021614e+01,-9.719429971946013325e+00,1.346652838297730170e+01,-1.804294393842006983e+01,-1.136109614686873215e+01,-2.096695149641977096e+01,-2.021803578105307153e+01,-1.914863120586622003e+00,-1.784294974169831960e+01,-1.347096303128243022e+01,1.413312350765464487e+01
6.365294022082038872e+00,-2.509340400379788338e+00,-2.178345619050918103e+01,-6.173379560561750523e+00,1.661924405172763741e+01,-1.241630420093972553e+01,-7.720510064325107003e+00,-1.188609341781078399e+01,-3.365278023776513638e+00,1.864129729178382533e+01,3.642799615992124984e+00,-5.230946363232684249e+00,1.086917765612161801e+01
6.402515109838794238e+00,-1.196736430825720898e+00,-2.356093992344696275e+01,-1.083503198064295070e+01,7.201618368671977244e+00,-1.928856823871718973e+01,-1.841525526506269106e+00,-7.204815482382670666e+00,-5.360041918212462342e+00,2.150408603429661980e+01,5.183215175132414032e+00,-1.076747792819802640e+01,-6.828870241193389923e-01
6.574079586625512839e+00,-4.656073180836863834e+00,-2.784922021103244560e+01,-1.614005284357525483e+01,4.954647899415907109e-01,-2.679152112237560246e+01,-3.803208891589352714e+00,-6.999027458132426105e+00,-1.293131881413253303e+01,1.196498648113357888e+01,3.331045591023110486e+00,-1.328907598978498505e+01,2.211197736047176399e+00
6.962574118785500588e+00,1.069807906163666722e+00,-2.563330855655152263e+01,-1.520966386344977117e+01,7.572043453541570379e+00,-2.666515163029667335e+01,-9.680815924872383960e+00,-3.590330975401674340e+00,-5.307434994100355574e+00,1.173006660042444516e+01,-9.764853638444797923e+00,-1.959533902294547758e+01,7.314626359796911004e+00
6.646695988934551380e+00,-3.730033787923392019e+00,-2.898728269633586763e+01,-1.269807581469407864e+01,5.970371737280459001e+00,-2.405453906672419251e+01,-1.189209503879527174e+00,-1.943350543983860979e+00,-6.176031939591225317e+00,2.164299166457179169e+01,5.169066679552183352e-01,-1.891702852039123073e+01,1.145717787840688473e+01
6.673300409541300660e+00,-3.889651620725723458e+00,-2.779196307900864227e+01,-1.113840125303209128e+01,1.051987437715112605e+01,-2.419425958020051581e+01,-1.091316254064608060e+01,-6.452568749937526604e+00,-8.728833397676941885e+00,1.610679586524762641e+01,8.616445461324735433e+00,-6.825348419501195529e+00,1.443141918951664593e+01
6.403708768569868148e+00,-1.958330364555570524e+00,-2.275560391841255736e+01,-1.057334985423246465e+01,6.014698964468403908e+00,-2.350063092019504651e+01,-6.737466618802387508e+00,-3.910468507038974195e+00,-3.627022272323580321e+00,1.642983282562718372e+01,6.511919893064385789e+00,-6.475589864758381609e+00,5.324635791920530714e+00
6.341348715030358463e+00,-2.208564078022524857e+00,-2.035798777178520425e+01,-3.586436720112573084e+00,1.184385768311086196e+01,-1.662842502755218987e+01,-7.388832601569681913e+00,-6.107589399932107810e+00,2.821416834129021112e+00,1.097802532914065843e+01,-8.254541227782354884e-01,-4.213868809184512898e+00,1.443758428093607193e+01
5.958777408596110270e+00,-6.457198121756182907e+00,-2.172768081687296160e+01,-3.882603045204812808e+00,3.652213465151284311e+00,-2.648858879210809647e+01,-2.531787209256458393e+00,-8.123924727999874307e+00,-8.284682340700092240e+00,9.688261483652981454e+00,-7.595190366058009346e+00,-1.431620435388701829e+01,-7.560628385359307035e-01
6.088779836252514954e+00,-6.627505247833274993e+00,-2.328911708077167830e+01,-4.420847948253949333e+00,1.212103735850886821e+01,-2.482429595248984810e+01,-5.780015447344083235e+00,-9.837881535784106291e+00,-1.379199563753741664e+01,1.280162086856588743e+01,-3.741222531617778291e+00,-1.034729051185156479e+01,-1.063725941135494457e+00
5.965570068975169171e+00,-5.267708893473374232e+00,-2.005755487768486844e+01,-6.731112759383847677e-02,1.042176385557233154e+01,-2.532857491314838683e+01,2.562174276855398336e+00,5.158574394534544361e+00,-2.718151779999338657e+00,1.923724091837607020e+01,3.934379025319242107e+00,-1.135863379784927218e+01,-3.267382786404124495e+00
5.754383412200004599e+00,-5.464668418556846596e+00,-2.005029515544908847e+01,-4.537269063421528692e+00,6.625453498963699062e+00,-2.408333061005671283e+01,-4.566489729893972616e+00,-5.590731042878683610e+00,-6.675958463682403199e+00,7.254160427304343628e+00,4.323907550178343939e+00,-8.964249942385148273e+00,-2.197810910137193652e+00
5.944320675224392225e+00,-7.514720092580375876e+00,-2.323257956641281652e+01,-8.179032325190036090e+00,4.927397342909313416e+00,-3.007803573679360554e+01,-3.349652089940127198e+00,4.537200106352178075e+00,-5.490060365652592589e-01,1.878785283317230537e+01,4.046921470851646774e+00,-4.254787493192058179e+00,5.355727812997878701e+00
5.910216498230897564e+00,-9.077803938143279794e+00,-1.896589050629340534e+01,2.013330392286661663e+00,9.854290558250147214e+00,-2.574090040382884581e+01,5.108518144748764200e+00,-2.819205045576129276e+00,-1.078548143165514084e+01,1.385129452023226726e+01,1.254296687053831683e+01,1.049527545290630925e+01,9.558299843057772804e+00
5.618027155796315064e+00,-7.618589452619382030e+00,-1.513257819281331606e+01,2.277686914789240902e+00,9.720861461769224832e+00,-1.980424190480432856e+01,1.278031177514830041e+01,1.552424208818444562e+01,3.209194958664460362e+00,1.619113293273034415e+01,-4.716676527046167244e+00,-1.062313768528546376e+01,-3.020305958564788007e+00
5.703207966559064701e+00,-7.166502406402419645e+00,-1.953255349694055454e+01,-4.292491281898263011e+00,7.207814734256757561e+00,-1.948017436323972262e+01,5.438658669351338126e+00,2.591913245079540129e+00,-9.858802457305976930e+00,1.075856733842463697e+01,9.060096541919698154e+00,4.491550912609784341e+00,-4.312178900780154756e+00
5.801714330865546110e+00,-1.032749144796225416e+01,-1.940205789686410043e+01,3.918864794910526417e+00,1.652200293520672503e+01,-1.572606634713227791e+01,3.947767094620609374e+00,2.104028390156883699e+00,-1.571048756997388196e+01,9.747281329176675779e-01,5.113562714800698572e+00,-6.118674430892379057e+00,-4.219244886591252630e+00
5.825730648720766069e+00,-1.360300849090283570e+01,-2.084831272072849018e+01,-6.265256041630518080e-01,9.745797022906680596e+00,-2.469703904364115132e+01,5.081415711669299284e-01,8.556398537852732744e+00,-1.565509245365397284e+01,1.064232265276269462e+00,3.198692525955172616e+00,-7.723494147202067062e+00,6.104148268361242913e+00
5.836859371027921739e+00,-1.344698609648887455e+01,-2.195634290662498955e+01,-4.749500857029321566e+00,2.518555955454114592e+00,-2.597896652622797120e+01,7.176323848627719215e+00,7.200603493870517902e+00,-1.558150152790236120e+01,-1.199519200277377573e+00,4.245169943296750681e+00,-7.266205416151643171e-01,7.690405650759725154e-01
5.857774151887859659e+00,-1.351003593476652398e+01,-2.206120378332857257e+01,1.130422721424286125e+00,1.049888186981726790e+01,-1.608654089017138844e+01,-1.234230694089337277e+00,3.243535778622832044e+00,-1.548065660934189403e+01,-2.372801778598796485e+00,5.893258960165904448e+00,-3.754075686884286611e+00,1.044298390720491909e+01
5.706616811547653434e+00,-1.645571896742354312e+01,-2.418902770853572193e+01,-3.231716517922774035e+00,2.096434063241172652e+00,-1.767671312288750229e+01,7.971724055462711123e-01,2.861417034174984053e+00,-1.420437707434393992e+01,-5.546275625361292150e+00,-4.745848186218898590e+00,-6.257931933230156396e+00,-4.516421528923184603e+00
5.542092237390552789e+00,-1.695625341220817361e+01,-2.405268932586228203e+01,-2.558504149923878757e+00,7.241540231192275634e+00,-9.825985062951090754e+00,9.585855372793277596e+00,1.386403480771291896e+01,5.467532975790690308e+00,1.333735281756757551e+01,1.033564574720874241e+01,3.836415874524450764e+00,7.381167376496211574e+00
5.441166458775419379e+00,-1.800072269628021004e+01,-2.292469623524647560e+01,-5.278887641297629330e+00,-1.422656424060813940e+00,-3.444678931952066847e+01,-1.350527487846680152e+01,-3.336502241158120885e+00,-1.325855145930403722e+01,7.685319779753365665e+00,1.454962146474593654e+00,2.604926702548833184e+00,1.046964831446819844e+01
5.540868192047320839e+00,-1.464974749373202023e+01,-1.856408304839728984e+01,3.148546603248061793e+00,1.163207900502015946e+01,-8.431944799463128248e+00,2.285421347983632945e+00,4.606722429052654277e+00,-1.413847512678733942e+01,2.854528887067515619e+00,3.270437899914893087e+00,3.714821861883428777e+00,2.251560369085433333e+00
5.626187361679629184e+00,-1.494427214838916562e+01,-2.181792986053435612e+01,-8.022540918376289687e-01,5.504391171181385545e+00,-1.845363417922534666e+01,-4.263755182216093509e+00,5.378004075076787238e+00,-5.169430439462755267e+00,1.500817062664926205e+01,5.655689937989681226e+00,-1.332774749807860815e+00,9.986023326484588125e+00
5.476479220120740621e+00,-1.405558638563671892e+01,-1.935847156927087553e+01,-1.153932942917505367e+00,1.612048298921153844e+01,-5.340059699599732923e+00,2.929973923504167743e+00,-2.412683249871829805e+00,-1.350088700757656390e+01,9.049442052258271474e+00,4.297711190137131432e+00,1.913956445694385611e+00,6.400910925290260955e+00
5.184946000798986709e+00,-1.309037797744457166e+01,-1.960621891472156264e+01,-9.234490531529358393e+00,-1.361946982012920415e+00,-2.260158169553068319e+01,-4.315887891705827428e+00,-1.544731024021334242e+01,-2.480670088733897316e+01,5.557637647859891006e-01,-3.908020714558654962e+00,-6.386099504757276613e-01,9.931263676011027997e+00
6.766550629667335670e+00,-1.728876758729584751e+01,-2.791065805316994641e+01,1.751352496966847250e+00,3.176097774310488120e+00,-3.775495226918067715e+01,-1.761479994901674928e+01,-2.270066756318258783e+01,-4.994281068059163431e+01,-2.082807133744240247e+01,-5.699818563341906952e+00,-1.763942441029765362e+01,-8.941262512344462010e+00
6.225777408326590212e+00,-1.690579658964607646e+01,-2.672096564737940128e+01,-1.101794898786441879e+00,6.594428275142455220e+00,-2.985224800271810253e+01,-5.470576812456206639e+00,-4.121216970613541086e+00,-2.010363942019414552e+01,7.306776824730390807e+00,1.211397847049499177e+01,-7.503906856602148068e+00,3.038670016679740904e+00
6.121337263598963574e+00,-4.446093000762195047e+00,-1.274110403208717557e+01,1.122028922207173274e+01,1.244632590125248761e+01,-3.303642874621677805e+01,-4.357320325541468087e+00,-4.436881754498974928e+00,-1.784921541126572819e+01,1.663321092198176920e+00,8.893901103644198614e+00,-3.907721663232764264e+00,1.411794806341244213e+00
5.890195438088496438e+00,-3.413633571855218651e+00,-8.297043095149744474e+00,8.914852184453595285e+00,1.109073171545719205e+01,-2.794947050463294858e+01,3.936188319112663869e+00,6.207273880376245057e-01,-2.244277868054770764e+01,-2.368787984574843186e+00,-2.008685407506487053e+00,-5.668722460046878631e+00,7.859228673137774734e-01
5.413995723643742153e+00,-8.580624098830835322e+00,-1.666226906477014325e+01,-2.985116460635396596e+00,3.218760635172627893e+00,-2.551497593885212822e+01,-1.285493567264669146e+01,-1.006037725346466516e+01,-1.950537932125638108e+01,2.367716880013891689e+00,3.893457215118434789e+00,-7.668852758990632346e+00,9.405163858967263479e+00
5.527304069602595682e+00,-1.009487986011722604e+01,-1.737683882137999092e+01,-3.749367709077739086e+00,6.483344729974591658e+00,-1.597907227639123739e+01,6.474276588679247491e-01,4.288230597589535176e-01,-5.293675843615963217e+00,1.196353693617804304e+01,6.303822587382181375e+00,-1.070752214552715076e+00,1.570931313834507392e+01
6.000403059392002802e+00,-7.198723810763087982e+00,-2.273508436297863966e+01,-7.092493027438139919e+00,6.052458743574670841e+00,-2.060232066772153559e+01,-6.686667598502279652e+00,-4.896606171573252730e+00,-1.831471413550581318e+01,4.061124278865017034e-01,2.367048818599574389e+00,-6.241021591038875549e+00,1.152996167538386807e+01
1.280865648401015555e+01,1.985026228132436543e+01,-3.298351896038298037e+01,2.134417297648516509e+01,2.042606209025791131e+01,-7.058979668911787542e+01,-1.384768451271544620e+01,-1.398742843642930467e+01,-4.199682132393898115e+01,3.512728629551768478e+01,1.587481121993648969e+01,-4.663591042506614315e+01,-8.282880136959851924e+00
1.145209715667698092e+01,2.973104824159695880e+01,-6.892051470238015121e+00,2.136712696009514190e+01,4.012916932061254016e+01,-1.585850447362443916e+01,1.709040116130879083e-01,-6.594598995613191406e+00,-1.051062969736725528e+01,1.516985935739207925e+01,-1.460285082308122817e+01,-3.282718295333367564e+01,-2.921436891649474621e+00
1.574634485466158651e+01,2.611438766429071379e+01,5.054708447991405507e+00,4.340616271029798412e+00,8.590776545435684142e+00,-4.866708584845585328e+00,-2.293205719386354247e+01,-2.780427767849053566e+01,-1.463319663163339790e+01,-6.192529488691763895e+00,-2.089703552144732512e+01,-3.049384015722363728e+01,-1.108339040627175542e+01
1.657109380878954141e+01,2.826176289841598788e+01,-2.084480174263292085e+01,1.309786111724151070e+01,3.206062618498262395e+01,-1.603506613402567638e+01,-4.048354880534819245e+01,-4.237797523649178544e+01,-1.896113557827310814e+01,9.267646356484643633e+00,-1.872723611856901371e+01,-3.686213699160609281e+01,-1.081030320406867062e+01
1.671620199277298724e+01,2.130371284791565500e+01,-1.914068776800202087e+01,1.668374614957374646e+01,3.086823412709082604e+01,-1.832840186713947261e+01,-4.430509130026597830e+01,-4.404887467307554516e+01,-1.690156408159518620e+01,5.352369185637533278e+00,-2.093069442256961921e+01,-3.323642043452335315e+01,-1.233971619562887057e+01
1.723456969247484949e+01,4.198134655892377509e+01,-3.416648583597955025e+01,3.830827308989622537e+01,3.130896045780865933e+01,-1.844818192269509893e+01,-1.739640461349570799e+01,-2.629565481877327215e+01,-2.406665171656456437e+01,1.820733126776901400e+01,1.072838517808257564e+00,-3.289837692401496838e+01,-1.895479220059434056e+01
1.769559017898453845e+01,3.321650434763667192e+01,-2.378915583116503640e+01,2.853350645952539466e+01,2.766070494537327562e+01,-1.943252025240549230e+01,-1.162300227663646446e+01,-3.120131338359613693e+01,-2.339781894517346572e+01,2.835365897618876119e+01,5.655505029003528250e+00,-3.385286126146691998e+01,-1.491058045536704135e+01
1.804845009249622478e+01,2.198798261143414479e+01,-1.898434932879088421e+01,1.512693002492174799e+01,1.708844379494282606e+01,-2.013637285229651397e+01,-1.078743938503830790e+01,-2.384600910036390431e+01,-2.999383630123554312e+01,6.267576070306676961e+00,-1.050838971776779296e+01,-3.611614733247778020e+01,-8.657628998231563955e+00
1.815537448590805880e+01,2.375371870685168219e+01,-1.474178918851914766e+01,1.935414690572035923e+01,2.093319820271209508e+01,-2.198907012671014982e+01,-2.128812395144124636e+01,-2.767675417825544670e+01,-2.290146730438143408e+01,9.766865786143716477e+00,-5.889414631570561554e+00,-3.024698872773161185e+01,-1.040445010023251982e+01
1.789199681054839530e+01,3.834511957458040143e+01,-3.361936667617350594e+01,2.805134365781782080e+01,2.686039981196459792e+01,-4.237380175942975313e+01,-6.209583188137125731e+00,-3.907861086480749435e+01,-3.637253613048104484e+01,2.185128630464404864e+01,-8.674495268630460387e+00,-2.431966741737475957e+01,-1.387722941904229756e+01
1.781483443285253898e+01,3.178922612570758943e+01,-3.183834282470431987e+01,2.297312238865113798e+01,3.247316221104075851e+01,-3.829492696343538682e+01,-3.208030363644181904e+01,-5.018862382955160939e+01,-4.360384528174881780e+01,1.697630148656196525e+01,-2.022519873225320008e+00,-1.812438228952358088e+01,-3.580989808626737325e+00
1.680405046583356210e+01,3.446483348363984334e+01,-2.872837082732138825e+01,2.148987813411115866e+01,1.027551727026939155e+01,-4.426079031837139155e+01,-4.321509784353082040e+01,-4.604465630453164948e+01,-3.215582534903752787e+01,-5.934136198035445453e+00,-1.548938456270310837e+01,-1.604291258361908845e+01,-4.104080878222246653e+00
1.621610067754076923e+01,4.354883758548104566e+01,4.489688951017427043e-01,2.305816235633259126e+01,2.098582585888246044e+01,-2.850147960683102255e+01,-1.964342151532106939e+01,-3.116029381763315698e+01,-2.467996012352030277e+01,1.348714776775519431e+00,-2.359942328586697613e+01,-1.650725404432664334e+01,3.934306711348772634e+00
1.656761037851289586e+01,4.068749466097653311e+01,1.346675235693269812e+01,1.985566705769918983e+01,9.372501306076967964e+00,-1.825044442185507521e+01,-1.891102341130867259e+01,-2.679799821093146051e+01,-2.414736350439689261e+01,-5.581573075182006960e+00,-1.452354484209301511e+01,-2.125559271401004580e+01,3.486646008268627028e+00
1.653874202669203086e+01,3.032779297597770451e+01,1.695643207711816913e+01,1.304963726547735980e+01,1.811750524768400261e+00,-1.146934962699882199e+01,-1.698909393891770492e+01,-2.324403271148320371e+01,-2.177784932906972770e+01,-1.345703261869045875e+01,-1.139892140805769216e+01,-6.819574631862058034e+00,1.257515032040143588e+00
1.674873225866224402e+01,2.707974989738911020e+01,1.516482857088407954e+01,9.847343442473343700e+00,-2.925581126559576584e-01,-9.464201632028428790e+00,-1.720321540288255591e+01,-2.509816899739025686e+01,-2.193637155544845285e+01,-1.524819305668043334e+01,-1.248311304957981882e+01,-6.664115920792399450e+00,-1.700205192021227107e+00
1.702960307079257873e+01,2.561474977873160341e+01,1.306199215804001845e+01,8.994551056672518641e+00,-1.648893741400348389e+00,-1.370057576364091112e+01,-1.902488291476071325e+01,-2.564910141993537351e+01,-2.712440692181324309e+01,-1.817306127395505300e+01,-1.161446628754067589e+01,-8.628038776825119882e+00,-8.609844574399191375e-01
1.780799900509565603e+01,3.679015971624558290e+01,-4.498586965454720032e-01,-1.161197068465660465e+01,-1.686574616768918844e+01,-2.629915329505339372e+01,-2.193790763426484958e+01,-2.504114743631416928e+01,-2.450005996733843361e+01,-7.480751690489126027e+00,-6.026372693036027073e+00,-7.439313413836837974e+00,9.115921522975508395e+00
1.839332352552637317e+01,2.696486964066411574e+01,-7.888594800423327058e+00,-7.284978234368626460e+00,-1.353684379924690440e+01,-3.013484810289893900e+01,-2.533315162625160610e+01,-2.808352488385223467e+01,-2.360004567126213004e+01,1.792636680825039075e-01,-8.222086523343647979e-01,-7.507660630795316870e+00,9.179423097567180889e+00
1.771405733589059750e+01,3.656986215568923626e+01,-1.683982810730684321e+01,1.482649174543761283e+01,1.393726402521425323e+00,-3.419789143810401555e+01,3.516715161015844249e+00,-8.055398938150974075e+00,-2.677478653684747201e+01,7.452900551427584119e+00,-7.247281044431923558e-01,-7.615975617290962063e+00,1.318054143561781189e+01
1.825439245628947305e+01,4.057481115847714648e+01,-3.808491500102956451e+01,1.333934390017452820e+01,-2.263535930538471419e+01,-3.335839135391854882e+01,-9.985797587330973002e+00,-1.681416104339599116e+01,-2.313870272537216266e+01,2.525772312895953675e+01,2.724529951294862418e+00,-1.674485195108786684e+01,-5.393525415586457150e+00
1.840114006117844880e+01,3.334667231029984436e+01,-2.685324975243272405e+01,-3.761452006212341992e+00,-1.127534641409478233e+01,-2.646340023304931677e+01,6.819594543046938462e+00,-9.981311677939983085e+00,-5.213967094363397337e+00,2.554645892015717479e+01,9.860005604591274425e-03,1.622838131820326435e+00,2.020502586393190469e+01
1.801368110130518474e+01,3.386892864538690873e+01,-4.494020107379039786e+01,1.852260360445710852e+00,2.586838648575400690e+00,-3.659717382208252445e+01,8.235552875726403599e+00,9.598671917642974394e-02,-1.297409088826770329e+01,1.638108511590997551e+01,-4.484669222283283574e+00,-1.352477594807717054e+01,4.225239694559348891e+00
1.866792439358158973e+01,2.579362056195324371e+01,-5.297542498030526303e+01,-6.445016621119859401e+00,-1.003970371586304822e+01,-4.860987873519067648e+01,1.420666474799564094e+00,-1.177543791445288157e+01,-2.962772184411962328e+01,7.847020568513097594e+00,-5.977692670949205755e+00,-1.065020432221991697e+01,7.633838999399672254e+00
1.521753266420986428e+01,1.112416929272496802e+01,-2.439256936442173185e+01,1.117386060326281072e+00,-6.017089321252102607e+00,-2.926270555339669244e+01,3.233660109832963148e+00,2.728401322954923103e+00,-1.281115080679825624e+01,1.061647857407908546e+01,5.721408681281545228e+00,-1.031247359033171662e+01,-4.629719589842908323e-01
1.792108074977009835e+01,3.231918115466960018e+01,-5.448648002638512367e+01,-3.547254125455586049e+00,-4.771985376323935490e+00,-4.938805030483534608e+01,1.558354027108070028e+00,-5.840339072457447323e+00,-2.953106301012944712e+01,4.551976836691018491e+00,-5.336941762746747031e+00,-1.157692971048861708e+01,6.423976401851668960e+00
1.355624531550916245e+01,1.176375629500494746e+01,-2.955842432565856370e+01,-1.590233391353707937e+01,-2.386525418494674611e+01,-3.802250644514263200e+01,-5.440402088374891143e+00,-6.654000872983086845e-01,-2.235460149485205861e+01,-9.637583033696706991e+00,5.167601956653977702e+00,3.759064770299425540e+00,9.310566640307621711e+00
1.150214279213534851e+01,2.354780973023039081e+01,-2.098439433297756906e+01,-1.095005992464328592e+01,-6.453631568221894987e+00,-9.637029247778265528e+00,1.145126314182602556e+01,-1.123121420199589515e+01,-1.806094485567713548e+01,2.188877943674188309e+00,-1.366533655564379579e+01,-8.673045813300259255e+00,2.215893167273350173e+01
1.515224401961396694e+01,2.832232544030159005e+01,-3.355829399005992997e+01,5.981377257641377732e+00,3.550290951151038765e+00,-2.102466048109954144e+01,2.457272574793608655e+01,3.013638633347583418e-01,-2.566687431879500636e+01,-2.651180832854755920e+00,-1.993546817056239462e+01,-1.014095433783730194e+01,2.006787353348996916e+01
1.804920346728212976e+01,2.400006984481802164e+01,-4.502374156301002728e+01,-2.452977862172536216e+00,-5.989910011137643764e+00,-4.468504011308224477e+01,1.911030107137864142e+00,-5.346769569215981122e+00,-3.536942278047847310e+01,4.417721829779750475e-01,3.669510630726784850e+00,-1.237483844209181783e+01,3.157218460931915160e+00
1.705230999831448813e+01,2.377780977490971992e+01,-2.614557666421602278e+01,2.504513889824196315e+00,-6.679421074930132207e-02,-2.902328603269640084e+01,3.162964068338030010e+00,6.483562893528095339e-01,-2.516197082882670699e+01,4.878153667134406568e+00,1.363454411181503900e+01,-7.222462571266023090e+00,2.647898162445733727e-01
1.716102161453917674e+01,3.505981534247464992e+01,-2.200998993441817220e+01,-4.220957659648509441e+00,-3.056116123135718787e+00,-2.246492085378988790e+01,-5.335595937850836634e-01,-1.027327445223176738e+01,-2.621552072840067282e+01,5.188551950979444882e+00,1.122505498668061819e+01,-4.244414848472413127e+00,5.661478436607186637e+00
1.639053331113826673e+01,2.894526412313318531e+01,-1.147060230040792383e+01,1.185052282809090141e+00,-2.471422378721868540e+00,-2.467417504356295055e+01,-5.347214617006455839e+00,-7.656544527139702794e+00,-2.472434382057698343e+01,-7.313486019359370260e+00,2.838277552877025656e+00,-4.934077429392500491e+00,-3.412654937151563317e+00
1.597285289279101050e+01,4.169296330675315687e+01,-1.902884478482981478e+01,1.844822495990477051e+01,6.626175045385118700e+00,-3.994008512575130254e+01,-2.728640164458909556e+00,-1.123800412503475599e+01,-3.063358384461976058e+01,2.679689380910035279e+00,-1.145388443203063655e+00,-5.406846623319209399e+00,3.063346325703974138e+00
1.535178158383996738e+01,3.895952811006995375e+01,-1.709622134177415376e+01,3.263874339311956874e+01,9.975087214304251049e+00,-2.973504661439730157e+01,7.357957087591250556e+00,-1.858524077579201617e+01,-3.310812858794026425e+01,-7.763746443393809038e+00,-9.090181650002836733e+00,-5.561090448017125709e+00,-2.129112449914882799e+00
1.549504156612726646e+01,2.631314097283152620e+01,-7.611879997754865457e+00,2.300128792818710721e+01,1.363729723125420001e+01,-1.037456143746608284e+01,1.497627476832702520e+01,-1.423378800654125875e+01,-2.369560388168116560e+01,1.472685013266602461e+01,-1.419506774512812797e+01,-3.304710888177304184e+01,-1.276522727892940301e+00
1.531791375466136351e+01,2.490367668297095349e+01,3.805766463602266447e-01,2.067006011644038210e+01,1.834751440066144923e+01,3.052542889052523467e+00,1.530361318686613181e+01,-5.884245453259876690e+00,-2.637029719252930349e+01,-7.549385521373898733e+00,-1.614452216691585917e+01,-3.002453141528915737e+01,-8.916023323381804033e+00
1.512503854352535981e+01,4.193847108193903495e+01,-6.433791201876232435e+00,2.353830021299470232e+01,2.993257914600734537e+01,-8.908464256508061396e+00,1.302475987804836421e+01,-1.515660057371325209e+01,-1.945265478331219455e+01,-1.154797616800792603e+01,-2.840747682097377336e+01,-1.782845682303505441e+01,-9.103129901950998359e+00
1.484699679656860738e+01,3.197498724512137613e+01,3.264221500495687156e+00,2.189488532150836875e+01,1.541782741447102190e+01,-8.918108876496736670e+00,1.007475593199593256e+01,-5.040511220600179421e+00,-3.007807417410024797e+01,-1.287256667940056687e+01,-1.717989530359887596e+01,-3.061217405525973589e+01,-1.246974943660879731e+01
1.435858421406815033e+01,3.598237626338517714e+01,-8.526590838135302164e+00,2.549763360051086991e+01,2.063266507873164812e+01,-2.272548577847018336e+01,1.268276681552716667e+01,-2.695290593046021144e+01,-4.687080816167370756e+01,9.876964126578791081e-01,-1.628805980765768879e+01,-3.504521060724083270e+01,-5.128194695167382910e+00
1.326609207968785142e+01,3.077209213274155886e+01,1.462519463938636521e+00,2.612654776952796354e+01,2.697326091134191373e+01,-7.601086798384010024e+00,1.508097182470282149e+01,-3.491939152430061089e-02,-2.313875352387726281e+01,-4.663118855960386000e+00,1.290817415189741357e+00,-1.509362403458468016e+01,-3.901723440112214725e+00
1.181785797105131053e+01,1.912776669307028854e+01,-3.710075618166349454e+00,2.498682101551230517e+01,2.009201196963539005e+01,-1.037030064828112152e+01,7.383124004326407919e-01,-1.251417135732159625e-01,-6.175637995469236863e+00,3.417092116263642065e+00,-3.390385612465103282e+00,-1.875525173734970252e+01,-1.738009643733934340e+01
1.065693348213424230e+01,1.898922941230596706e+01,-1.476317409116374080e+01,1.909989611200115078e+01,2.572071987565907847e+01,-3.802505792992971578e+01,4.749376605130714246e+00,5.994544431500896664e+00,-2.438351253705887700e+01,4.322831641084671439e+00,4.650113915142570775e+00,-1.858872963678649626e+01,-1.180676463380812891e+01
1.015156871500080626e+01,1.279279790139170458e+01,-1.268918060911487089e+01,2.034482521125008958e+01,3.263030733297941310e+01,-1.246850415107456556e+01,1.930360593248882140e+01,1.994104456521806412e+01,-9.278985746161245274e+00,5.835311399333146909e+00,-9.434334607176652066e-01,-1.405273719390896048e+01,-7.592469928238718246e+00
8.844316748388315830e+00,1.205414244999236217e+01,-7.119259411177616848e+00,1.590914285368094028e+01,2.942660927384486769e+01,-8.009759549294146908e+00,2.466265349557775011e+01,1.960327098303830340e+01,-9.171039938831437865e+00,1.411906819009862168e+01,8.235954823067174857e+00,-9.420439601639476024e+00,5.501792857563243544e-01
7.762995792592982447e+00,8.433932731701997199e+00,-3.012151801297796361e+00,1.827915044996246507e+01,1.707954255380499831e+01,-1.485513489060168446e+01,1.429730430063113467e+01,-3.913804785390661234e+00,-2.670203945467766715e+01,-2.568598210841515961e+00,-1.222524765870787888e+01,-2.220408467704030642e+01,-1.749369275230395004e+01
7.246422291842396390e+00,3.761150095883693201e+00,-6.695933389018087212e+00,1.721991686779285047e+01,2.720855784941025135e+01,1.639310458769509260e-01,9.153068560299567835e+00,-5.429845194176572853e+00,-2.372391485188545346e+01,-1.084166832383561641e+01,-1.865258267329682695e+01,-2.907407224378342647e+01,-1.746898392464068905e+01
9.084701013932320990e+00,6.819228877355566487e-01,-1.840234162805972318e+01,2.625527603208502825e+01,8.198371888083272552e+00,-2.385157752873724490e+01,1.652852077692867994e+01,-6.657973081981733543e+00,-2.811579452915604094e+01,1.249276776908540754e+01,2.419531423245127932e+00,-2.685835162850315427e+01,-1.062044220533694805e+01
1.504910825956289955e+01,5.878989696151244893e+00,-3.095598230789025251e+01,2.521351945613696799e+01,-4.048663482925433321e+00,-3.031315141728667228e+01,2.025721369370100167e+00,-5.642716000512377761e+00,-1.886421482948228601e+01,1.050824267180551352e+01,3.823621508659311719e+00,-1.680150055341122339e+01,-6.494414379750190314e+00
1.646989541408953528e+01,1.362167623397185068e+01,-5.091534917267212279e+01,2.901953596821297765e+01,-1.422998246684305101e+01,-5.745076337861188875e+01,2.593179415139408750e+00,-2.765205316947161762e+01,-5.037428909499109864e+01,2.397135978591200001e+01,1.186968187318571211e+01,-2.092636966347306071e+01,6.973331413496451248e+00
1.521082039232851102e+01,2.348444990096360385e+01,-1.320406404653562404e+01,2.116032170517161504e+01,8.115370610054451816e+00,-3.111664342631073765e+01,-7.711577316998885046e+00,-1.539703778981510496e+01,-2.210923686298994184e+01,1.039442155670439938e+01,2.081198376777382730e+00,-1.741627989283018252e+01,-9.253571882105660507e+00
1.755055548740157789e+01,4.163045261030543998e+01,-3.181904912010661235e+01,1.779922057576872518e+01,-7.731736630630486884e-01,-4.188914985957722337e+01,5.130152707379465937e+00,-2.886192656680063706e+01,-3.054576059910207420e+01,1.528568797851377958e+01,-4.936875789031601514e+00,-7.557142184035713584e+00,5.080210723783756599e+00
1.761551154057568880e+01,2.889982177252176498e+01,-2.019034762840827568e+01,2.129158232806444673e+00,-7.010474336010697805e+00,-3.646000995047621274e+01,-1.358613556815666357e+01,-2.437038057489061771e+01,-3.312196633386486866e+01,-3.150693766802555640e+00,-3.259091251753866381e+00,-1.057893323024281607e+01,-4.340614312528975560e+00
1.730063436179933589e+01,4.960194314331629073e+01,-3.959862311191987772e+01,9.867188432162917522e+00,2.096069956478965768e+00,-4.485679093821941166e+01,-1.320899217439312423e+01,-2.091084670556594105e+01,-1.884227659381630460e+01,1.011806940973472102e+01,-1.211307003262058934e+01,-1.788794027384484053e+01,-5.371761478546847712e+00
1.623089717596703707e+01,4.725002638893256091e+01,-2.175630631518380298e+01,3.555373795315926344e+00,7.507855673843129907e+00,-3.523740630079979042e+01,-1.382616914154076504e+01,-4.645841104917593611e+00,-4.782577050868286328e+00,6.390625451329741580e+00,-1.362695422740845785e+01,-2.320500527657879886e+01,-7.079246297075823868e+00
1.590632705375517553e+01,2.902639243796023649e+01,5.599856506727028282e+00,7.357898275370025054e+00,8.660568529346622801e-01,-1.400577183476340615e+01,-7.563089025130030230e+00,-5.760378321239841837e-01,-5.993142802962631244e+00,-9.131359867763952920e+00,-1.553644438716652765e+01,-2.226267346121594670e+01,-1.264605687968433578e+01
1.621561634039172972e+01,3.001896227957310970e+01,8.404066238193088623e+00,5.825716017976922956e+00,2.906650843500156789e+00,-7.697766263718544444e+00,-7.609801825758605531e+00,-2.127809639436230249e+00,1.595768596403239981e+00,1.279672421712475527e+00,-9.575522575429461725e+00,-1.713180122383192483e+01,-6.485039170050141522e+00
1.623851451893700215e+01,2.836393808734224464e+01,6.285985049531595870e+00,3.995909160139310856e+00,6.452924871053590472e+00,-2.692085971480356665e+00,-1.589945446490971803e-01,3.401417137499997967e+00,-5.834685213533020942e+00,-7.721548399234437809e+00,-6.114817281782876535e+00,-1.103394208297493506e+01,-5.866433414448401606e+00
1.618852787498338941e+01,2.400194454551787970e+01,4.603831256507977976e+00,9.568875939971462685e+00,8.333282776218098320e+00,-5.106813459142843570e+00,-9.422962217619943459e-01,3.487039664644879355e+00,-5.542583254233105272e+00,-1.140483252630552613e+01,-1.735716332310233412e+01,-2.241966788465362725e+01,-1.038793014387245606e+01
1.617986461586940550e+01,3.611374925457044327e+01,3.177400728919325790e+00,1.444315111152879361e+01,1.405008056459359267e+01,-1.153365546846034562e+01,3.599953832106305374e+00,1.055417536290001124e+01,-7.490384097639147143e+00,-6.936290660676772468e+00,-1.446578437930808292e+01,-2.626252573044980920e+01,-7.121080481084154812e+00
1.627219839435541360e+01,2.595364065151827049e+01,1.164190201860868967e+01,1.165346643655220404e+01,3.584602245051093039e+00,-8.067792002809577312e+00,-5.652156010164649302e+00,-4.508004969310214882e+00,-6.997334213073019171e+00,-9.259032010619973718e+00,-1.648482884808750271e+01,-1.747400902417339807e+01,-7.623907988326213747e+00
1.637560702217759001e+01,2.633431441184367472e+01,1.164929217350130841e+01,1.076713781933182901e+01,2.983905699480522422e+00,-8.929434799362828912e+00,-5.101425596063739576e+00,-3.701113399390109748e+00,-1.219861663465753487e+01,-1.381493337602021754e+01,-1.302923569172637386e+01,-1.553554321833766494e+01,-1.068156302872741392e+01
1.568835270201450527e+01,2.925891913690569623e+01,1.213689688949014212e+01,2.672653284368444915e+01,8.218265626392426526e+00,-2.187073003508916713e+01,-6.511137058506161202e-01,8.138611486836888176e+00,-1.311299735355969354e+01,-1.016700567463692551e+01,-4.546685068783374639e+00,-1.283643734032828121e+01,-4.405736256420698993e+00
1.856951334226367223e+01,-8.070003323739892709e-01,-1.657206047041216834e+01,3.874311668600316949e+01,2.073182057751393259e+01,-3.064567702385242498e+01,7.888628702524085767e+00,2.386111505594307758e+01,-2.789880971106921237e+01,-1.828879473788189713e+01,1.331144421470730421e+01,-1.349681230281431432e+01,-2.053904051226669125e+01
1.951909576870362528e+01,-1.552901625241229944e+01,-3.229789778365854858e+01,3.757903064353067890e+01,3.950988356842382920e+00,-4.391983581668078784e+01,2.031603812123091046e+01,1.092500575740937840e+01,-3.481039373619053379e+01,3.063971621024653924e+00,6.605779409731391993e+00,-2.074305610241751197e+01,-7.857508321828443165e+00
1.943018572262386101e+01,-1.698556003265083048e+00,-4.117169250631673094e+01,3.938371650400689816e+01,-1.952270621773266823e+00,-3.372437747874686664e+01,2.152611577500178441e+01,1.723547330811512523e+01,-2.871752977458891820e+01,9.573296939323411081e+00,1.554173368656745780e+01,-1.108721825425029550e+01,-2.944682460982961381e+00
1.928102283385953442e+01,-2.642614534672198445e+01,-3.701572151547742351e+01,3.959186735475277885e+01,3.842904036962233150e+00,-4.808116487811577144e+01,1.246173971909069955e+01,6.035906771832191708e+00,-4.194895833675599306e+01,-8.793208224110012239e+00,5.472497194616796179e+00,-1.891809062739740455e+01,-1.399129320888015293e+01
1.893542824619515841e+01,-3.947656798393934796e+00,-3.649218324037991579e+01,3.508327609775130895e+01,-2.608756025032338499e+00,-2.921762777725028570e+01,1.815475958979148530e+01,1.331452193326816236e+01,-2.162778394385331993e+01,6.519564729131755776e+00,1.331343171834581618e+01,-8.771080645064500914e+00,-4.731166968029322462e+00
1.836944401864350951e+01,-2.947250220308622382e+00,-4.089722667237209919e+01,4.019892990871097282e+01,-5.063877080137227260e+00,-3.522102215133155312e+01,2.288323973048369098e+01,9.348481247640398450e+00,-3.005999555816393709e+01,8.981545483529412621e+00,1.026148452920725163e+01,-9.733926011366767383e+00,-2.245373772727900619e+00
1.747560157591082586e+01,-1.940478014501499260e+01,-3.406623119184757087e+01,3.218450722731160596e+01,-2.612965984314701728e+00,-3.800723993749598151e+01,2.486559406853801590e+01,6.473361611841694341e+00,-3.470984291038016778e+01,7.661409804365757914e+00,1.243709760980647872e+01,-1.120319920566909744e+01,-7.001235058976404968e-01
1.661695027745229680e+01,-2.614724575776654092e+01,-3.016646590402605455e+01,3.354430641414577963e+01,-2.847362407621008451e+00,-3.276159872634885772e+01,2.167013251004787477e+01,7.334355729333600138e+00,-2.564578250318896480e+01,1.087621229207392659e+01,1.985510539198665114e+01,-4.870824032764064171e+00,-5.018260244063090347e+00
1.604859492447242886e+01,-2.930498669233603692e+01,-3.884735354231438720e+01,3.847532892043561503e+01,6.011760238130799960e-01,-4.478506246110905664e+01,2.314517231165030253e+01,1.283215031117483385e+01,-3.336355781432181544e+01,5.643892875543666143e+00,8.108137713805181335e+00,-2.565368212547182480e+01,-1.059778864548619559e+01
1.133615524104891925e+01,-9.909599799886480653e+00,-3.961307476666054583e+01,4.163954306932377136e+01,7.839151242775197481e-01,-2.687431977288083118e+01,3.109061215375981391e+01,-1.117663208250552920e+01,-1.855839229283546388e+01,1.315989031470583370e+01,-2.134890496724654696e+00,-5.139595966669969762e+00,-6.130521675120660596e+00
9.334730071736498047e+00,-1.000831517968973650e+01,-3.010204334796890890e+01,2.964329050798498955e+01,1.676460026055407670e+00,-3.180403602744986458e+01,1.289965500809819687e+01,-2.211266577025433833e+01,-1.978312633340122417e+01,1.204393827975690101e+01,-1.159690825351756871e+01,-1.706001971885871882e+01,-8.901002225236050336e+00
8.271510455795180405e+00,-9.868967894937675567e+00,-2.708219987778256765e+01,2.405925883567820023e+01,5.466709311122983195e+00,-2.814145466008967844e+01,2.752715786456522196e+01,-8.584334095492794248e+00,-1.938317267126432242e+01,2.193531840214586737e+01,-1.111667339066322979e+00,-3.029369581973275327e+00,1.952708223876911564e+00
7.514105545633147365e+00,-8.019632924461513213e+00,-2.222228659496655467e+01,2.204634808844636140e+01,1.063545714742644677e+01,-1.539080305970943563e+01,2.138823209627601685e+01,-7.538440363684832057e+00,-5.315333236985526177e+00,1.734177189889602033e+01,-1.169885999836477808e+01,-1.021511622890861126e+01,5.887093935815990164e+00
6.951378486813393209e+00,-6.625500409320055795e+00,-1.608881096000584776e+01,2.325175529823058085e+01,1.197226867779210124e+01,-2.035916885521079323e+01,1.931769404683123881e+01,-1.125328265863943855e+00,-5.273884293038300974e+00,6.080108749685795289e+00,-9.406662287399187861e+00,-3.026269938356575206e+00,4.315327335811200093e+00
1.408720255108973696e+01,8.946172469423371965e+00,-4.484597702417491405e+01,8.142381931076796420e+00,-1.893718743867431664e+00,-3.820920043643610597e+01,-8.330501278522481901e-01,-1.590829767953289320e+01,-3.645691020487637246e+01,1.734190696176028368e+01,1.962761886365098363e+01,-2.316053670589570501e+01,-1.790113075897731498e+00
1.597367546711722852e+01,1.593159224410215558e+01,-3.619505260298654292e+01,1.644609847972101591e+01,-5.062713589816380200e+00,-5.169368874410299242e+01,-5.569704803279537764e+00,-1.744376699415446907e+01,-4.518618137125205436e+01,2.349834156360914506e+01,3.422948172241172671e+01,-1.664117653064306879e+01,1.343434579051820510e+00
1.577433073588425216e+01,1.868646748013396319e+01,-1.347843189876508241e+01,2.294098686088123529e+01,1.428140812458815567e+01,-2.846227706723306738e+01,-1.334811114540397270e+01,-1.682147998708323300e+01,-1.233712028052671528e+01,2.982772118512414039e+01,1.295943357870194390e+01,-2.259636803984738407e+01,-8.148137741309906090e+00
1.791845542053850693e+01,3.142280362909581015e+01,-4.017940164120373936e+01,1.668706810835378462e+01,-3.225867908861747235e+00,-5.138688417634445926e+01,-1.673148772613193724e+00,-3.333725339522691655e+01,-2.980453817157000174e+01,3.723523436576536483e+01,1.622769477303376107e+01,-6.725863558698313760e+00,-1.067006349426963707e+00
1.801198260515523941e+01,2.925538374177697420e+01,-2.682574447816720209e+01,1.062876751910247464e+01,-9.630259611966115685e+00,-4.674622957693281222e+01,1.427412201971341554e+00,-1.740637418213361443e+01,-1.950137929842988171e+01,3.976402052874360749e+01,1.362272670326877311e+01,-9.284938922594589528e+00,6.709360623870301410e+00
1.790998158939180840e+01,2.157031755811354401e+01,-1.014874036153780956e+01,7.289243250037674926e+00,-1.965832281877655063e+01,-3.888887410509303777e+01,2.183447490996300644e+00,-6.591734533886130620e+00,-2.372474814772290586e+01,7.987866764485722193e+00,5.709098679376684693e+00,-1.066867541712792189e+01,5.909593746825123617e+00
1.773037246816890544e+01,4.340436782389610215e+01,-3.843246638356745137e+01,2.146183820628021977e+01,-2.048698027787481735e+01,-4.452639323672835303e+01,1.136355103948917034e+01,-2.155698532505088139e+01,-2.445610413508443770e+01,3.426712373934103795e+01,1.346771838323722825e+01,-2.325138072909745901e+01,-8.433165462943361668e-01
1.736126823577808054e+01,2.167252940058469335e+01,-1.552767907238347789e+01,4.871909204672065563e+00,-2.110655578593397053e+01,-4.113307686796017038e+01,7.311051407856784534e-01,-1.191697325288683196e+01,-2.713192335888187756e+01,1.563793522818090942e+01,1.071041169611764232e+01,-2.347874231057176431e+01,-9.671346984003823977e+00
1.748193584916487708e+01,3.006865198088921076e+01,-2.195131533029748283e+01,4.278148535058551083e+00,-1.510102239872721164e+01,-5.309966832323338792e+01,3.699718997022915179e+00,-1.044600310018203082e+01,-2.855861726125749911e+01,3.138050250463888702e+01,1.655957314640358646e+01,-2.122569049529968055e+01,-7.237672072992294758e+00
1.725734899957419444e+01,3.451470232082847645e+01,-2.143492567702498164e+01,1.068946539249611760e+01,-1.073399004190176598e+01,-4.389037488158533762e+01,1.530892589369645229e+01,-3.492150807519237787e+00,-2.161945817431404038e+01,3.844637716357361512e+01,1.984619126642402520e+01,-1.625779141378890458e+01,3.425828838691928002e+00
1.704915961969646787e+01,2.946297209544199802e+01,-1.375098299101563271e+01,9.397785383326620945e+00,-1.404242308427272334e+01,-3.514381106249086884e+01,4.756777676204305472e+00,-1.664173878447869726e+01,-1.592033210093312334e+01,3.240252419069985734e+01,7.332552944030198638e+00,-1.192094185710808496e+01,8.805240163737469317e+00
1.697391706882971008e+01,1.975497125435354207e+01,-8.189104425842737456e+00,6.814804024538116067e+00,-9.647691001156951884e+00,-2.694848395476337544e+01,-1.266518048729405166e+01,-2.918695936534960111e+01,-2.048954977649579234e+01,1.986563344517479734e+01,1.035632536289271144e+01,-7.238124450111582675e+00,-1.697659670108484786e-01
1.653398047372471424e+01,2.801050028757065746e+01,-1.008365551076904509e+01,1.011317956041384925e+01,-4.263763097917934175e+00,-3.358146004329006473e+01,-3.277139849312554531e+00,-1.259072160270241270e+01,-2.834914674134667933e+01,6.028952011228146723e+00,8.827664807718285545e+00,-3.567141337221829023e+00,8.855613823933128348e-01
1.607524818452688109e+01,4.489623089015189805e+01,-2.844965601622527629e+01,2.828736922276282328e+01,9.840180127148299150e+00,-6.403657058901585231e+01,6.764962454425009319e+00,-2.983192483038479637e+01,-5.383115246391516706e+01,1.532355969507988469e+01,-3.177560399703766691e+00,-4.623808102661316255e+00,2.347556660994613242e+00
1.499950862615387237e+01,2.385424632546667212e+01,-3.953668246452558321e+00,2.734187790549079722e+01,9.205467626309124185e+00,-2.977090310954100971e+01,-7.683920986023673017e+00,-7.443780906041981282e+00,-2.735715867721500771e+01,-3.984976223362014736e+00,1.281547447676554086e+01,2.127946016821329778e+00,-3.822032672348026683e+00
1.364991092597759881e+01,3.134666992719047229e+01,-6.087642612347216264e+00,3.224180636706938685e+01,1.931050699049697883e+01,-2.158384718588155238e+01,7.396498011557579133e+00,-1.625063137277340530e+01,-3.801459327694542623e+01,-7.985002356735180218e-01,3.505125603416795688e+00,-6.683908185835726101e+00,-1.191730217350066390e+01
1.331747336106066726e+01,2.869091741747358526e+01,6.560048079651785713e+00,2.470836509646707313e+01,1.701788980561989462e+01,-9.625079006996958952e+00,9.968575491763596474e+00,-2.460172370904959660e+00,-2.411638943862641327e+01,-8.256568645107192239e+00,3.087252027646813612e+00,-7.650846576556253886e+00,-1.209414381138518557e+01
1.258232167224199927e+01,2.333152998331365779e+01,2.125827680456480184e-01,2.233219530162646649e+01,1.891909758409635955e+01,-2.071479530038413586e+01,1.486329923397221364e+00,1.733001111647785564e+01,-1.664392096210844940e+01,-1.247839055718494627e+01,1.066485440918511607e+01,-6.546166928184969258e+00,-1.361305708733266329e+01
1.204108243751220186e+01,2.236024468549093669e+01,-1.713649816151778538e+01,4.397287030024168786e+01,2.713703042447782110e+01,-3.785031203179579506e+01,4.563754463133382622e-01,1.898479089048056068e+00,-2.630804956769658531e+01,-7.808583588827322508e+00,1.393718193912775405e+01,7.046217011544317899e+00,6.241537162162209107e+00
1.416551542041210254e+01,3.702864256569156964e+00,-3.115044432364978633e+01,4.730095314956329133e+01,2.816031220159836224e+01,-3.620130140068128810e+01,-1.408892723358633248e+00,9.198914015580905712e+00,-1.010129782179888025e+01,2.242561125658578458e+00,-1.362955208774201399e+00,-1.458570622567111386e+01,-6.377955907336144925e+00
1.683692065964562445e+01,-4.595431708961489115e+00,-3.713809859289327164e+01,2.872204382356709118e+01,1.164971899835620484e+01,-3.343357701425915707e+01,-4.753698576604201698e+00,1.667881754746755263e+00,-1.315170492338184083e+01,2.266732237838123165e+00,1.792695840386067552e+00,-1.078058023549220579e+01,-4.518905310672846731e+00
1.855418105905086534e+01,-9.164499250732687230e+00,-5.349334741785645519e+01,4.142175196264562942e+01,1.931320426455822314e+01,-3.431260844331177395e+01,-9.759102361883406074e-01,6.839252443636852696e+00,-2.075682363331871283e+00,1.977522953275666140e+01,9.667497721376376862e-01,-1.487280819365999918e+01,4.981782817529689211e+00
1.836818872055445340e+01,-2.238442444895673589e+01,-5.733390512628518820e+01,3.917294495610774874e+01,3.158387738893279462e+01,-3.634574178834882474e+01,-6.918151725064891622e+00,-1.229650868776029915e+00,-1.497405151975479320e+01,1.113065966255211947e+01,-1.235472689906467414e+00,-2.327445383160165449e+01,-1.928811749217508087e+00
1.690075364473433339e+01,-8.661586602089370590e-01,-5.892741397748471854e+01,2.855453432495338362e+01,3.652663727505957070e+01,-2.783674519762262634e+01,-1.239502150340906361e+01,-3.712455759470884686e+00,-4.577186914890329028e+00,1.643773967180888818e+01,-7.961397841528717656e+00,-2.087026246932937923e+01,7.608430306606107862e+00
1.500169150209569402e+01,-1.060636406432147322e-01,-4.752490535857066334e+01,1.409340835489331667e+01,1.766105041137889842e+01,-1.432573028286994798e+01,8.772873904550838597e-01,-5.476367786558094863e+00,-4.841103586500719480e+00,2.428517990033931895e+01,4.480434048881776654e+00,-2.004006904878330886e+01,1.071323655683010800e+00
1.647290552858756385e+01,1.252210245733541072e+01,-6.945902413479166171e+01,1.752925336477912666e+01,4.355777452509963865e+01,-2.762786296269441166e+01,-9.552601822349366500e+00,-3.564605278478494199e+01,-3.945250575965275885e+01,2.691247251547972397e+01,-9.726038015124935043e+00,-3.102559321858906216e+01,2.198181240019283944e+00
1.429644525664567034e+01,2.186073263121176780e+01,-1.739570149437737712e+01,1.397254377736591557e+01,2.874872779678469925e+01,-3.318831508040169354e+00,-1.909596496096427742e+01,-3.509257824767999523e+01,-2.354912074431300439e+01,1.150488276510747454e+01,-1.838929200968625555e+00,-1.632232185293168314e+01,6.550357483193035568e-01
1.535223660017820357e+01,3.418449988428011466e+01,-1.512104066307162498e+01,1.695872170815705715e+01,2.374576055270183872e+01,-1.816080137234714798e+01,-2.187899701732675695e+01,-3.402486681602576368e+01,-1.488771877125690857e+01,2.197834907133124460e+01,-1.496416029582632090e+00,-1.634095832257097669e+01,-2.055634684276477664e+00
1.508556499779532345e+01,2.189347507725501885e+01,-2.414051380804876690e+00,9.540233536302935136e+00,1.064502064183107066e+01,-6.712193499803620789e+00,-1.844060166593888539e+01,-2.659114420498281461e+01,-3.620458014866791085e+00,1.757192630972150482e+01,-3.250641321573333187e+00,-1.287967984570558855e+01,3.872826408143363430e+00
1.529145189542860273e+01,4.339982628755703331e+01,-2.681791197391575565e+01,2.504897718936589612e+01,2.335137522270825272e+01,-2.728139142614432089e+01,-7.580693474023173728e+00,-3.638916045367554375e+01,-2.969375773984708999e+01,2.231360711194406221e+01,-3.778892607716215490e+00,-9.448826220681532106e+00,1.032657188219718414e+01
1.502337927597458211e+01,2.833492574944115816e+01,-3.754714005295243240e+00,1.136499113699626662e+01,1.682785714128736743e+01,-6.861805806310663058e+00,-1.896013427709295129e+01,-2.759506308380934314e+01,-1.397599451847051810e+01,1.580209012720404438e+01,1.073916688649388540e+01,-6.958018913324555577e+00,3.362931254677545390e+00
1.510958976825940780e+01,2.823688998557275198e+01,-4.439794213762057740e-01,1.400182228543675933e+01,1.909734155707503334e+01,-8.194538357444496768e+00,-2.465749174965019463e+01,-3.134998081660686609e+01,-1.846051699055702855e+01,5.557459328164114254e+00,1.372368754972480565e+00,-8.563873963880284990e+00,3.498112242414250339e+00
1.526045865395089329e+01,3.787800914329510960e+01,-3.814613267856312717e+01,1.162706530257178095e+01,3.853110354970142737e+01,-4.650066488220319094e+00,-4.324765003484798420e+00,-3.315106894115364611e+01,-2.018214302878039845e+01,4.385487417877786953e+01,1.263010072193458022e+01,-2.060081889859875304e+01,-7.412474568489576532e-01
1.437421593724722690e+01,3.952495791319974927e+01,-1.750783138051793131e+01,3.444134460976528800e+01,4.256827478668773779e+01,-1.019886038948442852e+01,2.158000800129144636e+00,-5.768146902835790968e+01,-3.719982974323772140e+01,3.127176857367078000e+01,-1.353629678862508534e+01,-2.399834914631914273e+01,9.824773028479418358e+00
1.400414882015618545e+01,2.464963909118007734e+01,-1.386606616634574296e+00,1.329464560996141387e+01,1.389567649304165542e+01,-3.945817247905524017e+00,-7.768003167998204006e+00,-2.454327177276501004e+01,-1.530436389873585412e+01,9.852837730607888034e+00,-1.240695096397771913e+01,-2.539592557453017463e+01,1.951183612144910817e-01
1.434031362972761059e+01,3.230921854976869412e+01,-2.221900121877679712e+00,2.309263391800270782e+01,2.016451264804745236e+01,-6.382435161829651094e+00,-4.201085214787982025e+00,-3.196088764928918025e+01,-2.509345929478703852e+01,2.914267456039850934e+00,-2.272249775164939933e+01,-2.390954849976422025e+01,1.972947858774160679e+00
1.378688963919703880e+01,2.647319754321627983e+01,5.038040134302413514e-02,3.312571685207886674e+01,2.655720109250581729e+01,-2.313718154248441738e+00,-7.561817186241167832e+00,-3.945874379826120304e+01,-1.985791496483500040e+01,2.185646802330535365e+01,-1.081532385219726144e+01,-1.517478863075837658e+01,1.267602345555034482e+01
1.356316301247495559e+01,1.941652327013563450e+01,8.504700530229586386e-02,1.044012468554650575e+01,1.706869657641763682e+00,-7.215004852293151139e+00,-4.548859817421355700e+00,-2.218598299565416454e+01,-7.025539393466629257e+00,1.727102209177116521e+01,-6.671785336862787297e+00,-1.305951912998169817e+01,1.424264059660174375e+01
1.339552467011288961e+01,2.764552342684925890e+01,-2.757993244453784243e+00,4.770333710465094867e+01,4.114619312968459752e+01,3.006816077781810925e-01,-3.845018224226962822e+00,-4.106519269905236058e+01,-1.833653281733307949e+01,2.341474350073894684e+01,-1.950436442861673925e+01,-3.065936039185909223e+01,5.609060249015889177e+00
1.248711640498151887e+01,2.456393078759610304e+01,-1.773398033935666751e+00,2.234584565091424579e+01,2.501736016818029995e+01,-2.093183667354821864e+00,-2.765245888174506561e+00,-1.063797004774187549e+01,4.092789892332788781e-01,1.983229364795532845e+01,-6.230323293032751231e+00,-2.043673477162911922e+01,7.253921050237310375e+00
1.160451962376547819e+01,1.664022482976058726e+01,-5.237834702793452202e+00,2.605291870656973430e+01,4.033153403934535675e+01,1.741652106843484038e+00,-1.667872551844485329e+01,-1.291336584400410636e+01,5.868247522738407440e+00,2.464448682411936176e+01,8.107573291006046290e+00,-1.387213947827576632e+01,3.024442168154719557e+00
1.255593176826183210e+01,2.037885105116993145e+01,-3.300131082891338252e+01,1.263507252023870464e+01,3.945201296327936547e+01,-5.705762765646149148e+00,-1.332810762988309783e+01,-1.981505683559828412e+01,-1.191017641772190849e+01,1.615001613903590183e+01,-2.374464607406832961e+00,-2.437367017226930344e+01,-6.410348640501037920e+00
1.353695360232358524e+01,6.072488027628981655e+00,-4.369876602676836086e+01,1.457384327503232768e+01,3.711704714715729381e+01,-1.895778343338734828e+01,-2.687822976728518398e+01,-3.571834411558357658e+01,-2.940395714166489682e+01,2.913706429751582405e+01,1.770799899980853453e+01,-2.711861514980608590e+01,-9.716704182327584149e+00
1.312555002700221785e+01,3.602974780900480400e+00,-4.118994381877426747e+01,4.776627116379849269e+00,7.636186112839015827e+00,-4.103747917755269725e+01,-3.905292780373905259e+01,-3.457262602420490794e+01,-1.888866256852566394e+01,3.208815221787528316e+01,2.988543684099629161e+01,-1.005712740881108580e+01,-1.371813964090079940e+00
1.238595514900856820e+01,1.544598200377795116e+01,-4.746000700987937648e+01,9.782347557703690910e+00,2.313745727686164244e+01,-3.477862513938750055e+01,-9.239991397552795860e+00,-1.247081499902047597e+01,-2.305021737389817815e+01,2.053865958379766710e+01,2.130392255391273437e+01,-1.291589779867847732e+01,9.148070503317230262e+00
1.041672453131532095e+01,1.885703142750541161e+01,-3.110226675565516885e+01,5.215741377326155614e+00,1.646837558838482352e+01,-3.358779052523689046e+01,-1.549371858802659041e+01,-1.311548561454601192e+01,-1.201193878006466242e+01,2.070129171051816286e+01,9.520327751378166781e+00,-1.637758465120868578e+01,6.646403864121572802e+00
1.056526193088277310e+01,1.423222713870365475e+01,-3.430466846329331077e+01,-1.571900275872927244e+00,1.307080862235801888e+01,-3.480454504256718451e+01,-2.062837969475151567e+01,-1.401059223476732463e+01,-1.177439941904213150e+01,1.907248047479598441e+01,-2.283591453857686471e+00,-1.975257273537580005e+01,1.800487292150872776e+01
9.637333006473181030e+00,1.420657744920181287e+01,-3.292282607215544488e+01,-7.039504204603624693e+00,1.415441061830363978e+01,-3.453859923440971613e+01,-1.622382172009160328e+01,-1.437954120629808408e+01,-5.687162849979392476e+00,8.312409680267025536e+00,-1.003986606883162480e+01,-1.251075413058390495e+01,1.897871925014527150e+01
9.045464283886984092e+00,1.315310433780207866e+01,-2.959210982218083075e+01,-1.083726210972984205e+01,1.556464052143729049e+01,-1.968799764217683546e+01,-1.209789281677585215e+01,-8.144457568486679122e+00,-5.821488615334065919e+00,-9.197546443885769030e-01,-1.297209483824091514e+01,-1.458664740165276186e+01,9.262069922175401260e+00
8.794579849364222213e+00,1.251993175726768825e+01,-2.081476509526802943e+01,-6.472219993364760171e+00,1.455109704372791413e+01,-1.295769621055945819e+01,-1.503918974398428610e+01,-1.718773122133169551e+01,-7.676924857983013162e+00,4.033561366439137319e-01,-1.166324471810143315e+01,-1.707044006813919879e+01,1.888846878506756966e+01
7.666725641172840611e+00,6.151412243468895369e+00,-1.856259180347504412e+01,-8.800650681516946960e+00,-7.134783841868154397e+00,-2.978810901643714359e+01,-1.913722906611869945e+01,-1.627666925184997382e+01,-1.698736527805611018e+01,-1.888387126134256278e+01,-3.522135980427434987e+01,-2.292501299699734929e+01,1.444281216339296847e+01
7.200012045520867154e+00,5.157121692744922825e+00,-1.572565466719686356e+01,-1.116819965404740245e+01,-1.232885977058867821e+00,-2.626194901386030978e+01,-1.434588539263774898e+01,-4.964327038634182010e+00,-1.496951689561378096e+01,-1.775534827130159243e+01,-2.942709064374217576e+01,-2.428445135611695349e+01,1.939227573257013049e+01
7.005362918810283723e+00,-1.503336562663132758e+00,-2.223106617785696670e+01,-1.993906574863174797e+01,-1.166380902437606260e+01,-2.748117948541264610e+01,-8.044374956738082005e+00,3.084835127820805489e+00,-4.245199969662834860e+00,-4.555148733250066861e+00,-1.757170431790565956e+01,-1.339303053517019748e+01,2.224866347598465666e+01
7.895705781493857600e+00,-3.524993279908109400e+00,-3.115285099716493988e+01,-4.844227199168416043e+00,3.401506174202981292e+00,-3.869049033209191180e+01,-6.234454983181576537e+00,2.117854509961127896e+00,-1.736988765989961081e+01,-5.624593980504660529e+00,9.207123905546737985e-01,-1.416880465434756964e+01,3.408741806164950816e+00
6.851294642250321587e+00,-4.493040624506993375e+00,-2.670788868184060405e+01,-1.116723183579216361e+01,-5.779875887153053782e+00,-3.811346546401356505e+01,-9.526238119458072973e+00,-2.572063621602476591e+00,-2.548419467052093168e+01,-1.541767408006124285e+01,-6.651814672775194559e+00,-1.637411694973928800e+00,1.850779200943826908e+01
6.865608784041106638e+00,1.507380530905751415e-01,-2.034645813506971734e+01,-6.762412503268061315e+00,-6.210018325939318018e+00,-2.972861864503505203e+01,1.216506227631527270e+00,8.301603373764047333e+00,-2.072710354503024632e+01,-1.830848167034221774e+01,-9.262267228063497670e-01,5.076294948639235471e+00,1.227252143277357810e+01
6.354630321119858039e+00,-3.816377256530592454e+00,-2.055281817893219198e+01,-8.730846142682057831e+00,-2.987096857405013406e+00,-3.389395162776514070e+01,-8.489971660343755389e+00,5.793382226840812166e+00,-1.568024245208047596e+01,-8.264245940188235551e+00,-1.255940387494564325e-01,-4.117947536638977724e+00,1.266100832733347836e+01
6.370664827435708055e+00,-4.786017455710898538e+00,-2.101052037926107374e+01,-8.164648540458488313e+00,5.043780677487722519e-01,-2.254820427795852567e+01,-3.462537733366991555e-01,1.561687308499638860e+01,-8.091268772191858361e+00,-1.368363331913605663e+01,-1.222498335990202989e+01,-1.375629647869484096e+01,2.198678504803589284e+00
6.573768971556594565e+00,-6.768175039406789217e+00,-2.432505279541986098e+01,-1.461990950453319549e+01,-6.752107879706770177e+00,-2.252272847218925378e+01,4.723534523050262557e+00,1.758655710276997652e+01,-1.733999514782781404e+01,-2.220098464114335357e+01,-1.835368212288985390e+01,-1.081710607526630064e+01,1.143043070045722942e+01
5.969478899654682813e+00,-1.087255440615628466e+01,-2.434753153601739228e+01,-1.205484732489150979e+01,-6.150902839412633938e+00,-1.938202712149520579e+01,8.613281438887335995e+00,4.840342082216637642e+00,-1.827013213887260079e+01,-1.757409315390886917e+01,-2.349082423608652093e+01,-2.348180972827223911e+01,-1.987085214510000419e+00
5.906585434997717599e+00,-1.423886167047572826e+01,-2.449968360029034997e+01,-6.741271994578097448e+00,1.204821142515477339e+00,-1.765373045711952216e+01,6.242096802526414301e+00,4.019941235084382392e+00,-2.158362530227237031e+01,-1.386870100291688779e+01,-2.029481875076757369e+00,8.212671762089605920e+00,1.514883772954088847e+01
6.036187272625366695e+00,-1.183540660414107393e+01,-2.313086446942011776e+01,-5.001182272651159444e+00,9.232353141954224185e+00,-1.349273992782969245e+01,2.759597114473095747e+00,2.816686532032031565e+00,-2.068825214235938148e+01,-2.333693836412732381e+01,-1.760729266251419034e+01,-4.360565680904209707e+00,7.962879630909036166e+00
6.068397076281658364e+00,-1.248538231998642090e+01,-2.834879522840209987e+01,-1.053465470832645146e+01,1.601514417316591832e-01,-2.205880053164208121e+01,-5.345643908983787718e+00,7.252060201092339398e+00,-1.082078012028893887e+01,-1.043466427851564049e+01,-9.636864549549301273e+00,-8.743066164548674024e+00,1.384558835857387216e+01
6.384403342953917537e+00,-1.078811233337425435e+01,-2.763617709081052354e+01,-3.437786422172703915e+00,6.473975182900675307e+00,-2.673559890276271389e+01,-8.021586370760479312e+00,2.754974540911210301e+00,-4.068313471851833008e+00,-2.584469559013092610e+00,-8.150008282362522394e+00,-5.878773223275746140e+00,1.781019065382606925e+01
6.114318610028210976e+00,-1.178412725576162501e+01,-2.615426412505959419e+01,-6.027601930949856524e+00,9.083325497405136062e+00,-1.747937502573791946e+01,-5.547456545939147610e+00,-4.761034531868443942e+00,-7.300509243940680015e+00,3.735961980403843974e+00,-2.052008336848260672e+00,-5.496583781876742236e+00,8.965548814124730370e+00
6.072944812196457320e+00,-1.194146813513368244e+01,-2.718140782574498004e+01,-5.788062447227856566e+00,3.532224431707087664e+00,-2.560677488520803280e+01,-1.163071473778410336e+01,-2.189062845492811604e+00,-5.914877171651387933e+00,-1.745773112709410491e+00,-1.119760720003019827e+01,-2.628319682737270213e+01,-1.157612846634214065e+01
5.929378836203750502e+00,-1.329102398870991131e+01,-2.797792908550606228e+01,-9.860154656170546872e+00,1.326050645653419346e+00,-2.650377736319791566e+01,-2.221297498426991091e+00,3.217947623252689127e+00,-5.538932745183182682e-01,4.783029557975203294e-02,-5.751016407175453260e+00,-1.222343474165327137e+01,4.558123025099393821e+00
5.932388647917178126e+00,-1.236508031618829762e+01,-2.833162498908976090e+01,-1.141075678187820053e+01,7.356209866489376026e-01,-1.802255483915528700e+01,2.776380710180809785e+00,1.267756202844722235e+00,-1.102253453182181175e+01,-3.527343129493371254e+00,-1.007859469813246989e+01,-1.099561411451057502e+01,4.916507721387082697e+00
5.962934864818532965e+00,-9.925569898066854080e+00,-2.253661386392409227e+01,-4.222089758167682838e+00,1.066567989673711914e+01,-2.086435402008455497e+01,-6.744127757578251448e+00,-1.888054681336392315e+00,-1.281001129610539202e+01,-2.966217256467308161e+00,-1.211962580218762930e+01,-1.624919808979720415e+01,7.817732171516306394e+00
5.855848040737663851e+00,-1.091132488824282198e+01,-2.240857702384079886e+01,-2.814183803425581498e+00,9.510176794202784833e+00,-1.793308930244873167e+01,-8.217685023448582982e+00,-4.670813452513681518e+00,-1.597176427334160032e+01,3.527023517168513589e+00,-1.312368010136435226e+00,6.896719307456392833e+00,1.253914116630843800e+01
5.718415346451291903e+00,-1.083051809815924038e+01,-2.161592290136219674e+01,-7.250207037050361292e-01,6.577352826650152195e+00,-1.590266557147042370e+01,2.357768610841512125e+00,-5.266690768660910571e+00,-1.414356417687592860e+01,-1.859092978031646082e+00,-1.305683662434249470e+01,-1.944539951232903263e+01,-6.285176801125596846e+00
5.668728886392202071e+00,-1.367639595956673482e+01,-2.023817427567138694e+01,5.285399863424449229e-01,1.339763596963624437e+01,-1.234054991166815718e+01,3.545352708208448611e+00,-2.225132507026559736e+00,-1.328733481097580338e+01,-5.869033230326214934e-01,-1.817048555227972173e+01,-2.631561096016934087e+01,-1.473650585570826621e+01
5.584940660674233115e+00,-1.160038056470515500e+01,-1.616804518736306306e+01,1.323977752444496447e+00,1.171061796748931982e+01,-1.921882606905584012e+01,-4.538248509114185758e+00,8.988423911692023927e-01,-1.493052240359439153e+01,-8.057907601242613183e-01,-5.162365408694848057e+00,-1.210064610208715408e+01,-9.799706160217221962e-01
5.665150680399889005e+00,-1.178867594155507703e+01,-1.935148903509252349e+01,1.741453088045263442e+00,3.785401987674597457e+00,-2.004271252319485797e+01,-8.173689046262746061e+00,-9.630692603366540538e+00,-1.510925175199122528e+01,2.477858408318057482e+00,-1.058993270171088713e-02,-5.619381147962247969e-01,-1.623675437575100799e+00
5.505049703951389262e+00,-1.344102940443578653e+01,-2.234935807903535832e+01,-5.679354501351438600e+00,2.366458501068900322e+00,-2.142068204192639769e+01,-1.206424488664134920e+01,-4.461419981862418283e+00,-1.271680486037968905e+01,-3.290576276556902435e+00,-3.802125789887056406e-01,-7.807978701854350945e+00,-1.705898640186901627e+00
5.672291469614352266e+00,-1.239940954797431871e+01,-2.045426678822607158e+01,-6.285298098457128835e-02,1.073479007044979561e+01,-1.285245773203608977e+01,-2.833334545854148789e+00,6.525581257669376356e+00,-1.907161279068410931e+00,2.546078909684027503e-01,-1.480100013826587180e+00,-5.196978472699857576e+00,8.450337702675801310e+00
5.672614565312340318e+00,-1.255996574031169466e+01,-2.136546216081206850e+01,-4.656431465753026799e+00,6.679432585803732003e+00,-1.902070429447214650e+01,-3.775368887987120559e+00,2.467922995743428771e+00,-1.017175081192323383e+01,1.655415697279140508e+00,-5.321965758685695214e+00,-1.379410492061003524e+01,4.962810775473764480e+00
5.511798326428433370e+00,-1.188748841677128532e+01,-2.068297060522381159e+01,-7.856487443817349536e+00,1.364090479533205613e+00,-2.065660154324902464e+01,-1.421372862154028383e+01,-5.693976458519779626e+00,-2.001327670484525711e+01,-1.630339737461618199e+00,5.979662123714636124e+00,-1.078037357343511715e+01,2.164449920986474485e+00
5.469111998241804606e+00,-1.174775888293631709e+01,-1.673560677044727640e+01,-2.095611617218221756e+00,-1.447931782569791492e+00,-1.552211904375889517e+01,1.459763271259703288e+00,-6.433154892336132136e+00,-1.581115389468978982e+01,-7.251444795594346182e+00,-6.085365254394366374e+00,-1.424800047150328730e+01,-2.284143897642747500e+00
5.659560825610769896e+00,-9.370261405615186945e+00,-1.797826826121072585e+01,-1.445695583188315148e+00,5.842549739326000413e+00,-1.947830463742686291e+01,3.584351502952377366e+00,1.590182888923732163e+00,-1.667765259593668503e+01,-4.934218746420991231e+00,5.765632920607536294e-01,-4.245351803697123394e+00,2.496226492357832838e-01
5.561629529724534393e+00,-8.205471126894883227e+00,-1.634939648084351305e+01,-1.016570187770587497e+00,4.063333917740484580e+00,-1.428415406772758800e+01,4.657247886230719836e+00,5.975455904239475480e+00,-1.039821518568468406e+01,-4.279943093663495013e+00,-8.073231288967228636e+00,-1.286834107453459453e+01,1.621303697283094758e+00
5.776959673978006471e+00,-6.990261074703869149e+00,-1.956254542595821988e+01,-4.832734619925444619e+00,8.995537982986149927e+00,-1.713505132715062729e+01,-1.645542087775107465e+00,-2.389634238760599771e+00,-2.896337157517211836e+01,-1.384401063027377754e+00,-8.272653379610760638e+00,-1.794530587882018580e+01,3.959558868118663533e+00
5.597555811431401906e+00,-9.373967701274983355e+00,-1.882164540873576541e+01,-7.654251945031083970e+00,3.338064046797559303e+00,-1.358262843598079250e+01,1.941233414057536910e+00,4.657655111852639251e+00,-1.301556764264283750e+01,-5.032596402286562132e+00,-1.383325560502895435e+01,-1.973622950787521901e+01,-5.330097717802510182e+00
5.885975725150678350e+00,-5.463122742845215818e+00,-1.397753712574628082e+01,3.709212509282384662e+00,1.027584355285147133e+01,-9.959127716465136615e+00,3.278561395998114136e+00,-1.085265326630515004e+00,-1.813699316980352094e+01,-1.174291920706524195e+01,-1.201312148065586527e+01,-1.933737131571918155e+01,8.267219831657171003e-01
5.964424383824365350e+00,-6.652713786661262674e+00,-1.706153198063712750e+01,-7.892750421446409481e-01,6.624207098591005760e+00,-1.850231527303928658e+01,-2.921245535099382895e+00,-1.128788301696515362e+01,-3.086983137200789429e+01,-1.473237310056652483e+01,-1.325965833797707916e+01,-1.117939282360361375e+01,5.495256594642824233e+00
6.078277951865683981e+00,-3.254015645796766609e+00,-1.225230119660656491e+01,1.544649361310235891e+00,7.708510642595810758e+00,-2.143080615931958022e+01,-4.713420106038483048e+00,-1.854477832653428493e+01,-3.735557221712917197e+01,-2.370798949516023058e+01,-1.567424920148926937e+01,-1.926484029086907057e+01,-6.341044212219903109e+00
5.946696629163138681e+00,-7.218882975856732109e+00,-2.141734427898850512e+01,-6.174496577792160323e+00,6.227546182251679774e+00,-1.268429556256158719e+01,-2.191703019837084820e+00,-1.969935824046309492e+01,-3.765866364189771787e+01,-1.947419201954875234e+01,-1.274299098905549599e+01,-1.254125175801737235e+01,-1.577117512349515316e+01
6.204298072917907803e+00,-7.246740674263687509e+00,-2.080557558348260017e+01,-5.239100583015610102e-01,1.360165734074489130e+01,-1.273172012299311895e+01,5.766648561338186818e-01,-2.136656178167102738e+01,-3.827808219246882970e+01,-6.057135728911110739e+00,-1.597767061628767360e+00,-5.672840111651504813e+00,-8.242046891848197276e+00
6.006456588096726001e+00,-3.779195420139494832e+00,-1.239672119222245961e+01,3.752149769598024598e+00,1.156536525254293579e+01,-1.587906517923252814e+01,-6.732873721682612889e+00,-1.998500075666906994e+01,-3.670846980750977195e+01,-6.699946455322538519e+00,-1.881778161826663798e+00,-4.126569207055776012e+00,-1.542018068811978226e+00
6.124246852962639487e+00,-6.022437315398254665e-01,-7.475702223949008740e+00,6.377906627142009732e+00,1.158947344979914718e+01,-8.140625517191793392e+00,7.717416614167262878e+00,-1.139345102859522818e+01,-3.558709165315687528e+01,-1.404079350974375906e+01,-1.839587812521287091e+01,-1.322405663975283119e+01,2.036575200581622891e+00
5.798931624687216235e+00,-5.926011429065527913e+00,-1.198894733639545152e+01,5.532701672546841420e-02,5.435406032625221151e+00,-1.462273577999529905e+01,-2.499268706366326143e+00,-1.351524135311692909e+01,-3.743110841469599848e+01,-2.310659769497635807e+01,-1.278515580690744180e+01,-1.510164651842914019e+01,-3.857803848190433538e+00
5.647652597408010955e+00,-5.723102047826245986e+00,-1.328948987564814566e+01,4.907031089284845216e+00,1.127084389966233324e+01,-6.947782401256633378e+00,5.288643592069698585e+00,-2.938718069425064083e+00,-1.813643715205589757e+01,-6.766759108070061757e+00,-4.224718032602148732e+00,-9.931666304605474949e+00,-5.079354135457010422e+00
5.730201513416755432e+00,-8.138909891858732593e+00,-1.598723390482717299e+01,-6.670364120572218614e-01,6.027662511407041457e+00,-1.099512662191190415e+01,-1.089306472705765749e+00,-1.112273165083674620e+01,-3.485789263459838594e+01,-2.647316043847971656e+01,-2.187299718206882559e+01,-1.665596307670103116e+01,-1.387221243571447715e+01
5.934447026892152088e+00,-1.101876124231302434e+01,-1.921268725883178874e+01,9.036880249043696134e-01,7.103893920830006259e+00,-2.414834099904777176e+01,-8.466848114436047013e+00,-1.386541612401210699e+01,-3.579419380960302277e+01,-8.414099431558996756e+00,-9.024480321222268842e+00,-1.325010400932415955e+01,-1.704549520087615733e+00
6.653323957887693041e+00,5.997488999176155744e+00,-1.140731458729242398e+01,7.184700424191579060e-01,1.981667466708652370e+01,7.088186774369739096e-01,1.849845270603818292e+01,4.697404920958143215e+00,-3.455838936245984261e+00,2.049553263921249702e+00,-6.503267306411300908e+00,-1.099080760547353108e+01,6.560691751256870319e+00
1.083769576019293268e+01,2.712326085357312166e+01,-8.992940431401367007e+00,-3.892494886998149273e+00,1.354892944919885700e+01,3.818020212762959886e+00,7.910332321886281548e+00,3.056306377725199308e+00,-9.922969200384930133e+00,-1.030313028764824113e+00,2.018426910489931614e-01,-4.469536165762230340e+00,9.446131556248625216e+00
1.262437139414614151e+01,2.975428072722512240e+01,3.345966520291076662e+00,1.643826518172442519e+01,4.137019036965727281e+01,9.252602641747824208e+00,2.823604612851412909e+01,1.403836988373295824e+01,-2.135706917919501624e+00,1.831296187573914125e+01,8.572209388545577013e+00,-6.465863972007314331e+00,5.509447576015742420e+00
1.188243452053523441e+01,1.835358531212127176e+01,1.579329350520038699e-01,1.929079021605034683e+01,3.711917768427066022e+01,1.651085885803011521e+01,1.817623360531104382e+01,1.591386008030417898e+01,7.074579312502653039e+00,1.719559752602705061e+01,9.191109555374348261e+00,-7.439150137062907397e+00,7.446480532095592686e+00
8.409252258545098613e+00,1.412658599214675981e+01,2.794099926987651195e+00,1.528047496054687393e+01,2.223952489648240416e+01,2.961976427530934597e+00,8.789503611646949821e+00,-6.318676361360557880e-01,-3.223112074501230495e+00,1.650861295788031313e+01,5.669855323291572269e+00,-1.623950233359910067e+00,8.213534881943507671e+00
6.182236974989668177e+00,-3.505542312067880140e+00,-1.992503410854835977e+01,-1.012898242404983229e+01,8.972684887787842456e+00,-1.057013449889560164e+01,8.005556963055617814e+00,1.303061919017902781e+01,3.824237571711921913e+00,1.819027871119780571e+01,2.095428231214037140e+01,1.201540161839537291e+01,2.228285591099887952e+01
6.999975874170042189e+00,6.676791351142587594e+00,-1.568507727545090269e+01,-7.823059366487598254e+00,9.675303611067016973e+00,-1.824254930910795736e+01,-7.307268324293231032e+00,-5.968661974128408598e-01,-4.330044077705302641e+00,1.282192142467893170e+01,1.377707092736712902e+01,2.996929337267930649e+00,2.450271188199893757e+00
8.732578452280590042e+00,2.156158791887548531e+01,-1.326592163903451471e+01,-1.384275976006157549e+01,7.090002080617896496e+00,-7.125369068127044514e+00,7.033682752146580341e+00,4.780532022347727228e+00,-9.475716404504389345e+00,7.583435613115370622e+00,4.972495464224714112e+00,-1.197126357197847213e+01,-2.574767249713625805e+00
6.735583272985343761e+00,6.501634019213724081e+00,-1.329587908142233488e+01,-7.960809910473409801e+00,5.074124806686488576e+00,-1.319588885252179189e+01,-3.114068983528436529e+00,6.074328785605204173e-01,-2.028288993864249790e+01,3.779216889281848957e+00,9.945375223440709789e+00,-1.309966878145568181e+01,6.961303871211581118e+00
6.376307222948243592e+00,-6.513322895329511919e-01,-2.065493337318759615e+01,-5.340227190696354320e+00,1.143302072280775405e+01,-1.474784139445252684e+01,7.430122010016602552e+00,-5.106504939800627696e+00,-1.502948342823360939e+01,1.006334174727890307e+01,2.384660130252334476e+00,-5.431800841812286507e+00,-1.112182977797196264e-02
5.980160909331732277e+00,-6.957697445093537603e+00,-2.341381966233219103e+01,-5.886705968918354515e+00,9.455613680229548734e+00,-2.589337246308021534e+01,-7.156168801419903192e-01,-4.891557525565931819e+00,-2.160676250751399152e+01,2.649904141578641958e+00,-7.324671748792142445e+00,-7.450601501443101959e+00,-2.778304597593372893e+00
5.829223830858436983e+00,-9.916168886217940681e+00,-2.050626383408404863e+01,-5.721965912795984543e+00,1.078526027044012991e+01,-1.178221506705640564e+01,4.868337209145808586e+00,-5.435788528283031162e+00,-1.659507164461548356e+01,1.279807937018008523e+01,8.143306920020046746e+00,-1.219992540899998268e+01,-1.937875187110615349e-01
5.794495295252419353e+00,-8.303159853768642407e+00,-1.662332223585869784e+01,1.728992155810809894e+00,8.836244484193795046e+00,-1.247498993139942236e+01,1.180155733834700627e+01,9.485927211577465101e+00,-9.325712365568517015e+00,1.530317415528420355e+01,9.903626263572990140e+00,-1.307193155402200713e+00,3.112329441577998512e+00
5.604570357485338938e+00,-1.254658654559074016e+01,-2.162388827936005598e+01,-4.151912660586005721e+00,1.162396269453140718e+01,-4.762003956192930154e+00,1.662156266172447872e+01,1.301025601268770693e+01,8.312316863878150386e+00,2.089970178948637880e+01,1.432875803801612768e+01,-1.451449087651995429e+00,1.026103703358893782e+01
5.726560659353626903e+00,-9.148831738852138074e+00,-2.013966171151090379e+01,-1.828053780007066198e+00,5.554110022867303265e+00,-1.875118706446207639e+01,1.431632053654564363e+00,-2.288608149360040755e+00,-7.756249561202089637e+00,3.397397985319874358e+00,-5.449642889412139590e-01,-8.312412133451399399e+00,2.388713979900707773e+00
5.686519407601667631e+00,-1.261544964440750327e+01,-1.946880819589924627e+01,-2.334651981169392876e+00,7.458794464811915326e+00,-1.621256529997013018e+01,2.093447222736007696e+00,3.868281085240145689e+00,-9.548993319709410343e+00,1.255511518263093507e+01,2.777501738807928611e+00,-6.106798817056519724e+00,1.605844297189183223e+01
5.793841043808956037e+00,-1.581605938092024743e+01,-2.449480191504298787e+01,-1.864473689524789035e-01,8.797967955435474607e+00,-2.174903784951288443e+01,-2.276917218977108970e+00,-7.581868333110941549e+00,-2.342873433376581005e+01,-1.669401051928872670e+00,-9.412713540061711015e+00,-1.222529914877884494e+01,2.512047992146002162e+00
5.717149899172089711e+00,-8.029303551047387799e+00,-1.616350226387490707e+01,3.438596118806665825e+00,7.319482870311699862e+00,-1.720726684636098724e+01,1.979479081232190740e+00,-2.345971262479957353e+00,-7.718539712316153434e+00,1.118875021483284726e+01,5.227382198004294267e+00,-5.431844139633151158e+00,7.009383731242521676e-02
5.831108535318195507e+00,-1.181445303256628065e+01,-2.019756020167973887e+01,3.281287349760033223e+00,9.083535989347275574e+00,-1.559740590046837383e+01,-2.874708951074208763e+00,-7.116246753656946034e+00,-1.535643330075413182e+01,1.120658434872754583e+01,9.158591378335732003e+00,-4.373121608450395215e+00,7.722886828233147760e+00
5.881287786684634256e+00,-1.346980377388549854e+01,-2.146127025182558867e+01,1.581323247413183752e+00,1.140789168247393803e+01,-1.256118510373700303e+01,5.424549173185666540e+00,2.817593205659664424e+00,-1.038036049219715196e+01,7.273093203791113126e+00,1.644198967983398152e+00,3.727813926066474437e-01,3.264600436129216021e+00
5.839548533104905736e+00,-1.429516334722631221e+01,-2.389066947355809489e+01,-4.218530621223424149e+00,7.228966018279511019e+00,-1.248423440598640077e+01,4.305982710903967003e+00,8.564585636829610493e+00,-1.972826673143515919e+01,2.476595691264369847e+00,-2.546374916761323881e+00,-4.964931435774314394e+00,3.814835535247990794e+00
5.799325620929685066e+00,-1.624588209940242578e+01,-2.353899869195969075e+01,5.942616997141856316e-01,-9.919055236864605662e-01,-2.928444074591130786e+01,-1.473472827030414578e+01,-1.080187442205114579e+01,-1.987145756362607685e+01,-5.254963518312127491e+00,-1.304666457995194229e+01,-1.666436127078633689e+01,6.222113849151200693e-01
5.666020041861736800e+00,-1.150821548395993510e+01,-1.672958444365289665e+01,2.131316398673218870e+00,4.818073040823242614e+00,-2.322809359087607817e+01,-1.691357719231835643e+00,1.290671680832512269e+00,-6.707589166461897179e+00,5.675441679949395635e+00,-2.310785162029249384e-01,-2.157662988369860813e+00,6.895027753782136948e+00
5.551437157994809191e+00,-1.563151427345115962e+01,-2.452011874885390341e+01,-7.298573358450772375e+00,3.116853908507490889e+00,-1.748615078237885001e+01,-4.799641301714967057e+00,-2.759336009965666747e+00,-6.012003031329670399e+00,7.754156125453789627e+00,8.850893730942937410e+00,1.129924814692902935e+01,1.651924819805163480e+01
5.644226941398516217e+00,-1.275635299561477964e+01,-2.022264302302771455e+01,-2.555883935862075074e+00,2.895775853421026280e+00,-1.896008356686725094e+01,-8.553030274397802613e-01,-4.944566989085007691e+00,-1.620066981557302199e+01,2.583953780979001635e+00,-3.162769863692578287e+00,-5.592352353395424913e+00,2.413454176316330635e+00
5.679721646107109834e+00,-1.502902099334469632e+01,-2.295526751287694722e+01,-5.550668272859141439e+00,1.171142690773355061e-01,-2.473051679245190471e+01,-1.391644307656868307e+01,-6.435140879740848696e+00,-1.533643584223591461e+01,6.964388512143431242e+00,-4.665147075336147253e+00,-5.408558606742998265e+00,2.355947602143216635e+00
5.557870696357511520e+00,-1.213334729464782669e+01,-1.882794110168007862e+01,-7.408301607395365584e-01,1.379870470962656981e+01,-1.056874463862678759e+01,1.489059109835129346e+00,-6.997323225687696713e+00,-1.833080380360786421e+01,4.390240785523541689e+00,3.801470518734649140e+00,-3.422146062587501092e-01,1.110169565653751134e+00
5.668637851387496873e+00,-1.221132293944273073e+01,-1.679380705363884374e+01,7.695688944341301685e+00,1.658729071595892890e+01,-9.613322154014806387e+00,7.696676151313553760e+00,-2.086483499403615494e-01,-1.188828963221376966e+01,5.777896494672674521e+00,-3.700951131390125770e+00,-9.778823002818830545e+00,-4.255488204316750789e+00
5.611682260247576437e+00,-1.200405362140394416e+01,-1.918290631147180747e+01,9.725932397465808510e-02,1.719650423763824065e+01,-7.014853366734483231e+00,-7.727317906331336861e-01,4.996301164069389955e+00,-5.712175914660361009e+00,9.329002710971363577e-01,-4.110823328845325086e+00,-5.856627870004814440e+00,-2.835917120835100391e+00
5.562740018893400418e+00,-1.335425099780928804e+01,-2.179360298916623861e+01,-8.552682271752583887e+00,2.116172259797938493e-01,-2.324024451769407662e+01,-1.423165287755739783e+01,-9.569853021913033331e+00,-1.768952293527124908e+01,-1.674856346372947113e+00,-2.649691777805590842e+00,-5.480669435666316147e+00,-6.861769020063956503e+00
5.697793185293751783e+00,-1.408576361703209656e+01,-2.296553759946522888e+01,-2.375124182550615526e+00,9.617687374666383349e+00,-1.263541935389606152e+01,-7.135539658771519189e-01,-3.430226478523715983e+00,-1.159179391039995188e+01,-2.498936065423893460e+00,-6.257952109029200294e+00,-1.084277618234631646e+01,-1.375846288046719268e+00
5.712059105866637232e+00,-1.105413418823050620e+01,-1.935555348275507370e+01,-2.135188043050774365e+00,5.212028651012178493e+00,-1.833777320721951298e+01,8.995676847726112868e-01,-5.421466812174139172e+00,-2.343416841319443833e+01,1.990404547686735359e+00,-2.650289484918861405e+00,-1.975420967251516657e+01,-7.783240769401817083e+00
5.679932736499955226e+00,-1.740842631173234878e+01,-2.537856584592895359e+01,-4.923310975969170222e+00,3.906193039187639826e+00,-2.064107063740744863e+01,-7.657702042778427032e-01,-2.516734635626336036e+00,-1.627177407723617364e+01,2.086584809445975353e+00,5.646821205006682831e+00,3.692946112037007289e+00,1.401503568084938500e+01
5.793292212029576227e+00,-1.635263885185435839e+01,-2.569503273484819417e+01,-8.146287876887553736e+00,2.242648798207239835e+00,-1.953640657758785082e+01,-3.813871257968947326e+00,-1.098992566858944286e+01,-2.904185436323638925e+01,-4.087465744807730061e+00,8.795713352026570675e+00,6.321710364324761855e+00,-9.265762384859665968e-01
5.619590148814485708e+00,-1.395702911870455232e+01,-2.047152506336311006e+01,-4.785608227673876058e+00,3.631971824770187318e+00,-2.111946524941786052e+01,-6.164935804971216626e-01,-6.002012657720574573e+00,-2.292520191540752350e+01,8.300862042049840239e-01,-3.720921800075342567e+00,2.553386905624895342e-01,1.416860158196376496e+01
5.509589443998158309e+00,-1.318826202256994407e+01,-2.130664306316882417e+01,-3.298853855604281460e+00,6.740879074601954457e+00,-1.858607629782057913e+01,6.361573003492416056e+00,1.843794775022024712e+00,-1.114885262317207371e+01,-2.613620956345053425e+00,-1.105329635047698211e+01,-1.216730830738082147e+01,5.681094079621844095e+00
5.393067112349923420e+00,-1.545939270560465317e+01,-2.238404686905177243e+01,-4.850765387248173077e+00,4.057954814694198831e+00,-1.483811467816082619e+01,-1.307952844561539818e+00,-8.876369857129709828e+00,-2.680808790541468056e+01,-1.235931697133217355e+01,-1.127111458233399155e+01,-1.820330878895273230e+01,-1.462354723412184221e+01
5.590597731489030942e+00,-1.287173209670811858e+01,-2.031893684369754283e+01,-1.367358297554809088e+00,7.360667964534001406e+00,-1.175318968758479521e+01,2.184867261119961768e+00,-7.143907611862912788e+00,-2.171392063359173008e+01,-4.313397645448806550e+00,-3.701587745298462462e+00,-1.566722893959596341e+01,-1.653168008509610587e+01
5.580773571336230532e+00,-9.996321477855552473e+00,-1.492046284842714599e+01,3.966763493347579494e+00,1.032747754132748064e+01,-9.414000673710209099e+00,6.844164707023521643e+00,6.851756775814485501e+00,-7.958517227925089976e+00,5.274823456016118683e+00,4.941483127998057334e+00,-1.084740915992121657e+01,-9.317409673887182109e+00
5.382134613551794899e+00,-1.266373566814964668e+01,-1.930678840008979691e+01,-8.571481506178143306e+00,3.976463258484074004e+00,-1.427260404467957855e+01,-1.242697013234040693e+00,-5.740350117271267649e+00,-2.535321630061381271e+01,-1.713297308129401841e+00,-2.244216940392449455e+00,-1.025415014928024249e+01,-2.833493744874700404e+00
5.514933608912055973e+00,-1.498182884608888088e+01,-2.133466022184509470e+01,-9.590126193570405189e-01,7.114257388928317383e+00,-1.649417039068982760e+01,6.073546821266353479e-01,9.721580819064533641e-01,-1.175744030500728066e+01,7.362005649622904713e+00,-2.839318170137068886e+00,-2.658780206538886137e+00,2.197703279326467474e+00
5.533827628433115819e+00,-1.408027459558332595e+01,-1.957690768087441313e+01,-4.314462242397155478e+00,8.114079351375012905e+00,-1.804822954373648969e+01,-3.627670129125887044e+00,3.779965314249907338e-01,-2.054932040756389000e+01,1.303248880112270491e+01,7.674332780934080667e+00,-1.326480543280191426e+01,-5.229572433203374615e+00
5.357227593157872114e+00,-1.361952838874501026e+01,-1.840580429025107989e+01,4.700308037929252364e-02,4.208962045176283695e+00,-1.572517496659017233e+01,-3.075920995792835733e-01,1.581049369301494423e+00,-1.441962491595352702e+01,8.249099689640942756e+00,2.955532213510581929e+00,-7.254306177032386671e+00,-5.599111580347135408e+00
5.442347315220779969e+00,-1.533572953919164306e+01,-2.312544659846915351e+01,-5.440700816745477120e+00,1.590890549764875761e+00,-1.758085325473615868e+01,3.123297365723042507e+00,5.704630268426992501e+00,-7.602539970956217807e+00,3.777236405486225301e+00,6.077566338838046534e+00,6.249727995700359529e+00,6.801653403013149912e+00
5.312370828214437068e+00,-1.125391398348612526e+01,-1.979322880014565911e+01,-9.692354531065390688e+00,4.041195970740399268e+00,-1.228747377232802940e+01,6.579070791872148050e+00,6.944990321704266556e+00,-9.415796274111304598e+00,-4.127059443729045318e-01,-1.015393061328696156e+01,-2.166998193293631658e+01,-1.291039703858319143e+01
5.267774217476542731e+00,-1.391629075997332876e+01,-1.808346061084981216e+01,-4.446198492374635158e+00,7.125147250674112698e+00,-1.485269786392307445e+01,-5.893283931527397712e+00,1.839613120545534386e+00,-1.925578613568255326e+00,5.859183108757179070e+00,-3.136662194838103712e+00,-7.560773535869977913e-01,-1.716986816512562797e+00
5.495935756650992765e+00,-1.270423107816207597e+01,-2.010514523545517918e+01,-2.959387624134929062e+00,6.249890128875378537e+00,-2.251125608888917284e+01,2.166222700808702495e+00,4.109033264301364063e+00,-1.178779423082866273e+01,9.893828147535803197e+00,2.391398660395983367e+00,-9.344163523568017382e+00,5.258166459488354150e+00
5.413968009610782950e+00,-1.392330546401012548e+01,-1.721048874377209614e+01,-7.924809187765410323e-01,3.412414269130422895e+00,-1.928673630977046471e+01,-5.819463421869030206e+00,4.055584699178364616e+00,-7.299545864222336533e-01,1.538062805717104453e+01,1.280541358633913873e+01,2.258981618093260924e+00,5.474918364426139661e+00
5.212972044100280478e+00,-1.559579672440984766e+01,-1.814901137299975886e+01,-5.678460897576512956e+00,-4.990745898351838683e+00,-2.481373103417086057e+01,-1.459527454480482511e+01,-1.343135231050814227e+01,-1.491733065130668656e+01,6.259823711989282558e+00,3.369066406680406578e-01,-1.147505706897298694e+01,-2.917100649747109031e+00
5.269290850859054132e+00,-1.394501040832270533e+01,-2.008981741350066841e+01,-1.351915010393425121e+01,-9.555965026965141718e+00,-2.848360720043499228e+01,-1.250449150445306401e+01,-1.038914480654432637e+01,-2.507800503870238629e+01,-1.222655702316808046e+01,-2.124981400487049399e+01,-2.406349238698736315e+01,-9.980184697246958336e+00
5.439471899450533776e+00,-1.306308521291266267e+01,-1.952964542937683134e+01,-3.532110407231300542e+00,2.540757624752469024e+00,-2.146440653138898824e+01,-4.434775443174704179e+00,-1.063085454569526966e+01,-2.547266992718265755e+01,-1.130150967923283822e+01,-1.392942548502530009e+01,-1.290874599824273972e+01,1.623397453047038086e+00
