-3.604365338911715355e+01,0.000000000000000000e+00,0.000000000000000000e+00,0.000000000000000000e+00,0.000000000000000000e+00,0.000000000000000000e+00,-3.432169450445465983e-14,0.000000000000000000e+00,0.000000000000000000e+00,0.000000000000000000e+00,9.640286916519939396e-15,0.000000000000000000e+00,0.000000000000000000e+00
-2.952818161661041954e-02,-3.866261421681566901e+01,-1.561574144766107075e+01,-4.884633829356270773e+00,-1.195740336369472701e+01,-6.809612181709508993e-01,-8.161579241445574340e+00,2.471834139468434000e+00,-4.775627180768549529e+00,3.023418057199510400e+00,-3.247628129862281110e+00,1.520217116799176482e+00,-3.173753670546104022e+00
5.169580484189727265e+00,-4.895470369109387043e+00,-3.302756341538102269e+00,-1.546548506217870766e+00,-1.542129989280629054e+00,2.622269450645640543e+00,5.279552911222280542e-01,2.901436815759652621e+00,9.582548566799715672e+00,-4.529227646917334482e+00,-4.991617431340685584e+00,4.177576224852710851e+00,-1.859668449912504629e-01
6.796563021761556023e+00,6.865525430042057842e+00,-1.015913203430154965e+01,1.243510727611296884e+00,5.080708578309238277e+00,-1.002683918888002879e+01,-9.286724844856125927e+00,-1.333821950561571335e+01,-1.822814392721779697e+01,-2.130582418250667853e+00,-4.454033108181282841e-01,-5.018024875242673488e+00,-1.025025178591933761e+00
7.680222205460967899e+00,1.425101391609590173e+01,-7.108637027834349809e+00,3.592707503139732861e+00,1.035070212191660310e+01,-1.078906399576053587e+01,5.928439551548059683e+00,-6.259844015224452107e+00,-1.954183809038471509e+01,-2.518664967514577135e+00,3.723281585184400999e+00,-4.070722559442657484e+00,4.429793189123977015e+00
6.550912574599641047e+00,3.122394550474711483e+00,-1.487678958244200622e+01,-1.487556284258303885e+00,7.621159957617057223e+00,-1.281282757496780178e+01,1.576125738183946190e+00,-7.198739210899621099e+00,-1.168690034628153640e+01,2.100600423788686388e+00,5.976788922977400276e+00,1.588151624129022554e+00,1.056616855905967789e+01
6.146947341926623842e+00,1.323282669110475540e+00,-1.146044620839469452e+01,8.496796952928364899e-01,1.269123611686156927e+01,-1.127324791540768345e+01,4.865951847431297494e+00,-3.163070010843548108e+00,-1.200716223645072844e+01,1.198696010895281994e+01,1.698470272631425138e+00,-5.309120813275332473e+00,9.243201849820765759e+00
5.831385325223174654e+00,-4.158466906541257835e+00,-1.571086943747003772e+01,-3.063129309006050072e+00,6.395796538301487644e+00,-1.500625662775042279e+01,4.972714092168853961e-01,-2.054265424200343304e+00,-1.139693940001711070e+01,6.960447680306788953e+00,8.192232463127902875e+00,5.237690040415292181e+00,1.367347870528486453e+01
5.869891400608058696e+00,-5.481925632607763887e+00,-1.728634107163556521e+01,-2.208844782239496318e+00,4.477108904912308951e+00,-1.668990724314149787e+01,3.269384056310395970e+00,1.222689773256669632e+01,2.460482978401740350e+00,7.067947336673908509e+00,-3.302017939132260160e+00,7.032942843884963935e-01,1.539431716541012740e+01
5.809313093033239284e+00,-6.587159612947411702e+00,-2.015119519114041324e+01,-4.449143570184268093e+00,4.206270443581225038e+00,-1.469670097494067385e+01,5.229432310142379414e+00,6.384697299295479134e+00,-1.014027770494813652e+01,4.747821273166796807e-01,-3.866180930349166101e+00,-4.962222223363399465e+00,1.050322614419956579e+01
5.904659764543300327e+00,-6.013559427784199940e+00,-1.832465360688206246e+01,-8.178440014438598027e+00,-2.090047887019017114e+00,-3.070405607659603930e+01,-4.857543164242736466e+00,-2.798480396729019937e+00,-1.704167817196835344e+01,-7.382629929036008676e+00,-1.212403234009601505e+01,-2.827461866030509974e+00,3.662431759072504622e+00
5.973838441169023739e+00,-7.225911874122881606e+00,-1.639608005646951128e+01,2.924601979872511137e+00,7.486557511216216376e+00,-1.696892820343240516e+01,-2.137469266885729358e+00,-1.037766517116544129e+01,-2.770739667733456102e+01,-9.777395585806390343e+00,-7.275401154052351771e+00,-6.515918900768727262e+00,6.046798902781006513e-01
6.269163535898498729e+00,-7.290069851341637097e+00,-2.333850886198989016e+01,-3.723936682211235638e+00,2.734507708200294207e+00,-2.982007760342536073e+01,-3.051408225009013098e+00,-6.260061095439008128e+00,-2.257659156786199972e+01,-2.949181040140198551e-01,-4.396395179255622843e+00,-7.554231151910129505e+00,6.740160762461687050e+00
6.449630538043407135e+00,-1.246123259797063909e+01,-2.912716099163455397e+01,-6.474257456592973803e+00,-1.555361727010869277e+00,-3.075890972446948624e+01,-4.528264774719302110e+00,-6.620073559061486534e+00,-3.236586735386112679e+01,-2.021139491917749353e+01,-8.421493864811690599e+00,-1.788683624027056496e+00,1.537221975395822149e+01
6.299403116871004293e+00,-7.762897778910131663e+00,-2.005308480475671473e+01,3.163776428254078787e+00,6.835455031519387381e-01,-2.779570731163499531e+01,1.907764413909227574e+00,-1.040694959476689618e+01,-3.092784248836382588e+01,-1.315790655203276138e+01,-1.035594962118993934e+01,-1.625987023084372751e+01,-1.008977936351233673e+00
6.258177150696887736e+00,-7.534606229155754065e+00,-2.026899209394390056e+01,-8.782523300629693219e-01,1.580155544108873267e+00,-2.735569497619335522e+01,-1.802738921037143394e+00,-1.019500197349710113e+01,-2.581930854923976781e+01,-2.706677374988265772e+00,-7.251892139038457863e+00,-9.238571544932232982e+00,7.177688536642748751e+00
6.046075359298373364e+00,-8.897064547768692933e+00,-1.896529097438927636e+01,-1.808879028754414087e+00,-3.098464261164658673e+00,-2.555352726536153440e+01,1.098713849715617918e+00,-4.741772923120404215e+00,-2.843393486265200210e+01,-3.706915120006703201e+00,2.287661842295398262e+00,-1.984980038298852500e+00,1.103049214377413456e+01
6.256412776825444055e+00,-6.957388721686053934e+00,-1.862711238061136854e+01,1.048037794131712719e+00,2.292247160359668356e+00,-2.099011097222903999e+01,1.155584543848088153e+01,-1.398994474624035478e+00,-1.931809883951304485e+01,8.743045695963843400e+00,4.156014072839179008e+00,-1.093479523207988180e+01,9.312913082727183323e+00
6.125902918439659395e+00,-1.043988918756699036e+01,-2.391684309411416365e+01,-2.489346825360508664e+00,1.424426833033982431e+00,-2.530304741528078694e+01,3.504461383040332390e+00,-1.109597484448437221e+01,-1.831474671047401515e+01,1.114150438136952204e+01,7.298100136229025203e+00,-2.601746317805130992e+00,1.797151423485918897e+01
6.149856028234645500e+00,-1.094186744019493140e+01,-2.318650962896654733e+01,4.900219063666110486e+00,1.289076985149682919e+01,-2.117494573523093138e+01,1.019150123759274074e+01,-1.690077284140981684e+00,-1.378499707180345801e+01,3.198076899860676114e+00,-1.000402009289838468e+01,-2.416606556149980278e+01,-4.379220119323499638e+00
6.318859595752714498e+00,-8.088230339238245747e+00,-2.390776712649091706e+01,-6.848329804099192453e-01,6.605959714570444952e+00,-2.034230623583229303e+01,2.194519520615735964e+00,8.052689507139045855e-01,-1.419518663985063789e+01,1.034415965526793890e+01,3.668342926888529032e+00,-1.479586169375565774e+01,2.403171153859654297e+00
6.078026276716039789e+00,-1.000266083981030363e+01,-2.037055944457832979e+01,-1.122607531589715268e+00,6.689879655618010013e+00,-1.248026221424168902e+01,1.065712923630811737e+01,6.977400773437647530e+00,-1.143520472072987282e+01,1.597406644090228056e+01,7.137993030638457803e+00,-2.146441091713394655e+01,-1.243488347550558615e+01
5.935218346326077921e+00,-1.211556658544346021e+01,-2.096226489274600269e+01,-4.052765491376079332e+00,1.777105354427145345e+00,-2.316235008312795784e+01,-6.654099286984891393e+00,-1.125725799588705911e+01,-2.020467842025597349e+01,6.530419693360324018e+00,-2.561135957433116062e+00,-2.118858834998118112e+01,-5.120403561354786248e+00
5.807092730396514746e+00,-1.192705903551887303e+01,-2.457777032288246488e+01,-7.568115154119150922e+00,1.933103434295266210e+00,-2.110020047670252552e+01,-2.965732076349593793e+00,-3.094472777734377456e+00,-1.585833376341832768e+01,9.389295965634959773e-02,-9.982340800950426640e+00,-1.220099472412752029e+01,6.154593213951073949e-01
5.837784896872485696e+00,-1.180495904164652465e+01,-2.579346541219358002e+01,-7.252231649946613068e+00,3.053264660842986977e+00,-2.745431686467275512e+01,4.425457549844667327e+00,-4.785663166163748983e+00,-1.679998198733589376e+01,7.128035133600115536e+00,1.441362978831124186e+00,-5.770618879288042180e+00,1.415693970769740595e+01
5.757827632155112951e+00,-1.210843094119350916e+01,-2.379985836599233551e+01,-6.622714113790602930e+00,2.515753627412611770e+00,-1.823194119824646364e+01,2.629620689259723143e+00,-3.258755111617152700e+00,-1.829597380441098764e+01,2.783630210590651299e-01,-3.643090675058930472e+00,-5.888907446043049276e+00,-3.322642179936446394e-01
5.959779752497484040e+00,-9.839310996034674517e+00,-2.058344342064019372e+01,-1.600399344239737287e+00,5.525036798590896581e+00,-2.425742462863783189e+01,-1.345995479170749132e+00,1.266914177030249444e+00,-9.099440562669881771e+00,-1.039925007968215986e+01,-1.394886011165560902e+01,-4.514178484557501037e+00,2.042418111671749248e+00
6.226362219937922049e+00,-1.296347322395632240e+01,-3.079430027029390615e+01,-1.283435123193293137e+01,-5.922111592507300237e+00,-3.203123290433807568e+01,-1.090402853778124737e+01,-3.091627444820379100e+00,-1.210950989551252555e+01,-3.286000619454271465e+00,-7.137052472460696961e+00,4.956359866473620812e+00,1.925906864291527754e+01
5.941245232232952311e+00,-1.277192529393826703e+01,-3.023653846846054805e+01,-1.354569637758369360e+01,-2.580041299164740121e+00,-2.808117861615852107e+01,-1.090366174302200264e+01,-9.871981952077582889e+00,-2.497484008515910858e+01,-1.406814324882371814e+01,-1.213596883351271316e+01,-3.872048529209556555e+00,5.163458145153114742e+00
5.829460807142911705e+00,-9.608930996813850101e+00,-2.175814078875759350e+01,-4.546482743505499968e+00,3.409632684606795472e+00,-2.078586892799939534e+01,-3.708748106949572243e+00,-8.876566093421118353e+00,-1.850911115500971604e+01,-6.279983941847105733e+00,-1.062417954935719067e+01,-8.024728823140183209e+00,1.169579193920356630e+01
6.261604861510012832e+00,-1.078090216207389140e+01,-2.643032280435344816e+01,-4.538521039656942868e+00,-1.865684826048500167e+00,-2.397328929555915877e+01,9.694187621255762721e+00,5.057417786824875527e+00,-6.782954773352556366e+00,8.197722412311915008e+00,4.418193580865640513e+00,-8.500508499539794371e+00,-2.561315632524014951e-01
7.091954963080192798e+00,-9.489980851047896238e+00,-2.017580226762221329e+01,1.679016035504082183e+01,7.609189616770937192e+00,-2.431889146855469974e+01,1.761976157827665190e+01,5.244658928748851423e+00,-1.727733741923674771e+01,9.319027389026800279e+00,9.804391468372033458e+00,-7.785373109336082287e-01,-1.016835704543318109e+01
1.345645157281846593e+01,-9.759931529800141448e+00,-3.228552576995382850e+01,3.366332438167742680e+01,-1.065465042518330741e+01,-3.864085550054925733e+01,2.524220649990297005e+01,8.131122454075445205e+00,-6.829480323794631325e+00,9.365574923042286670e+00,-1.095558158942619187e+01,-2.344403695021224365e+00,4.473108289985852970e+00
1.556138242308999864e+01,-2.836398606867549788e+01,-5.673799099976298521e+01,2.241472111859128979e+00,-2.656710736868638278e+01,-5.147496157617936063e+01,2.472712221316818315e+01,2.533708195690421405e+01,-2.239969458564079474e+01,-9.984381298076485223e+00,-1.587158555473682675e+00,-3.314869413441552837e+00,3.553218956387560912e+00
1.473816643650595992e+01,-7.334749695071982600e+00,-4.933481191398584542e+01,8.616454506703304261e+00,-1.382790998720381737e+01,-4.184451854456224140e+01,3.104586128381156485e+01,5.005935479884814754e+01,2.904011090289583930e+00,-5.742361258836694127e+00,-6.669492599749690775e+00,-1.465000744651377929e+01,-1.236319352154973572e+01
1.642118115752907315e+01,-1.381782088133810049e+01,-5.897992308966286856e+01,3.067281726288598165e+01,-7.995250757936474884e+00,-6.781085612630720050e+01,3.042523605770831452e+01,4.241355764740449530e+01,-6.435092981930052858e+00,5.083807326023198847e+00,-9.497155513345417077e+00,-6.482757734043548936e+00,7.537968597156796235e+00
1.315924212563278317e+01,2.223353592021848346e+00,-2.993693722598267470e+01,1.698534114186923816e+01,-3.419064530389356316e-01,-2.251516046643933322e+01,3.821278621256720243e+00,1.196512374095171971e+01,-6.762828292406632968e+00,3.856227301973591093e+00,5.477725505741490863e+00,-1.090027269256043851e+01,-3.644406365293362704e+00
1.562766740197260340e+01,-1.543223919405420119e+01,-6.392889168459539917e+01,1.761794108859198715e+01,-2.425699741121700370e+01,-7.060388950002221975e+01,4.294621041484238333e+01,5.959148451445890515e+01,1.575683585244775475e+00,-5.502999118245465837e+00,-2.106298451054902543e+01,-4.781901544132784565e+00,1.786318634399577832e+01
1.103911493841804514e+01,-3.005475561728924827e+00,-3.743692255565808580e+01,1.798021707359979615e+01,-1.251042431417081824e+00,-4.116149790178398860e+01,2.066427221862470276e+01,2.054414640787356916e+01,-1.226458941181207152e+01,7.317990776349954984e+00,-2.641110212955628977e+00,-5.277625392116362946e+00,7.064765577066767221e+00
1.035959146662172436e+01,-1.004503719466512557e+01,-3.873436438774150758e+01,1.514911946882982896e+01,2.609361393799011886e+00,-4.927051269639142816e+01,1.222482214143291834e+01,3.333622719000637602e+01,-3.613853780452400244e+00,-6.755562721973999984e+00,1.547928382394202496e+00,-3.982589236243647690e+00,3.108297697634292422e+00
8.154058099523073366e+00,-6.595657274580836393e+00,-3.543293815450121542e+01,2.820989622448987877e+00,7.964615768817024488e+00,-3.948446510125285869e+01,8.361405413074834314e+00,1.777752953504028355e+01,-1.172405954560163366e+01,-8.034604512500962414e-01,1.006095227269053316e+00,-3.588593344982588640e+00,7.507544362822912376e+00
7.886760768067097693e+00,-7.245333588160709937e+00,-3.553380084305545239e+01,-2.117388390079280869e-01,1.004257360894654560e+01,-4.084003887966175483e+01,-5.368416537059831489e-02,9.169217388188172890e+00,-1.790705211362990212e+01,-5.776093977268702773e+00,1.872992295437832855e+00,3.669989485938391471e+00,2.514209607464093921e+01
7.559019456489474820e+00,-5.019133871107120726e+00,-3.081160417750318814e+01,5.004417913832071463e+00,1.410239037865255440e+01,-3.231201575505993873e+01,-2.120697412937524007e+00,2.558499956717122714e+00,-1.760540030038940529e+01,-5.217217092593195993e+00,-8.097396829304218668e-01,-1.259582522085579548e+01,3.367221036689534319e+00
7.788517565142740295e+00,-1.092049027226849844e+01,-3.525278833718125071e+01,9.137922163759614191e-01,1.788336496698712352e+01,-2.685803120970550495e+01,-3.315831808830316696e+00,7.024587327687393135e+00,-9.815395859675422940e+00,8.529211938338971066e+00,2.143468560029775372e+00,-1.187249088254039719e+01,9.152024093475272792e+00
7.657589324774713546e+00,-1.443462354607891740e+00,-2.481001194751586070e+01,8.053831753462850074e+00,2.251671255033591379e+01,-2.573972602325461168e+01,-4.206917024392618387e+00,-2.003339259612550993e+00,-7.962687582487339100e+00,2.603237348567097875e+00,-7.646552951987308333e+00,-1.201619761103892614e+01,-1.890997614392626147e+00
8.318211945231155369e+00,2.720838367009597469e+00,-1.769735687285484715e+01,2.053852491093472921e+01,2.492907829114136220e+01,-3.341207677388583619e+01,-1.622359693206818321e+01,-7.803914557454274536e+00,-1.152372177728957858e+01,-6.842506349136801447e+00,-1.318696749413617830e+01,-4.393180548065713786e+00,-1.005025783629410441e+01
1.168179932831734114e+01,2.244880223956667464e+01,-3.271362805930204676e+00,1.379913335222978077e+01,1.332217714622809268e+01,-2.501996658118959616e+01,-1.608805965857666465e+01,-1.962908001377609457e+00,-1.631534723898510109e+01,-2.082791639096639003e+01,-5.849764563292274566e+00,-8.786614969574966238e+00,-1.453347440206829866e+01
1.602424791585304931e+01,1.799340973607030847e+01,5.136218402427346064e+00,9.180813986250543124e+00,-5.440923890951065545e+00,-2.475028222777004672e+01,-1.678716257135185685e+01,-1.549553795647084442e+01,-3.202692284859330130e+01,-2.675055515981661003e+01,-6.953235073577740621e+00,-1.144317069270985598e+01,-1.795431224088553179e+01
1.746592082292182724e+01,1.392069135553417247e+01,-2.543277812839124241e+00,2.615438381471574303e+01,8.213097833838563844e+00,-4.220049282377615185e+01,-1.999283662223240654e+01,5.886385828510630525e+00,-3.573255820163495144e+01,-4.399512861475957237e+01,-2.406452291058209791e+00,-7.860639251304476716e+00,-2.405954240155659463e+01
1.838533469947871168e+01,9.668798351886749742e+00,-1.037187485994258296e+01,2.895679608506059211e+01,1.033486258102833411e+01,-4.668927690834014754e+01,-2.330710800480532185e+01,3.475324074511723538e+00,-3.740645689008923114e+01,-4.290819192373694335e+01,-4.012867408828920013e+00,-1.209790224479780818e+01,-2.208445317905489347e+01
1.808047499729536867e+01,2.067742614411934809e+01,-1.724500060189296491e+01,2.311377476398764230e+01,1.582661295430610870e+01,-4.913846510559230296e+01,-2.413869641033843294e+01,5.500712249384760000e+00,-4.044112309927157867e+01,-4.204408300541278010e+01,-2.868090326057506800e+00,-1.424657261054868229e+01,-2.104019119385000991e+01
1.783521790566516074e+01,1.010274441906963538e+01,-1.899857083579710171e+00,3.316843261975854062e+01,1.096970472418908926e+01,-4.138982903923283629e+01,-2.137333872377412547e+01,-2.085503100729136639e-01,-3.571635547987581560e+01,-4.071414769258779387e+01,-7.462983140691699546e+00,-1.035356874232316571e+01,-1.887066644880489719e+01
1.789855798293796951e+01,1.598139142037954485e+01,-9.598567518512055585e+00,3.906570052509524515e+01,1.991001167948305905e+01,-4.469137785799859586e+01,-2.101538775245804302e+01,7.718647541516820532e+00,-3.684296991463489945e+01,-5.078747976133795561e+01,-1.887258343453262199e+01,-2.171963749091105456e+01,-2.515039406608058314e+01
1.763298097758969973e+01,2.825561408515430628e+01,1.470175069649495736e+00,2.481242643505590806e+01,1.575398233193645403e+01,-3.358902482721902771e+01,-2.275846219174451335e+01,-2.907905497210478529e+00,-2.637281895258734110e+01,-3.076164350032968287e+01,-1.249947389624060712e+01,-1.482664875006683580e+01,-1.219866033616563961e+01
1.742567823314476883e+01,2.677989492126296867e+01,2.457088386735469143e+00,1.583454716093781656e+01,1.106846451504555162e+01,-2.869201547241200245e+01,-2.158000959196477453e+01,-1.763398708042972940e+00,-2.687313260350571298e+01,-3.310350735040059789e+01,-4.630472096232132628e+00,-4.689750626028823532e+00,-1.495046819892522016e+01
1.722255637635124614e+01,2.898239341765217247e+01,-1.526601668677582291e+00,1.689466732114266279e+01,1.141233301442869852e+01,-3.490777129707833382e+01,-1.914174368417581107e+01,3.594477749673858913e+00,-3.008703715323911965e+01,-3.437627994519857566e+01,1.834601899463419228e+00,-4.763690742146911461e+00,-2.029318241392864053e+01
1.754048729063985945e+01,3.062382568627684876e+01,-7.379527671266901123e+00,2.051685594980865801e+01,1.092103661213454124e+01,-3.866223830019901442e+01,-1.423297595901576607e+01,1.473030775117428703e+01,-2.115999496061346719e+01,-2.469268157157916477e+01,1.354901011799382893e+01,3.356620418271439643e+00,-2.165517016501197034e+01
1.915845990838608515e+01,1.700340826794500870e+01,-1.132948940439280072e+01,1.033772193146907981e+01,-1.129020329206491624e+01,-5.516959018062292586e+01,-2.537447774254465571e+01,-3.035789594027396454e+00,-4.076366707294919678e+01,-3.403191515656978794e+01,1.910095235017387338e+01,2.031923715229397231e+01,-7.253795185509726018e+00
1.974832750141234428e+01,2.160414072941431840e+01,-1.090594756064930948e+01,9.803917290634799997e+00,-9.847340766695619863e+00,-4.602895875545885929e+01,-8.287451479602459870e+00,1.483840179414341165e+01,-1.968458113971470880e+01,-1.516660563028688280e+01,2.340545757733189802e+01,1.632861272650694673e+01,-1.168894157412766255e+01
1.980107157014896302e+01,2.921178949023666505e+01,-1.009277214347734741e+01,2.512910098484142374e+00,-1.980628548197284644e+01,-4.527339673819430033e+01,-5.402591008127464178e-01,1.456885269710122977e+01,-1.970603225251560531e+01,-1.370609024268135379e+01,2.126266323950016712e+01,2.390346660427409375e+01,-1.567175788509197254e+00
1.940728841452694553e+01,2.868622915157234843e+01,-1.462464170185367784e+01,8.318072358920526321e-01,-1.413321639333959645e+01,-4.337773427089634737e+01,2.136780849981367511e-02,1.828351234496014044e+01,-1.353647408409825381e+01,-1.396083083176267836e+00,2.945630604483283221e+01,1.664463961355954069e+01,-8.397590137250316999e+00
1.888121471995049205e+01,1.805746100504176255e+01,-9.027726803525370158e+00,-1.166158514791051104e+01,-2.242758313599852116e+01,-2.280186349936360202e+01,1.198344838654595623e+00,1.111570229064418935e+00,-1.200284578738291152e+01,-4.749444296460241799e-01,1.671065010778378479e+01,1.003341832263481948e+01,-9.825101072149752923e+00
1.931872454205040057e+01,2.869908607374994958e+01,-2.937356876894988744e+01,-1.339099346433053128e+01,-2.960792991242567140e+01,-5.392009285283241127e+01,1.292791541159641611e+01,1.468312636671806892e+01,-2.080414067465931538e+01,-9.593317861180013395e+00,-1.926364617653275602e+00,1.045656745907098895e+01,-2.299701188155237830e+00
1.961111761488180605e+01,2.503132851958549665e+01,-1.234352111495918614e+01,-1.025263495018903548e+01,-3.424952721696090663e+01,-3.775936730897612392e+01,1.655008912884286687e+01,1.228115304960191168e+01,-1.540464700500119655e+01,3.952435551873558772e+00,1.306451938987389383e+01,6.910482750904689553e+00,-1.118717460829316140e-01
1.911503457023260566e+01,2.718853299978952265e+01,-1.544587390313794728e+01,-1.233764816191772518e+01,-3.505138414722123485e+01,-3.817137037233398189e+01,1.722704885395581442e+01,2.944581020900519430e+00,-3.406202337803915015e+01,-6.246111233292213072e+00,7.596260545945709985e+00,2.888807614192470119e-01,5.053222490067732053e+00
1.880505929503132023e+01,2.603958276532608096e+01,-1.449308336631432859e+01,-1.452586702680068775e+01,-3.260080826583371305e+01,-3.954383945827076730e+01,1.041744735787523446e+01,1.230590046509781565e+01,-1.493067654120922683e+01,-3.112025807115418985e+00,7.478952397321514400e-01,-7.475346425915430082e-01,5.746517122804819522e+00
1.873847839953335992e+01,3.137116913997715884e+01,-1.193121803460779873e+01,-1.002183466968101833e+01,-2.713080320245831700e+01,-2.904847858627712043e+01,2.079224224946671029e+01,1.682922068444550945e+01,-9.162771919955909894e+00,7.442376733149545842e+00,1.125347394953241853e+01,9.463301804139112150e+00,1.947994821067413085e+01
1.868126784930310791e+01,2.392797251001175241e+01,-1.266596967293920706e+01,-1.516003995978848806e+01,-2.119115340964156502e+01,-2.176901757605255128e+01,8.600523311797834580e+00,5.306502663349885296e+00,-9.831422138367502228e+00,1.700059662174472130e+00,1.430499739562057782e+00,4.002504785771954232e-01,6.059154655749422247e+00
1.907970004765948246e+01,3.889581774477561282e+01,-2.620300001240969934e+01,-1.070482647909645024e+01,-2.447542998492401622e+01,-3.063857630462403492e+01,2.843341824246726901e+01,1.513782150960600426e+01,-1.230599269825158970e+01,8.674435863406111835e+00,1.850310321926202928e+00,7.998426282985109381e+00,2.075238567493881803e+01
1.907380711755862990e+01,4.246436987641747152e+01,-2.757571156290155301e+01,-4.872362404237175149e+00,-2.252385947980490144e+01,-2.782906474882007686e+01,2.094175047351436803e+01,1.311139310358433185e+01,-2.022556489933099755e+01,-2.422107335215117452e+00,4.030188083148427580e+00,8.774269084267416474e+00,1.477427004929929844e+01
1.891807722604526987e+01,1.954042935781599155e+01,-1.210587633069174629e+01,-1.654079612999706939e+01,-2.214789222668702706e+01,-1.926047634054543778e+01,7.805040929653275228e+00,7.667237439848503477e+00,-8.329182417137523942e+00,-1.475313486970231791e+00,5.032247129050419154e+00,6.710902153065880782e+00,9.635541450282881115e+00
1.862185931126573735e+01,3.788033989102838461e+01,-1.886531458585740495e+01,-1.535300932059691759e+00,-2.832955706870790280e+01,-4.943732457315365281e+01,2.263965004974480166e+01,1.734959796961202017e+01,-1.886165157269736881e+01,-6.408636332591808760e+00,-1.741405754835043496e+01,3.797533032038103329e+00,2.944587017303091514e+01
1.879041746268690716e+01,2.909468798504718023e+01,-1.143142248411085582e+01,-1.190322574454883764e+01,-2.211949220545567130e+01,-2.222303916415150127e+01,2.091098006629538020e+01,1.536909650047281772e+01,-1.221492693580428934e+01,1.074947447166852976e+00,6.145281084664866889e+00,9.264472421168827410e+00,1.921232068317145547e+01
1.859611601406566805e+01,2.253014318654284764e+01,-1.379938186587332716e+01,-1.902847435215662131e+01,-2.336469698569355558e+01,-2.013592562346211068e+01,3.573479376723676548e+00,-2.160091817671683234e+00,-1.691032089193829080e+01,-7.625493414139671522e+00,-2.246098362660677417e+00,2.887239792332533472e+00,6.251446358419133098e+00
1.878916522890282437e+01,4.468677608092515641e+01,-3.495107211343136555e+01,-9.062020017430153729e+00,-2.215019854009769418e+01,-4.439690764994588790e+01,1.449162790234773368e+01,-5.211470256029777204e+00,-3.736992248084141721e+01,-1.027666693993041491e+01,-9.831122262468873885e+00,9.264926017779329115e+00,1.635695494857186461e+01
1.825129354975694440e+01,2.408960243767680254e+01,-8.469376154790399625e+00,-7.372163769204629347e+00,-1.701424300440792692e+01,-2.035475216488162076e+01,7.031030719604174806e+00,-1.459491298105058510e+00,-2.045955458211595257e+01,-2.582357613232838744e+00,1.074440031393607420e+01,1.185473965066802293e+01,1.070915371172662844e+01
1.779264745308967832e+01,3.353369803835075658e+01,-2.129987099030401509e+01,3.346592947855619116e+00,-3.102841960882325267e+01,-5.869701470498561946e+01,-3.410265032576123012e+00,-9.470274800219483424e+00,-2.630990021820822733e+01,2.077062258392077532e-02,-2.091403644491053093e+00,4.608490096700982974e+00,1.094249231751918217e+01
1.698906210810104866e+01,1.958099661674741654e+01,-1.563244641825375680e+01,-6.667354551794737461e+00,-2.977507438677149665e+01,-4.053884500092907928e+01,1.680656787307894140e+00,-4.225358007578370767e+00,-3.273376652944055820e+01,-1.481943658647835704e+01,2.526322431769398857e+00,-2.867194785920790245e-01,-1.241800650596064060e+01
1.660212051082121576e+01,4.591307378162532160e+01,-2.765246530779837641e+01,4.809749006986762332e+00,-2.160258137065305206e+01,-5.314870237688496957e+01,1.956545156315710798e+01,-4.166322488877088337e-01,-4.410842327430938781e+01,-2.357115226428750532e+01,-1.217620285299517846e+01,6.893315002939788272e+00,-8.494888917736695078e+00
1.561892391345284281e+01,2.900895075100746467e+01,-7.721625397598884000e+00,-7.913327826080990279e-01,-1.704444344880397821e+01,-3.700833663704517562e+01,4.140285763943948177e-02,9.877290115040125329e+00,-3.095676925215934006e+01,-4.286037846066015078e+01,-1.302771487726779576e+01,5.702150961868955648e+00,-9.310899270612006617e+00
1.502142324393099315e+01,2.644908931736219415e+01,-3.486064960079247044e+00,1.653455607188520915e+01,6.992293338111815970e+00,-2.366485798016512376e+01,-4.664411755290203548e-02,6.164113012115898904e+00,-2.895063187361130730e+01,-2.915043627977972562e+01,5.280162472304886223e-02,5.029701595702000816e-01,-1.627015186952894865e+01
1.465993979769922362e+01,3.780378376739418655e+01,-5.664808652423849011e+00,1.811115568033311263e+01,1.421523690778894533e+01,-2.985427679706840109e+01,8.889574511549284130e-01,1.407775539312168078e+01,-2.478377323973592539e+01,-2.607102029584477165e+01,-3.120341650523992261e+00,-1.856463599629908590e+00,-1.503348737363899446e+01
1.374498116136407333e+01,2.652920807116631607e+01,3.270436837553844178e+00,1.222737145489688260e+01,2.567366274109916802e-01,-2.779541427413501609e+01,-8.734910132700530738e+00,6.148367114036702219e+00,-2.241721600880947562e+01,-3.314068366611218863e+01,-8.708306965800451493e+00,1.740029446888762266e-01,-8.654051578925574972e+00
1.244451103699892514e+01,2.288424449726442944e+01,5.538339495569898574e+00,1.594043467745495768e+01,1.222674667029710394e+00,-2.176949945626564897e+01,-2.913747279761734088e+00,4.859862913391702399e+00,-2.612680203608987739e+01,-3.417325943503573882e+01,-5.026737114039800502e+00,1.540199131440327385e+00,-7.058836118688774697e+00
1.182284698438190595e+01,2.487113958991177753e+01,3.990413991969578245e+00,1.406256103955677617e+01,2.112293338118856667e+00,-2.053261957035270768e+01,-1.597439940799399105e+00,9.590506638999137579e+00,-2.067660480564048342e+01,-3.235744095156581324e+01,-1.175037331618288938e+01,-2.785159452046711781e+00,-1.161493076894164389e+01
1.095709575645326161e+01,2.549757354562686729e+01,-4.807683147084345632e-01,2.285454117074898406e+01,1.399932998795767247e+01,-3.872836776515175217e+01,-4.120928972082130493e+00,1.202262779440626872e+01,-1.864435713295199193e+01,-2.473443036968400932e+01,-2.110302437486235139e+00,4.977603388842276821e+00,-1.420934322561358165e+01
1.032070157144385014e+01,2.632198685473673905e+01,-6.780671105640349028e-01,1.380192871816884015e+01,1.348596967848120443e+01,-4.666059406237263119e+01,-4.163190009015347748e+00,8.706961883487959852e+00,-3.372803382666999994e+01,-2.813913708952272685e+01,-4.049554582978597495e+00,1.562654352207052844e+00,1.023112964088573884e+00
8.967184847355813559e+00,1.513115473606367445e+01,-1.033587906986543992e+01,1.053745022623082050e+01,7.403764595666108228e+00,-3.303733951094845622e+01,-1.384719698241792196e+00,3.654273629938733503e+00,-3.086098833201155500e+01,-3.392212615391029829e+01,-6.478795414426993915e+00,2.109755450772163421e+00,-5.834167076021759435e+00
1.009455062395394798e+01,1.372852525647083510e+01,-2.144491302662987309e+01,5.515321447022443202e+00,1.282108837611165342e+01,-5.589846091546804985e+01,-1.206678012505342856e+01,2.041997732915034547e+01,-2.556330400239165357e+01,-3.116974992187708793e+01,6.673383743815368696e-01,7.872174174354626075e+00,-5.253199754137439115e+00
1.150041101066461735e+01,1.486196267275878924e+01,-3.068861135102079984e+01,2.830313639031804662e+00,2.197749338558179844e+01,-4.449088234020488386e+01,1.134155078353404900e+00,2.804624035194642673e+01,-3.623174920933568899e+01,-3.811115065943147329e+01,2.120102381124352675e+01,1.842821514199463095e+01,-1.061524520921347481e+01
1.319701550724620276e+01,1.425450946285727305e+01,-3.778766197878866961e+01,1.180403343851716524e+00,3.200979494482726118e+00,-4.336269537853927147e+01,-1.165465432443730620e+01,2.138719335582207748e+01,-2.872842686365099851e+01,-3.816116299448929539e+01,2.402921921104542946e+01,3.455507452127484669e+01,-1.233981559453418164e+01
1.316377660656193527e+01,3.247418858849452050e+01,-3.029026923866462795e+01,7.733197438209402641e+00,3.778086171680158589e+00,-5.303430833103828235e+01,-9.471347142894931181e+00,6.692980703146346855e+00,-3.007599092285192555e+01,-2.902795659839823728e+01,5.646699957732427499e+00,1.541350630274818201e+01,-9.873680541847726033e+00
1.691031778605314173e+01,2.529182058317398685e+01,-1.136362699597125747e+01,-8.639160729684519424e+00,-2.815198654307686965e+01,-5.192476507146876941e+01,-1.682776363710448919e+01,-4.917541947552669157e+00,-3.240877515453666291e+01,-2.308763736550048051e+01,7.654419942685339429e+00,3.169626025837070760e+00,-1.612533237350791637e+01
1.867898798176053177e+01,2.620803216763717813e+01,-2.612620566074714290e+01,-9.829946816057208991e+00,-1.480240103443969701e+01,-5.369256327383892113e+01,-2.459964210176831401e+01,-3.303637162820852069e+00,-3.505606299132615078e+01,-1.991231133500845374e+01,3.186500220104900549e+01,2.294882216004551267e+01,-1.569240138217958425e+01
1.840720542896910672e+01,2.535080616530511222e+01,-2.864161823896176529e+01,-6.511815258822935881e+00,-9.976962391838707589e+00,-5.720410347432211751e+01,-2.709342763716353986e+01,-8.439902647285514092e+00,-3.501109294859679721e+01,-1.322941810207429292e+01,2.436337067500121734e+01,1.440179388364855484e+01,-1.140769189015594343e+01
1.793142040790047531e+01,2.706816559049213922e+01,-3.602211062826316379e+01,7.808287110255637486e+00,-4.767726252242828977e+00,-5.853663758455126498e+01,-2.697400318205965419e+01,-2.004170509639354592e+01,-4.952785736328577570e+01,-1.814908231698940710e+01,2.379846312528037799e+01,1.379093505911568940e+01,-1.248553367881076070e+01
1.754222313254283705e+01,8.949176773654011541e+00,-1.815795648461135059e+01,1.317198528244822242e+01,-8.676812805114053617e+00,-5.594137140347396553e+01,-3.112345214992293663e+01,-2.156889915050541973e+01,-4.468011002095992978e+01,-2.175511061206943353e+01,1.101144039018593723e+01,-1.298889168997234833e-01,-1.930478052300695779e+01
1.725648932474679498e+01,1.386886190941072172e+01,-1.630142566518383518e+01,1.722168848044638878e+01,6.535891850386260415e+00,-4.105078601808592964e+01,-2.530355963535943076e+01,-1.476753987442743643e+01,-3.256885300990511922e+01,-1.247684787243128746e+01,1.309779737209802697e+01,-4.472679123561212222e+00,-2.739575524387432282e+01
1.683950511412619377e+01,1.300076804926160357e+01,-1.033925559346590717e+01,2.377813066697338229e+01,5.482469569662406172e+00,-3.535309722619145845e+01,-1.794455103352047232e+01,-1.928203488421843659e+01,-3.669063735827425887e+01,-1.733701101338472839e+01,3.415077017865500775e+00,-2.889874384116009942e+00,-1.663779559159535637e+01
1.673172262556363066e+01,1.730476065573814992e+01,-4.693757172122346333e+00,2.822983870326406119e+01,8.769594046680026622e+00,-2.737445451633367099e+01,-5.167553293438604811e+00,-1.018599066410798315e+01,-3.065612577885906376e+01,-8.261702082267042613e+00,7.081039361359936279e+00,-1.045362460318965070e+01,-2.425051433723546523e+01
1.627433820837878642e+01,1.868072170184174041e+01,-9.529864950369081100e+00,2.157750694190585961e+01,6.684167152141117008e+00,-2.749255076962154831e+01,-3.342164137369806554e+00,-1.352353398805514750e+01,-3.535866737565463325e+01,-1.071099513243345314e+01,-4.312287452199322635e-01,-1.586889321768460448e+01,-2.711506841695261372e+01
1.569500710176989067e+01,3.411308943249035508e+01,-2.185772447163423848e+01,5.397434137302649049e+01,9.790984771690173005e+00,-4.174892612600199726e+01,1.103292882439606082e+01,-3.367979938604440804e+01,-2.501208719167332006e+01,5.134126706626845227e+00,-1.455643300411936636e+01,1.808694198770782968e+00,-1.230713427986047748e+01
1.589484862496083473e+01,4.273352210624743464e+00,-1.262642849078087970e+01,4.235946268382645741e+01,-2.394630267379296740e+00,-2.776285478756295433e+01,1.881354144334912348e+01,-1.888274207689138606e+01,-4.461549270881332063e+01,-7.013628597778478024e+00,-8.147975449153332050e+00,-1.738914240237705400e+01,-1.365648090659845870e+01
1.756256481759801247e+01,-5.489782494057179107e+00,-3.444210981798182303e+01,4.944974830536362020e+01,-9.558530011026032724e+00,-3.957502400675478782e+01,2.261679282412005065e+01,-2.464227664872525025e+01,-4.736100072985522758e+01,-4.605032566744801770e+00,-7.573214072718932321e+00,-8.202875325344955115e+00,-1.336678260586299416e+01
1.847100533313553683e+01,-1.146303315574050252e+01,-2.917385548364753589e+01,4.834691245491089262e+01,-7.440607328557828914e+00,-3.166022750471522684e+01,3.044987943711099732e+01,-1.047995883713990395e+01,-3.000290689243266584e+01,1.321783996575788045e+01,-3.417603665947123726e-01,-6.593120741611736335e+00,-2.690944618603781535e+00
1.809086788098830567e+01,-1.359240111970967746e+01,-2.768444423825863510e+01,5.344883096630194075e+01,-1.286522186481003871e+01,-4.954609426584881504e+01,2.861535163507384638e+01,-2.623812991345209511e+00,-3.091791871193927221e+01,3.260233945438022474e+00,-8.712708927673098458e+00,-6.610167720853183937e+00,-3.226048829435937404e-01
1.693297756379540786e+01,-9.626323560353057474e+00,-3.151075036741062974e+01,4.036411514528751354e+01,-1.293736589501340362e+01,-3.773617096783881664e+01,1.814220797159639531e+01,-8.268372823007267058e+00,-1.832055920311726993e+01,1.161899889137204944e+01,-6.683881734830411148e+00,-7.841851477048984442e+00,-3.675314063871713000e+00
1.636626758232256762e+01,-4.812320228997100102e+00,-5.786738907086863293e+01,2.455881383088183156e+01,-3.136305466269917019e+01,-7.200825888605396585e+01,2.228134681008042506e+01,-1.566947176097839467e+01,-3.417094047883254149e+01,-1.513574167339187593e+00,-3.067875109594390892e+01,3.147320148391666628e+00,1.445406655792830364e+01
1.604919507190327010e+01,-1.637887078609432479e+01,-4.053963963363073475e+01,1.412194431649046145e+01,-2.986882160733293290e+01,-5.022641028246265904e+01,1.596968200717735620e+01,-2.742473842142505891e+00,-1.907713862531983651e+01,8.533486746416725666e+00,-6.152113209436620878e+00,-1.063931929984796243e+00,9.658182611009973328e+00
1.676164406749810354e+01,-2.954944512603930207e+00,-3.898766467641726763e+01,3.145182251897372439e+01,-1.252147127442327168e+01,-4.335865913592621723e+01,2.413878320754470508e+01,1.459920557202597724e+00,-3.752289595589292048e+01,7.182669303413828032e+00,1.347402206043415340e+01,-1.659930049132258834e-01,1.024455521398670221e+01
1.381336004312017174e+01,1.313789020300236743e+01,-3.025124634580640759e+01,1.195184690081382328e+01,-1.584698458119635411e+01,-4.831129496596308570e+01,6.304288872556259804e+00,2.602266012257044459e+00,-2.858225588877779444e+01,-4.298650438476057545e+00,1.049625938110135159e+01,1.575733772636761643e+01,2.413919957826470863e+01
1.507267293940276787e+01,3.847034659592491579e+01,-4.623701979852650368e+01,9.736342730438945381e+00,-1.021881264822593671e+01,-6.267852158049124256e+01,2.269872728215021596e+01,7.040051535863220522e+00,-1.437834744830979261e+01,1.373768159574760972e+01,1.154064502010076687e+01,3.543710108298473926e+01,1.765023345443283276e+01
1.574491269947037964e+01,2.388469416757730457e+01,-8.188977392780936171e+00,-2.799143475995289787e+00,-2.398046318977313618e+01,-3.432419916435978990e+01,8.185429117134958688e+00,1.376383957948226211e+01,-3.791471476991954415e+00,-1.198405216875052970e+00,-1.445857936017824752e+00,1.187078473567992809e+01,1.852646211071180105e+01
1.698308216624364064e+01,1.689142325084321783e+01,-1.363359720752316839e+01,-1.673644871411779889e+01,-2.275855033325055743e+01,-2.210589755369019827e+01,5.647573036876972985e+00,6.577861876150616460e+00,-2.850831065661198149e+00,9.768857690778547820e+00,1.076744968403278513e+01,8.145951415827763498e+00,6.741677167713615582e+00
1.628208705626471087e+01,3.596395106475382164e+01,-2.436081479795664606e+01,-8.664772231735760499e+00,-2.780222615164766253e+01,-4.067398224392076855e+01,2.359640134051275595e+01,1.146849293114907908e+01,-7.636428850505184940e+00,9.779646561783193803e+00,-1.992650018568738446e+01,-4.595946721889224484e+00,2.251875197094049241e+01
1.575073060866136920e+01,2.319703720010246073e+01,-3.101574519312364586e+01,-1.878012989990255477e+01,-2.470395302227961665e+01,-3.150436238692214985e+01,1.992338540001892966e+01,2.267767726418265184e+01,-5.807377985301977574e+00,-1.156634596845973695e+00,-7.149413390983363925e+00,-7.293896834659946649e+00,7.187883944246644674e+00
1.621344983254130412e+01,2.156058213618356234e+01,-4.489037033226158968e+01,-2.469554539461568510e+01,-2.451284377010752991e+01,-3.485465014959459040e+01,2.329909582572904014e+01,3.082586887786984775e+01,-4.817037145655918451e+00,5.195660263972205151e+00,8.229965257874264140e+00,3.918980499433006859e-01,5.643846282720379470e+00
1.639630583330054847e+01,1.797879536721886140e+01,-4.974894802486228684e+01,-3.097178111024464542e+01,-3.321178979811589471e+01,-4.570267170759539255e+01,1.555425956349511907e+01,3.151936433881283861e+01,-7.534771349694171505e+00,-1.236075265430825576e+00,1.441174193944134707e+01,1.084384440544777206e+01,1.624792071806985305e+01
1.564210070702834088e+01,3.218018753150400357e+01,-4.365642686867089139e+01,-1.541469314087863252e-01,-1.777009565398413216e+01,-1.482887440198976670e+01,2.691218471636319265e+01,2.684509233200148515e+01,-1.983527542103748686e+01,-8.477618399725196596e+00,-1.578290528856184594e+00,-3.572430055597180854e+00,2.254746921349895850e+00
1.641350853354142103e+01,3.728152798511504074e+01,-6.118060191871419562e+01,-1.919544619546849162e+01,-1.897761424422795429e+01,-5.213212741801538641e+01,3.394827891211099313e+01,3.370781466471257914e+01,-4.367824582305325443e+00,2.598478590439307112e+01,1.455044761888981419e+01,-1.098402858560971040e+01,1.182031552273093311e+01
1.572750515546739081e+01,1.599059797303525343e+01,-3.955290276105695568e+01,-2.327373147617672799e+01,-1.961290561895541273e+01,-3.949111270211906799e+01,4.895911924370506263e+00,3.220362917003115655e+01,5.600208904820171085e+00,2.717377324980523312e+00,5.152602522957399067e+00,-1.148724499142057098e+01,-4.002412709327699325e+00
1.544410648795477847e+01,2.320520439535489032e+01,-2.441516155795304144e+01,-1.632421472702904452e+01,-9.718528142872886022e+00,-2.837143270677954021e+01,2.338817632752876463e+00,2.244994580804292283e+01,-8.934762704859710025e-01,-6.149442095382920970e-01,1.985021595979108877e+00,-5.919239616798700254e+00,9.097585613175599661e+00
1.590338984360450958e+01,1.562669148808405062e+01,-2.077314787237187588e+01,-1.518960867438562268e+01,-2.102835245343291604e+01,-3.167577103107046455e+01,1.828781871783485835e+00,2.359091353008673764e+01,1.950167979978789035e+01,1.971412990179079117e+01,9.307746139693013898e-01,-1.818515678373248079e+01,-3.279942166712416451e+00
1.769130775310302184e+01,3.375015070982279752e+01,-2.063731970174855945e+01,-1.387263277077142121e+01,-3.233214799392020922e+01,-5.225883441070734392e+01,6.036313602107658660e+00,2.101365278805103287e+01,3.393638975308109540e+00,1.153252380845756164e+01,-1.944240265188588168e+01,-2.845464781190823089e+01,9.315320002371491270e+00
1.635941812587026334e+01,2.688156837695780865e+01,-1.122564139104548353e+01,-1.222995734905196841e+01,-3.047900278394960694e+01,-3.523662237553394050e+01,9.837322959516143328e+00,2.221434101549490947e+01,1.274645935853634704e+01,1.134132650740571613e+01,-1.886506679133461617e+01,-2.590059752490137157e+01,9.421898465210317042e+00
1.241123216126215567e+01,2.970748047087702304e+01,-3.047159082640124339e+01,1.385329391353555728e+01,2.161785795062317383e+00,-4.563097081082756290e+01,2.310578482682608836e+01,1.614039576068979898e+01,-1.054994895789972098e+01,7.491158899323011156e+00,-1.628806472360737345e+01,-2.069733486370471809e+01,9.811744495297761048e+00
1.212516033644729951e+01,2.243002346734076724e+01,-3.029697739363318476e+01,7.028968245583397945e+00,-1.834691282603740348e+01,-6.640309106880351919e+01,1.454006566289951863e+01,3.012350631748816099e+01,8.314210663512429988e+00,1.316605152442268256e+01,-1.301512232678671666e+01,-2.001669343154559400e+01,5.191825947167887811e+00
1.039833687176066768e+01,2.261960277201185932e+01,-1.547220484865734669e+01,3.207383454935420986e+00,-8.578129459708046411e+00,-5.049394436107584028e+01,1.369078046130903914e+01,1.744814103713657971e+01,-1.405883423090243234e+01,8.750590436151016505e+00,-7.731769446152436664e+00,-2.599957941940159856e+01,-4.662596907569954041e+00
9.175794755061893682e+00,1.553625566870844388e+01,-1.085169186602799307e+01,8.203026403913339593e+00,-4.019538223116740028e+00,-3.531870514296662833e+01,2.179492723398145593e+00,8.810066213219377218e+00,-8.955719817270832550e+00,6.921794039220611872e+00,1.269365391058215886e+00,-1.690458365172946031e+01,-5.660711785234441074e+00
8.441388524794746218e+00,1.538648618213746211e+01,-9.366364989550241660e+00,8.016170457776823355e+00,1.618448001155677884e+00,-4.409297837542975884e+01,4.469377053299536051e+00,1.339979835666769503e+01,1.996732688565778513e-01,1.527850294164039724e+01,-8.362917677007390971e-01,-1.435942024799793515e+01,-5.293760604047296425e+00
7.322738244721965550e+00,6.888208586751107809e+00,-1.410488136987692975e+01,2.175450478416944833e+00,1.745224272824318357e+00,-3.182999845492782853e+01,8.414976636620840722e+00,1.724059098900640663e+01,-4.354577609336150346e+00,1.535560831235605228e+01,1.565687199393166917e+00,-1.620028219724950702e+01,-1.097233192803612756e+00
6.617133857540222763e+00,2.945339460402403908e+00,-1.172351926027167757e+01,-2.058065743192075914e+00,-7.019084751558272162e-01,-2.444343987768773729e+01,1.404127578347433847e+01,2.078220701126720726e+01,5.305987629981463449e+00,1.717995059473134489e+01,3.165925394779220969e+00,-1.293092224270106882e+01,1.269999795800854869e+01
6.265777549633679833e+00,-4.025773811710087635e+00,-1.574989973173696534e+01,3.443204000421647759e+00,8.896240615374564342e+00,-1.510800023525843194e+01,1.403018562699829452e+01,1.459422013319542621e+01,-1.227110216599308679e+01,8.803438267856156685e+00,3.678075145216942232e+00,-2.181126063400934356e+01,-2.632111308868199107e+00
6.071605806115079496e+00,-3.056392988693570789e+00,-1.511718042649024873e+01,1.668129971266841260e-01,6.539911239739888416e+00,-1.270856310525652333e+01,1.385700378545648803e+01,1.254102776594518431e+01,-1.041495202353795335e+01,3.016555683505777186e+00,6.090098272557781911e+00,-4.511072860676100582e+00,9.844126643532884913e+00
5.970043365170364602e+00,-6.488902072916185482e+00,-1.619254965965722093e+01,1.945255614157230806e+00,1.028208594398242504e+01,-1.499558349744813590e+01,6.868578331432063422e+00,1.082753453695225332e+01,-1.733556754184501392e+00,1.473010054924148271e+01,8.604694216071848700e+00,-5.439316712735781323e+00,1.955845046031386980e+00
6.286403012082224961e+00,-4.786447940003961676e+00,-1.610725968368256034e+01,3.870025040820068707e+00,6.466005138504804073e+00,-1.162941569360913618e+01,1.899402088240108455e+01,9.721320521780537405e+00,-1.486628676915135294e+01,6.442000935867962852e+00,-4.359385692855489047e+00,-1.378376619788233448e+01,8.008324778530948151e+00
5.727034854725294721e+00,-6.711826601150180593e+00,-1.965983318037500638e+01,-2.724409021900668471e+00,1.314503294281412416e+01,-5.723408672636874250e+00,1.394106343145185178e+01,1.303839733889654262e+01,5.794091462427050310e+00,1.370017660004786109e+01,5.300775589886389305e+00,-1.293085511392609632e+00,-3.434572434264105967e-01
5.782487707780427755e+00,-5.125858640676465683e+00,-1.879990909436386914e+01,-3.932162728036872057e+00,9.484710227265852112e+00,-7.598868956722762746e+00,1.599415203912420758e+01,9.037244298541665444e+00,-3.175292803316032586e+00,1.242825416981774467e+01,1.334523855151616978e+00,-5.017496784330317539e+00,1.608022625763836144e+00
8.561040302591139906e+00,-2.457075764818953623e+00,-3.030949177973722541e+01,3.878772497131072416e+00,-4.377197893522962957e+00,-4.321018384263657452e+01,1.031471367889990987e+01,2.748470012950921060e+01,-3.042752060686708671e+00,1.186285098131710747e+01,1.661900414275851556e+00,-2.345531954430147614e+00,7.861362091454607848e-01
1.549235119587881115e+01,1.402413541201483405e+01,-2.550477292749678782e+01,7.135801938171578707e-01,-2.110159182984091686e+01,-2.887406194468575293e+01,1.534176695293981219e+01,2.297180545991990641e+01,8.528389886808158238e+00,7.797391235095860296e+00,-4.700526328729941916e+00,-1.605191258217242734e+01,-7.520544990209155678e+00
1.663793851501736043e+01,1.268209450789586157e+01,-2.692389304073542178e+01,-2.908859118605008121e+00,-1.799479810835761739e+01,-4.147062159400055492e+01,2.118661252304768894e+01,3.760980850934633679e+01,-4.019861331054793041e+00,2.923903065060307949e+00,3.877892877125920901e+00,-1.246711517050334272e+01,2.570870242736739808e+00
1.479789280088904491e+01,2.662889551178792047e+01,-1.931444363893769278e+01,8.737870690372849580e+00,-1.240193550148151758e+01,-3.339461096594600775e+01,1.799316162391130192e+01,3.288296931462556216e+01,8.445328814818557461e+00,-4.833609246736989995e+00,-1.426218155858252068e+01,-5.512298936162765450e+00,9.894590206002829902e+00
1.757553897595806447e+01,3.141835852237053217e+01,-1.187764329177638345e+01,-1.380923607735108227e+01,-3.135136468063570092e+01,-4.191212762062017561e+01,9.675397040629114542e+00,1.752083342414077549e+01,-1.078716401226015975e+01,-8.011417519132436382e+00,-2.136460898809617959e+01,-1.704909307693758080e+01,1.287875699102686333e+01
1.795330393739695296e+01,2.815363658497994948e+01,-1.241703175564667205e+01,-1.267214404440723285e+01,-2.011166267443433853e+01,-2.677966272784720303e+01,6.204672061911654879e+00,1.559137170657552396e+01,5.553814303678005215e-01,-7.897191950734062660e-01,-5.772592027936431336e+00,2.103659965868200477e+00,1.725796537691243415e+01
1.791081681830867822e+01,2.346450609733819093e+01,-1.590421120142125133e+01,-6.762964990172105395e+00,-2.080887803961078930e+01,-3.753542444444786241e+01,2.017029782252995229e+00,1.078251545556777380e+01,-1.045232791652395754e+01,-7.700266225278260990e+00,-7.306882683983349835e+00,2.665548937258657602e+00,1.524941426911170339e+01
1.774957740770958026e+01,2.227280418129212691e+01,-2.100908906172443835e+01,-5.299373539525228161e+00,-1.533128342362966201e+01,-3.894605004294936634e+01,-4.174064654413445652e+00,3.228480884484419722e+00,-2.246524358426803047e+01,-1.514824208721198495e+01,-1.845403916751209517e+00,2.288485584700226561e+00,2.540370824002833317e+00
1.714946495529123638e+01,3.382682390984560783e+01,-2.610237115568216026e+01,7.626384101512038605e+00,-9.801392529628850880e+00,-4.637741159417956993e+01,5.176218415794346939e+00,6.258847685914493475e+00,-3.074771710096615962e+01,-1.990289827618736140e+01,-7.068885791561763554e+00,1.699141083900122595e+01,1.712986270118737764e+01
1.521199183913003772e+01,3.954237273210988945e+01,-2.375084115870959778e+01,1.664683754308127561e+01,-6.062402433161016901e+00,-3.386387328140409636e+01,9.723023507537083887e+00,-4.855243702609080891e+00,-3.734395360286219301e+01,-1.739064760748400928e+01,-1.507312784398671468e+01,-9.150990968551454330e+00,9.136158266839608189e+00
1.545239414229819985e+01,4.674983207182468448e+01,-2.142823124949401503e+01,1.968423663980031080e+01,7.423237236968739161e+00,-3.454046237662389274e+01,3.861764011745776060e+01,-1.198179075242246761e+01,-4.127009837186165697e+01,-1.778774557365568887e+00,-1.834717424416234977e+01,-5.880262505597254830e+00,1.728739587282603551e+01
1.532462944179160402e+01,2.938257919503544002e+01,-2.119921167883492608e+00,1.769638922382314661e+01,-1.976616080749179050e+00,-1.699531986460361921e+01,1.691691494716454969e+01,-4.810994688706397682e+00,-3.260185287298633483e+01,-9.712343732648784922e+00,-1.245149949459550243e+01,-9.635604839494835261e+00,8.573584534437697968e+00
1.523104200295715138e+01,3.223213882963865728e+01,-3.913210181199679560e+00,1.660240993878985449e+01,9.205909969745041943e-01,-2.249475395523685606e+01,1.823860331508438648e+01,1.818024902442364921e+00,-3.410084819910117915e+01,-1.161273206443926398e+01,-8.726559176888525116e+00,-5.166462835367993556e+00,1.052987420052163792e+01
1.556044294739954914e+01,2.554368212658076587e+01,3.649531652002466764e+00,1.364094441170108674e+01,-4.256560634972854085e-01,-1.234668285873754456e+01,1.354529645535680871e+01,-4.497188844572434507e-01,-2.576696770933576630e+01,-1.018570018812501132e+01,-5.914705296408999224e+00,-6.214455478592640247e+00,2.983647440585586175e+00
1.580863430327235086e+01,2.682543532122049612e+01,5.319860924602193286e+00,1.899607447704237728e+01,9.779419180777603415e+00,-6.359284283979531160e+00,7.544132641275494322e+00,-7.739492812765969454e+00,-2.314069029371064090e+01,-3.417854677942828712e+00,-2.473454265397519336e+00,-7.333577041253687590e+00,1.486425866250493666e+00
1.583252628905215609e+01,2.596545788033338198e+01,1.075036981273645509e+01,2.283282669312139390e+01,9.018801284080593561e+00,-3.338792145704974512e+00,1.570848962476621402e+01,-2.341907640306496674e+00,-2.861667852106216969e+01,-7.360505750564180438e+00,5.558178274196721169e+00,-4.838203234594708135e+00,-7.749211200798838739e+00
1.596638555004617999e+01,2.641574072511417270e+01,1.554212423762431072e+01,2.604915216870488592e+01,3.268094023457095876e+00,-4.700307383087618973e+00,2.392043242548059467e+01,2.471954118843651682e-01,-3.627685858796802876e+01,-2.090602599838780762e+01,-1.029893442326929964e+01,-1.838088350774640745e+01,-1.573604863801647014e+01
1.560269327500138914e+01,3.233170108153141342e+01,1.399606741611660787e+01,2.065065112718884066e+01,1.029203989614547865e+01,-9.199402284472547819e+00,1.477865072208078390e+00,-6.011409814403985585e+00,-2.264627565583216651e+01,-1.022743897855397854e+01,-1.448976795864091560e+00,-8.982831456187703623e+00,-6.710473439361808623e+00
1.518580099432371178e+01,2.780250456551501870e+01,1.599375858650008553e+01,1.893859532163809689e+01,6.725477711891886479e+00,-8.179699538569803474e-01,1.031008973315186594e+01,-7.861008396089400385e+00,-2.701321243531219807e+01,-1.523931343981519682e+01,-1.816198414576454567e+01,-2.536243653666835485e+01,-1.199620433799328545e+01
1.459711491517064630e+01,2.226184057110848613e+01,9.199059844312694523e+00,1.156823717105642402e+01,6.097110268168019154e+00,-6.968034516812885215e+00,-9.681481752094821758e+00,-1.609229274814716959e+01,-2.418009839102366243e+01,-2.251077824752603718e+01,-1.721950756768060131e+01,-1.921014696482135520e+01,-2.334494049858401254e+01
1.358916162633377311e+01,2.746301584239887461e+01,1.499999913835092791e+01,1.749983043909509561e+01,1.103965111022231405e+01,-5.747752836690212419e+00,-1.950918327135660935e+00,-9.910968787700658922e+00,-2.176443029431139919e+01,-1.641704725688908439e+01,-1.624337514285091899e+01,-1.708394590482432207e+01,-1.428250500412923252e+01
1.166521335600602072e+01,2.147027185394865256e+01,8.894141862164065770e+00,1.188675355173475445e+01,9.733652149809943310e+00,-2.741368769898736568e-01,-1.149928284889941255e+00,-1.329095588098019753e+01,-2.625696798049506953e+01,-1.730647403499891368e+01,-9.173036016552716276e+00,-9.230975231707684969e+00,-1.019429466640472093e+01
9.691137965579526892e+00,1.760776270367614416e+01,-1.297695904662760524e+00,4.977251600767520934e+00,7.421285071612750528e+00,-3.511974113113062401e+00,1.363184892303073781e+01,-1.017250148889379702e+01,-3.908749602236824927e+01,-2.863303890034029564e+01,-1.018403213018593334e+01,1.921471170703646703e+00,5.275409372829471089e+00
9.386907476179345622e+00,1.586634066558916878e+01,1.720604877442744263e+00,1.506248718386365049e+01,2.002759323041956208e+01,1.127235228871904527e+00,1.168906734150591475e+01,-3.138255075834460506e+00,-3.507680442905994056e+01,-2.543628512595956082e+01,-1.276028999254481100e+01,-6.220354858921806951e+00,-2.298968096058180866e+00
9.216894963959370912e+00,1.342655350096295663e+01,5.171452703758030012e+00,2.282924521560885367e+01,2.437857910903093739e+01,-3.603814376030925803e+00,4.612581848770552106e+00,-4.710669027102028394e+00,-2.643521172789481710e+01,-1.508144278510814651e+01,-1.207193499006315385e+01,-8.898007040396677780e+00,-1.400911425954319833e-01
8.436327087348168163e+00,8.749367458272523379e+00,-4.114877979777415540e+00,1.278661462343497313e+01,1.646278415216038837e+01,-6.772689103876994743e+00,1.678348279540328170e+00,-1.315588691101056007e+01,-3.088724541923147981e+01,-1.895489417737740823e+01,-1.815456002602422458e+01,-1.920143436939782333e+01,-7.772086587699862825e+00
7.246198975156638689e+00,5.223477441898499940e+00,-1.134031256635618101e+00,1.682067978566501765e+01,2.062398463088947054e+01,-1.103453992774940851e+01,-3.839573202887666348e+00,-8.613810539039924663e+00,-2.589937993999854271e+01,-9.183950935585647457e+00,-1.321800037579028064e+01,-2.443862403872618216e+01,-1.681961424746734224e+01
6.441427896864193592e+00,1.493923160093831637e+00,-8.185207144216104069e+00,1.054018226284287785e+01,2.059192269278537069e+01,-1.295329613694538651e+01,-4.832949645824087703e+00,-6.275710765063934105e+00,-2.898621180398660258e+01,-1.498605011074310589e+01,-8.135929047063784836e+00,-1.283360648142900295e+01,-6.611717135567884540e+00
7.668918504805752434e+00,5.144593782569153895e+00,-1.530218343811595538e+01,6.895595291828409579e+00,1.387137974901127002e+01,-3.050203731424906906e+01,-2.424099217197780209e+00,9.495618536184613490e+00,-3.079883114784049880e+01,-3.111816029554220009e+01,-1.103566373918713417e+01,1.485766035540145635e+00,-3.958312788931445336e+00
6.917149528579987106e+00,2.479366793673294822e+00,-1.309125892209813458e+01,8.085917232908490959e+00,1.759802967581912014e+01,-2.001753203782134705e+01,-3.775964097313278423e+00,4.572604074554657672e+00,-2.068426983977382605e+01,-1.268319343859563730e+01,-4.380209033511222927e+00,1.800904595771811945e+00,-7.595623619125684012e-02
6.258427686042705496e+00,1.055674973111556891e+00,-9.771893765421687306e+00,5.937626192876187758e+00,9.828507913324566303e+00,-2.175025206654204979e+01,9.955728843200319922e-01,7.199312778696181248e+00,-1.361014421685258746e+01,-6.095432784831841033e+00,-8.164371398540598790e+00,-8.671157354478356893e+00,1.515743563866012611e+00
6.069037381131562547e+00,-7.159217068557205410e-01,-8.691465060360936690e+00,7.330580331717967191e+00,1.409310181702475973e+01,-1.883242581216599731e+01,1.084459226059958370e+00,2.351250142125949960e+00,-1.992770584023916669e+01,-1.037725484374917295e-01,-8.819038606314160589e+00,-2.502289920631302067e+01,-5.153453252151933839e+00
6.044322265071391698e+00,-4.489819496084233030e+00,-1.244732395320420792e+01,8.525558263226342248e+00,1.891516804940150109e+01,-1.174524269991787406e+01,1.101701529364092558e+01,6.941672103257727322e+00,-1.108590334429473145e+01,-2.338097950927155111e+00,-5.859048472226602300e+00,-1.921965683307113082e+01,-1.362174245777734072e+01
6.095391946696922858e+00,-2.557969263631470813e+00,-1.492385171835036672e+01,2.103386866039258951e+00,1.229974627822366706e+01,-1.517310209454861436e+01,-2.672750308429867161e+00,-1.878267154461009045e-02,-1.021199332800805593e+01,-6.868733797334495295e-01,-1.023605408117969873e+01,-1.776694732530647869e+01,-2.498824614667494171e+00
5.799009048929696597e+00,-4.097649745015189637e+00,-1.092473358785006532e+01,5.658927378286194632e+00,1.196591731483377608e+01,-1.423975478545553841e+01,2.399911881679705150e+00,1.697265961386453581e+00,-1.414885580911734131e+01,-4.318889317424818408e+00,-5.638521314177232568e+00,-5.611293660446746934e+00,4.946289383421277108e+00
5.752988438405711946e+00,-8.091603155321710261e+00,-1.594830257613849334e+01,3.211791679588746451e+00,6.799265109713259037e+00,-1.868170289029817965e+01,5.527353449997412405e+00,1.249706630168288335e+01,-2.728628313096613578e+00,7.153890592717351282e+00,6.189588577142608905e+00,-1.158590831679756628e+00,6.039816833360721615e-01
5.978131923179564211e+00,-7.167316962395322122e+00,-1.472813520580500324e+01,6.921573453974653845e+00,1.221746316085540052e+01,-1.262355269201113650e+01,-2.199385671096832251e+00,2.930322971420062372e-01,-9.548088560047849782e+00,3.888088793113614550e+00,5.064269192389019736e+00,-6.257977385137812654e+00,1.617868507362350883e+00
6.005014063944311253e+00,-8.881959901489627995e+00,-2.001020330993057428e+01,2.136223552113373003e+00,8.455040838889612331e+00,-1.116572917615775395e+01,3.272672915951317929e+00,9.617397862541183784e+00,-4.657878488972308162e+00,1.957914998509455495e+00,4.180080039832452243e+00,-3.907012851556773469e+00,-5.441471136898463623e-01
5.792861455517562597e+00,-9.354159175560806005e+00,-2.000747025815307012e+01,-3.662792741768527982e+00,1.993121364072591994e+00,-1.845295384591807775e+01,6.353288356345340837e+00,7.651543669275031156e+00,-5.078641646997129833e+00,3.074099281326295063e+00,2.835340895345696666e+00,-6.136745398373375515e+00,1.587766342204167680e+00
5.918186948097833522e+00,-1.043453551024779991e+01,-2.123548928074885112e+01,-1.618384516629036041e+00,-2.812749872235043719e-02,-2.446035714027567920e+01,6.042374480127222780e-01,6.281409809770305941e+00,-1.281450930754804141e+01,-5.492162891365306443e-01,-7.576837458943171733e+00,-1.372242695933732648e+01,3.119168138647840482e+00
5.830407088777719515e+00,-8.041595503064876027e+00,-1.725089155277840902e+01,-2.517770112268857385e+00,4.952345574382442273e+00,-1.962804393776209366e+01,6.101224092366742902e+00,7.160417411476418081e+00,-1.456127557639889858e+01,6.564588196107989937e+00,1.818958907362604016e+00,-1.302193243179578630e+00,9.628221562243615139e+00
5.815195757763879314e+00,-1.005408316581074502e+01,-2.035934240592079192e+01,-3.301483175775621781e+00,9.658026187027319409e+00,-8.236952300649635461e+00,8.252526971404519074e+00,8.517384760064098614e+00,-5.824184861383542966e+00,1.716967096719063690e+01,1.235693632827995714e+01,-1.188535323494513740e+00,3.606661481084762588e+00
5.757269461628044205e+00,-1.432899786972393130e+01,-2.273309035194128214e+01,-3.067166039653415943e+00,2.763065892685265812e-01,-1.987519141850324544e+01,-2.715576705378885958e+00,5.282453402218362903e+00,-4.543641910966830899e+00,9.649134441912137206e+00,3.195687341362990264e+00,-5.682826054876732869e+00,6.388697016285049379e+00
5.669983041284587522e+00,-6.480921627390152651e+00,-1.658634520414017288e+01,-7.666164588107473143e+00,2.917904958011048766e+00,-1.791833510437358967e+01,-4.223262780851045228e+00,3.133945854981950774e+00,-1.263860667667051985e+01,-3.093201755502013928e+00,4.946272184053462695e+00,-4.130365864047242930e+00,-1.250183386238755023e+00
5.668006406530664343e+00,-9.716035944959100945e+00,-1.874753016722110743e+01,-4.597551358807365318e+00,5.696192376157759973e+00,-1.794555422228175345e+01,2.888220170187930869e+00,6.299064298325100175e+00,-7.241863101252682178e+00,3.350240739978248783e+00,-2.489882066813291939e+00,-6.898985085612192591e+00,9.303921403892397635e+00
5.771525231742320017e+00,-1.094626175195655904e+01,-1.817982686127438541e+01,1.706648653404363669e+00,8.160284467069551795e+00,-1.852537802681915124e+01,-4.012007033474104922e+00,-3.485299590965016403e+00,-2.008275184905004895e+00,2.330742349751400155e+01,3.770771809769758232e+00,-1.159331528786637655e+01,-1.141392349998880285e+00
5.938876730978075003e+00,-1.068625547045227364e+01,-2.309875686532399897e+01,-4.902927814649909344e+00,4.908003484482160061e+00,-2.543505810427807745e+01,-3.824556949946297024e+00,-1.795025529524653551e+00,-1.662071016594959971e+01,8.751863546536585048e+00,6.684669430538237478e+00,8.888090338651544187e-01,1.532467820201855346e+01
5.892866652035417374e+00,-7.606501091167188200e+00,-1.678694210117037500e+01,2.037523118056351057e-01,1.243829261080106541e+01,-1.905611372379646085e+01,-4.181313632282554593e+00,1.192280320275208716e+01,-7.453979456858326635e+00,-2.119365778611403073e+00,8.233891906924821313e+00,6.012624706368934202e-01,6.459905640390599224e+00
5.814551730421914755e+00,-1.152187626399930842e+01,-2.131363279606781092e+01,-4.912179256084105994e+00,3.856055047065368946e+00,-2.235853134578319157e+01,-3.102084942983589499e+00,8.539844935885566812e+00,4.793895691856048913e+00,1.292241929446130300e+01,4.983263101807870576e+00,4.267689900293851757e+00,1.553631250098880834e+01
5.878064113836529714e+00,-1.014050834154102354e+01,-1.784304529883374713e+01,1.975081436180337269e+00,1.491172692281440959e+01,-6.576713782469330916e+00,6.177951820689064455e+00,1.511525502871360516e+01,5.903707190544197347e-01,6.122490242880846978e+00,-5.696505017397814008e+00,-1.151971094549919883e+01,-8.995058775849631871e+00
5.803771464465437901e+00,-7.424192569109681727e+00,-1.667717245268865511e+01,1.518254224919375117e+00,1.174283295677845373e+01,-8.547856454348254474e+00,6.768786609146935973e+00,6.071007633039360307e+00,-4.158924277121237800e+00,1.621117679407526069e+01,7.298986704714943485e+00,-8.382893966207229042e+00,-2.843819810686937788e-01
5.810750447271932018e+00,-6.164688942821407558e+00,-1.478714280065888431e+01,2.311462084204654932e+00,6.372719894702739474e+00,-1.572404171054290067e+01,1.034115980604045326e+01,3.351466145434731647e+00,-1.026689479956965734e+01,5.702110823868816958e+00,-3.263427463193537381e+00,-1.142394526043958791e+01,7.941151175042176824e+00
6.095316044398989774e+00,-1.018726790936503157e+01,-1.936865169565622580e+01,3.663828734558824962e+00,8.799341730905753778e+00,-2.202849316358980403e+01,1.158161931269864553e+00,5.529926028712005781e+00,-9.558640489125039608e+00,-1.433416955331603848e+00,-8.831890539892626180e+00,-3.298324117204816996e+00,8.214125880114584888e+00
5.782755004725636638e+00,-1.322481151327092697e+01,-2.599141173787518255e+01,-1.145815546477174074e+01,-1.528649455118457512e+00,-1.992674278451007552e+01,-4.308420770492399576e+00,-9.912711161731214915e+00,-1.454361482938993611e+01,-6.538583201756470453e-01,-9.579424707345523871e+00,-8.578173392922082030e+00,8.635644312509962006e+00
5.804079479854920898e+00,-1.146758628670093039e+01,-2.264330601211099392e+01,-7.005496058582082242e+00,5.840496621543760369e+00,-1.581611938714739907e+01,-9.660122774071036034e-01,-3.151761773812831180e+00,-1.025147681213739581e+01,1.439750851162313516e+01,4.745077976534032516e+00,-7.687660817734726315e+00,1.100881696210765481e+00
5.684214847440651752e+00,-8.465769502161323956e+00,-1.980920820450331377e+01,-7.785995154753281966e+00,1.026190909971759879e+01,-6.720595058864203608e+00,7.639240584082137353e+00,7.125026530577440731e-01,-1.528026003572131764e+01,5.326580049477199097e+00,4.248666667318770962e+00,-8.147640036099494942e-01,1.125910949689802720e+01
5.819001211997986367e+00,-8.111971330949044656e+00,-1.820612886607311509e+01,-4.358579193838659216e-01,7.909592699812348471e+00,-1.681743308911942592e+01,3.715534202588176571e-01,2.925479877928962580e+00,-6.054629965082576781e+00,1.670076738105479919e+01,1.711779782272951067e+01,1.299475316167478800e+00,2.937025625293870679e+00
5.832748635463786080e+00,-1.050601751233038961e+01,-1.914902266002641085e+01,1.317991191101356707e-01,7.198797191383583538e+00,-1.513272793847523978e+01,6.400920810827363638e+00,9.151861901770490526e-01,-6.615713833850684900e+00,5.323442657498493880e+00,-9.801398303229758469e+00,-1.653514001276860768e+01,3.271101196353681573e+00
5.762517411406635759e+00,-9.181513939984856876e+00,-1.861963821378776629e+01,-2.347857905191677030e+00,7.314955741128617461e+00,-1.512317620150192887e+01,7.542961117201054222e+00,8.982064074459687575e+00,-2.886095870739287417e+00,8.500531227599857687e+00,-5.624793017721464450e-01,-1.107489969539571106e+01,-8.831503540017695553e-01
5.800567164019566846e+00,-1.207676141220885135e+01,-2.552764534417390507e+01,-1.134304156707804800e+01,-8.084655084915404188e+00,-2.947442761867884897e+01,-9.901351844424409521e+00,-4.770523480568265029e+00,-1.391841474998978256e+01,-7.715841425031469969e-01,-9.822640574834103688e+00,-9.021994271356904349e+00,-3.548029667550834709e+00
5.797327660867170884e+00,-1.112051608884530651e+01,-2.337540641924949725e+01,-8.247388831470692239e+00,1.018133465011192618e+00,-1.495489990876039954e+01,2.662287358511333801e-01,5.363950800546432696e+00,-6.703279653134441851e+00,1.256735785013936280e+01,8.521697604192775444e+00,-1.182539023099112541e+01,3.973269694423642751e+00
5.755855360493510098e+00,-1.258061670371778717e+01,-2.183008299189072332e+01,-2.316378500379196126e+00,4.112953236022432790e+00,-1.216528151359467280e+01,1.124763998112114471e+01,2.967126447942004308e+00,-1.072286614371380331e+01,9.730008691270661814e+00,9.690042145871627710e+00,-7.396418542090663628e-01,9.803712733243230559e+00
5.744642074094382878e+00,-1.171628842090973066e+01,-2.287051114770394022e+01,-6.733809238676863096e+00,4.417174659125891800e+00,-1.618453722520996152e+01,8.146129278178502631e+00,1.459967256887931875e+01,7.237285153119684900e+00,1.063272362897674128e+01,7.576462518913162469e+00,1.057190609565677342e+00,2.688642332228634579e+00
5.929221095490715854e+00,-1.285491757572150284e+01,-2.634950856369014005e+01,-1.063245898864945005e+01,3.517987194854583777e+00,-2.432466370220909013e+01,-1.456939567869495988e+01,-3.234519320024045630e+00,-1.055936155168617141e+01,-9.449929624531820949e+00,-1.880844839451073014e+01,-1.971286201888347733e+01,-8.676304527296828439e+00
5.624329459019803856e+00,-1.024720581695863331e+01,-1.879695725970054809e+01,-2.386533495253762904e+00,7.538099262520323585e+00,-1.474717191166131158e+01,1.249322619131791878e+00,1.333211031434369698e+00,-4.151666060333123021e+00,1.323168832230554592e+00,-6.980860377573105957e+00,-8.324767183561679218e+00,1.939183100394384907e+00
5.843356276598551169e+00,-5.625664061095431379e+00,-1.734958062081789976e+01,-3.516945350927816349e+00,4.986821918437630785e+00,-3.088014892472489592e+01,-1.041516103484029188e+01,-3.476759184458682927e+00,-1.495780297403220338e+01,-5.297033650687178685e+00,-1.865904726373002021e+01,-2.268493605981204553e+01,-6.822155171019810282e+00
5.750524777639538954e+00,-4.414690849982192411e+00,-1.448004581754378783e+01,-7.869544602672311484e-01,6.179079441103830561e+00,-2.237776448807790075e+01,-2.058688947554294213e+00,-2.469072722487401172e+00,-2.622827471758498064e+01,-9.427956903810304823e+00,-1.666443188964536759e+01,-2.178109969353806008e+01,1.079549391937758340e+00
5.951988135329092877e+00,-2.799671900412304737e+00,-1.268254230319324272e+01,1.970992442579842630e+00,8.180950007777209265e+00,-1.940470330864819104e+01,-3.665850958454268227e+00,1.564739003096576209e+00,-1.622629154714537592e+01,-6.697740045170693435e+00,-5.399473517769811437e+00,-1.118260064059328229e+01,-9.286946772794985705e+00
6.152703037515664164e+00,1.459578908808013553e+00,-9.047300872545282147e+00,3.101250596659173908e+00,8.302519268570279110e+00,-1.283329749616407156e+01,6.583937048842598116e+00,6.543230161947786172e+00,-2.059477128550229352e+01,-4.032480841246076864e+00,-1.557030899570966298e+01,-2.465095282626346318e+01,-6.179109987374972413e+00
6.896213492137529322e+00,7.618899590307310454e+00,-2.657764265959259298e+00,2.661756384576817958e+00,3.126092682109446574e+00,-2.437161049985633809e+01,-8.887843789236352876e+00,-1.128724300468047481e+01,-2.152529426577423521e+01,-3.586596453969330245e+00,-7.291750716118261977e+00,-2.667980709836506747e+01,-8.890659070317818546e+00
7.765545072198126064e+00,1.017635800934585255e+01,-2.326830810990903053e+00,2.981888790119553878e+00,1.348249707526389063e+00,-3.046233797256333986e+01,-1.902510678148404111e+01,-2.013007861460238956e+01,-3.050017012030034635e+01,-9.432015599966639741e+00,-1.286906663974956366e+01,-2.273772946716382393e+01,-2.678810017561701340e+00
7.843754977286650387e+00,1.281215734729772571e+01,1.456325382213847552e+00,8.729625300014975053e+00,7.521362247511504506e+00,-1.629937340040901361e+01,-2.707186452136645549e+00,-6.716564765938185744e+00,-2.357825340216646026e+01,-1.179967053280027400e+01,-1.440429642561800350e+01,-1.444374103465386128e+01,-1.444875471775487918e+00
7.853542405583174180e+00,1.327922967420864531e+01,2.621300609374081159e+00,7.032011558416013663e+00,3.170270257939749481e+00,-1.994990393393273109e+01,-1.281474336125497937e-01,-5.413922955233875456e+00,-2.788933772598222660e+01,-1.288184338259376638e+01,-1.251743873899639681e+01,-1.453181727198070305e+01,4.252812744355400021e+00
7.821718202674382781e+00,1.291815702649780917e+01,4.642698898394780338e-01,-2.175959432776808811e+00,-5.245379342198667416e+00,-2.689573140884667524e+01,-9.422897484559719317e+00,-8.663086431101264751e+00,-1.760817456826032412e+01,-1.322777780550476834e+01,-1.990642937560280146e+01,-1.784172237844572351e+01,-2.509954445665627087e+00
7.927673655937343078e+00,1.383544742025913088e+01,-3.220123984930916006e+00,-1.516016135486973671e+00,1.773858014146520778e+00,-9.814686823938481908e+00,1.354684224288808991e+01,4.602265316583529220e+00,-1.976184417482632938e+01,-1.998804952389028955e+01,-3.173820505556351534e+01,-1.720614222708448793e+01,5.833101810746086358e+00
8.090000948178630580e+00,1.442064985432103974e+01,-8.620596153547616325e+00,-7.387358390258772722e+00,-2.816435766712267696e+00,-1.801403892614406743e+01,1.599158694654709301e+01,5.617764017641360574e+00,-2.608423859587755089e+01,-2.265514740421193451e+01,-2.634949469208250150e+01,-7.582910318559845209e+00,1.137988287357265271e+01
8.272892444401541923e+00,9.203920329969449199e+00,-1.609265071971880090e+01,-1.565833052118624202e+01,-1.178361247248487587e+01,-1.624558710001470629e+01,1.601558435216875154e+01,-1.857246426681320006e+00,-3.151097244120893848e+01,-2.735420578741698705e+01,-2.844409080998056183e+01,-1.798899539807235826e+01,1.606915180960523415e+01
7.681237089926557182e+00,6.988177247976249618e+00,-1.684017756081252415e+01,-1.561015829505912222e+01,-6.007420489540444386e+00,-1.596195054989687634e+01,1.675064135333582271e+01,8.429656506622293932e+00,-2.379980835903448622e+01,-2.465908611549540552e+01,-2.504667344829681852e+01,-1.278588436395533101e+01,9.538226563585862294e+00
7.346916773154985592e+00,-6.398990092341241720e+00,-3.226920020471634132e+01,-3.449418633631367470e+01,-2.960857667161399220e+01,-3.046807133109101784e+01,2.057693562206220239e+00,-3.949177919933796410e+00,-3.663229970952622949e+01,-3.084211406774515751e+01,-2.806907203895658043e+01,-2.575518246997547323e+01,-3.466682958749165877e+00
7.051210707250250564e+00,-3.693486238245862197e-01,-2.201097370150483101e+01,-2.012834841902373739e+01,-1.272248994122007204e+01,-8.973931718809845748e+00,1.874789905938875378e+01,-2.691576541043290138e+00,-2.602758004763635213e+01,-1.504906625258182729e+01,-1.381250715823433417e+01,-4.993225551267522100e+00,6.817401394839317064e+00
6.629537266377973026e+00,-4.236675981578525096e+00,-2.693411348840633934e+01,-2.289346936413254596e+01,-1.678654240291235666e+01,-2.494698116581872327e+01,-5.559792710863324494e+00,-1.394527285267132832e+01,-3.735614981517514366e+01,-2.312846483671279429e+01,-1.057133390445456556e+01,-1.691851927672884504e+00,-2.830453571701524673e+00
6.633158997514016164e+00,5.701908601140101007e-01,-1.795884986948379947e+01,-1.385293418548710775e+01,-6.083776171116348941e+00,-1.355017793683713556e+01,1.138115717084197520e+01,7.035884330271367837e+00,-1.549247824237942162e+01,-1.372545088615514963e+01,-1.044948550128058606e+01,2.195135705278665306e+00,1.489897437112844969e+01
6.403764412924336291e+00,-8.620198950316247943e-01,-1.704748605787555249e+01,-1.172405021105217848e+01,-2.419563141874723211e+00,-5.997152647143441762e+00,1.696349264226284959e+01,2.521274596069267737e+00,-2.787374577427651090e+01,-1.672331949295796250e+01,-1.572941821150283026e+01,-2.814388207723103719e+00,7.525234508318286164e-02
6.451545905635424738e+00,-4.001969915992891202e+00,-2.044890917470408809e+01,-1.423384146983739917e+01,-6.821679033380041446e+00,-1.956035043970345910e+01,4.931299002986255786e+00,3.885051070474944690e-01,-2.912253394199663603e+01,-2.327333680248917602e+01,-1.874905416327418806e+01,5.773130127551142188e+00,2.890666939247116218e+01
5.760766330473879648e+00,-5.365933460027804358e+00,-1.608986839861469775e+01,-7.681517852009511316e+00,-3.501101948205469494e+00,-2.020942982227590434e+01,4.344869011433784289e-02,-8.581061759761830388e+00,-3.103812742709780892e+01,-2.732898075363155144e+01,-2.025474903525171300e+01,-2.294720367422370089e+01,2.525555365120080165e-01
5.691318818997131324e+00,-6.888538643830060870e+00,-1.603162819225787317e+01,-4.178114495186133759e+00,1.154831245048666855e+00,-1.203763843232492192e+01,1.162106468865609799e+01,1.014702526737672628e+01,-1.154360440803579202e+01,-4.897355962458298961e+00,-1.457967989547549870e+01,-8.227717412885789727e+00,8.544909720255366992e+00
5.874163970366959475e+00,-5.482931477643636420e+00,-1.863541095203960651e+01,-1.021357861408773715e+01,-2.222189738454618091e+00,-2.083380587178108456e+01,1.742832135535551386e+00,1.093515631168392943e+01,-6.741142041346678937e+00,-5.748828636662645764e+00,-1.623519336563722248e+01,-4.305146940327644334e-01,2.256268147851576344e+01
5.424529728525345540e+00,-3.396563682088993286e+00,-1.116387705264153674e+01,-5.030417888177258767e+00,3.495041702451482379e+00,-1.470311331158793067e+01,2.970268125451911878e+00,7.299448999796122273e+00,-7.739165617408184872e+00,-8.688272200752164665e+00,-1.645662157932305547e+01,-1.195939139932421114e+01,5.908257948211100619e+00
5.536399419043801728e+00,-6.820681716291402630e+00,-1.278145114460449605e+01,-2.253189560236964262e+00,-5.697909404937177014e-01,-2.680806990662599176e+01,-8.361726442715168517e+00,-4.478087496005433987e-01,-1.546446169423152028e+01,-1.584882532046417580e+01,-2.811211512862275086e+01,-2.009554091326142711e+01,9.621724635891945709e+00
5.322349140596429606e+00,-9.550682508062402931e+00,-1.440688604075733537e+01,-2.383142229734048101e+00,1.238756271999692871e+01,-8.840261897135274438e+00,2.511819682574257584e+00,9.915181089370262768e+00,-9.397194884919668922e+00,-1.473691586810043752e+01,-1.703840159151241807e+01,-1.919414566357778895e+01,-3.513519988998771826e+00
5.423482259270732797e+00,-9.774946295719942668e+00,-1.911204045462536882e+01,-8.413152258184773302e+00,2.607422168000327556e+00,-1.544091318228918297e+01,-2.708970739913608927e+00,-2.964264222927449399e+00,-2.597415647556681151e+01,-1.792443863715170593e+01,-2.049537268428743175e+01,-2.231407204665094568e+01,-6.099073685201608974e+00
5.761648649006120060e+00,-8.738688783690154338e+00,-1.904745594705268985e+01,-3.073776108334066226e+00,8.767724999292707544e-01,-2.132467879841198055e+01,-5.665414676028667884e+00,-4.617585164271061693e+00,-2.181840220483923432e+01,-2.579926397734978227e+00,1.996392389639649156e+00,-4.433139162308161296e+00,2.255831831420958444e+00
1.192101836370721379e+01,2.650911934376017598e+01,8.171948482552651161e-01,1.140877511453404214e+00,1.021303646886664751e+01,6.318606480188116770e+00,9.675039631003771179e-01,5.693902147953638915e-01,1.002886630904080700e+00,6.447411342904778131e+00,4.048320282542200665e+00,-3.465673137961161387e+00,-2.732379196881660643e+00
1.353200859944928425e+01,2.471040480183916443e+01,6.988924248128856931e+00,1.795239051849805989e+01,2.309422389626028149e+01,6.194505311724785912e+00,1.254881926808918813e+01,8.598045072809416212e+00,4.470270716098962538e+00,1.334190930469140213e+01,2.015437411246317012e+01,9.405479477039927261e+00,8.377534092672828336e+00
1.217583439914340282e+01,2.021370401836129815e+01,4.639919785409278852e+00,1.992227573068655389e+01,2.284567066268849800e+01,7.453703366655087592e+00,1.672010906373510153e+01,1.248366513827654245e+01,5.633507835348967596e+00,9.792768135218400616e+00,1.434991838624862126e+01,-1.062144244343766530e+00,-4.116348513209957538e+00
9.011232902281902213e+00,1.754275779364940036e+01,2.196583745474523841e+00,1.702983021766566196e+01,2.551218502804432120e+01,-1.061019991435876264e+01,1.088516292092020166e+01,1.005508281088972389e+01,-5.014165219198112311e+00,7.995368117236901107e+00,6.246829482105372477e+00,-1.532659983262365522e+00,8.090043408092991939e+00
7.205724796617164252e+00,6.947538720940631407e+00,-1.180559931570112653e+01,9.313062928052275424e+00,1.632252704113036401e+01,-2.159139310122942490e+01,4.731277955054290274e+00,2.738073591442505839e-01,-1.658236821073012024e+01,1.155049995504229621e+01,1.636969413468711210e+01,7.435899675041948598e+00,8.877606315308256058e+00
6.579210718568725191e+00,9.768785134474855525e-01,-1.373475545557685074e+01,1.540315938698667564e+00,1.102810663491509935e+01,-2.023101489523605068e+01,6.884421921815349066e+00,3.874222070406699303e-01,-1.391280954882413390e+01,-1.964429985603286521e+00,-4.247281489147691325e+00,-4.490282060984943868e+00,5.253355945474377009e+00
6.832077549291705409e+00,6.108650739326199286e+00,-1.454994449891288433e+01,-5.952049871267021786e+00,7.705073672515180050e+00,-1.093411986566542993e+01,5.569210062671421824e+00,3.293127596210959407e+00,-1.412235448383315273e+01,-1.775477638438879957e+00,1.465214233415017997e+00,-3.161682178336184812e+00,4.445867779866640390e+00
6.285724140116442094e+00,-5.929369324097071292e-01,-1.522559721532880239e+01,-7.181212847531228682e-01,7.783478488831368836e+00,-1.474988775112320560e+01,-1.109329037079143765e+00,-9.746927783711834437e+00,-2.515999005846843417e+01,-1.040041169197443693e+01,-1.486765795821540159e+01,-1.452956985559442771e+01,-6.130470190489832660e+00
6.158454644147060897e+00,-1.031090775982613117e+00,-1.321767677014621611e+01,1.221563138819104832e+00,9.933945223224901255e+00,-1.271404297491999102e+01,4.990885418400090145e+00,-9.721997087183078534e+00,-2.265108944211857178e+01,-2.582453265308499279e+00,-3.276718751029923382e+00,-1.684192512937325148e+01,-1.735740586092896498e+00
6.023384410918176890e+00,-3.710069108503294188e+00,-1.574284794762387385e+01,2.413139940696026109e+00,1.243162208991058115e+01,-5.893290787213061321e+00,1.417040013768749418e+01,1.162619219582656349e+01,-4.826196512620650303e+00,4.586336755247272023e+00,1.079717374580873246e+00,-1.429116688609004271e+01,-1.224701088628045165e+00
5.835488498124720813e+00,-6.494931502835450843e+00,-1.562142199685936994e+01,8.863250397485106236e-01,4.998431915844096629e+00,-2.356761052903881648e+01,-2.289933935071665427e+00,4.425216006325509710e+00,-1.062117913131770308e+01,-1.156041457304807674e+00,-1.001093116342274669e+01,-1.736438114665837418e+01,-7.711015577320895709e+00
5.958443592237495423e+00,-4.446535867418256238e+00,-1.610868857178526170e+01,2.811425960602740304e+00,1.137151583192520299e+01,-1.935149372449905059e+01,2.860282973002707396e-01,-5.794712158530193058e+00,-2.607572688937007044e+01,-4.405771116147285227e+00,-4.928545190353859518e+00,-1.159131504461121231e+01,1.605342059842972624e+00
5.834526344470432058e+00,-9.263150006492772093e+00,-1.935587169988538392e+01,-6.716112714632240799e-01,4.158095029756336380e+00,-2.640995755812024726e+01,-5.130280752478362238e+00,-5.533853655661816084e+00,-1.461682858351076852e+01,-8.838129911838525032e+00,-3.092937767939589477e+01,-3.031127340390347058e+01,-1.208997472553808095e+01
6.067133006982342813e+00,-7.060567204617244741e+00,-1.912449234062969339e+01,2.808752863224558194e+00,9.804581629580223279e+00,-1.749965810426762758e+01,2.232782927087426650e+00,-5.008431516585451604e+00,-2.823525840707200274e+01,-1.752897101413851999e+01,-2.225118593537170497e+01,-2.000329360664785483e+01,-2.123498024720002597e+00
5.973087433421028436e+00,-6.691544530209143637e+00,-1.800709774166022470e+01,-4.901915253230515468e+00,3.162783114292509357e+00,-2.148967180083029760e+01,-7.284665449470374199e+00,-6.005865330867539598e+00,-2.406349831760068270e+01,-9.631710187179290727e+00,-9.609004105309489674e+00,-1.601721811820985053e+01,-3.347306913729962030e+00
5.768177783635104028e+00,-4.128624792485167561e+00,-1.287715530320547330e+01,1.468225735612877392e+00,6.966243328514834410e+00,-1.309778560641053780e+01,8.710706406118370992e+00,4.580263431110323857e+00,-1.753643195223144957e+01,-3.539706316165118327e+00,-3.896691750209478666e+00,-1.138001748794824408e+01,-3.595793632565829068e+00
5.861517131723588570e+00,-8.488175038122200533e+00,-1.901362746971759421e+01,-1.811884912148598703e+00,6.326160031727111388e+00,-1.393682199039139924e+01,2.182900080476301241e+00,-5.087023763724190850e+00,-2.313187690132595975e+01,-9.389609023841934743e+00,-1.414923102389034959e+01,-2.128961227558948011e+01,-1.688637653486623691e+01
5.903702144383601969e+00,-6.191173893426288544e+00,-1.700806566980301682e+01,-2.828393143314226865e+00,1.510136557722531858e+00,-2.597415009006558506e+01,-4.731103342058851524e+00,-2.268465327264807652e+00,-1.735511165335059758e+01,-7.062374700404698835e+00,-8.691030951572061625e+00,-2.017718899560746237e+01,-1.072736040597026808e+01
6.050773105682678121e+00,-5.816898549151204634e+00,-1.900408039498956825e+01,-2.873958424773867204e+00,5.091012985383073008e+00,-1.946578136173359042e+01,3.190972106716499557e+00,-1.213066455351736961e+00,-1.752234271049212566e+01,-7.222413971337998895e+00,-5.563260874967055791e+00,-2.463254749674072652e+00,1.426939274927071288e+01
5.761244338580434388e+00,-4.273947993926192623e+00,-1.428083675055744273e+01,-5.091011256373198179e+00,-9.602299784778447478e-01,-1.950529232483705044e+01,6.406416685040499992e+00,9.104699843547518157e+00,-7.309357507096527762e+00,-3.946588003864248684e+00,-1.874960822373204383e+00,-1.422265164180225749e+00,1.032079002135462886e+01
6.385208548349561752e+00,-2.835653160271975892e+00,-1.902659074813620421e+01,-5.877232973034890229e+00,4.812321483029407432e+00,-1.512354376241991538e+01,1.021370384181573776e+01,1.258249863730677376e+01,-2.719402964312343851e+00,-3.371225299827116828e+00,-1.603325278536242138e+01,-1.350569605304667853e+01,1.009141788740428325e+01
6.218812577278512777e+00,-3.417190505422020408e+00,-1.900389066024297691e+01,-8.065333266125081835e+00,-8.282720970975834818e-02,-2.555994868965314737e+01,-8.162291656135685969e+00,-5.073159089009964262e+00,-1.874585822099626498e+01,-6.047319034031419349e+00,-2.385620993647366817e+01,-2.077286075407069177e+01,8.581513039672197252e+00
6.519452683837811513e+00,-2.178505357417471977e+00,-1.910150805484789416e+01,-4.841326674410256992e+00,2.207355523071617309e+00,-2.113810089472537612e+01,-8.235352512697415861e+00,-4.277745605251412897e+00,-1.792622505404161259e+01,-1.833522080599057702e+01,-2.943584853762995479e+01,-1.688488393144949384e+01,6.960396282202568230e+00
6.622593820861252034e+00,-1.513727759557650376e+00,-1.944674922976806641e+01,-9.925777450118058454e+00,-3.373035790649676180e+00,-1.694196097567067838e+01,5.697869322303011685e+00,7.378752409555520586e+00,-1.960171469134178679e+01,-1.227130192575229728e+01,-2.082042080755055835e+01,-2.345229234295294063e+01,8.424375720955383784e+00
6.651102663277460358e+00,4.284966979809620824e+00,-1.291089379783804425e+01,-3.661268526122465783e+00,6.200515964609886410e+00,-9.367888581650815283e+00,7.951439235980950926e+00,4.048484589113118481e+00,-2.133720855350681944e+01,-1.680840999319822160e+01,-1.852374035172945099e+01,-1.659322305450225699e+01,1.011679879401179427e+01
6.821587279985082297e+00,3.335624398584328354e+00,-1.615386592810074617e+01,-6.848939971252080205e+00,3.356221789337418215e+00,-9.703588658631428387e+00,1.684784005158473263e+01,1.532965032810404971e+01,-9.457101371362128361e+00,-1.011804661431374797e+01,-2.245417588295891420e+01,-2.214175849846549227e+01,8.505710341177309175e+00
6.637495733668703046e+00,-1.600209335293300672e+00,-2.242107062473456836e+01,-1.381741395006843653e+01,-7.637839370147392337e+00,-2.345486221934502069e+01,2.445871787812976983e+00,-4.079848193111597077e+00,-2.398952550357759961e+01,-1.861607966844005801e+01,-2.615886306243731951e+01,-1.998780723282060734e+01,6.358677174156017742e+00
6.378301903459895783e+00,-6.679307338310913611e-01,-1.807210620149609781e+01,-1.013598656979092993e+01,-1.838508348767430745e+00,-1.971940786703878246e+01,1.077972480723799586e+00,-8.289636797428162396e+00,-2.932785289631397418e+01,-2.628184937389372422e+01,-2.937618413178869403e+01,-1.852550271968360107e+01,8.370581952749583721e+00
6.350111195714755574e+00,-6.499266433563570811e-01,-1.302239450993871195e+01,-4.546045844146606285e+00,-1.698256333370604887e+00,-2.635890794944578630e+01,-5.352170355200833285e+00,-5.699237965480645762e+00,-2.167263090362857980e+01,-1.744666727676810325e+01,-3.827376344455554147e+01,-2.475145431595611001e+01,2.340181074059315414e+00
6.458018135120056513e+00,1.226528173806855360e-01,-1.754641469617797966e+01,-1.012492665204926112e+01,-6.968648394449319383e+00,-1.994639252759033354e+01,2.929259744851815839e+00,-2.874062174385159540e+00,-2.219867166697579464e+01,-2.204273209318559168e+01,-3.198772340605842501e+01,-3.534841778172413740e+01,-9.998728378393902716e+00
6.872534803962667915e+00,4.958660666675401174e+00,-9.465555461551202754e+00,-6.086460932890199516e+00,-5.485146635057578379e+00,-2.242464045609525414e+01,7.277500838438651698e+00,9.933020433643395819e+00,-1.615852732709524275e+01,-1.615078748945406417e+01,-2.416332376130344528e+01,-2.549318377139944403e+01,3.286172223445865126e-01
7.028666846577728222e+00,1.917957361483490608e+00,-1.291175216856538377e+01,-8.198863070196546587e+00,-1.100252827454474414e+01,-3.294093380801390225e+01,-6.748559307146266839e+00,4.240852894750227975e+00,-6.181556980366043952e+00,-8.627448898077551220e+00,-2.055475088546192808e+01,-2.172932766510534108e+01,3.279146560343120242e+00
6.856764488383398692e+00,1.352140263673288434e+00,-1.489722510759921192e+01,-1.417479332566804295e+01,-1.658291397946486612e+01,-4.169951635215326036e+01,-1.995330519912879197e+01,2.909130528990077069e-01,-1.838541007726542986e+01,-1.688948220995157001e+01,-2.449593357767185964e+01,-3.017416765682958868e+01,-5.401685382264838076e+00
6.635189811299544438e+00,5.545304712684452575e+00,-5.938135020314144086e+00,-1.940363048387583056e-01,-4.348505349114617502e+00,-2.886796713875137144e+01,-5.783872877657940670e+00,1.506320330263394514e+00,-6.798419495816619751e+00,3.382420892313639182e+00,-1.706257940274236518e+01,-3.083380189227207779e+01,1.109010474131010282e+00
6.422079954274138913e+00,5.952574711871151392e-01,-1.445334203477303880e+01,-4.472421266039227739e+00,-2.622876086862817591e+00,-3.031155095571585534e+01,-5.672528004974701332e+00,1.237859508094344863e+00,-1.605169903428027212e+01,-7.825818583243425053e+00,-1.598603379210684672e+01,-2.452877313165362949e+01,-5.210380603660576426e+00
6.711916384406812597e+00,3.368996551666438410e+00,-6.722895958598791744e+00,3.209093935669321329e+00,-8.530782889207304542e-01,-2.741372094964847150e+01,-4.069934764652273884e+00,-2.502776711648008412e+00,-1.280758336233024863e+01,-7.440040584646705035e+00,-2.226616692573010070e+01,-2.441975866229955372e+01,8.900581518541599291e-01
6.205841346960172977e+00,2.002540887336333508e+00,-4.823951340722455683e+00,6.927409102606565838e+00,7.119764524267751860e+00,-1.501986576809326657e+01,-6.247468056352815324e+00,-7.031452561269118995e+00,-1.953342810379209737e+01,-1.232845916895051097e+01,-1.786709299041151411e+01,-2.102692799831507386e+01,3.412028854482327844e+00
7.099716398880463686e+00,6.955913552342670059e+00,8.404080901679116256e-01,7.182236231661791592e+00,7.282706423624659919e+00,-1.715510285859199158e+01,-1.509423117425397898e+01,-1.287654918023790529e+01,-2.327681140036646923e+01,-1.750643197907682591e+01,-1.150048172355893605e+01,-1.262280745147238115e+01,2.233953913198167829e+00
7.794491793872985852e+00,6.507234879960046570e+00,1.438266755350289694e+00,1.603441077058580078e+01,1.279728588228770292e+01,-1.748488199713415625e+01,-5.691353022422959818e+00,-6.615659837090374751e+00,-3.167162614129243181e+01,-2.858998884035071342e+01,-2.452706813422829057e+01,-2.052234381902489702e+01,-7.690739276378317779e-01
7.893036145829083416e+00,9.497646174650823170e+00,5.048521659152285679e+00,1.145348543245905049e+01,2.085549611647079082e+00,-2.654424180955495416e+01,-1.033606085816470177e+01,-1.410486148185445998e+01,-2.980334681012558562e+01,-1.236682201110741985e+01,-1.578740639133634538e+01,-2.458804616437570800e+01,-8.271454337678939339e+00
8.084825453088878788e+00,9.287451843716228339e+00,-2.765019730964239919e-01,1.597933692488011914e+01,7.537687844842200668e+00,-2.660153648386309300e+01,-9.770186966139881690e+00,-1.885165294515635637e+01,-3.137724882988327124e+01,-1.789974214496309912e+01,-1.681385935069457460e+01,-1.728765617086125417e+01,-5.624120464044743528e+00
8.351402585854920346e+00,9.684801144755462943e+00,2.228154920838924635e+00,1.364795254263468927e+01,3.864852788739962186e+00,-2.773325074231522436e+01,-1.318746392247931709e+01,-1.290958368302023906e+01,-3.038712119242103427e+01,-2.072304879335860761e+01,-2.148627735701291286e+01,-1.619728914995114977e+01,3.206737792755836036e+00
8.684001897899717548e+00,1.054733035947628395e+01,5.052414874707837456e+00,9.189395131667010830e+00,-4.784534145359025992e+00,-3.425482450225582909e+01,-1.923299858747072832e+01,-1.761901145022358506e+01,-3.453797734773219474e+01,-1.949279387768396177e+01,-2.330456693569396265e+01,-2.148583305766916141e+01,-3.663130904202703597e+00
8.608158029572406278e+00,9.583504537344618157e+00,1.943355998675615481e+00,5.659357463987949366e+00,-1.065188248531522275e+00,-2.633882079654056341e+01,-1.756130948707591344e+01,-2.405386632522824897e+01,-3.229158633126633049e+01,-1.984999941061402140e+01,-2.191428662553251883e+01,-1.846708355320181738e+01,-6.619443140992334662e+00
7.887269511629950713e+00,1.043947786605725980e+01,-9.970111006291604294e-01,2.694816518530757321e+00,-4.857955519111745168e+00,-2.662859179547980304e+01,-9.634983456792213019e+00,-9.248020882601892367e+00,-2.454631381037773252e+01,-9.402597862676772777e+00,-2.295585440702171098e+01,-2.962602542186836629e+01,-5.601825376424668157e+00
7.842938099350551973e+00,1.043053489606037765e+01,-1.335626783725446076e+00,5.090701130615749026e-01,-6.502997999831463538e+00,-2.584266299210513651e+01,-5.079507817010093795e+00,-3.653040003408795311e+00,-1.922893766693105633e+01,-1.156859560417151478e+01,-2.803745317689400807e+01,-3.824304906614203503e+01,-1.236916793739395182e+01
7.397496173831115129e+00,5.190006614479296232e+00,-9.500896721502902764e+00,-6.283724510909575400e+00,-9.381276790205411942e+00,-3.795729201738112124e+01,-7.446931291394944807e+00,-6.915549774931021076e+00,-2.494476355693509362e+01,-1.423990500700179496e+01,-3.655859639888403478e+01,-3.607722897322591393e+01,-1.508639713096631141e+01
6.747206194141188718e+00,2.717574225598948345e+00,-7.614952245246153772e+00,-4.954331855030738474e+00,-1.266161537050781760e+01,-3.432159316129622084e+01,-8.890359698706848945e+00,-4.552851893186023347e+00,-1.788659968036952108e+01,-2.007634649181229847e+01,-2.638715637490076205e+01,-2.512287909148399478e+01,-1.110290392762457756e+01
6.143851453511468996e+00,-1.388621761987382186e+00,-1.022119508769965002e+01,8.951110155749919528e-01,-4.810779714511891569e+00,-3.041434423147285671e+01,-1.092119006577377505e+01,-7.185085936057115319e+00,-1.828111685963521893e+01,-1.611396241240793969e+01,-1.708285346181846620e+01,-2.779760774572730497e+01,-1.376580512691958269e+01
5.851230979374910213e+00,-4.866855610570060442e+00,-1.492461564313349420e+01,-7.062162019965972704e+00,-5.405085914369426092e+00,-2.459228912746486273e+01,-5.787663123640612639e+00,5.187643974187946760e+00,-1.433030647456610041e+01,-3.657692930044517787e+00,-6.220802603696717448e+00,-1.550576206235647803e+01,-3.215223805846672445e+00
5.654057875894189067e+00,-6.175969562114531186e+00,-1.732227548693304087e+01,-1.099537803407332781e+01,-4.545952501007669788e+00,-2.386499218784805976e+01,-2.265799355759524847e+00,4.225907825659282580e+00,-8.054155805575806681e+00,3.433604696176974502e-01,-1.388143246466051295e+01,-2.295833735509575391e+01,-9.482970426374171424e+00
5.835250920229912985e+00,-4.347092466680835265e+00,-1.406993993998746184e+01,-2.395681767557305886e+00,9.240498545214974602e-01,-2.189648087752408756e+01,-4.305524790046854733e+00,1.133226653911281634e+00,-1.436820990397838216e+01,-5.405507378810485264e+00,-1.367939045097268824e+01,-1.360049313915057034e+01,6.235057467954102428e+00
5.610985544864004027e+00,-9.127857390198485632e+00,-1.555751997094967543e+01,-4.822070434816806639e+00,-8.925278983467913818e+00,-2.843175437193573174e+01,-8.574143460348128798e+00,-7.632345256708694237e+00,-1.805747543127396781e+01,-1.257526922924566470e+01,-2.496827400034883837e+01,-2.899640192449044207e+01,-9.985479147158708102e+00
5.850140257535625388e+00,-6.867780993992604444e+00,-9.370859361454813907e+00,2.408523456333612867e+00,-1.685060959343390508e+00,-1.294477623046657655e+01,-3.263899110845740470e+00,1.452058653857624559e+00,-1.186964177704481749e+01,-1.829585496800725153e+01,-1.957051842590020385e+01,-2.138721616736840758e+01,-2.722038039798841957e+00
5.189098707095316065e+00,-8.002084089900282748e+00,-8.410417842383662190e+00,-6.956848374815598479e-01,-1.551430452716567920e+01,-1.522027713467017307e+01,-1.720332457298027862e+01,-1.277483439027934509e+01,-2.162978606717902963e+01,-9.029807603830450446e+00,-9.493632842654442072e+00,-1.274141126432849802e+01,-1.083627998142301374e+00
