-3.604365338911715355e+01,0.000000000000000000e+00,0.000000000000000000e+00,0.000000000000000000e+00,0.000000000000000000e+00,0.000000000000000000e+00,-3.432169450445465983e-14,0.000000000000000000e+00,0.000000000000000000e+00,0.000000000000000000e+00,9.640286916519939396e-15,0.000000000000000000e+00,0.000000000000000000e+00
-2.516617685266591548e-02,-3.138465156672319267e+01,-2.200088621335524053e+01,-2.413455663478472957e+00,-9.545506306470031177e+00,-7.876497478020375809e+00,3.088730137489912320e+00,-1.171982568728456364e+01,1.099163719131253636e+01,-1.293220380491413479e+01,1.165779333083328417e+01,-1.138081439565074682e+01,7.139369322216555069e+00
4.970135444133693348e+00,-6.670540770039514733e+00,-5.054875521528546578e+00,1.168249103449094584e+01,2.053265498908583098e+01,-2.033049240128908863e+00,-4.597625893798348962e+00,-1.217593380068968578e+01,1.146857334948117924e+01,1.929648252126913022e+01,-1.807040309208458950e+01,-1.138581711645975147e+01,2.465279187951551432e+00
6.086494279209844649e+00,1.186977752541058972e+00,-1.363428600817374381e+01,2.692768858266244791e+00,1.266562447516607826e+01,-1.139523275710100236e+01,1.755450003305218232e+01,1.129928616985657897e+01,-5.927481714961151837e+00,7.657341005490923003e+00,-1.379951007137599994e+00,6.063378821870024638e+00,1.338299021969456071e+01
6.329997040313427803e+00,-2.541124493171827314e+00,-1.802913655903174472e+01,2.056430436384687199e-01,1.173699488903608312e+01,-1.519880405255208444e+01,1.526347813545078935e+01,1.575555080482285319e+01,-3.262562706928749279e+00,1.644539451953055575e+01,1.743807727180184841e+01,5.538167048746796439e+00,1.389134304564565170e+01
6.228472033557946652e+00,-1.061135368347583041e+00,-1.618098941693868653e+01,-1.139743877206493394e+00,1.083854385266158715e+01,-1.595014668553974779e+01,1.312915804152211052e+01,1.118511727899709030e+01,-6.596389854819788567e+00,1.115282208023471711e+01,5.548461087028058181e+00,1.290485265002855320e+00,3.963059101836032827e+00
8.291722632423628170e+00,1.737635885971100080e+01,-1.495927281614824977e+01,-1.513556483516826745e+01,3.078116280263772264e+00,-1.807157228532373594e+01,-8.379757554665560049e-01,-1.311789658990688778e+01,-2.223933369109943214e+01,-3.730498834972898692e+00,-1.530460397472633716e+01,-2.700581069234617715e+01,-1.395885740470945713e+00
6.706666405362179617e+00,2.908876338697568453e+00,-1.705438369414555666e+01,6.116336054119183574e-01,9.168567675491059887e+00,-2.219220593913554751e+01,-3.481666876310181014e-01,-1.642720917203975972e+01,-3.095610316277246099e+01,-7.264623738487736848e-02,7.505469688633641390e+00,4.379439249607308682e+00,1.342449420743606048e+01
6.616206109774093846e+00,1.696678661532066812e+00,-1.904483739362816053e+01,-6.832271329730413179e+00,2.848588562585500306e+00,-2.048257747291412301e+01,-1.567193038424196105e+00,-6.827444878154686592e+00,-1.423300064870990411e+01,4.556662347995006357e+00,-3.187276699651858003e+00,-8.703851730257353481e+00,-2.117767760212647232e+00
5.990527956788698205e+00,-9.181931795709115107e+00,-2.279638857301095101e+01,-2.404116375305410447e+00,2.633592599848874283e+00,-2.077892089397107611e+01,-1.028806907586347519e+00,-7.939696282541916617e+00,-1.234582174397359644e+01,1.034114573063214060e+01,8.208892687642494579e+00,-8.080521879573391075e+00,-2.069259887555523036e+00
5.870182500868402542e+00,-7.038748934018348002e+00,-1.407478157698894883e+01,3.943826829693982461e+00,7.113628779162281646e+00,-1.902734967341075389e+01,7.318718863413189446e+00,7.097122209969757733e+00,-3.370417673691244786e+00,9.194492451374332020e+00,6.409305080924948328e+00,-4.032356605742112521e+00,9.796564756297728493e+00
6.003299302778837720e+00,-1.227746898983122925e+01,-2.132183899183143794e+01,4.151596767992263182e+00,6.598770516975637435e+00,-1.651125974117494977e+01,5.630905008986271554e+00,5.356018903404081044e+00,-1.923967494198233652e+00,1.907624202351259157e+01,7.550260286709227664e+00,-7.860303690953609035e+00,9.095410593601251037e+00
6.046756425457523676e+00,-1.532327586516364448e+01,-2.615809786842347151e+01,-2.051922058943522753e+00,8.457351704240121393e+00,-2.057696517791547208e+01,-4.611933297356550554e+00,-1.308559251207189789e+01,-2.256760263061229210e+01,-2.102232112256987584e+00,-1.022166064593911550e+01,-9.225471738142868361e+00,6.928748070083876165e+00
5.980320311495208152e+00,-1.076166647319779024e+01,-2.142153186239510632e+01,3.865930381553252637e+00,8.531545773848721481e+00,-1.398646129163486940e+01,7.587381762411346209e+00,-1.351838899263126947e+00,-1.434072930300396287e+01,7.094654224670680520e+00,3.107734673646336127e-02,-1.369310918599061822e+01,-6.302721094689102799e+00
6.075766306445967047e+00,-1.118894139251169761e+01,-2.360551499214995275e+01,-1.176914358230636282e+00,6.016635860138602077e+00,-1.710096681098517024e+01,-4.281702548332575464e-01,-1.073923531314347812e+01,-1.652348753924757574e+01,4.928930284732470746e+00,9.947581699244033571e-01,-9.662733512539606551e+00,9.318403541678179636e+00
5.934327883261279801e+00,-1.270014886379541963e+01,-2.301929413915710043e+01,-3.370709930361355688e+00,6.509323869098169624e+00,-2.796257398167351838e+01,-9.515475562848132896e+00,-4.358507948736216164e+00,-1.980710640624383956e+01,-3.072627085640347033e+00,-3.127407147325830916e+00,-8.841102326305936288e+00,2.262141814024926312e+00
6.461161485346904598e+00,-1.411315897741117453e+01,-2.845534756572268975e+01,-2.275669542243768273e+00,1.021904648434601270e+01,-2.619967831619118215e+01,-5.255983366811818769e+00,1.260308024217810852e+00,-6.914895335871393378e+00,-2.187926300425751813e-01,8.675731563021757964e-01,3.952655792298922499e+00,1.393392689255741246e+01
6.825854183596182345e+00,-8.389461667764413377e+00,-2.438026930888922195e+01,3.931984630415367721e-01,2.027051378764662104e+01,-1.910236967319309542e+01,-1.085041765988175477e+01,7.498323706023469981e+00,-9.513667772041095816e+00,-8.723818777850119943e+00,-2.896721372011896278e+00,2.212291704989880259e+00,8.152536406846625283e+00
6.653131668921749231e+00,-1.161241394964855544e+01,-2.550927382522692355e+01,-8.359946396420792070e-01,1.755225498870806078e+01,-2.174093708194390118e+01,-1.526087962902411732e+01,-5.213048177846141273e-02,-8.729084815917754980e+00,-4.788080130097534415e+00,-6.531907444219422487e+00,3.868870664812100735e+00,5.869252539320050310e+00
6.321584561873438979e+00,-1.121549591283155500e+01,-2.385612609511129278e+01,-1.579845605289267318e+00,7.767172863308840824e+00,-3.120271277194984449e+01,-3.129813918394740657e+00,8.067521773884907432e+00,-7.054624980198714645e+00,-1.043024332969423007e+01,-1.947672136438195523e+01,3.389437522489766152e+00,6.964753525459648209e+00
6.386216869943597274e+00,-1.287137704558951157e+01,-2.724059332910107045e+01,-1.608689561208370922e+00,5.796025564598392243e+00,-3.308275583634652151e+01,-1.856279398242711665e+01,5.059442319540217170e-01,-1.229141629767977761e+01,-1.036987096447414558e+01,-1.084071779904656196e+01,-7.229028192628227600e+00,7.007577406458407765e+00
5.838721533524249274e+00,-1.057983842752331327e+01,-1.883724106663922981e+01,2.575983497467925432e+00,1.652878809915027958e+01,-7.846651341047488515e+00,-1.119922556464065799e-01,6.054282401631427390e+00,-1.489401727277415377e+00,-2.046539589002031256e+00,-9.859317977489373774e+00,-8.809740057711779926e+00,-2.552400399330166270e+00
6.041870741107056908e+00,-9.506042717582747770e+00,-2.056848415908113381e+01,3.654116137542242626e+00,1.202686498044016972e+01,-2.308899969839556832e+01,-1.421089528509099509e+01,-4.844019065382733302e+00,-6.557032651791566913e+00,4.086122842039550562e+00,-7.805502103498247024e+00,-1.757233062126533696e+01,-4.341077149035712957e+00
5.822691522534846342e+00,-9.050056269292788613e+00,-1.909286472857154493e+01,-4.713260019588060068e+00,5.525446017897094997e+00,-1.937777838304797839e+01,-7.978872214748951031e+00,5.257987987420401410e+00,-2.867254749398459701e+00,5.836181115387387486e+00,-1.800595012261437144e+00,-1.295742759662937083e+01,6.659474273342445017e+00
5.774210903778707049e+00,-8.615366950631328180e+00,-2.128972644577700635e+01,-9.320062788878253457e+00,5.890233195162891455e+00,-1.384538037505360464e+01,6.439566053371317267e+00,1.771844615795847133e+01,4.613269328669879488e-01,1.641225605027381818e+01,1.032633857198121774e+01,-3.670044113608946112e+00,4.899176507819452908e+00
5.835463243089829888e+00,-8.756228262932960860e+00,-2.141231810897168231e+01,-7.883698366095281074e+00,1.063829383731882849e+00,-2.745946343891227315e+01,-3.218592274762211325e+00,-3.214942410210592239e-01,-1.404956667660467140e+01,-1.159962223635213202e-01,-1.080118012440052588e+01,-8.871870468757341754e+00,1.099760364307978477e+01
5.790546677600408643e+00,-8.539533801497798393e+00,-2.313421954217340826e+01,-1.075224415659343613e+01,1.018708556394262166e+00,-2.381286976464269145e+01,-1.911996321736664450e+00,-3.021263496221600064e+00,-6.619550419628563276e+00,1.504322991339442472e+00,-6.328766195384364579e+00,-5.140145313529557392e+00,1.036594323379524241e+01
5.850668435667218503e+00,-1.024184088798688030e+01,-2.111840410205231677e+01,-1.543018990929725165e+00,6.624085088983461489e+00,-2.272538744744487360e+01,3.469694042682569535e+00,1.183739086644820748e+00,1.867565069405937361e+00,2.058507606571157922e+01,1.676643523310566408e+01,2.000632724402401585e+00,8.876634071583055174e+00
5.567281335177622914e+00,-9.726185977358269952e+00,-1.630262932328704650e+01,1.731496552459535820e+00,5.110793884997815617e+00,-2.171860203788089549e+01,-8.341949624809918973e-01,-4.934473857904387195e+00,-1.131168056058434779e+01,-1.111143530069191421e+01,-1.551031501997762163e+01,-1.451906542575287418e+01,-2.087167628935496122e+00
5.780830250070926546e+00,-1.604211373479290259e+01,-2.681848696047957148e+01,-6.023007282066543233e+00,-3.649842335265006010e+00,-2.400983891603980425e+01,-4.915396517964383705e+00,8.052043813161366970e-01,-7.528291524650818189e+00,1.610144641061073045e+01,2.375392810528488852e+01,1.381961543962795957e+01,1.599242154169288810e+01
5.593330536603621894e+00,-1.393948004473830693e+01,-2.296077763742712818e+01,-5.800322588965615367e+00,1.418982837635429872e+00,-2.543111698253983377e+01,-7.379619470382531077e+00,-4.746425641791732986e+00,-1.581715035352242182e+01,-1.707025073524022440e+00,1.762918725562418576e+00,-1.689307940452071000e+00,3.631010278393437929e+00
5.491466870376168430e+00,-1.237903019019294248e+01,-1.535845442113481774e+01,4.005361773064866959e+00,1.255960032024950657e+01,-1.743967212364900021e+01,-7.813234258741313276e+00,-2.774476512849634702e+00,-1.366333275754758780e+01,-5.881469405569995923e-02,-5.809122946642966134e+00,-1.615262703986459414e+01,1.587532271634676029e+00
5.271878446578453392e+00,-1.341550530645957195e+01,-1.798618680759791033e+01,-3.966613692625799104e+00,1.643854128607930898e+00,-1.740891629912936622e+01,2.023636489448172315e-01,-4.547817276425853983e+00,-1.983087648074953080e+01,-2.682622285571914844e+00,-6.621909446280673350e+00,-8.912005851867935036e+00,-1.018898411272208371e+01
5.338918651401204585e+00,-1.261699616271650548e+01,-1.898191750293927171e+01,-6.755062902348344167e+00,6.722903715934156921e+00,-1.925535751557400133e+01,-3.084446334180488969e-01,4.766994328091537447e+00,-9.579542634757315156e+00,3.919407488995921174e+00,-5.999182968541056482e+00,-8.407342177851898413e+00,2.634494468619235530e+00
5.392345937978593184e+00,-1.240515918526125105e+01,-1.819954504825609476e+01,-1.709375807563600969e+00,6.931879029840010809e+00,-2.344138556257406947e+01,4.361197310352340928e+00,5.495672760409508584e+00,-1.289896033151007160e+01,-3.025317184019656658e+00,-6.810908175692687472e+00,-1.589320832332142430e+01,-7.066262596972030074e+00
5.408004017711071754e+00,-1.266512962718181612e+01,-1.625493213296661921e+01,-8.158087757867125145e-01,-3.851331347178820613e-02,-2.889932621541242241e+01,-4.718103001908373173e+00,-5.487745552214626343e+00,-9.626447555738108619e+00,4.330266250395118366e-01,-2.522982164951385275e+00,1.763428263990674205e+00,5.012114034824032949e+00
5.483156250261093767e+00,-1.471389157426986394e+01,-2.114802237677411867e+01,-2.457187072268626427e+00,5.915957403249476165e+00,-1.817935930048982485e+01,-3.070970541120872976e+00,-3.127773381759224147e+00,-1.905943261580802073e+01,3.471213371116438351e-01,-7.547056907917302659e+00,-1.064125089636326393e+01,4.112140224143259637e+00
5.468197275719096417e+00,-1.484558822095079123e+01,-2.127130389009389333e+01,-5.967538240198463129e+00,6.127195238202082450e+00,-1.542927457775531863e+01,3.485081372710320036e+00,6.588518164179199665e+00,-1.933917484809713816e+00,2.018202240810742865e+01,7.614041461234988262e+00,-8.927923586046553339e+00,2.334909929775788928e+00
5.229611102631974262e+00,-1.067416527028913009e+01,-1.969029029432527267e+01,-8.486000214945521591e+00,5.348986306392810697e+00,-1.847513356687312935e+01,2.911096019389349809e+00,5.502264513514560029e+00,-4.074096915306031796e+00,9.004956244084993955e+00,-9.561961305539742995e+00,-2.066025567978791599e+01,-1.103866344840288782e+00
5.290738233948507840e+00,-1.192454150012217973e+01,-2.146685595304532868e+01,-1.220924817618256242e+01,-3.093397263480396120e+00,-2.510951081409383434e+01,1.378192410802711265e+00,3.801328281898226358e+00,-8.615965499870114286e+00,-6.327018632084273619e+00,-7.169721069955348192e+00,-1.397935853038400467e+01,-8.245563368736872789e+00
5.309292049777639022e+00,-1.111266617088539554e+01,-1.945615016814109666e+01,-9.681641448461379085e+00,-2.368450581183664916e+00,-2.498667083359062246e+01,-2.954531078517498965e+00,-5.575002949304529443e-01,-9.578779362429933997e+00,-3.021093331402465942e+00,-1.084825256266893945e+01,-1.017071399058904291e+01,8.372541278109904894e+00
5.486208902997360859e+00,-1.230333462801467448e+01,-2.090544609526919828e+01,-1.242657830642700212e+01,-3.465850176592196963e+00,-2.336371514215509748e+01,3.283604632667669332e-01,1.613579421430793248e+00,-2.008937945112121071e+01,-6.155599621959362722e+00,-9.622905472225966150e+00,-1.101045378948650111e+01,-2.157742157084082124e-01
5.278772774297794790e+00,-1.225273974385149067e+01,-1.758416191483067337e+01,-4.786527687727650360e+00,-1.022967286944894250e+00,-2.353963881625966437e+01,5.432390213285164249e-01,-1.356907699631865638e+00,-2.323914634314531114e+01,-7.651220628916292732e+00,-3.281828027448441959e-02,-3.876316192515074199e+00,7.450834083501852056e+00
5.296190521454674283e+00,-1.502178537624340571e+01,-2.458411755127861653e+01,-1.119370539880422122e+01,-1.024276562423535736e-01,-1.841059052741664459e+01,7.962972892987266071e+00,4.252333796709658387e+00,-2.613948421620073237e+00,8.821892657767984147e+00,-4.559013106138646521e+00,-1.689757262929869341e+01,-1.429946517864786948e+01
5.460332313843504259e+00,-1.584121764512645036e+01,-2.556070908671601671e+01,-8.540349948065538044e+00,3.803447365438444194e+00,-2.085326408880188609e+01,1.721476469418921962e+00,-5.618709119236984684e+00,-1.183862910207463948e+01,5.320860880606274712e+00,-4.715611314532706544e+00,-1.495483229144836024e+01,1.207947535670601980e+00
5.443307339373525622e+00,-1.219626821915283266e+01,-1.989724138257243524e+01,-1.512397548183447515e+00,1.400152728093983612e+01,-9.795856127692779580e+00,5.098986350865367001e+00,-7.154182827715552584e+00,-1.745307340568515286e+01,1.611424288634369262e+00,2.672693956332312104e-01,-1.270745699242111781e-01,1.328743816855368465e+01
6.513184381530773948e+00,-8.644962699169340681e+00,-2.811414752245365278e+01,-7.176208791276331489e+00,9.046448272395931411e+00,-1.951310912954206245e+01,1.286602389043032035e+00,-1.424182977582358678e+00,-4.331866285148246121e+00,5.008899971253069516e+00,-3.054818979718763572e+01,-1.469497556902149604e+01,1.725828420023790244e+01
5.600152024794500250e+00,-9.893431073623633054e+00,-2.032386608197539601e+01,-7.295865240708493182e+00,2.574076318119736140e+00,-1.919990705590314661e+01,2.173736153662027437e+00,-3.433270521590720215e+00,-1.583640378094238876e+01,1.104149970073693199e+00,-1.009215412463085748e+01,-1.504611992812693622e+01,1.363236962417687614e+01
6.024787755566346270e+00,-1.109909757975852429e+01,-2.595566872501273181e+01,-5.041304495167385546e+00,1.375779888344471757e+01,-1.870476204141887067e+01,-6.821795741677658675e-01,9.313324204738431256e-01,-8.448050948497371593e+00,2.250342184813857394e+00,-8.651246509853892874e+00,-6.318959128618120147e+00,1.784144937376052908e+01
1.142601106941624067e+01,-1.067139792698936773e+01,-5.754659690473627620e+01,5.153941320156345540e+00,1.313908124485949358e+01,-6.422330057291880223e+01,3.497405797201864175e+00,3.647881472611658893e+01,-3.638513256979659438e+00,-1.775512215292938478e+01,-2.903717101758854113e+01,-1.489160170073236955e+01,9.254053794457982818e+00
7.579015527495417182e+00,-1.026782827699276446e+01,-3.372877842776759394e+01,1.116629887800371757e+00,1.858663855230722817e+01,-2.764716824962870945e+01,-8.610163399033509135e-01,1.987485104695979743e+01,-7.233879786230848374e+00,-7.419440341575075593e+00,-5.569436660377348858e+00,-1.085628538887994488e+01,1.073323405012569065e+00
7.315850258367253112e+00,-1.060847150961103580e+01,-3.211901757295823501e+01,2.109845122296017284e+00,1.624875978080710226e+01,-2.537223625106810942e+01,4.306123477204508720e-01,1.571242946427449461e+01,-7.170691048388000866e+00,3.737747624846500027e+00,-1.228354091516436242e+01,-1.380949188853486298e+01,6.752152106292490963e+00
9.775276977536440981e+00,-1.609078886543439424e+01,-4.963138167298342296e+01,1.134097956356086634e+01,1.957794840566696948e+01,-3.608316563162959056e+01,-6.441338830668003723e+00,1.016471827513230952e+00,-6.786111833494415713e+00,8.487080498572067810e+00,-1.909709244227255809e+01,-2.144763799759468270e+01,1.984288594316505838e+00
7.713384362130806693e+00,-1.093513710719027543e+01,-3.314542833063503480e+01,7.235193201508284488e+00,2.335367983641933520e+01,-1.659888971299038829e+01,-1.783153551144394910e+01,-3.494490170908433613e-01,-5.573490019462106204e+00,-5.642362558757086255e+00,-2.308023693771450269e+01,-2.242037286588558231e+01,5.800190608703504225e+00
6.608113478450534650e+00,-1.129693549872590275e+01,-2.585120549136184209e+01,5.827358168588311571e+00,2.328941420095353365e+01,-1.146248396602879360e+01,-9.112869186985495418e+00,2.412358749016296766e+00,-1.503347120158026584e+01,-3.789416831897149951e+00,-6.010125839394969027e+00,-1.492943404520785400e+01,6.303497363564279254e+00
5.836186599910698547e+00,-1.034807414734910758e+01,-1.712648267015806880e+01,3.914684689565242959e+00,5.960662670819243836e+00,-2.674159830130975379e+01,-5.819457257193161759e+00,-2.782908892061559669e+00,-1.323723814645276775e+01,2.731558650422189594e+00,-5.292460254864885805e+00,-1.191810299706106235e+01,-3.117414962859162753e+00
5.769675508934721364e+00,-9.459373481196552191e+00,-1.977713514715941656e+01,-4.650013603572575427e+00,2.083786033328347553e+00,-2.463069338378560147e+01,1.865947197923287781e+00,1.465660040438200440e+01,-1.903659312445559859e+00,-4.690402029875488488e+00,-2.045423288358253799e+01,-2.407114580090795641e+01,-5.298362367635634840e+00
5.806548687001798825e+00,-8.916549289148916202e+00,-1.762195797250328155e+01,-1.304692977012357957e+01,-9.290711497611995995e+00,-2.581874253500724237e+01,2.987932003946605963e+00,1.842260340572126864e+01,1.079092594157113005e+00,-1.651133935234877015e+01,-2.885770018481391475e+01,-1.418381678669366508e+01,-5.909798447853196635e+00
5.856659003812424658e+00,-7.521894580358538640e+00,-1.589294272175498612e+01,-1.117051500920931062e+01,-1.344091166842306428e+01,-2.280977911756154342e+01,1.122306472130200028e+01,2.028157020600690075e+01,4.811300482171247062e+00,4.697348887750666613e+00,-9.919813188228669532e+00,-1.696786708868846816e+01,-5.734365777617136395e+00
8.206258791043586243e+00,7.198470478517491777e+00,-6.255011293842302145e+00,-1.530199633124288638e+01,-2.492996186580187157e+01,-2.958336157188998783e+01,1.436926619844312292e+01,2.880248095905238515e+01,1.291351004823658677e+01,2.678644124184449637e+00,-1.876789253769953092e+01,-2.435255847508513227e+01,-8.682160938181225918e-01
8.838268967933194276e+00,1.290975746929477452e+01,-8.085055945723659931e+00,-1.481895099622316003e+01,-1.270141573394600165e+01,-1.650217783032604757e+01,2.892512025609248738e+01,3.196263667525914087e+01,9.920071088769850221e+00,-6.673151928888381157e+00,-2.638843389453735000e+01,-3.402054952210286842e+01,-2.221331100324427510e+01
1.464489728623438403e+01,4.046795991179964602e+01,-1.148219071676238201e+01,-2.331235137883790287e+01,-2.937927571930124060e+01,-4.892090802095613356e+01,1.525328742737254473e+01,4.081774576187349624e+01,-1.502574963476021978e-02,-4.686856287303258206e+00,-8.406337706007891430e-01,-2.508060434970549935e+01,-1.481086886528244584e+01
1.299055607567790638e+01,1.230861454942129996e+01,-1.483674863745051198e+01,-2.406779028382594987e+01,-2.434479544333173351e+01,-2.052660890915575109e+01,-2.977771710840458219e+00,1.202492895670111928e+01,7.072407933690786130e+00,5.607661077306790726e-02,2.205696881605822668e+00,-4.967947523319963032e+00,-1.163012616999847815e+01
1.166915063809554631e+01,2.203997778595027768e+01,-2.256974140724926059e+01,-1.064703237159248417e+01,-7.480909810484078548e+00,-2.953749165782824448e+01,3.364233754059068104e+01,4.730161372371671291e+01,-1.537659592461162106e+01,-1.514754055526863930e+01,9.850646836419343799e+00,-1.396522267425667607e+01,-1.347444442263974729e+01
1.855919322347101286e+01,2.809291779092026786e+01,-3.128559670403273429e+01,-2.179097506837316089e+01,-2.748959854285501336e+01,-5.843321265536809506e+01,1.314603359045256425e+01,6.288399284015333990e+01,-1.051168086028676107e+01,-3.319096216005439715e+01,5.608536815540094089e+00,-1.608278452837422634e+01,-2.592929709356114287e+01
1.542199698718546230e+01,2.007836502443251447e+01,-1.802271551903318425e+01,-1.554010928708042982e+01,-2.237377651709966386e+01,-3.144602639149043810e+01,1.434460785442849584e+01,3.305481418940127014e+01,-6.950566083147514895e+00,-1.116738249873363031e+01,4.123378173578595707e+00,-1.651619058292897435e+01,-1.542388364399027978e+01
1.442405890513051325e+01,3.059345049809173034e+01,-2.588038144201950175e+01,-5.531434674915419514e+00,-2.010583119723377266e+01,-3.706091501270800137e+01,2.240442267209541427e+01,1.687140801748707730e+01,-1.499781437651057203e+01,4.647505266115028455e+00,2.107422157420662245e-01,-1.250778482805115033e+01,3.939190703023527806e+00
1.926894055075007017e+01,2.382048399042557563e+01,-2.638071526422362112e+01,-2.654493716442789264e+01,-2.973369840854223867e+01,-3.633997596846877087e+01,1.134465105779006677e+01,2.679325800725387197e+01,-5.780886993686047859e+00,-5.796995634814340548e+00,-6.097445462976835096e+00,-2.233636977213178909e+01,-6.492348878055956618e+00
1.873214598853916968e+01,2.496349172465699340e+01,-9.608552593201844516e+00,-1.864484553604245676e+01,-2.587607590956458381e+01,-1.982304427392611501e+01,8.357703400502749957e+00,1.248494614799645497e+01,5.009776082858141244e+00,3.517837734366260349e+00,-8.512296561966731900e+00,-1.498256903247585115e+01,-4.575655996079464494e+00
1.780681606958236429e+01,2.439426220563566261e+01,-1.004688634134994274e+01,-1.660111320741188834e+01,-2.360856987650295125e+01,-2.505657805800704807e+01,-4.275600289395898201e+00,-3.302979563337643309e+00,-4.681476669663283019e+00,-9.539356012294427645e-01,-1.264862230365691609e+01,-7.145426449268101443e+00,2.832855238036486423e+00
1.649204332350852908e+01,3.435539848943304264e+01,1.113569216268402717e-01,-7.792127320403381852e+00,-1.890328499352190761e+01,-2.157191526609719645e+01,-1.497626779843442002e-01,-4.299223982388986620e+00,-1.630452349706552895e-01,7.982967245755142827e+00,-1.869789174280404254e+01,-1.984474603855859698e+01,-4.865107671392989580e-02
1.289140227047604803e+01,2.976765810899489040e+01,-1.317055582151417603e+01,9.197468415345821935e-01,-7.031638344719633338e+00,-2.395784820380958990e+01,6.983674948436902064e+00,1.475231479027643067e+00,-5.127480029255318428e+00,-7.347368462266569145e-01,-2.993778258929997449e+01,-2.052165908740379763e+01,1.267920725404827698e+00
1.260376307802260776e+01,2.525857429416985056e+01,-3.641649399822713917e+01,1.120635118606299763e+01,-1.467630699669813055e+01,-4.985821173495584446e+01,1.619486638074468488e+01,-8.718061931219319050e+00,-3.499124426665308096e+00,6.403716201262383834e+00,-4.346849131822364143e+01,-1.770114155609160989e+01,1.354099949017179227e+01
1.373999349442250306e+01,1.226092825394357000e+01,-3.808227656808428208e+01,2.420982580974904153e+01,-9.594305350085729600e+00,-3.817347703051714802e+01,1.634650213120836426e+01,3.950610089853793028e+00,-7.188660326372859899e+00,-5.508492878967002682e+00,-3.371828601859716201e+01,-5.153897240984043115e+00,7.553826274877913249e+00
1.459433676264294455e+01,4.585921571576401234e+00,-3.660907216878261039e+01,2.242220172351039764e+01,-1.547169462195975775e+01,-4.614983454963568477e+01,8.936722708321628517e+00,-6.615627749276152159e+00,-1.076663109154058162e+01,6.243425428081921247e+00,-1.860092859498177020e+01,2.163821020906508075e+00,1.339570193882602211e+01
1.454584385953335790e+01,6.984195966166103275e+00,-5.766697287751029677e+01,1.635532505150715821e+01,-1.855773226916729257e+01,-5.768031478476701324e+01,1.282595970114428674e+01,-2.469374800679988269e+00,-4.379800762229303646e-02,1.470382503538409580e+01,-3.149016435024540428e+01,-4.723090560994602782e+00,1.254690678958882799e+01
1.455182129981706396e+01,1.199803604793207024e+00,-5.547425954784112889e+01,1.167058985483492073e+01,-1.930341450547087945e+01,-4.727996014645482603e+01,7.004030250460862028e+00,-1.179496770604457723e+01,-5.921087849191138730e+00,1.422074177747214030e+01,-2.337473866006189027e+01,-4.363967724748792243e+00,1.891104487337926443e+01
1.462253980412603660e+01,-5.693913187820576205e-01,-3.638417258693326062e+01,2.170898646897785866e+01,-6.503008516242489989e+00,-2.740959119675793332e+01,1.721737995507725216e+01,5.313443037210113795e-01,-2.871067902684850903e+00,3.926426846356191547e+00,-2.745167290696273099e+01,-6.931560141204907488e+00,1.023994075629954104e+01
1.459373141377092864e+01,8.204454834691304876e-01,-4.092815604495478965e+01,4.794468247629751545e+00,-2.028890990037649900e+01,-4.878971033478708108e+01,-1.381466737862208483e+01,-1.514516851829499444e+01,-1.491649516187814761e+01,-4.868821830518063720e+00,-1.801113090974857656e+01,-4.708735574510649613e+00,5.656367340712496805e+00
1.422606816644401384e+01,1.130774414203915157e+01,-5.260724159150431944e+01,2.101365067778630191e+01,-1.174440636261082460e+01,-4.048421039449201686e+01,1.960018783931525377e+01,-1.287098659685088009e+01,-1.093877193826158845e+01,2.345416998005429932e+01,-1.680684656091107954e+01,-4.247230398149042685e+00,1.789461405033149077e+01
1.416919356233862537e+01,5.119486357486528583e+00,-4.677249697683328833e+01,1.584445777074586914e+01,-1.872727264542135472e+01,-5.703514201431378439e+01,5.038560362122052716e+00,-2.868247221224272447e+00,-3.962382010354202677e+00,1.549488169795198189e+01,-1.464397611150696754e+01,7.716967347085319062e+00,2.100298204329125795e+01
1.382038373933588993e+01,-4.727315569458157896e+00,-3.910868510743713244e+01,8.561010253338105613e+00,-2.341129309381833679e+01,-4.928441961005237459e+01,-7.147430307572935959e+00,-1.648416888181894890e+01,-9.088788790729923406e+00,9.943268036045873615e+00,-1.588212461242965290e+01,2.085155041126524722e+00,2.312189503947416114e+01
1.249636388038926427e+01,8.102591683338879136e+00,-5.508460359933526007e+01,1.376747826146357134e+01,-1.999742120235699971e+01,-5.797455061003297772e+01,9.612652717093117971e+00,-2.208155594722326498e+01,-1.286357102427262156e+01,1.442133166838628355e+01,-1.496187837834740186e+01,5.630982621842094638e+00,1.679324799454048645e+01
1.107864448356834508e+01,1.047654032619888831e+01,-3.547051817513483485e+01,1.127157129878354347e+01,-1.455198819578196989e+01,-5.399879820600866509e+01,-3.998260011780126799e+00,-1.943582478539931202e+01,-9.364548453764903968e+00,2.655842362025959957e+01,-8.776943534380727385e+00,6.601103538318158215e+00,1.443275631668682735e+01
1.070614166368978637e+01,2.335945598473486129e+01,-1.296886379839847692e+01,1.313230204347474661e+01,-5.680769579677094505e+00,-4.604079823448275732e+01,-1.741724063139736600e+00,-1.314070849519947082e+01,-1.317888981504969870e+01,1.421502304452240217e+01,-3.693620939918818569e-01,1.677740118266494607e+00,9.391556225833205929e+00
1.477009239290357279e+01,2.524462509336114380e+01,1.341046029967000663e+01,8.432739138409433011e+00,-6.065636293354972786e+00,-1.986560594309552030e+01,-2.446058672563679792e+01,-2.706536259434534131e+01,-1.983716616857719828e+01,-9.103594523002495720e+00,-6.035510598933168325e+00,-1.246158616096524341e+00,7.297290968930849608e-01
1.671173160574981864e+01,3.084565824787702581e+01,1.169556444182074628e+01,6.053799170434167820e+00,-1.363858263563853690e+01,-2.943594285196489579e+01,-1.772341841493214432e+01,-1.048848238740174210e+01,-5.599805471893826159e+00,4.484199137073159314e+00,1.433694316535967905e+00,3.415610806233306374e+00,3.594250932131228371e+00
1.629102484003307083e+01,4.327925898230019186e+01,3.765983017264130872e+00,1.742199292839905311e+01,-1.223849241466006355e+01,-6.415188156498295768e+01,-1.687416720676871051e+01,5.117621232614435023e+00,2.872642712389294584e+00,7.372751923741909685e+00,-1.972782204264467154e+01,-1.925304878167431788e+00,1.686076643964188904e+01
1.581266490803757918e+01,3.242758101835823226e+01,4.240927291505404817e+00,6.916680472437970018e+00,-2.095774825945247599e+01,-4.186549917789977826e+01,-8.688010600944954476e+00,2.204270945592613773e-01,2.398241767405304259e+00,8.367294946202713746e+00,-8.878374558452431842e+00,-2.032293079300847793e+00,9.270744652583424283e+00
1.618999689215783278e+01,2.792131407887028161e+01,-7.380537477947532565e+00,-8.182151401999629314e+00,-3.940693129780972725e+01,-6.774864585863191735e+01,-3.167031526569679656e+01,-1.406484542543877581e+01,-1.938884762360742897e+01,-1.571499681337446219e+01,-3.698159972940903373e+01,-2.984047122780981454e+01,-5.517011440707319636e+00
1.690784033019446753e+01,4.432315971374412555e+01,-1.251786175294237147e+01,4.971272144732368226e+00,-2.184815361678252188e+01,-5.904528286449133390e+01,-1.325669311786634985e+01,-2.641404429528443565e+00,6.317149413261388347e+00,2.259845728662617859e+01,-3.372473375662242745e+01,-1.762964618872646128e+01,2.959896974772380318e+01
1.691760715772105428e+01,5.182611991829875109e+01,-2.054367894459970856e+01,3.752975446314615660e+00,-2.170993364423750549e+01,-5.909545327710306850e+01,-8.007844414042100567e+00,-7.509895762144870979e+00,1.583429508055741586e+01,2.527665243815879137e+01,-3.606574562707643850e+01,-2.724716040560850416e+01,1.601815535045811600e+01
1.645898440503821547e+01,5.323478219104872977e+01,-1.922550929159654842e+01,4.849564194051716459e-01,-1.802514991873733763e+01,-5.582197479236632631e+01,2.142527723813786977e+00,-1.695471751629702339e+01,-6.021272868066875755e-02,2.835383033174502998e+01,-3.750335352571171654e+01,-3.966851431403060246e+01,1.260817452795098781e+01
1.590130011284572831e+01,2.550167883282116321e+01,-3.358536124623777153e-01,-9.009400190204544856e+00,-1.894046446740275158e+01,-2.090240829134823741e+01,-3.545726946986325068e+00,-3.101599454654574206e+00,-3.261799841416743284e+00,3.520365737867464428e+00,-1.483785914202528389e+01,-2.220101181827164538e+01,-1.371091126201374299e+00
1.568069249290705613e+01,4.746669981550285655e+01,-7.488608551088812959e+00,5.163031443317765978e-01,-2.301627491738770104e+01,-2.569698407250705685e+01,9.271031376786245559e+00,-2.265769659633908972e+01,-4.611908537601913771e+00,2.204255399967833284e+01,-3.860908754337922488e+01,-2.847587860328464870e+01,2.332685398066827887e+01
1.578906853366646956e+01,5.226800739980566846e+01,-1.975881293446240150e+01,4.337156512068323089e+00,-1.851136536548467859e+01,-2.086576865197561759e+01,3.310424681820951065e+01,-2.129542501081224870e+01,-8.420713260862189742e+00,1.116295266516056373e+01,-5.191386935082963561e+01,-2.236194154354190999e+01,3.352093191297915098e+01
1.495643198191208434e+01,3.995103653423922196e+01,-1.277048853817710672e+01,1.060437182773532605e+01,-1.005131691112894288e+01,-1.743306515517052802e+01,2.014369993384273982e+01,-2.177030187134434769e+01,-2.257227130305869878e+01,5.940053292511449534e+00,-4.118822268090010397e+01,-1.953804688971817072e+01,3.755381894328195358e+01
1.470738471831164418e+01,2.300415286376179225e+01,-2.050290105956674491e+00,-1.453840191082536260e+00,-3.186535548417629204e+00,-2.784430856434010781e+00,3.164212750939466190e+00,-1.364905742456360116e+01,-1.151942770485208101e+01,6.870520741217352345e+00,-1.168808027178800835e+01,-1.837732735494500247e+01,6.066798911027700747e+00
1.449759793604158098e+01,4.323440085490158680e+01,-1.309804040179190920e+01,1.522526046460889937e+01,1.279822500650683459e+01,-1.486728056919198870e+01,1.152075156390860400e+01,-2.453580063124903532e+01,-1.867140140111726510e+01,1.079090103840818848e+01,-2.749182595693979536e+01,-8.857265528390641407e+00,3.465864572313501668e+01
1.455293150325525353e+01,3.861919240011958010e+01,-2.899404425853300715e+00,3.060024571052173670e+01,1.323850434279155941e+01,-2.082418000646409340e+01,2.168803156036041813e+01,-9.160235166652494598e+00,-3.141305243967439509e+01,5.930799292078853036e+00,-3.595368146961028089e+01,-1.180911113485252706e+01,2.855598995339898849e+01
1.466913305427500092e+01,2.468443354588175964e+01,8.301136986664230832e+00,1.547677817834089709e+01,2.262672800508095605e+00,-3.131037839971566594e+00,1.169474722610351414e+01,-1.060190288067398612e+01,-1.957290657190458205e+01,-1.138002347441216644e+00,-1.442962260611836278e+01,-8.141810183448491500e+00,1.808394952643840270e+01
1.504123794086547683e+01,3.466659486936811874e+01,5.850208200018463423e+00,3.055830456931969152e+01,-2.854413562228350632e+00,-1.292210818500278791e+01,1.674701832417251168e+01,-2.502121717542764046e+01,-4.135368250957963454e+01,-1.926254187667599593e+00,-3.651172435415458040e+01,-3.918088682758357777e+01,1.222473940225597211e+01
1.472358733604914249e+01,2.116191970592178606e+01,1.004156052058514526e+01,9.363256325014761572e+00,-4.326375465450479574e+00,-7.699416754293367582e+00,-6.668558621436151412e-01,-1.082237146716343901e+01,-1.212290312351863442e+01,-2.263235487399978041e+00,-1.040275032896915164e+01,-1.070312683887588001e+01,1.784407684690675122e+00
1.504169210307119897e+01,3.004883179480025035e+01,1.231183837646515578e+01,2.161678607289366738e+01,-1.564164939905145602e+00,-1.000232992520782815e+01,1.060328291372983855e+01,-2.101310345516665379e+01,-2.701448486726380693e+01,7.941229742879956532e+00,-2.161858427625357493e+01,-2.693352727964634852e+01,1.447094948579933416e+01
1.469338593304510177e+01,3.162833247653923152e+01,1.309954247894316914e+01,2.717115961384228839e+01,4.328216326069078690e+00,-8.156263308216216146e+00,1.490276597204723252e+01,-2.160383438187168537e+01,-3.368429275820734858e+01,9.347117927596647391e+00,-1.055036845493794928e+01,-2.111617695105201875e+01,1.873477591540365950e+01
1.425582546295594355e+01,2.423226147799564600e+01,1.133317926220803429e+01,1.387160414294312893e+01,2.836879522466651427e+00,-5.083043521644828644e+00,2.441091956428401488e+00,-9.288520074665504112e+00,-1.576693636821587319e+01,-4.559355087962372544e+00,-9.921416576035134938e+00,-1.077061260477928784e+01,4.989630696669968835e+00
1.383622974504388026e+01,2.907462514384717167e+01,1.440522520711714094e+01,2.235028997611168933e+01,9.433600757055845776e+00,-6.417010344204474581e-01,1.204580183156695838e+01,-1.668551848289765971e+01,-2.823091690837451040e+01,-5.356148674047058300e+00,-1.668116928083042438e+01,-1.948884562214335148e+01,5.374284696573163878e+00
1.257562427438898389e+01,2.352260464504018245e+01,1.288044424977531222e+01,2.298870934386789600e+01,7.864275547291718738e+00,-8.781899100025238880e-01,1.149162574047725727e+01,-9.160427517286526822e+00,-9.776122450506511186e+00,1.070783565808450355e+01,-5.606641959544799825e+00,-1.482455988097550481e+01,6.380983395384539847e+00
1.087175583602599893e+01,2.652971796082908895e+01,5.417556231270411971e+00,2.206743696909219210e+01,2.034312933826208791e+01,-6.666081127474995149e+00,2.913405278260821873e+01,-6.174500136693941599e+00,-2.427066776167566076e+01,7.255570857186232736e+00,-7.525051775537836107e+00,-1.494614859889626857e+01,2.443124122506183049e+00
9.233843683974161110e+00,1.615020298506384222e+01,-2.093752562740607726e+00,5.351615156047504485e+00,-4.328439650012581852e-02,-1.721278854923759027e+01,-3.002500105922689233e+00,-1.402965436850694481e+01,-2.275594773762634659e+01,-5.643105060859935129e+00,-1.045904547186508360e+01,-1.797123673413375400e+01,-8.783834921146624453e+00
8.609891954352461241e+00,1.664516702251400559e+01,-2.102591341281173865e+00,7.341119285455200760e+00,1.081427156564448921e+01,-1.245669324664697974e+01,5.375686471135121991e+00,-1.250405035601721160e+01,-3.159305024765335546e+01,-4.681858223643722283e+00,-1.262378303840159610e+01,-1.797449542202123141e+01,-1.350230849777810782e+01
8.572368053318841774e+00,1.576806953702558367e+01,4.327374185812251639e+00,1.614367338572296973e+01,2.016943145833923623e+01,-1.563958041093497719e+01,4.441531209518229772e+00,-3.613341484880999044e+00,-2.869221475873375837e+01,-1.093225416443377540e+01,-5.519824842851679403e-01,-2.258500407034920165e+00,5.193442427220524849e+00
7.509523269746892993e+00,7.998113654835385056e+00,-4.274412981574414516e+00,1.114510336244229727e+01,2.273836381758520631e+01,-1.730238819024634367e+01,-1.659670753061284199e+00,-5.798158281399964586e+00,-2.693569465527345841e+01,-1.593912831428793453e+01,-8.638081502191596428e+00,-2.519618620293251965e+01,-2.614387033698260865e+01
6.490117824553736980e+00,6.821464298927068626e+00,-2.875493044705780932e+00,9.453538378623660421e+00,2.025442295837689599e+01,-1.078584178956121420e+01,3.373036154616569249e+00,-7.967827971098138562e+00,-1.623769626117492848e+01,5.479890869692329858e+00,-4.846649692714844804e+00,-1.392296678964070544e+01,-1.178549736754984600e+01
9.329391023121939241e+00,1.860969150177233189e+01,-1.792730692033441642e+01,3.640518792912347035e+00,1.909535020332010546e+01,-3.893402991846473071e+01,-2.541012887468437853e+01,3.901783628388937775e+00,-9.424305748453452480e+00,-1.132392607869548584e+01,4.919380569960612348e+00,1.078013639458282213e+01,-8.436503398693513844e+00
7.694110719946686494e+00,1.198417776851985472e+01,-8.944099298594172964e+00,6.933487811910797660e+00,1.386272781583739189e+01,-3.522252205783891554e+01,-1.455586060101860113e+01,-7.087781180377166201e-01,-1.114016682103659406e+01,-3.888127185245783046e+00,2.285792798066536680e+00,9.543146425999371019e+00,8.363786014862971685e-01
7.082230233768519234e+00,3.904551950491110368e+00,-1.875662582662519640e+01,4.348313794805571675e+00,1.444333952951270916e+01,-3.534331725868106133e+01,-1.036320290139197553e+01,3.058668941395394025e+00,-1.115275075589758202e+01,-1.038299651340700969e+01,-1.559165633987897337e+01,-6.866193183779529363e+00,1.185470274784859113e+00
6.142796833630723263e+00,1.385267286988385971e+00,-1.211808352487421914e+01,1.779300551668978048e-01,3.039874639836726011e+00,-3.410330089769995254e+01,-1.340821826413135298e+01,-1.243674575781454550e+01,-1.675609795985382888e+01,-9.206750111408243953e+00,4.236594038428007636e-01,4.643531521518632132e+00,5.324384928991671373e+00
6.254207790985674364e+00,-3.961246458409441562e+00,-1.830626817953559993e+01,3.883688419251080326e+00,8.420893919927740612e+00,-2.893470904677721123e+01,-1.060222440067407135e+01,-4.636435301983406809e+00,-1.639234808293254986e+01,-7.500168713491625283e+00,-3.115135508450130875e+00,8.216737768135173869e-01,5.948042746219355692e+00
5.840905313792132070e+00,-5.704239953927385365e+00,-1.873315634473321367e+01,-3.247354424176092103e+00,6.357591062326891418e+00,-2.617841544954938726e+01,8.323894990766754765e-01,4.730959039202105920e+00,-4.679314934495015343e+00,7.944299716255990518e+00,2.435947672373544037e+00,3.024234564269770331e+00,4.376573686660184315e+00
5.800577132688096604e+00,-1.192058295078996366e+01,-2.558794380367843857e+01,-8.121656157852015667e+00,4.325640270134103460e+00,-2.750088436426862160e+01,1.528674802269552879e+00,5.743133590081622053e+00,-1.527205075901721498e+00,1.574188825958145621e+01,1.458105080293236178e+01,-3.661765488531494750e+00,-3.838174260327185561e+00
5.640747185598929292e+00,-1.015252551964722727e+01,-2.086061000883380601e+01,-9.015573843138712462e+00,8.990240395010701269e-01,-3.175780261570077911e+01,-8.916307845943274302e+00,1.684730632234005876e+00,-8.321843690356612866e-01,9.093351247313380625e+00,-4.300337878206972775e+00,-2.465210117816684487e+01,-2.004997755951930927e+01
5.786544623722721603e+00,-1.198933894151173440e+01,-2.434975746868130742e+01,-7.812227357499006430e+00,3.943818726582383416e+00,-2.035379251606755702e+01,-1.638349658986096413e+00,8.791575754510288832e+00,-1.023022642691050343e+01,5.796609139084107909e+00,2.238094980507317810e+00,-1.050224688233197590e+01,-8.235880992012589275e+00
5.845158402013294285e+00,-6.623598640855585806e+00,-1.726909539517290071e+01,1.357582390690617924e+00,1.048035124833915965e+01,-2.177349656132648548e+01,2.372425327064248801e+00,5.357940538291530608e+00,-1.226102437766444453e+01,4.771909812293531061e+00,-1.978654413506389098e-01,-1.158579973012753861e+01,-2.722234468350972048e+00
5.925211425633005291e+00,-7.053213778819944046e+00,-1.933074916036394342e+01,-2.658391546082795820e+00,4.777905919673367308e+00,-2.455221556561784979e+01,-8.290794699908649035e-01,2.925012635542668438e+00,-1.442653029509052587e+01,4.481853352055584772e+00,1.788065838371106864e+01,-4.624223386721981299e+00,-7.810859599009706500e+00
5.852208146627131846e+00,-1.353778668411106878e+01,-2.542984157932539091e+01,-7.250489463694438363e+00,1.989120832132497685e-01,-3.359722816211107244e+01,-1.935714998838692225e+01,-1.007930482068928413e+01,-2.543751604968915814e+01,-1.368718130518618459e+01,8.553037105983916921e-02,-1.977001272604989524e+01,-7.549786716684405263e+00
5.959454498616193696e+00,-1.083960598167341516e+01,-2.571899582834907960e+01,-7.411216491325818723e+00,3.372312842674419109e+00,-3.085288975187810578e+01,-9.685040269949920955e+00,1.718445327254563226e+00,-3.456944198625517384e+00,1.087696280861253051e+01,2.658639869078315510e+00,-3.396183374383811238e+00,2.933478384850266019e-01
5.812999148115249426e+00,-1.348154376662917819e+01,-2.540382148912974358e+01,-6.824202992045659499e+00,2.273629662474129898e+00,-2.479646242610944640e+01,-3.608323994672038015e+00,1.122235166992646027e+00,-5.864045278393152927e+00,-1.213096134007013660e+00,-6.438295737336420466e+00,-1.036571690314075056e+01,2.715405572677028756e-01
5.861230395640132151e+00,-1.028516303660200926e+01,-2.184177214332089889e+01,-5.227782147706070859e+00,4.080488158174610192e+00,-2.969570179111528674e+01,-2.959299228412882066e+00,4.714688980126288342e+00,-1.309527039142113125e+01,4.887410853245429898e+00,1.069909333198147650e+01,-2.839272432354754905e+00,8.148996428010951476e+00
6.055582600680546435e+00,-9.717430318429286729e+00,-2.038339181640440856e+01,1.226488032835391095e+00,6.398613889556063583e+00,-2.301778487353981006e+01,2.910366550876652969e+00,7.164727672635406996e+00,-1.135763404407703625e+01,-2.107965533351896070e+00,-4.746850465005459263e+00,-1.181294406185849688e+01,-3.079811549231740386e+00
5.652217674115944668e+00,-7.407120965380393329e+00,-1.560287485856344425e+01,-2.728761888187296591e-01,1.175229105738953805e+01,-1.424363097096167685e+01,1.697671782514218242e+00,-7.585504923901039698e-01,-1.274090480470649744e+01,7.675742218931710603e+00,1.821109985069222503e+00,-1.333876558312540084e+01,2.104111266423690729e+00
5.809068160561226435e+00,-8.680362755676513942e+00,-2.132687729574432467e+01,-9.294745116721999878e+00,-2.436185050762850857e+00,-2.859458963087310579e+01,-4.704545522326681883e+00,-5.996934254883094617e+00,-2.549918465645890109e+01,-2.186611498267236608e-01,-1.108617806698508068e-01,-1.168131566938563104e+01,1.859498838138142762e+00
5.737046631159739007e+00,-9.030814908687231579e+00,-1.960496623794763593e+01,-1.009559972383523796e+00,7.326339493731637731e+00,-1.391058661912046723e+01,-2.459248043704520992e+00,2.138971266546337180e+00,-1.583243280585881863e+01,-5.764964442640261311e-01,1.101185943985750804e+01,-4.626001081862693098e+00,8.254664581499312703e+00
5.919156200674692059e+00,-1.009245600157618838e+01,-2.242874113775993195e+01,-5.511902680009073130e+00,-9.486568511488936428e-01,-2.922637552988912191e+01,-1.700663966752026024e+00,-7.535883206382350430e+00,-2.417923076572612828e+01,-6.367255561189234747e+00,-4.260273389873649563e+00,-1.042120034149246699e+01,6.217383250904676473e+00
6.206524147489370868e+00,-1.050825517710164370e+01,-2.307993271278597192e+01,-2.773257206534126773e+00,5.127874753419928489e+00,-2.492013657240427094e+01,4.943004253620720156e+00,-2.121432522929460607e+00,-2.791737199088142418e+01,-4.573022329239650574e+00,-2.220125751353388743e+00,-1.001240549976499850e+01,-1.084244550743452606e+00
5.930869907386024487e+00,-1.075361955896554988e+01,-2.170260808250875328e+01,-3.734561309999993917e+00,2.598474744906400957e+00,-2.386941660235361340e+01,-5.907218217084742040e-01,-2.424449777524817495e+00,-1.446614651026226639e+01,1.338000314123748247e+01,1.633549379483506314e+00,-4.389777541814764206e+00,8.202577042389000539e+00
5.868529074503402221e+00,-6.923566357546736327e+00,-2.026836118484183658e+01,-4.621827066257608863e+00,1.005052168523721257e+01,-1.755937633786998120e+01,6.168752079387672005e+00,4.295213560432201483e+00,-6.490021528772394355e+00,1.414354980471913770e+01,9.650034932327603343e+00,-2.255091962745533252e+00,1.373411966969442943e+01
5.834322305139246545e+00,-8.749339632716097270e+00,-2.281735137363672195e+01,-3.780739187428029613e+00,9.906651786819772099e+00,-1.621285670591407069e+01,-1.798866517466646719e+00,-5.702268633499862460e+00,-1.547622928235057849e+01,3.847693115150000231e+00,-4.276050210135709406e+00,-1.369953299640500965e+01,-2.705964857654937994e+00
6.116973491220608850e+00,-1.512725158591124419e+01,-2.895488902525471531e+01,-6.598242786041718766e+00,3.456064460968756524e+00,-2.632632193220201344e+01,-9.563161067410337779e+00,-9.065743688381122212e+00,-2.355717768723957661e+01,-1.213417881398854803e+01,-4.707301371078625785e+00,-2.817915956708150205e+00,8.586048732197124167e+00
5.864285826324360684e+00,-1.000603436022974257e+01,-2.361254346243418922e+01,-2.103405963452216643e+00,5.835447176341154396e+00,-2.028195620359227291e+01,-8.288911473968791910e+00,-9.743369405576803643e+00,-1.314674387670846123e+01,5.087493818153371095e+00,-1.008991244353900418e+00,-1.215169793005276233e+01,-3.225898254642796559e+00
5.602825519477724114e+00,-7.820599853949794955e+00,-1.877939171472486990e+01,-4.806265408721068333e+00,5.575010016677119040e+00,-1.754461935742880740e+01,3.362222559503726949e-01,-7.591431928233860482e+00,-1.297252855749763079e+01,2.888055117829632312e+00,4.837152801666706914e+00,-1.322607607325221579e+01,-3.491264725442640771e+00
5.544881170278533666e+00,-7.578753182311045222e+00,-1.964626248076717729e+01,-8.272317222467117759e+00,-9.500741505848919743e-02,-1.446279773794717904e+01,1.967179595739844133e+00,-1.559000301153867563e+00,-1.075905133372703304e+01,-1.902204183195934872e+00,-1.179900679007861797e+01,-1.835766837444769095e+01,-7.642050200919690894e+00
5.715239856347677616e+00,-9.578727716720635499e+00,-2.218177976121539174e+01,-5.178820142109972657e+00,4.328712258617608555e+00,-2.664176038176896810e+01,-1.236289202069034587e+01,-1.223198274277614139e+01,-2.480754816970739185e+01,-6.862151958473099000e+00,-1.448366030028781815e+01,-1.761948372092798820e+01,-1.052300664038270028e+01
5.803636970712347853e+00,-1.125185157902899746e+01,-2.108273993903151933e+01,-3.510548119403258838e+00,6.900386890200186585e+00,-2.553767217029853853e+01,-5.827190657929755879e+00,1.016511848418677699e+00,-1.213911435582044795e+01,6.977631208838613652e+00,-9.729908442981561878e-01,-3.687945508070180622e+00,6.184170504318157846e+00
6.093037328132631991e+00,-7.609816002767352039e+00,-2.367591655478041446e+01,-7.501733099369689128e+00,4.229881860250363168e+00,-2.490648446750895673e+01,-5.962530291966210427e-01,1.375204222809411236e+00,-1.982648495292910340e+01,-2.358620297851547587e+00,-3.000059417329830058e+00,-1.022140099610415476e+01,-6.060365630607515541e+00
6.237895517254117728e+00,-1.293043103106987601e+01,-2.426121347528137662e+01,4.110479371448765296e-01,1.147943459431987101e+01,-1.844687549440986629e+01,2.028555038226719454e+00,3.346629097100718986e-01,-2.858044607173664886e+01,-9.361529452027196996e+00,4.505574038472023868e-01,-1.299273481284402543e+01,-4.894474452953367027e+00
6.313826635255738395e+00,-1.166259919181523763e+01,-2.259759601981317445e+01,2.552358921306284056e+00,1.245222122340295812e+01,-2.365904910054900867e+01,-6.974754546015543566e-02,1.934927806074714596e+01,1.815868328847916713e+00,1.012691887222476161e+01,1.235849376115686837e+01,4.130247245134155420e+00,1.016428360279756937e+01
6.243285637541283961e+00,-1.202593531474104438e+01,-2.639184541305263920e+01,-4.698582398757809919e+00,9.369020939287910466e+00,-1.882299392722753240e+01,-5.103386507323260268e+00,9.080593491571141485e+00,-6.495361386899136669e+00,2.706486834359859817e+00,7.373584983403158155e+00,5.034638710150927565e+00,8.858362154370261976e+00
6.052599638336998211e+00,-7.122353200142036656e+00,-2.037148177101962787e+01,-2.623648613581328171e+00,1.393471826689681770e+01,-1.837959777141359297e+01,-3.781427308053568748e+00,1.594724633431827598e+01,-1.112838952133435555e+01,8.030219976901904033e+00,6.145257920755090808e+00,-1.199758145275577803e+01,-1.773012444701592027e+00
6.263553285173216523e+00,-1.088700144591392593e+01,-2.404776917529900970e+01,-1.113705468876644122e+00,1.296163602568371154e+01,-2.440702774002001973e+01,-1.157347851595013566e+01,1.142838970102100893e+00,-8.299766697765676327e+00,3.960571669532385375e+00,3.995529477760368930e-01,-6.637183165337845026e+00,-2.582502173346210128e+00
7.264545107063621110e+00,-6.719220882949722196e+00,-2.563277278919708380e+01,2.112677709668020043e+00,1.773429240643133298e+01,-2.101046581059263119e+01,-1.385965773277580304e+01,1.194400989624380216e+01,7.246049398070249836e+00,-1.696975800717539229e-01,4.475165287116646518e+00,1.789203392674837190e+01,9.538791928161137079e+00
7.056317953913159968e+00,-1.025106474917341437e+01,-2.696806724465092486e+01,7.847179757377886755e-02,1.109795693205574629e+01,-2.414857991842516327e+01,-1.173620766297069373e+01,8.751219878318805101e+00,1.371120303339402113e+01,1.760215775537899985e+00,-3.685249200769574074e+00,4.420782879411026656e+00,-2.634849084892484594e+00
6.891025923929190888e+00,-7.432388708564840130e+00,-2.625805209626791381e+01,-1.409684765380657900e+00,1.349522994662239661e+01,-2.876920804829763512e+01,-1.746877329019911684e+01,4.472817668738527708e+00,-1.441808776831035477e+00,1.147099838716016507e+00,-1.747305982065306740e+00,-4.404948241641452711e+00,-8.220336019827352292e-01
6.797681095035743581e+00,-7.826823245538941265e+00,-2.676037524797604661e+01,-6.346370490606124903e+00,1.047289342819565050e+01,-3.238874822303679224e+01,-1.769736545847927189e+01,1.221063919810749354e+01,2.516875441646752254e+00,6.735079320451667684e+00,3.688385145818818600e+00,-2.651114477315311024e+00,4.127240487724455065e+00
6.472036386070796787e+00,-6.527639091665672133e+00,-2.341656238898428910e+01,-1.074545964734572090e+00,1.282523328836484033e+01,-3.225730776900144292e+01,-5.070226686181646514e+00,2.054641336243267702e+01,1.598487719929831385e+01,2.014842105740391887e+01,6.889326142928767105e+00,-5.345541982574184559e+00,-4.064577372545973510e+00
6.261557083542199642e+00,-3.027900331714130644e+00,-2.013153915914258718e+01,-7.423516845343564263e+00,4.406107931137985823e+00,-2.344960096109055314e+01,-5.943002695802426238e+00,1.079144792254225571e+01,1.396825287845581087e+01,2.155878298239545643e+01,1.300337203231119254e+01,5.935869973726956239e+00,7.668509669685771968e+00
6.229294686199978948e+00,-7.317380264501393228e+00,-2.624063240395009089e+01,-1.051172556906104916e+01,7.858345400847888129e-01,-2.868009550838427302e+01,-5.057499281261612190e+00,1.139600023852180399e+01,1.353948360862724742e+00,8.801082198034627879e+00,-6.691448508752186441e+00,-3.954060490111801052e+00,-2.611965156157348034e+00
5.856417909423019097e+00,-8.992826950055855306e+00,-2.033967736875716881e+01,-5.998909994966482806e+00,-1.059704245632862474e+00,-3.062149574323587586e+01,-8.399702506985892825e+00,6.805948633135246340e+00,4.952526750435708863e-02,1.296064967392996969e+01,6.769078242982362603e+00,-2.584575987863017010e-01,-3.568081710480453861e+00
5.846185365626579866e+00,-1.034338768760533434e+01,-2.061664974524196836e+01,-3.938549407453298290e+00,3.489456227622816264e+00,-2.736763643054526440e+01,-3.103556489350832948e+00,1.129637867136805340e+01,3.338743945462653517e+00,9.575059095157435252e+00,-2.699028474430270830e+00,-8.540750730676275992e+00,-5.682539797826311911e+00
5.739591583759888316e+00,-1.160057506101211011e+01,-1.910821844596679853e+01,-1.439435125801747262e+00,5.487406435509804226e+00,-2.224666341835887096e+01,-7.646508179607153899e+00,6.117334787003096075e+00,-1.094616334636348753e+01,-2.395336975516678124e-01,-3.385145847618244552e+00,-7.518433769452066429e+00,-1.967511755238929849e+00
6.154811210038532820e+00,-1.589770772348648364e+01,-2.515755649584363596e+01,-1.342814191529936751e+00,9.153716865692658189e+00,-1.994004998608892976e+01,5.527167282810461657e+00,6.909552323464233758e+00,-1.210796583437029561e+01,5.163986249462866773e+00,2.219496171718091659e+00,-1.131489471369806132e+01,-1.392132814732839119e+00
6.012202018015524452e+00,-9.341788074019119037e+00,-1.860318334723040934e+01,1.388876285403433997e+00,5.847874985176942708e+00,-2.387091483940596248e+01,-1.756008188142956117e+00,1.887722172846217017e+00,-3.657206205585592951e+00,1.208504818864838271e+01,9.940775070522892776e+00,-1.681458135930479969e+01,-1.247171392363136633e+01
5.941649271754073425e+00,-1.530284407004231007e+01,-2.394695555984814561e+01,-6.043742000197068087e+00,4.452638210041082178e-01,-1.718384287139766542e+01,2.138299071669386819e+00,1.200517686478137591e+01,-4.551478889959168050e+00,8.980535981539993884e+00,1.251587533954936937e+01,-4.144808043326007052e+00,4.100782443954626544e+00
5.807259081520135702e+00,-1.341709983733565359e+01,-2.203508628567278649e+01,-9.920972968439846440e+00,-4.885347348489848862e+00,-2.625282945472825702e+01,-1.721278937411688803e+00,1.568810678178825802e+00,-1.206839536504387311e+01,9.950795044161512948e+00,1.064635234432952871e+01,-9.231381084978067975e+00,-4.312071024898254556e+00
5.563382107795815656e+00,-1.053212949371043194e+01,-2.051819068600216411e+01,-9.169567099827560241e+00,-2.943549193994872137e+00,-2.758078422053788259e+01,-1.190728033113200368e+01,-4.542970897699646571e+00,-8.027481752367084056e+00,7.270130376026913588e+00,7.999216806122470658e+00,-4.750316698843069396e+00,9.324985963147954138e+00
5.503481076952992268e+00,-1.134809908691311797e+01,-1.780953337957278038e+01,-9.576922295872976054e-01,7.285051822691241963e-01,-2.037486482395764753e+01,-3.750734352314271991e+00,1.108684747249081504e+00,-8.390634155372276304e-01,1.718912388323859020e+01,1.325904294832739261e+01,-2.740163389934955340e+00,-1.299822047911707978e-03
5.415889241890816663e+00,-1.153015592901132536e+01,-1.636852675716973238e+01,-6.685393640049177577e+00,-1.304480741901981933e+00,-2.537152253800404722e+01,-1.368862640642492146e+01,-8.887095417863662306e+00,-1.754984773597308845e+01,5.264950940356561304e+00,4.288749302619231152e+00,-4.866431170226039882e-01,-3.409741879331904091e+00
5.445054420906817683e+00,-1.347007976247032879e+01,-1.608995246018381664e+01,1.261439891858617601e+00,1.311544766805435636e+01,-9.863573827166929320e+00,-1.890924913848174960e+00,-9.387746026054047954e-01,-2.272444362368319659e+01,-8.603925911431726803e+00,-5.679807600980021354e-01,2.950533852875107499e+00,3.951487613369022434e+00
5.505732891639817161e+00,-1.451901385092523888e+01,-1.795628778680529081e+01,-2.707100524028748900e+00,-9.595044018908451822e-01,-2.463350929350048801e+01,-1.094934609763629574e+01,-1.028929796695654808e+01,-2.793677055775962970e+01,-3.282827756463573721e+00,8.491672945613588652e+00,2.849938700541930103e+00,1.283041123478424916e+00
5.177519424414153804e+00,-1.132375318366094596e+01,-1.342844498755382254e+01,-2.891374490641227535e+00,1.785230099473513299e+00,-2.004945110129728292e+01,-1.160179335145333646e+01,-5.580982560906646128e+00,-1.504053179380136562e+01,-6.223688607132559225e-01,-3.032031021327518783e+00,-3.830971410147012701e+00,3.668777600457938104e-01
5.503457115319660531e+00,-1.023304563383284282e+01,-1.695275195909968957e+01,-3.934608358774330128e+00,1.682824217912581410e+00,-2.837845783981829229e+01,-1.239597809859091093e+01,-7.591182859090903179e+00,-1.967097140486058393e+01,4.896851660696848185e-01,6.551859308810197291e+00,5.582119422499083328e+00,2.813995143663297060e+00
5.522835700540328574e+00,-1.124329517715766258e+01,-1.400748795186946083e+01,4.809149426233659597e+00,1.044772807083888466e+01,-1.941180512220038423e+01,-7.267757412558058405e+00,-1.115422565335881977e+01,-2.535297431554367975e+01,8.736934990705497839e+00,1.288456602126423967e+01,-6.646264587766317344e-01,-4.980270515657435837e+00
5.726622799904406591e+00,-9.335091638866872543e+00,-1.704802578984023853e+01,1.738901188540961651e-01,1.054399990104500873e+01,-1.698038644390312513e+01,-1.666964593194286026e+00,4.857288304846290594e-01,-2.244175903968923080e+01,5.283082107923351423e-01,4.228302253018102697e+00,-1.135906917747625933e+01,5.406242444900154709e+00
5.826246170854350481e+00,-1.832859262233630915e+01,-2.709259466667694127e+01,-5.973715256983249233e+00,5.736296070332293162e+00,-1.646803782283288342e+01,-3.139285882019646756e+00,-6.105707138449719018e+00,-2.702498128304217673e+01,-7.567077372924186918e+00,4.487066279963598525e+00,-3.099106013856626429e+00,1.353805032173273304e+01
5.736932953831040294e+00,-1.658265934236351669e+01,-2.491096774587488483e+01,-2.647173912345507141e+00,5.581683807933630170e+00,-1.458468112781629955e+01,-4.793241706441675909e+00,-5.083657324885575868e+00,-1.298014948572004279e+01,1.448832695328670361e+01,9.249763386583493840e+00,-7.177568449197707423e+00,-1.971868244057903841e+00
5.583079223752269726e+00,-1.267243538275893933e+01,-1.896055203379082243e+01,-2.239372031711448940e+00,8.038250453731555112e+00,-1.380159490340734330e+01,-2.118365217589350813e+00,6.205860406492767822e+00,6.560316835774361310e-01,1.266729891039504352e+01,3.794864769583011999e+00,-7.383980795029700062e+00,-5.249840828734321896e+00
5.503505982952551889e+00,-1.192551069482892956e+01,-1.805093077656160716e+01,-6.295366000282509589e-01,8.370433204689504691e+00,-1.581014900122028699e+01,-7.380706033303827240e+00,1.040622621802011594e+00,-5.011763915540481840e+00,7.067830666881804724e+00,3.698954994629740867e+00,-1.346261911320155491e+00,-2.075839453023282655e+00
5.360628224875596537e+00,-1.183450865032055610e+01,-1.479484079602727142e+01,2.789015714606545515e+00,1.080390646735241056e+01,-1.184972136913593843e+01,-1.896097730289687755e+00,-2.188974839538157191e+00,-1.267245016263798441e+01,7.106458689841107734e+00,9.423910041391582837e+00,-4.210251242878648270e+00,-3.104390687765909096e+00
6.398943337983971524e+00,6.198703514824432048e+00,-2.951515028189977130e+00,5.631670670543679869e+00,1.580885662350994636e+01,-4.034344949947640480e+00,1.157777020933567158e+01,1.010111126538774329e+01,-4.935481322256651815e+00,6.284468688257679680e+00,-3.310308703189436930e+00,-9.714523854812632919e+00,-6.629215748983511070e+00
1.217678652586558918e+01,3.088406545731355735e+01,8.779755454103023382e+00,9.245213210403054660e+00,1.385098729888647640e+01,3.736919134394800057e+00,9.231228630715349937e+00,8.840466541924811850e+00,-3.342333695646836134e+00,6.759378451059254722e+00,6.128239387172232933e-01,-5.194579334750279109e+00,2.850232390499363611e+00
1.295930601695012818e+01,2.641653508357675406e+01,1.523007405627365074e+01,1.673342272754022275e+01,1.466863987095031163e+01,4.687104838986246413e+00,4.810470910042274006e+00,3.030735817646092123e+00,7.014022555895786937e-01,1.976246117633961630e+00,-1.622017333454691679e+00,-2.099987473826288920e+00,5.513457410052405194e+00
1.064580540691702915e+01,2.139673264208061454e+01,6.623404696698329097e+00,1.244363077678131368e+01,9.713769704510335501e+00,5.243759185198930695e-01,1.047736334082739695e+01,8.580751004779230584e+00,2.355386164115563119e+00,6.365116482048209789e+00,1.101988702799304320e+01,4.452117075528525092e+00,5.735211403463798874e+00
6.734392957721444972e+00,6.252745180971795769e+00,-8.957447846905717270e+00,4.303827852369892959e+00,8.818298890586321548e+00,-1.477873416189357947e+01,8.920856863873460441e+00,9.178709814194526473e+00,-5.600681785831366000e+00,1.166664793973191827e+01,1.095378768480568077e+01,8.272391903766600052e+00,1.528440926665304289e+01
6.557258266395520785e+00,4.540047727455893245e+00,-7.206096965979409852e+00,8.727665443760724173e+00,1.532083061410399871e+01,-9.952112317302093558e+00,1.116208146217969244e+01,1.361133931480402026e+01,-9.346215942809322996e+00,-3.597798203517478255e-01,1.001246101367280872e+01,2.806624492188852127e+00,1.278198618980842305e+01
5.989253333179316741e+00,7.314900501208020378e-01,-8.929706639739970697e+00,3.155553745891097606e+00,1.237118102533462860e+01,-6.804656139362768918e+00,9.576092161317461660e+00,8.002684240183237208e+00,-1.485559677645422028e+01,-2.331784544377840440e+00,-9.935469386785539925e+00,-1.492655059688725139e+01,3.367838796602544260e+00
5.952174016830041658e+00,-2.686319135334102270e+00,-1.309787703083341626e+01,4.031876228455393729e+00,1.558130344917590548e+01,-5.750929052740769265e+00,9.035493733726228882e+00,8.863658257267702512e-01,-1.320928675732304924e+01,7.116534885781999886e-01,-4.075733743656669184e+00,-7.448565431258964864e+00,4.994431338539210508e+00
6.330457754150724980e+00,-1.902515071477258957e+00,-1.926980773911564171e+01,-4.322118415907740818e+00,3.833547157014640661e+00,-2.175455968001117313e+01,2.709219513906953480e+00,-7.975541606872423861e-01,-1.608340337833834965e+01,-2.971677736532848169e+00,-7.085087415157760304e+00,-1.283591744688875025e+01,-1.295327979561683662e+01
8.133948679835006246e+00,1.700010482380517729e+01,-1.301768856157308107e+01,-1.390932732443625142e+01,1.158926196100057204e+00,-1.594482343210569653e+01,-1.951830512353913250e+00,-9.785981924030831891e+00,-1.141535717613412260e+01,8.856149591295594092e+00,-1.391967459250994388e+01,-2.772616254618442966e+01,1.461418597970297828e+00
6.780820489776787419e+00,7.747209381497151881e+00,-1.263105417549559739e+01,-3.440028385809231093e+00,1.199673825812660155e+01,-8.188078789506850086e+00,1.449574934157797657e+01,5.119151593753275442e+00,-4.492811927903136215e+00,1.179433233492052047e+01,-6.847723293235356223e+00,-2.042451329190224385e+01,-1.414268023809318153e+00
6.508710508320306509e+00,3.142010571789704443e+00,-1.785135208129376494e+01,-5.575927547230600467e+00,3.063197486820799398e+00,-2.317657250624847620e+01,-5.008361515364345012e-02,-1.077695061789432351e+01,-3.288091529247255096e+01,-1.110406834150825439e+01,-1.557514542546693548e+01,-1.651276934850400124e+01,-5.447358540083858003e+00
5.932523208519714153e+00,-2.017433600741077360e+00,-1.725375618817452050e+01,-2.724896985410172778e+00,1.971793528730369971e+01,-9.013380563503767817e+00,9.582442041623300710e+00,-4.933103734504786786e-01,-1.678312311409454693e+01,1.138061339841764941e+01,6.423962786491125065e+00,-1.188647382708963285e+01,9.269027718228597390e-01
5.770409171093030309e+00,-7.023237983636686721e+00,-1.720521071169635263e+01,-2.833149340161104757e+00,6.497855861646833375e+00,-1.031440135486627518e+01,1.302337853012635094e+01,6.128785250351513447e+00,-1.159703027403812570e+01,1.755363920633327968e-01,-4.725067188884183089e+00,-5.856171964895363402e+00,7.164588725923574763e+00
5.684660678081241869e+00,-1.053680969828495684e+01,-2.035392829368451828e+01,-6.136296264423701352e+00,6.491965078659950095e+00,-7.824839504060911999e+00,5.976038311051127927e+00,-4.982992929398187165e+00,-2.461750730538771847e+01,-4.660404145428486800e+00,-3.248519158972294374e+00,-1.472837913245583152e+01,2.517544965276893087e+00
5.721606169052731339e+00,-9.002754993244069581e+00,-2.096921461819315269e+01,-6.872697138538278239e+00,3.020609710512062840e+00,-1.876978896131906183e+01,-3.892850489544999348e+00,-2.366635488305194324e-01,-1.448044263728157866e+01,-6.720818576937748201e-02,-3.945058858354086873e+00,-1.342260710219332509e+01,-1.858203112674642554e+00
5.671546458696932191e+00,-9.044682532701052935e+00,-1.575103795947811136e+01,-1.212340330301151292e+00,2.619272551645766889e+00,-2.063636454791586772e+01,-1.462602976597867421e+00,-1.027286238917521999e+01,-2.290238057114623160e+01,-3.538177523409719694e+00,-6.771482993039759535e+00,-7.738941569766740969e+00,-1.436577206012192853e+00
5.548189974546946956e+00,-9.126397940443274237e+00,-1.660348849110467739e+01,4.512101321077209570e-02,-1.190196273377639002e+00,-2.430085720357770285e+01,4.871101997650933768e+00,2.649068049185673290e-01,-8.645505957536768094e+00,-1.796221574907086171e-01,1.289042531196476160e+00,2.261541555723692198e+00,-4.669109462370052199e+00
5.752958685331837074e+00,-9.611388583904366456e+00,-2.043727992974250185e+01,-5.581312005756191574e+00,8.399410083361443569e+00,-8.648947170173670429e+00,1.348143834796664642e+01,3.668039502142335984e+00,-1.485263286166580343e+01,6.836689459262847102e+00,9.130421276304133471e+00,-1.710705788014908357e+00,1.762098833066696235e+00
5.616919791866722633e+00,-1.148225084212561597e+01,-2.120047240904827390e+01,-4.899312451419320702e+00,2.148086266324192195e+00,-1.633700410004471593e+01,2.006376177164264529e+00,-4.263392915478079637e+00,-1.699645275741509920e+01,1.291202288518320529e+01,8.412878260740720648e+00,-3.795274942121261041e+00,2.140285587156344871e+00
5.508783980521872792e+00,-8.887818095488132286e+00,-1.571995914098344471e+01,-1.996465358895992859e+00,1.521638382932043454e+00,-1.834577093541939874e+01,4.201969485420311123e+00,3.566041914197753737e+00,-6.152174282695483498e+00,1.292291796810458493e+01,5.004842153047193598e+00,-2.149070960512469153e-01,7.355838971126971160e+00
5.824865972720123075e+00,-1.273576946483078665e+01,-2.095937051811604945e+01,-3.961609270531273985e+00,-3.065558214225968303e+00,-2.843324933559762258e+01,-7.122464883802184232e+00,-6.352474764001937224e+00,-1.339821355497927868e+01,3.431809671652171545e+00,-1.425866736317587247e+01,-2.332641141678103480e+01,-1.080249026685176261e+01
5.441222587996040971e+00,-1.262080885900669536e+01,-1.747058214235611473e+01,-3.001899439400629532e+00,4.626517587147298549e+00,-2.315818360905332085e+01,-4.478485996280568315e+00,-3.678722102047891074e+00,-9.510064278309345198e+00,8.579609592087765080e+00,4.613347033637772654e+00,-1.258445588152384387e+00,-4.052775210098314984e-01
5.504829633132843902e+00,-1.093214982592034623e+01,-1.733872455869382989e+01,-4.010457265744589606e+00,6.877968319662233654e+00,-1.440356441095006268e+01,-6.210554242438268702e-01,4.319980114744912392e+00,-1.203526071497986472e+01,-3.583335449566258935e-01,-4.611816134453232685e+00,-3.769381825199623837e+00,-2.239227739329097133e+00
5.639214726702642011e+00,-1.293848525565413610e+01,-1.890904318672128426e+01,-2.487105554576846345e+00,1.608046825705022886e+00,-2.327211954237502667e+01,-7.957349182992667025e+00,-4.928559316331207363e+00,-1.724259997316669057e+01,3.465720941034794222e+00,-7.253429710337602199e-01,-9.870597711474024649e+00,5.195584757727854885e+00
5.584322576820706097e+00,-9.389610395934571585e+00,-1.691697138747248985e+01,-9.698838901467649043e-01,5.876969338525477760e+00,-1.572494915629922296e+01,2.061151630139083757e+00,-1.295831406732464108e+00,-1.100753995194498636e+01,2.199442729922266526e+00,-3.203631777641652523e+00,-8.246293790021537617e+00,-1.762797475145443826e+00
5.599415239403550792e+00,-7.668966735367590992e+00,-1.221627156976863837e+01,2.809961600662173264e+00,4.561265882698460672e+00,-2.580224309751339717e+01,-5.163510144448354211e+00,-4.935710634289145027e+00,-1.922131580274095342e+01,3.203242240291712228e+00,2.966686726305808541e+00,-4.314293800783197241e+00,-1.334016024681848211e+00
5.509316345961053685e+00,-7.203967500749466346e+00,-1.362409166470655997e+01,-9.587437423672332537e-01,7.107662418043338093e+00,-1.426436680910601318e+01,-3.777622058895282464e+00,-8.419134514162978533e+00,-1.919234037647492741e+01,6.362534194119563224e+00,-3.186369425656110366e+00,-6.223169199181096012e+00,-5.987127417367389626e+00
5.635567328006620968e+00,-1.101264264313448926e+01,-1.636810247254812012e+01,3.878261752976114862e-01,2.683414465115972813e+00,-2.951866157854074757e+01,-1.136862349755045365e+01,1.052746736952274276e+00,-4.664863816260155005e+00,4.952294297844352045e+00,-4.630340345836494009e+00,-1.003028593760454257e+01,6.819512644561492642e+00
5.534890730525486191e+00,-1.003477249787630043e+01,-1.686135030872054230e+01,-3.842914369800265018e+00,1.304588121038897874e+00,-1.715508331071039549e+01,1.489110485819398477e-01,2.739659706642135206e-01,-1.080186600071839287e+01,-1.437457793779856330e-01,-4.151449578233432192e+00,-7.665945949630627254e+00,-3.027165342897981115e-01
5.528660660061192722e+00,-9.599195688895878931e+00,-1.626497744927110745e+01,-2.401652448866019807e+00,6.250884746947884096e+00,-1.293371377881794615e+01,6.047778151735488272e+00,5.796262676878813025e+00,-6.806225107605239799e+00,1.472496297941695076e+01,1.517951834265432787e+00,-1.078508679285442806e+00,8.818962417990555025e+00
5.371780371407964161e+00,-8.944015872830215486e+00,-1.266736686049783245e+01,-1.685071830508527713e+00,1.112761686007469830e+00,-2.522181506464912104e+01,-5.091633188839437274e+00,-1.203380695449037585e+00,-1.937878225671352794e+01,-1.499159632808393594e+00,-3.577860343070478066e+00,-4.521136366948247165e+00,-9.635067140674141939e+00
5.380547056932023509e+00,-8.525507991479578607e+00,-1.183829477253496698e+01,-5.384788768542808635e-01,1.030548675207544618e-01,-2.245906000741940645e+01,-4.402490910480088004e+00,3.717654415120480671e+00,-1.144551122500479501e+01,4.771648794533264848e+00,-7.325681079428484566e+00,-1.469732196956056214e+01,-5.880525588996210473e+00
5.498348350424862474e+00,-1.102301568360905293e+01,-2.136775326692565713e+01,-6.696213645836235351e+00,-2.623794196877324403e+00,-2.325100856130613991e+01,-1.108337138829201263e-01,-1.077061757366090333e+00,-4.570980010018110384e+00,1.354790914960581905e+00,-9.939345116927771784e+00,-9.897455414098905280e+00,-2.353691361471462962e+00
5.452802802838097485e+00,-9.008649384633729440e+00,-1.699918710526191390e+01,-5.376253386647221078e+00,1.273573082647422305e+00,-2.341017537247556390e+01,-2.972853272609365050e+00,-3.609046437972891486e+00,-8.839631054208659577e+00,5.346343483517860484e+00,-7.504206830700389297e+00,-1.423901980807241152e+01,-7.097901671546848590e+00
5.284653157662257961e+00,-1.169479422884396413e+01,-1.889747308333012654e+01,-7.564099508791607640e+00,-2.006660162643065348e+00,-2.377092479196971553e+01,-4.503706029647120523e+00,-4.795457060590673670e+00,-1.392826295191821728e+01,8.221244633760331766e+00,6.301834247333444772e+00,-1.336783218693280872e+00,6.001488402318881477e+00
5.251686649659498052e+00,-9.162049509253899160e+00,-1.325365434893590688e+01,-2.900740836721298344e-01,3.030524878403348055e+00,-1.225796468093981240e+01,-1.214333730390266153e+00,2.334113965307786032e+00,-7.447098994014488049e+00,-2.679831752992364535e+00,-4.447429872516646121e+00,-1.107503181010157789e+01,1.539740163674935713e+00
5.260158900338774757e+00,-1.127601490188084377e+01,-1.436648043986821222e+01,-5.718463556893632616e-01,1.847726982649764649e+00,-1.648919643719473171e+01,3.373424998106250516e+00,3.815616108035378762e+00,-5.036197027623165567e+00,-5.162981441343682754e+00,-1.917477976875190038e+01,-1.940888132954736278e+01,-7.198412857437408441e+00
5.176944196432429202e+00,-1.415187402603031686e+01,-1.825590601866118590e+01,-1.052794591834344118e+01,-2.959926916978174116e+00,-1.884589300320719829e+01,-7.658353377939542739e+00,-4.645164616552140302e+00,-1.630607258837050821e+01,-9.762381360898197968e+00,-1.846745444005825121e+01,-1.519793635603628168e+01,-4.682744189680925651e+00
5.278104568698102739e+00,-1.024663398238120848e+01,-1.463484472465832376e+01,-1.693667146397699996e+00,8.905036922775765973e+00,-7.931969545137581790e+00,8.830134814459089654e+00,8.357819390915841140e+00,-1.682092966473172746e+00,1.721102957688307811e+01,1.501085135831746697e+01,9.553921366347406519e+00,6.415163723681895469e+00
5.437833681782416662e+00,-1.180879232790875477e+01,-1.960399453278421333e+01,-1.130240369313686877e+01,-9.058205640107185985e+00,-2.855660308108199175e+01,-4.977650379863101548e+00,-1.774044684014196704e+01,-3.678532032006059183e+01,-1.071551400122715059e+01,-8.975361788012214959e+00,-1.581995648747889405e+01,-7.720015419269084411e+00
5.421403815084592459e+00,-1.401538637835505163e+01,-2.019862000568558358e+01,-8.779602202652888820e+00,7.082838530687415313e-01,-1.486741528988292060e+01,5.948711694407043948e-01,-6.053475490747342924e+00,-2.199845110797357961e+01,-3.096521789629789190e+00,-5.414907166283547291e+00,-5.653836949234823273e+00,-4.133238246346611966e+00
5.315951905348282658e+00,-1.190555094645342571e+01,-1.485099923598294502e+01,-3.774955412092155793e+00,1.790702633053548709e+00,-1.246710047039007208e+01,2.514879718720200996e-01,2.760269935886215276e+00,-7.247988008182234765e+00,8.310073977399396128e+00,8.834276866949160478e+00,3.485963219145489234e+00,-3.272425899637533497e+00
5.413147882875206207e+00,-1.371213176113217713e+01,-2.103444075538227409e+01,-8.737496929244391808e+00,-4.564779062239021079e-01,-2.134055902647066105e+01,-1.214916901697547580e+01,-1.221379343104200466e+01,-2.190692227031989248e+01,-1.217592464231052318e+01,-7.091040984007108250e+00,-1.220125775274880375e+01,-5.642669228941984194e+00
5.472666237823243129e+00,-1.346040111273531714e+01,-1.903004857242241954e+01,-4.835701674067422573e+00,1.713071406289086440e-01,-2.181207499160105101e+01,-4.292037123516591279e+00,-2.624558306511992622e+00,-9.014392413509568769e+00,7.409061376175402058e-01,-7.365245402691276588e+00,-9.132902584573820093e+00,1.032157116145345910e+01
5.303590646344254367e+00,-1.310598389588993129e+01,-1.922051737677745464e+01,-1.220210766458835394e+01,-4.804895251562191660e+00,-1.669055091273888536e+01,2.605600845894243012e+00,5.394078419463574470e+00,-1.501379049822491929e+00,-2.892367394134280012e+00,-9.483139100140288491e+00,-6.439773102785403935e+00,1.394945130727956695e+01
5.356625598965134571e+00,-1.099021149357756499e+01,-1.716206610592984205e+01,-6.861088423032413175e+00,-4.792271995855777789e+00,-1.529946191230420105e+01,5.633284045188463374e+00,3.033973869086123099e+00,2.327399849076211558e-01,2.337475171616082203e+00,-7.251435292119815301e+00,-1.470088107207912564e+01,7.397610280526407678e+00
5.421619647450675927e+00,-1.185863863005250884e+01,-1.612820664032159712e+01,-2.813859363968857608e+00,-2.162894796561246835e+00,-2.523414088933941102e+01,-3.123599042408020665e+00,-5.839930148084040429e-01,-1.565596059988505040e+01,-8.122238963771216680e-01,-4.606319106636048488e+00,-1.391564928433808213e+01,-6.153312848369044907e+00
5.383336856669280301e+00,-9.209548202866363553e+00,-1.535803475499805693e+01,-6.370445844005352853e+00,3.242019191502005793e+00,-1.252575825911886476e+01,8.935460371416263925e+00,5.015564465590945709e+00,-7.070570012977692720e+00,1.092237899437490256e+01,1.576383087890351531e+00,-1.284498703244033813e+01,-2.412322671942270347e+00
5.251973097652560263e+00,-1.124379704407935598e+01,-1.521198214843889929e+01,-6.488697950068273990e+00,-8.711344075402374099e-01,-1.396214036700702188e+01,2.653648491424402955e+00,-1.996874691373421884e+00,4.213332485809379579e-01,1.264919462744560974e+01,-6.374805163099032113e-01,-4.906703083266013898e+00,1.394352722416946300e+01
5.512472402074451772e+00,-1.180431683467777582e+01,-1.797173122717396154e+01,1.381949821569127712e+00,9.455473190630570457e+00,-9.394559874627473661e+00,2.947277407588107412e+00,3.751670740175369723e+00,-5.845270870913692463e+00,6.805264615948807716e+00,-1.116934867511324114e+01,-1.232896992082323706e+01,3.202766141086910601e+00
