-3.604365338911715355e+01,0.000000000000000000e+00,0.000000000000000000e+00,0.000000000000000000e+00,0.000000000000000000e+00,0.000000000000000000e+00,-3.432169450445465983e-14,0.000000000000000000e+00,0.000000000000000000e+00,0.000000000000000000e+00,9.640286916519939396e-15,0.000000000000000000e+00,0.000000000000000000e+00
1.478577592174624478e+00,-2.630279802298386471e+01,2.930526648975220638e+00,6.624029055880237493e+00,-2.989394825002265499e+00,8.623776918073865483e-01,1.799935603126380901e+00,-2.287251857318461479e+00,-6.489738323649624441e+00,4.457000637275544186e+00,-5.506157384096333374e+00,-7.106823056785779968e+00,-5.506961966661542363e+00
6.766608984527013426e+00,6.654369722161916911e+00,2.533113326032907509e+00,2.050311296743796419e+01,1.072732920671304546e+00,-4.494998357545997969e+00,9.029188802924156931e+00,-1.576039172296532698e+01,-7.334467417536020051e+00,-5.558032153269603093e+00,4.269499286393349635e+00,1.194792611918799485e+00,-5.402738468209192568e+00
7.791963363238463280e+00,1.151084218209518539e+01,2.275101834296506809e+00,2.217255132119642624e+01,1.672859764223034063e+01,-1.121534137914079743e+01,8.569237874938810506e+00,-1.148558039596704106e+01,-1.374748282868012517e+01,-1.902726278637737911e+00,-1.125207030313178080e+01,-1.314858628805988339e+01,2.236703624074644001e-02
6.992045016002720104e+00,9.334154011144701002e+00,2.396242771856486875e-01,1.583669259091568549e+01,2.664791598047290933e+01,-5.812989778851044953e+00,1.175367289744709787e+01,2.570880647469944602e+00,-4.748936857553412771e+00,5.472538360682244196e-01,-1.288185475456107376e+01,-1.435061798215533102e+01,-1.862625064833907773e+00
7.068146740705997466e+00,1.071508553433286437e+01,-1.582213018269012617e+00,1.033009011704395697e+01,1.674888722176183364e+01,-1.686394217954357089e+01,4.724935218860050412e+00,1.837537467141474812e+00,-8.581997237054672212e+00,-7.367085734561023891e+00,-1.627517970721186558e+01,-2.118203883505054819e+01,-1.004183099487168773e+00
1.065543832256798318e+01,3.383535424236005440e+01,-1.616983862627283841e+01,-1.636199577577592379e+01,1.616938824861257018e+01,-1.516411986843342774e+01,-2.434200820909179497e-01,-6.162347618931354631e+00,-9.604845418730745266e+00,1.552592317130816113e+01,-5.674459594914979199e+00,-1.464032741990350139e+01,-1.879244168474238363e-01
8.541943614683100705e+00,2.047302077494317629e+01,-1.028204141415928952e+01,-2.187284648631774964e+00,1.858066480205605586e+01,-1.063121679983295920e+01,2.713557490659016302e+00,3.734010124926007368e+00,-8.545293524422138631e+00,7.015393975857411313e+00,5.132022696409145324e-01,-5.376881252641162234e+00,1.191194081822407824e+00
7.761377328230596895e+00,1.621571410753488607e+01,-9.914628895859184610e+00,-7.610618342230029976e-01,2.046445123142202149e+01,-8.830939888734386400e+00,7.419902305504153084e+00,-8.698633980497335605e-01,-2.147681486484854574e+01,-7.380514037650558024e+00,-8.140659784841146163e+00,-2.196839378510357577e+01,-1.021532085873484874e+01
6.859271047405088417e+00,8.477198350866085974e+00,-1.046950412693371035e+01,-1.323214117743187757e+00,9.487689615661798470e+00,-2.176486285801433240e+01,-3.748616000912544877e+00,-8.764633878105163589e+00,-3.172858140537782035e+01,-7.756331906122774456e+00,-5.919904563393898478e+00,-5.801757237463214700e+00,9.459956332931565015e+00
6.280335989615419834e+00,2.676810954101598750e+00,-9.450506457092414436e+00,9.102341351055775576e+00,1.102370270666675722e+01,-2.269840009968375227e+01,6.139407455001793856e+00,-4.376773552598008377e-01,-2.249526926356637802e+01,-6.571020006966833193e+00,-3.590632628752451705e+00,-1.198342283182552137e+01,-4.995218294893024158e+00
6.757674596710371517e+00,-4.653313451585705529e+00,-1.851727592686743051e+01,1.271195593565936477e+01,1.210658241574753369e+01,-1.915543993793691868e+01,-5.662300313488767278e-01,-6.538537288708776707e+00,-2.226708885325631115e+01,-6.217558952804966843e+00,-1.262177851825605046e+01,-1.131285523161457363e+01,-2.291773892420176040e+00
6.700126392995143121e+00,-1.723458713312454593e+00,-1.561345019979535920e+01,9.027342765297438731e+00,2.049514047426898955e+01,-2.528730270735827190e+01,-1.405351202720703974e+01,-3.180540295581130827e+00,-1.568047299324052979e+01,-1.246050352496379610e+01,8.554789827143983061e+00,4.195336721682251913e+00,1.084202412132582971e+01
6.910726027950150119e+00,-1.798009283182433471e+00,-1.322029906811022393e+01,1.661855864874583233e+01,2.415760105206445374e+01,-1.746586847097263373e+01,-2.244160450037580912e+00,5.314669719917783475e+00,-1.601633695543706892e+01,-1.314366336901583132e+01,-1.124229914327849400e+01,-1.052428336952292653e+01,-4.998523774187201951e+00
6.284492763393100923e+00,-1.411107933910657364e+00,-1.048752973061158755e+01,1.331580973762014253e+01,2.879131130713112796e+01,-3.718454104889424183e+00,4.645179515803896209e+00,-5.741681789297033989e-01,-1.994069639857531229e+01,6.772138770553318921e+00,1.046291995837014266e+00,-1.358714625689328059e+01,-7.891516227954878282e+00
6.089789671801891124e+00,8.262784644843875759e-01,-4.851983069588057695e+00,1.539613836513936640e+01,2.402065709521414405e+01,-1.129918669833260836e+01,-2.069742845210558457e-01,-8.741743361297315218e+00,-1.382327652944024798e+01,5.391730035000245280e+00,-3.196778423961226245e+00,-1.380929035777382197e+01,3.141791830837158961e-01
6.000629162208475975e+00,-5.815370792948925116e-01,-5.059086797096406407e+00,1.530542554143550760e+01,1.980303608811989946e+01,-7.673930477147902884e+00,1.255736959245346895e+01,-1.944108505250529972e-01,-1.367543708202699904e+01,7.620085589352479261e+00,-8.878910988370097845e-01,-1.274552990655543461e+01,6.723420042721212075e-01
6.066955625004213815e+00,6.778360951761940034e-02,-6.314214468094954569e+00,1.261277009254208537e+01,9.461584691657503043e+00,-2.112744470102299132e+01,-5.279711471539607182e+00,-9.359893393692569674e+00,-1.490200325800531189e+01,1.780619583661550598e+00,5.466993161567569537e+00,-1.030942630430256246e+00,-6.895644758212857717e-01
6.161431258249161935e+00,7.094994252346009667e-02,-3.308996743092606607e+00,1.222967318286578653e+01,1.038109981853170716e+01,-2.222621900438377907e+01,-9.026086617263745282e+00,-9.532595954101692470e+00,-8.420821716856483619e+00,2.554771556830091939e+01,1.655486181528393530e+01,9.393040132989010971e+00,4.432831278990069457e+00
6.311279113588667222e+00,2.685608033356686075e+00,-6.983991880392578899e+00,5.673727057930888940e+00,1.785514581919774635e+00,-3.076736392438713708e+01,-8.253662735026097153e+00,-9.244468364420217910e+00,-1.639449490839966117e+01,1.248113053465205091e+01,1.086698104917369889e+01,-2.734078249133853333e+00,8.120290791566520117e-02
6.131533025376647572e+00,2.645895539776852434e+00,-7.381411440559812576e+00,5.835149835660175199e+00,-7.227661955402161498e-01,-2.628703984810287153e+01,6.862287726928789633e-01,-9.324966077000039988e+00,-1.823082870303521119e+01,3.150421071696490216e+00,9.385881391678104535e+00,-1.371681771298209451e+00,7.894009421250033576e+00
5.736328178092745311e+00,-1.551321078638083995e+00,-9.448491917206766288e+00,6.412269194010535855e+00,7.798906908011056238e+00,-2.217490534366208976e+01,-1.131052336587977880e+00,-7.673632985800924011e+00,-1.479734273496540808e+01,4.598193728020860682e+00,7.150127974887287685e+00,-1.451179155578844249e+00,2.337973824917446652e+00
5.853830726467535328e+00,-2.886037168303139389e+00,-1.181681964320042155e+01,6.797732154949453154e+00,1.222257730021567568e+01,-2.225910469824212967e+01,-2.984452527321032722e+00,-1.212981931749458298e+01,-1.588278055940001465e+01,2.964402397689477331e-01,-6.433003817942307911e+00,-6.271183476243741950e+00,-2.819729248746792316e-01
5.737029723715832752e+00,-4.075213278778723414e+00,-7.713088772593828857e+00,1.213187647370624056e+01,1.716131304238349387e+01,-8.495147084018967121e+00,3.232867383338525968e+00,1.911689958425338842e-01,-9.026476048394279417e+00,1.366715547601098146e+00,-1.002958250992796252e+01,-2.556445967815992759e+01,-1.254720632415526893e+01
5.863513280354159640e+00,-1.521959603027938646e-01,-7.716907981290964891e+00,1.299478625234593032e+01,1.972492201823353852e+01,-1.375763302635382601e+01,7.376401948420711285e+00,-3.425412148411687951e+00,-2.023998320249511096e+01,-4.460129815599688463e+00,-1.328489766244501347e+01,-1.695589423521532879e+01,-4.703818860089418408e+00
5.889233775497687340e+00,-4.815694410104494061e-01,-4.856207151590063553e+00,1.066616527683446769e+01,8.146512805203869334e+00,-3.176410762728366777e+01,-1.808303315822885438e+01,-1.724585485743905622e+01,-1.133677723642821000e+01,1.076676870448704193e+01,-5.273085190079794593e+00,-1.546160520541775796e+01,5.821716953405073447e+00
5.769529581565922882e+00,-2.498345635896670913e+00,-1.282397773352042236e+01,1.115202798876678614e+00,8.800636420480476119e+00,-2.141879046667094499e+01,-5.454580221310494359e+00,-5.328223672223158403e+00,-8.189413372001077107e+00,1.479216362172191701e+01,1.424164688140016644e+01,-4.469430177979092367e-01,1.081310019693884072e+01
5.943225506945132075e+00,-1.004020633642672777e+01,-2.102979978075411793e+01,-6.921008871739384283e+00,-5.367585686619176677e+00,-4.306046671199724329e+01,-3.291905314698307450e+01,-3.121511841103552243e+01,-2.765633553949146162e+01,-2.451182018979018551e+00,2.034848601125441192e+00,-8.815604667425272822e+00,-2.005800112935394175e+00
5.814259647789614682e+00,-8.662284293009806291e+00,-1.814141167024190437e+01,-7.963310162979219342e+00,-1.735133176868858840e+01,-5.016529032010377875e+01,-2.458666557423093479e+01,-2.333129003849012406e+01,-3.463347363845365834e+01,-1.074143421524996178e+01,-1.085099346494542694e+01,-1.613323127691253589e+01,-2.796335599064627253e+00
5.727444873069110542e+00,-3.107248246685531345e+00,-1.117778958303123282e+01,1.149801991602187989e+00,4.064291348590778341e+00,-3.254062572574616752e+01,-7.094634127102803056e+00,-7.484004477976236025e+00,-1.761990518622187096e+01,6.130829555065656855e+00,4.569929713360780354e+00,5.266617971396505560e-01,1.035446024675554533e+01
5.884445765468226952e+00,-2.013446482192577935e+00,-9.692684403471545806e+00,-1.083746569827005679e+00,-2.721651182911180022e+00,-3.688361863789823758e+01,-1.942875235290341607e+01,-2.057723169812524588e+01,-2.017585203057005216e+01,3.902060432959368330e-01,-3.567815400872286435e+00,-3.067627256180008644e+00,8.240605459752421424e+00
6.248582448750070739e+00,1.562464544714128101e+00,-7.817957227791555219e+00,-1.964940911981639449e+00,-9.985824470088136007e-01,-3.325814336131336546e+01,-1.777465714513320805e+01,-2.390929009306249142e+01,-1.647035843556510670e+01,1.056060842216530027e+01,9.267290089673389630e+00,9.257620144353900571e+00,4.940287342372251977e+00
6.201791238035198717e+00,2.045942945037587890e+00,-9.686637685703846756e+00,-3.156772320132102738e+00,4.267415146954199878e-01,-3.491708823219872926e+01,-1.588041092858143521e+01,-2.270366696681729834e+01,-1.978149259563113560e+01,1.071990018275741186e+01,8.575431386305554238e-01,-4.679870570254980322e+00,1.676052106186307400e+00
6.451114273686384237e+00,2.133657717176951518e+00,-1.094562038529131520e+01,-2.758603529738433924e+00,-2.272162474024273404e+00,-4.436354361961303994e+01,-2.075019622770662409e+01,-1.992443566219657214e+01,-1.833716177469938557e+01,4.278058955485614767e+00,-2.804054373106497078e+00,-6.446724696439543933e+00,5.228855111943874867e+00
6.536537341185792549e+00,2.096011689161690894e-01,-1.090766353977885572e+01,-9.061890761006976547e-01,-3.133352761810871190e+00,-4.598309011642138699e+01,-2.165780510875434928e+01,-1.646267355420788903e+01,-1.789818034110539458e+01,7.604322702273311307e+00,6.419248424723360991e+00,-3.426475084231202839e+00,5.203653793691990437e+00
5.821553409544925728e+00,1.109534385689011415e+00,-7.797050381119214002e+00,2.669017754121866481e+00,5.560206365497382563e+00,-2.292160376314507886e+01,-3.544328714975426120e+00,-1.248289782980687335e+01,-1.933445223997019369e+01,4.860716193237655247e+00,8.488995194699868740e-01,-1.291247697588677745e+00,9.706295749200030798e+00
6.334143554983393543e+00,3.384747326498737774e+00,-3.343617062498947412e+00,1.058312311024131702e+01,6.448501893206876723e+00,-3.069728880740833077e+01,-1.192091758569146442e+01,-1.942315567648763874e+01,-9.781907356690034305e+00,2.093016707960717682e+01,1.287709771267718750e+01,-3.406342877331807628e+00,3.054272756432822700e+00
7.083714209068408429e+00,4.873342637827994039e+00,-5.594340840037106410e+00,5.821585501272318552e+00,1.609211024768537612e+00,-4.250273191010144558e+01,-2.338541205453650917e+01,-2.350951555335511500e+01,-2.002573485350707827e+01,1.169704240239521198e+01,8.402343739992712557e+00,9.850074405630358854e+00,1.686606403045907854e+01
7.117586625086652852e+00,4.738852124609548078e+00,-6.234704052231001548e+00,4.084174090789046474e+00,-1.181569151729036316e+00,-3.507708314738456323e+01,-1.902156868314830618e+01,-1.678681032766466075e+01,-1.337222089896474486e+01,2.035713739243805165e+01,1.293568530625403845e+01,3.407019173637154452e+00,7.019614101595327504e+00
6.888617246446271380e+00,6.462870808356343311e+00,-3.015051868998175344e+00,4.673198258922015569e+00,4.383653481775684924e+00,-2.896171158442099625e+01,-1.403969446253250197e+01,-1.436599381582205304e+01,-1.086564827355155138e+01,1.041844166278752759e+01,1.477712425868849166e+01,7.504301632142148293e+00,4.857187795236014516e+00
7.465671671642486018e+00,5.751916057919634007e+00,-4.353300655014841425e+00,9.949416523583720640e-01,-7.797962319335614012e+00,-4.362293924197309991e+01,-2.710564629693978489e+01,-2.067015331632391906e+01,-1.117659401788616691e+01,1.201704288167342938e+01,9.389004277543371302e+00,5.520973142979610060e+00,5.222614500833007156e+00
6.886774042046845956e+00,7.858475025804684932e+00,-1.927715374445570395e+00,9.946179657831578425e+00,5.636321828212389029e+00,-3.190109346770193710e+01,-1.273465730660088369e+01,-1.794664921467098040e+01,-1.224203940314253991e+01,1.125780331493846198e+01,4.970572251445861234e+00,5.609879855794147829e+00,8.669402370383512135e+00
6.196230581891857270e+00,-6.725979127387941015e-01,-1.005409599137527543e+01,1.222141694689151681e+00,-3.258647804744917220e+00,-3.781159537425526196e+01,-2.599699935215492630e+01,-2.692488519556046001e+01,-1.620604950535085820e+01,8.517034040975019593e+00,6.322760544539928418e+00,4.935098509806776335e+00,6.548118390594466653e+00
6.406685131909598319e+00,-3.402996053828339362e-01,-1.238663389112590707e+01,-2.691085814014587463e+00,-1.428604562967365377e+00,-3.741854173741177192e+01,-1.294880818378349296e+01,-1.567960162256404644e+01,-1.773570643348792331e+01,7.603611146282117872e+00,1.218140910700917168e+01,8.649854742859915291e+00,1.014525425209427212e+01
6.154085297227525508e+00,-1.949865084180517849e+00,-1.216450525784891035e+01,3.057568097897132464e+00,5.627920805798034998e+00,-2.746712311959759134e+01,-1.018340769348378672e+01,-1.571958483672541540e+01,-2.293892569337096177e+01,7.068414882359266294e+00,4.847957727032408570e+00,-5.578259019002523189e+00,1.459139280609922373e+00
6.075721773168384132e+00,-4.917160763052977224e+00,-1.603186876261074190e+01,-6.761410999249085618e-01,7.891309740694983921e-01,-2.771277268411582995e+01,-2.358139492131027914e+00,-9.057006417861543923e+00,-2.806263730726812256e+01,3.261912047104359225e+00,5.327257938602492082e+00,-2.490301368316807817e+00,3.895645504972884421e+00
6.047774488493877776e+00,-5.042939546234851633e+00,-1.712112950660443289e+01,2.481470827306059945e+00,4.920770282995330369e+00,-2.550113340259905925e+01,-1.005634405089664973e+01,-1.908016833951482738e+01,-2.032122102778125239e+01,1.031439323556148935e+01,5.407925177238960934e+00,-1.002639460543557171e+01,2.383360910306075109e+00
6.155139057810043113e+00,-3.338181375890643565e+00,-1.559978765763916719e+01,3.023096687857048881e+00,8.820948344634194527e+00,-2.061198646223446218e+01,3.789821599583451661e-01,-4.612240803085466467e+00,-1.326342706802777016e+01,1.887335278391395121e+01,1.584266262921482848e+01,-5.957158713520614768e+00,1.048904364547006374e+01
6.007167541284244905e+00,-7.051296816046697558e+00,-1.822018656339773202e+01,1.906785801678170911e+00,7.598212665091536699e+00,-1.641626823091669962e+01,5.230468102206171643e+00,-1.294923626452003873e+00,-8.273058433633512010e+00,1.973136593541206096e+01,1.116084646888092635e+01,-1.008603449458559176e+00,1.126821316466239864e+01
5.810545200117572584e+00,-6.192672878796082969e+00,-1.298879680253494762e+01,2.793009297537176305e+00,-4.991665630460617731e-01,-2.582455348119046690e+01,4.222857887130118115e+00,5.651450434524933009e+00,-8.523088335921137570e+00,1.014155170447266663e+01,1.152321451163716048e+01,-4.335712394557020843e+00,4.785628736888393742e-01
5.853890059702102633e+00,-6.845781518881270955e+00,-1.615892522046371838e+01,3.477734680728677308e+00,1.207267930042160486e+01,-1.846037467174980407e+01,6.096315632178932908e+00,-2.361270470510749675e+00,-1.424714517854645912e+01,7.399295035734348325e+00,3.219307744329949816e+00,-4.952609680421630856e+00,3.265977869588381766e-01
6.751947713475503932e+00,-8.560638300653174326e+00,-2.478107515436094488e+01,4.708169858061000745e+00,1.281570894077273692e+01,-2.182589066613647333e+01,1.058893862745556547e+01,2.674526206147209262e+00,-1.352478610588680752e+01,6.333745271003530242e+00,-8.481450673553982966e+00,-1.572038854231762706e+01,9.005853978719928321e+00
6.574033684467713634e+00,-1.078514640048346962e+01,-2.299923155108411166e+01,3.461358997733196219e+00,6.812697405628715508e+00,-2.926871099463561876e+01,7.922321037369040475e+00,5.128591197318459471e-01,-2.173073667813230614e+01,2.153010793462835082e+00,-8.637941048160081792e+00,-1.716667731324251633e+01,1.044433981472246131e+01
6.090329905451084436e+00,-7.725910608231973953e+00,-2.265126896554293268e+01,-6.856998323012241103e-01,3.684352819158822179e+00,-2.413777818690980581e+01,8.018444816714866974e+00,-2.890981042048903049e+00,-1.141475179564267606e+01,3.225121235744702108e+00,-7.586892553341996470e-02,7.555726225380374750e-01,1.749157506579121346e+01
6.103871030409616871e+00,-9.236076316912733120e+00,-2.419377943770887285e+01,2.008501085093965521e+00,1.508973772326173268e+01,-1.623010034804897117e+01,1.615746663611211886e+00,-5.810835531070341453e+00,-1.941276530323498406e+01,-6.305841513963531542e-01,-7.656920594410975944e+00,-1.363553852566059810e+01,1.081635904772385182e+01
5.692931107835768501e+00,-8.712230795618287615e+00,-1.460098602039931315e+01,8.619314506574525581e+00,1.626342780051775705e+01,-1.579200629604240547e+01,4.030062949690969454e+00,-1.039026934181188189e+01,-1.225246942058929278e+01,1.589633251693299343e+01,2.747558074744837153e+00,-2.452624591959334133e+00,8.593656769169891518e+00
5.521125646821441357e+00,-1.014483726551287823e+01,-1.454175771567946107e+01,8.410806743916351635e+00,1.039921213554174351e+01,-2.060400383003146274e+01,-4.328308845462060184e+00,-1.045841504365704999e+01,-1.326306772985609683e+01,8.742061317542814791e+00,2.151374406013004226e+00,2.622945248886023872e+00,1.734266413313848432e+01
5.887228291268773006e+00,-1.062056342182922108e+01,-1.909727719279813840e+01,2.842026230680104071e+00,1.238259629407911788e+01,-1.851578451884551058e+01,-6.183480472005298267e-01,-6.977389257159315683e+00,-2.072022559602960001e+01,5.296055528694298076e+00,5.892589047191441054e+00,-4.086281153394999421e+00,1.065681827894234956e+01
5.745408906779748470e+00,-1.232530223630334909e+01,-2.315746812399862620e+01,-5.419246603672835505e+00,8.534422244225700283e+00,-1.858341690024591131e+01,-3.764109195445157319e+00,1.256554852254532451e+00,-7.520593269735658559e+00,1.097352941362898804e+01,6.285846229432547005e+00,-1.819145972974104408e+00,8.054637779607899617e+00
5.925969511364469255e+00,-1.497997284648275773e+01,-2.630814107468341589e+01,-5.961954832749247757e+00,7.516685402855285858e+00,-2.092038685589209379e+01,-3.228091584376114320e-01,2.113780861313702825e-02,-1.581671965949597869e+01,1.180333136443692510e+01,1.411487403387020123e+01,4.071668821490974643e+00,1.578139804312608252e+00
6.119561737174065819e+00,-1.078474603345867600e+01,-2.461316016814309648e+01,-4.362378828051820534e+00,1.600194086152060180e+01,-1.275424440497630307e+01,1.300860163266901104e+01,1.394561083405674928e+01,-1.130010953067072244e+01,-3.273752825650045217e+00,4.852328059325793141e+00,3.191367770026159789e+00,-1.437985390482306863e-02
6.114549124947848746e+00,-9.656344705634655412e+00,-2.179721145831767259e+01,4.985132274514921136e+00,1.795423804499791842e+01,-6.489523717269200631e+00,1.473781949158024496e+01,7.025260631112791643e+00,-1.285763819119857132e+01,6.799827154772713378e+00,6.992562961416323830e+00,1.127438598824792804e+00,-1.671624594940614550e+00
5.982180032206421139e+00,-1.029974932658281084e+01,-2.359851408920813398e+01,-2.714589819670608861e+00,9.509362413105501233e+00,-1.927336315488441087e+01,1.381847131262621708e+01,2.502220978969569298e+00,-6.738070920813425957e+00,1.093709940086903387e+01,6.538748566344964708e+00,1.380127177941711691e+00,3.084347097055813780e+00
5.859514810372140836e+00,-1.183997803662892245e+01,-1.901354110490799343e+01,4.330701043828434571e+00,1.420116498673206529e+01,-2.163340029425271638e+01,1.276060164404538400e+00,2.935826234389985245e+00,-2.127323098968184212e+01,-1.343822412600386684e+01,-8.409157685612834499e+00,-5.413188577049322880e+00,5.519153766656164528e+00
5.784846883772710058e+00,-1.227314430669020240e+01,-2.465377539854134170e+01,-4.661651943684898214e+00,8.021662632862028630e+00,-2.184818296773874380e+01,-1.514388824549143919e+00,4.542457816798967762e+00,-1.449546617628926981e+01,-4.823647876873264906e+00,-4.420643153102733258e+00,-5.427978676300869942e+00,-2.920413334293808560e+00
5.660158177495348220e+00,-1.387119215182434573e+01,-2.197131188406627800e+01,-4.405727927692720591e+00,2.550569619739155858e+00,-2.442607542944065457e+01,-7.166193942856210697e+00,-4.891625858377441460e+00,-1.619474409415052918e+01,-1.334493174208678923e+01,-7.671193107552948476e+00,-1.083044642695072035e+01,-7.684822611151536087e+00
5.676147016380904020e+00,-1.452263397434855996e+01,-2.271592753602860881e+01,-6.952214750573904034e+00,1.280547975696310958e+00,-2.181452346404662634e+01,5.456462493913974976e-01,5.924879100955957156e+00,-7.632816687488722884e+00,2.571833192734768403e+00,1.591716926332081172e+00,5.854976496739099368e+00,1.146341883733115452e+01
5.514271023815529027e+00,-1.122887446496608810e+01,-1.830153686605644836e+01,-3.753449210100833433e+00,4.010268935353952457e+00,-1.737702045449061927e+01,-3.498310467307610860e+00,-2.917211971821820904e-01,-1.274752091154604905e+01,9.884251671483449186e+00,7.627803240899035941e+00,1.041807216990518814e+00,8.914859103212791069e+00
5.526856157658516899e+00,-1.102496436593926354e+01,-2.058781127223563701e+01,-4.123154829869466909e+00,1.361132348199294073e+00,-1.473224283853865124e+01,8.100952553471535422e-01,-5.879226601654217177e+00,-1.228185981231964341e+01,1.396643933942459226e+00,9.283891634659150682e+00,-3.092800549943091504e+00,7.609677067787401050e+00
5.423185052255907301e+00,-1.111541294380699796e+01,-1.530633715842477649e+01,-2.475854151755548127e+00,4.796847564903567118e+00,-1.778229703198583067e+01,6.052495617015241081e-01,-1.742959962543484620e+00,-2.218240764293090450e+01,-5.270129820987040858e+00,-6.573177047394203498e+00,-1.856263391127036044e+01,-8.917110651722396142e+00
5.667346248561880628e+00,-1.214651519866489515e+01,-2.188966235585748166e+01,-5.737446205541979261e+00,6.509729258889235481e+00,-2.098263395697144063e+01,5.200581655009022253e-01,3.510994799093181573e+00,-1.124001966769939287e+01,1.112395019951389230e+00,5.238712013373752363e+00,-4.823846161887680672e+00,-3.000095702044525137e+00
5.571317936846789998e+00,-9.773925819831273287e+00,-1.779063529687969236e+01,-3.460685497056207094e+00,3.246048345127640289e+00,-1.381638942145809779e+01,9.694591061373618146e+00,4.837788091338235397e+00,-1.413701672662042164e+01,4.699494982779587104e+00,1.070650278491944274e+00,-4.324216449625358116e+00,-1.938330359467661523e+00
5.414049844650346444e+00,-1.253416886030691657e+01,-1.231760167885072299e+01,7.031272336053871364e+00,7.071733734147398920e+00,-1.354785386600233288e+01,5.698142377920095702e-01,-8.968157228429246786e+00,-1.714176293974567855e+01,6.455904714712013437e+00,2.305423314793242362e+00,-2.633040166775303170e+00,1.063849847070719079e+01
5.117071877460504403e+00,-1.192533593870940223e+01,-1.265063626900777116e+01,1.274870373742088780e+00,2.723787225751383989e+00,-1.443318885627620141e+01,5.307567542785498915e+00,-7.700833310470854842e-01,-1.560051073506528141e+01,-2.744949662031169968e+00,-1.215813689874891246e+00,-3.324118771370753400e+00,2.429738924039519965e+00
5.503306673829328588e+00,-1.490284640227089241e+01,-2.088304667024157624e+01,-5.562271665215606786e-01,1.217041272175225730e+00,-2.062127292200337081e+01,-1.040473537670723125e+01,-1.665060134847134776e+01,-1.701148504071691292e+01,-3.889442453810769251e+00,-4.005700344551623715e+00,-1.583494309600106176e+00,-7.194819376355552798e+00
9.325299894504452070e+00,9.191014025121100772e+00,-2.331240403379717208e+01,6.835600664468159948e+00,1.358659044197246324e+01,-1.009451889903604993e+01,-1.722841399090358294e+01,-2.603282600486439691e+01,-9.463050600665059986e-02,1.349118083588946426e+01,-1.583461998347802435e+01,-8.418895711069520615e+00,1.914707082092364843e+00
1.759567410378516428e+01,3.027262504876679117e+01,-2.844248666706617001e+01,2.417643597293110602e+01,2.938707973840645593e+01,-2.410698268322676796e+01,-1.148086482245048678e+01,-3.561995088447184088e+01,-2.275352927861860053e+01,1.968606038465572183e+01,-1.327440658609086377e+01,-1.683456726466251441e+00,1.224054840719685977e+01
1.854133356515516340e+01,2.326709897844092723e+01,-1.535984810640480624e+01,1.192311907792361048e+01,3.811724014372614544e+00,-2.362916728177477665e+01,-9.666577162471799767e+00,-2.979988854865453973e+01,-2.061878482426052628e+01,7.159783803536701186e+00,-1.913465726693599223e+01,-1.164798659566872630e+01,5.814513524072385309e+00
1.827448949980116666e+01,2.576757602061801933e+01,-8.896452728169860436e+00,3.454599191847579931e+01,1.632132199234233383e+01,-2.122433507338296721e+01,-6.726319910725400142e+00,-3.115340689703944577e+01,-2.254068986383068562e+01,6.389121357707166382e+00,-2.312676027415364644e+01,-1.681305975596129798e+01,7.009756110476369706e+00
1.738210166362135922e+01,2.772288435890324010e+01,-3.275142891789457167e+00,3.408481348602809646e+01,7.995874833516882774e+00,-2.648252303516417427e+01,6.105020327387855161e+00,-2.426720145270098072e+01,-3.267255555502883624e+01,1.080187473290961186e+01,-8.429189186898039310e+00,-1.745084588477870824e+01,2.987739163481547777e+00
1.690555493646395746e+01,1.388864715204913303e+01,-2.848621869824473407e+01,5.454422264487762817e+01,3.351450723371286688e+00,-1.488617570081567898e+01,1.350074459960936935e+01,-2.424624316053766293e+01,-2.909065408215857929e+01,8.590695385661234695e+00,-2.528575904372378247e+01,-2.823469400609375057e+01,-8.450985133606620181e+00
1.789919295333204730e+01,-1.032276886862674026e+01,-2.288074443446310724e+01,5.090510572586789095e+01,-1.198436651408443465e+00,-4.394241088803910600e+01,1.626017445078519685e+01,-2.102649693663091313e+01,-2.413914811090928936e+01,2.266101341574725581e+01,-2.361555088633889454e+01,-1.734201584835182786e+01,1.278665372544777412e+01
1.785718416262205466e+01,-1.139472015391184812e+01,-2.306792489569395599e+01,4.236751882159337868e+01,-7.753691706580416287e+00,-2.665033821136357872e+01,2.453492869618249728e+01,-1.092406358483762041e+01,-1.098839721724402274e+01,2.446178661813794264e+01,-1.414672344811784122e+01,-1.559709352985250241e+01,1.063703564249771283e+01
1.787898524756456098e+01,-7.892579583673676069e+00,-3.072001217008221374e+01,4.265254557746768427e+01,-1.595546082632491469e+01,-3.806862626943237160e+01,2.421053982170218788e+01,-2.618861382357725986e+01,-3.576505334616150122e+01,1.446109377929962925e+01,-1.833467438917726255e+01,-1.337205794892937050e+01,1.317661732783299300e+01
1.757993873730899281e+01,-1.269481703898376068e+01,-3.741622051256889847e+01,3.811870613239626948e+01,-1.278784183710455480e+01,-3.318125784671766354e+01,2.670933216045912673e+01,-2.611106067616380955e+01,-3.055985889122541010e+01,1.729676127281470244e+01,-2.699603416329320993e+01,-2.114938675307191218e+01,5.520066874366622578e+00
1.788136772713023603e+01,-1.424771562003593495e+01,-3.400740450571495899e+01,3.499475684370415962e+01,-1.569748144332268325e+01,-3.057227272443961397e+01,3.313872895869826607e+01,-9.486561797495919990e+00,-7.125920582819782467e+00,3.618362709452525650e+01,-1.988283547558591025e+01,-2.627038434880146056e+01,7.469879206810897010e+00
1.781492849110453136e+01,-1.062801427280598254e+01,-3.990258201037839569e+01,3.310302756480292175e+01,-1.905277106328024317e+01,-4.349866290238257704e+01,2.436436477862841699e+01,-2.762413966137818377e+01,-2.488154486114026298e+01,2.923905660596765799e+01,-2.259430794743073179e+01,-1.622420189488929765e+01,1.563120511214140329e+01
1.800805700608968962e+01,-2.025880964617503111e+01,-2.617891557019111914e+01,3.111006951338795190e+01,-1.759529093283883228e+01,-2.747441648234136835e+01,2.093119017989164377e+01,-1.689394523393654168e+01,-1.446608808046401506e+01,2.050721507379250141e+01,-8.278392519909628433e+00,-4.906921387647461330e+00,8.316122723492069824e+00
1.757365800511566789e+01,-1.522199799643834517e+01,-3.773312126102082686e+01,3.169808775298633208e+01,-1.249639465392318449e+01,-2.740461318673328961e+01,2.638484653581434713e+01,-1.901747470550812480e+01,-1.503490033968033046e+01,2.558418037622568875e+01,-1.589386867957162508e+01,-1.090756363473436608e+01,1.335993240218168054e+01
1.797050870490843621e+01,-1.618808384780169973e+01,-3.283724631091599377e+01,3.180150985038617151e+01,-1.135121919761005316e+01,-2.070029882049591308e+01,2.815319290171157363e+01,-1.548790315732539824e+01,-1.894833077956059242e+01,2.079453194012473105e+01,-5.003687378504811711e+00,5.192493421241730633e-01,1.551970776092161408e+01
1.773839551413083271e+01,-2.634367511935598483e+00,-5.125675490700665193e+01,3.449532172805401586e+01,-2.013423065897416109e+01,-2.466319080369931172e+01,3.268687995664731005e+01,-1.855647805700494857e+01,-1.775356439123719099e+01,2.757591527481021032e+01,-9.695179837617741825e+00,5.205548788996376075e+00,2.081933293967803067e+01
1.727067943588106047e+01,-8.247589645161248484e+00,-4.777221404701766971e+01,2.173486383812123179e+01,-1.954480444964954700e+01,-3.297712755455449951e+01,2.606355370101254110e+01,-1.033447978847016380e+01,-1.143102371607746903e+01,2.135075105679349150e+01,-1.639186313430798947e+01,-2.038905512343268001e+00,2.551009770116067443e+01
1.587576636800048568e+01,2.273614820048493357e+01,-4.733156168742819858e+01,2.509002491083530373e+01,-6.304414446842137032e+00,-3.474421929869606629e+01,5.769240380360369375e-02,-2.709696046730112684e+01,-3.161798966765753605e+01,3.630728969538764339e+00,-1.979843158807880243e+01,-8.702479924981687986e+00,1.507816624473180944e+01
1.536905579057538240e+01,3.515252708021584738e+01,-4.005788353200348695e+01,3.280692197960203060e+01,1.084858643097089903e+01,-2.030517543010397219e+01,1.040169911026780092e+01,-4.107953126774658159e+01,-4.616972330669999991e+01,-1.225472730237179286e+00,-5.056626604638484679e+00,3.605317229403079082e+00,2.501352227828958164e+01
1.353218613137914517e+01,2.613222329586770343e+01,-2.586659745660229603e+01,1.333658696408143207e+01,-3.853820763990817078e+00,-2.717153651508096956e+01,4.240688750777873217e+00,-3.265282575507312401e+01,-2.168222161916575885e+01,4.179254836831121978e+00,-2.125557521413633921e+01,1.212416499254910818e+01,3.648395659573179017e+01
1.121847561546795546e+01,1.325761277231161550e+01,-2.724977463818305878e+01,7.986504321937447415e+00,-2.667847697250139483e+00,-2.390461074250982065e+01,8.873858535825354110e+00,-2.450421479287813398e+01,-2.462574428646974312e+01,1.008034584559583458e+01,-8.816413259151168802e+00,1.007284051853637763e+01,2.804989750481659883e+01
1.171684290206099988e+01,1.731849407631795046e+01,-3.481580790699389638e+01,1.082985332383898758e+01,-6.069570877295872080e+00,-2.249110060348306206e+01,1.997397757317375877e+01,-2.147900991381779079e+01,-2.510892906128485791e+01,3.012349399809377992e+00,-9.526328259410620447e+00,3.367575710178279280e+01,2.298949349779773144e+01
1.569857501805173605e+01,2.978620539999807093e+01,-3.775430400066701964e+01,-1.011601708616408324e+01,-2.422586008128198642e+01,-2.804396232986492521e+01,-2.260134366501509895e+00,-3.157835285138419579e+01,-5.474382421990776848e+00,1.302781407386408041e+01,-2.562405779763153646e+01,1.580466666367886575e+01,2.922474804820569361e+01
1.679661754428752474e+01,1.772702150156483825e+01,-4.455802091005586618e+01,7.243337975403012940e+00,-3.206653601450895508e+00,-3.489658911497079430e+01,-2.558274295276592891e+00,-3.531964554122510691e+01,-8.165269565354277503e+00,3.816154884307953665e+01,-2.648698255549135183e+01,-5.712765456907057171e+00,3.287424996277559330e+01
1.818113228229168499e+01,3.993717120433012724e+01,-4.807831530045574198e+01,3.278694687241556771e+00,-1.504216177800037002e+01,-4.240805583282692481e+01,-4.069639602439453219e-01,-2.011533462521283155e+01,-6.473434348462266286e+00,1.522872164785086468e+01,-1.626600268891951728e+01,1.375962267474290002e+01,1.810763027310974138e+01
1.834818016938019980e+01,1.660932054059116680e+01,-2.161856130276937904e+01,-1.151615829264593316e+01,-8.860918322905183331e+00,-1.698851615285860461e+01,-1.580260498140298431e+01,-1.478260217481803451e+01,1.980553455585200018e+00,5.798878579875439421e+00,-1.204182266582132010e+00,1.665372142759718344e+01,1.485199853002364812e+01
1.766221958002153514e+01,1.933334023682960989e+01,-2.191282123436388218e+01,1.133628079625139895e+00,-1.042787920334784779e+01,-3.784209542104019164e+01,-1.583100223668403395e+01,-1.989092385853444966e+01,-1.451090791332677732e+01,6.151501733605293509e+00,-7.628515900537891525e+00,2.262120980248170099e+00,1.144071055171306206e+01
1.747735519128908521e+01,2.481497392290236803e+01,-1.552177805012513190e+01,1.328411368459812003e+00,-5.432779471194930210e+00,-3.182526280991893941e+01,-2.313413391926955498e+01,-1.618651049940845610e+01,-5.448101168582883957e+00,2.498504482746409572e+00,-7.518304364056830558e+00,-2.761441149354738833e+00,2.386116135861380549e-01
1.699596672308855005e+01,3.586717788474152258e+01,-2.218900616839508189e+01,1.109915622853707484e+00,3.730293053647824042e-01,-3.984052918164234569e+01,-2.509015360256422866e+01,-1.505040133748240727e+01,-9.616823836691064997e+00,4.681944727239977233e+00,-2.736857317240455778e+00,2.326564295869806287e+00,6.840434004278846736e+00
1.610697898968713915e+01,2.227588850702089474e+01,-1.203168562464594027e+00,1.449615248641980614e+01,2.038022135089678955e+01,-1.152874491942017521e+01,-3.072502512510363104e+01,-1.933249488069735733e+01,-7.686368490993143787e+00,-9.581434202392893340e+00,-1.311191553226165851e+01,-1.319388399921947119e+01,-1.037607881691721978e+01
1.636102042813657675e+01,2.576955186412516241e+01,-8.116792633590894646e-01,1.075595807799432890e+01,1.994863889443426430e+01,-8.886561953836654482e+00,-2.680686600015691212e+01,-1.286859359438689765e+01,-3.574644373246885110e+00,-1.480516417401447349e+01,-2.077479664365814571e+01,-1.356658674715645319e+01,-4.295157043605401626e+00
1.612829659352667022e+01,2.653030827860237650e+01,3.385167041204413252e-01,1.384953065970998942e+01,2.516770593497836828e+01,-8.918165274187655811e+00,-3.503836381279811718e+01,-1.430981949806315612e+01,2.444574378767327083e+00,-1.560825424108351989e+01,-2.390883696836019823e+01,-9.133887859133629661e+00,1.561604257618905089e+00
1.560656763696683313e+01,2.171396855669406634e+01,-6.489573733734571803e+00,3.531105422626133361e+00,1.257605150008497219e+01,-1.712967609835264327e+01,-3.492980632164818644e+01,-1.873593744543518014e+01,-1.040408404192230485e+01,-2.251997915330235500e+01,-2.332666147866274287e+01,-1.093853689068291857e+01,-5.891850780522224440e+00
1.541959476473827806e+01,2.403885087412130162e+01,-4.392813583563577318e+00,9.564000062063087171e+00,2.023437294934786479e+01,-1.043828336989863459e+01,-3.152535916293433260e+01,-1.740820792931611649e+01,-1.214671673352750503e+00,-1.687965620706205883e+01,-2.969927077666931581e+01,-8.594033801269082673e+00,2.122022164055243909e+00
1.527299262202861385e+01,3.058947598744277485e+01,-2.328092177753414482e+00,3.078234511398070694e+01,3.509221492002468779e+01,-1.426903582080876021e+01,-3.434044558230039712e+01,-1.769233779553700714e+01,3.746639390601032460e+00,-3.763319229349878725e+00,-3.075631751050463691e+01,-2.135565079336640792e+01,1.442665791715437296e+00
1.515182725982223566e+01,2.564351453660376379e+01,-7.934719018020631509e+00,4.909156286248871126e+00,1.890943120686678114e+01,-6.796557903821902613e+00,-3.058242330954732324e+01,-2.276774003425031268e+01,-2.105503756362237411e+00,-1.000950032285324731e+01,-2.890241549565909551e+01,-1.670674178742703475e+01,-2.814509103730874262e+00
1.497232589698686134e+01,1.478738686727701968e+01,-7.346631506896033059e+00,1.704258679709426616e+01,2.504855681603493167e+01,-1.416842322692896339e+01,-3.518608101894726303e+01,-1.628099062065333769e+01,-3.933700306767250243e+00,-2.378768448392368029e+01,-3.475042197867617233e+01,-1.292026757080236798e+01,3.836016033228694777e+00
1.480376280596596850e+01,1.200100263009411172e+01,-2.043659438756029800e+01,-1.523814914610732263e+00,8.762512081322880064e+00,-2.212710517346997463e+01,-3.640073791953109605e+01,-2.327189023560406511e+01,-1.732905955083828076e+01,-2.471713115793813031e+01,-2.352764253868872046e+01,-8.599906592790551585e+00,-8.069523436115928483e-01
1.453111809553391431e+01,4.624593375405906670e+01,-3.958775910020037969e+01,8.146328841941832266e+00,1.788695222490599335e+01,-3.298984477172144381e+01,8.720434154781933955e+00,-1.710257211063931138e+01,-5.536864511717482173e+00,1.354393856756050418e+01,-2.783853029692264869e+01,3.348650062597462451e-01,2.089432397000782871e+01
1.443790802985713206e+01,2.583933008366028261e+01,-2.391026426088420820e+01,2.351853441414925694e+00,1.109202248310360694e+01,-1.550322613666228477e+01,-2.442840224781171743e-02,8.152640988554079371e+00,-1.128532071346470467e+01,-2.117387643576589440e+01,-1.686327442380989439e+01,4.535001556252260535e+00,6.935739414006664383e+00
1.448325356412536280e+01,3.941130273615835478e+01,-4.917821479532906181e+01,8.035487551858032873e+00,6.382908998134959155e+00,-4.160664016320500735e+01,1.813440232884314085e+01,-1.264843685655718364e+00,-5.732888338326192823e+00,4.570766314083464010e+00,-2.966060081730823583e+01,-8.060340531082815119e+00,1.440244229586215141e+01
1.386908532394573434e+01,1.650392255292817367e+01,-2.150270966077595958e+01,9.035011310923932726e+00,4.902438889727459781e+00,-3.674468899245519538e+01,-1.968362768591109457e+01,1.226988594386677356e+01,6.232860462834694637e+00,-7.057047698120109125e+00,-1.087215204279166514e+01,-8.727182765071288983e+00,-7.085280660278285403e+00
1.371469748203445249e+01,1.761576171821487335e+01,-2.929652072939298435e+01,5.472711484626139544e+00,6.166020018849873274e+00,-3.763377830845057304e+01,-9.804918929147097728e+00,2.137419917673684466e+01,6.650576415512083450e+00,2.319667397875420534e+00,-9.067542677228874748e-01,-2.775578497364575181e+00,-2.143447333370611219e+00
1.349181177924440433e+01,1.909927551406729407e+01,-3.654453429885568028e+01,1.139084197431359247e+00,-7.631951575804950316e+00,-4.512345861054419061e+01,-1.001295775853362002e+01,1.815457441400295835e+01,1.193117694180902788e+01,-6.767395063295063018e-01,-1.633670363234650935e+01,-1.384630938967411140e+01,-7.880072109444260953e+00
1.235940957028578779e+01,2.946738631223511362e+01,-3.251011433220896407e+01,2.535954830580962938e+00,-1.567140429978749916e+00,-5.932718946030136209e+01,-5.643426239762484586e-01,1.103413657432288097e+01,8.951192853054809717e+00,2.203001560648874246e+01,-5.115505398039116081e+00,-1.442741604727477345e+01,6.804344668223082593e+00
1.253724362220833299e+01,2.494270901551332287e+01,-2.404966975657739425e+01,-2.691056098839424315e+00,-1.057995979929713393e+01,-5.127788921345823780e+01,-1.436885396063423848e+01,1.533200677628867581e+01,1.659579080350863478e+01,9.129007558697376012e+00,3.665996160910501622e+00,-4.467724558336943375e+00,4.343377171253376190e+00
1.179144966065690703e+01,2.616419267565309781e+01,-1.798824770736211320e+01,-2.643856624830052682e-01,-1.247356703743182038e+01,-4.992649089571698084e+01,-9.004853611358987209e+00,1.207219037879605317e+01,-1.044704613452534181e+00,7.193487947993815190e+00,-2.472565739051296063e+00,-4.241732028909948049e+00,6.453994695749733168e+00
1.145170349735472648e+01,3.158696045374972883e+01,-1.685837380443127032e+01,-1.569916419257284090e+00,-6.845808819030761327e+00,-6.369170776806583234e+01,-3.050694821674376084e-02,2.253571756284527439e+01,-8.808622925638866619e+00,1.814816498009557133e+00,-1.405630039925006436e+01,-1.450397908246084988e+01,1.178345168330336001e+01
1.181179906010336289e+01,3.139863407533344741e+01,-5.261635931641399644e+00,1.245163749910627971e+01,1.322279777357839770e+01,-2.405445334138804014e+01,1.199580765372151347e+01,1.348688857928811125e+01,-3.371116575206554722e-01,2.122948126033745808e+01,-3.836672962216073124e+00,-2.079448684155374139e+01,1.273862448948342418e+01
1.545086080091339475e+01,3.242123739491547241e+01,6.245136217584367877e+00,5.606852712457571997e+00,-1.720092607796523154e+01,-3.877575283746691781e+01,-1.751340435093193904e+01,-1.140941648256603891e+01,-9.016670775201959032e+00,5.740858925520351264e-01,-2.250837413213683291e+01,-2.619805213135268929e+01,-4.213911216435332285e+00
1.630064965881027206e+01,4.032493379272473533e+01,3.730142790756792337e+00,1.086387010746666704e+01,-1.135100902420418123e+01,-4.345564677616707172e+01,-6.524978819787616402e+00,-2.975208573926687805e+00,-1.084552854430820190e+01,1.741548524377611784e+01,-1.044067314423129034e+01,-2.300436377784183151e+01,1.445240603301031435e+01
1.633650504847799567e+01,2.644249666835371571e+01,9.948903754813525069e+00,9.112609465665745034e+00,-1.350885126216096488e+01,-2.750602009690060612e+01,-7.809660018218233191e+00,-8.970903572458231778e+00,-6.828364560598954469e+00,1.305385069606731818e+01,-3.023063159780701614e+00,-1.252208724879197632e+01,8.801065742792562929e+00
1.659933840594195331e+01,3.086698516210225307e+01,1.084559181826247354e+01,6.230092924720438852e+00,-1.573853820876410659e+01,-2.190134444722817975e+01,-4.351954424816560696e+00,-1.164711797857530406e+01,-6.331646449211911332e+00,8.717994231939547589e+00,-1.156407883709387541e+01,-1.352589185654000481e+01,7.891097834796352295e+00
1.672710854377072920e+01,4.662658475760765953e+01,1.152786478448144081e+00,9.935263445845601282e+00,-9.613712261650325885e+00,-5.066000793023621895e+01,1.492630205657912379e+00,8.924294119036307649e+00,-2.245898031244107784e+01,1.116721026993600674e+01,-2.224929843145088171e+01,-4.023414222714544053e+01,2.992108984051765930e+01
1.632968758510270391e+01,3.487091793248603011e+01,4.285000037340632950e+00,1.091551223630539447e+01,-1.626641866976970974e+01,-3.345444012902643038e+01,3.225498191123293168e+00,-6.336424583946877576e+00,-6.841986501693252620e+00,2.444347654150984539e+01,-1.775782333997474183e+01,-3.099996387562733702e+01,2.329569612231851750e+01
1.663192218222416585e+01,3.740524947666506961e+01,8.532428292203581677e+00,6.968155811574400005e+00,-2.696903280309293294e+01,-3.474528210679137175e+01,2.680638814125977376e+00,-6.216574719682061101e+00,-9.661137687442343136e+00,2.780978568794084005e+00,-3.368984859540552179e+01,-3.046627434546407187e+01,1.773832420334283810e+01
1.594343348314537323e+01,3.812874214221530167e+01,6.530027587551050949e+00,1.700196486163837051e+01,-2.165134245067409324e+01,-3.588041989664036180e+01,1.413741167491449424e+01,3.883724135400384636e+00,-6.612367418459940360e+00,1.269823557760432031e+01,-3.076389074258231915e+01,-2.616350035290618337e+01,3.512702781323564238e+01
1.540312820180321118e+01,3.545730643437256191e+01,3.296392437056578029e+00,1.835597332663555292e+01,-1.435166682499496815e+01,-3.519849097999868093e+01,1.770340025501280223e+01,8.207635631594352166e-01,-1.563960435126611515e+01,1.722354631575745643e+01,-2.141220505220976023e+01,-2.737595248659258473e+01,2.049922253231878599e+01
1.521639261257196729e+01,2.764510521145670907e+01,7.463931784156584648e+00,1.581411777945250918e+01,-1.279445763706845440e+01,-1.564572788870335529e+01,2.240393376752430044e+01,-1.342850698066643922e+00,-9.942346899377627167e+00,1.236212074743663081e+01,-2.729624639583316537e+01,-3.349377248894185755e+01,5.980044277885943060e+00
1.540554186644005341e+01,2.773243558439719436e+01,1.049081406340059353e+01,1.920525427530297335e+01,-8.902788562338850298e+00,-1.475935968401219611e+01,2.675595095485030583e+01,5.081761798209767811e+00,-1.374326614526848012e+01,1.013781631305427844e+01,-2.123324707422226965e+01,-3.548124564961054261e+01,2.081929879653384496e+00
1.523580783765559765e+01,3.135002275250901960e+01,1.415035581818382404e+01,2.503945397940372075e+01,-1.287575315902931195e+01,-2.792975674033246491e+01,1.909546135679137535e+01,-3.321465303882900066e+00,-1.834608026366052513e+01,1.309347680084027665e+01,-2.640827845918122918e+01,-4.528339471760817503e+01,1.077874264442316310e+01
1.465273158036488965e+01,2.508560471044508589e+01,1.277441946676351847e+01,1.587650335358168263e+01,-4.322185617196883101e+00,-3.432517490091331780e+00,1.688068679821664375e+01,-2.861229174649675855e+00,-6.800496361516411348e+00,4.912830313519407355e+00,-2.265684637397691503e+01,-2.872224486455978010e+01,-4.807422425338440775e+00
1.471593214283554829e+01,3.312520397828605212e+01,9.408865346775906247e+00,2.405705094523441190e+01,8.385514992897097342e-01,-1.419325341579087585e+01,3.141222785471820700e+01,6.151596108206142333e+00,-1.800933687902850622e+01,1.201357826324274214e+01,-2.953126288997349036e+01,-4.286553628151870043e+01,2.921573394021608205e+00
1.351727728374075888e+01,2.348868355769918992e+01,1.027426795924852776e+01,1.653796755150146680e+01,1.246881946868945157e+00,-3.927133480810187205e+00,1.617026041313991414e+01,1.237829288449326937e+00,-7.051304703818121133e+00,7.251369611671761639e+00,-1.229172885747895982e+01,-2.306851385421530409e+01,-1.870247753475095642e+00
1.320785177705571911e+01,3.042024118714941849e+01,7.488170027829586850e+00,1.958444714716474522e+01,1.136559172068727541e+01,-1.888459673819582463e+00,2.722513931341276461e+01,1.019483022425703211e+01,-1.168800124198351220e+01,2.656462944899547818e+00,-2.076869707356415873e+01,-1.835073442118699916e+01,1.865872027612823914e+01
1.225454675140744243e+01,2.598588116766835299e+01,1.752302480526334305e+00,1.003523889572575811e+01,4.374529906735483920e+00,4.619425906594123887e+00,2.706647431307917628e+01,1.864481166412554103e+01,1.213557506882441928e+01,4.569101014636432367e+00,-2.405615244452208401e+01,-1.229949974009178248e+01,2.505064758987623463e+01
1.134017642284844740e+01,2.815780475831136798e+01,-1.150608088061896517e+00,1.204684149529980530e+01,1.595234369653113227e+01,-3.596506265013578840e+00,2.335721670604667111e+01,2.055191927905844906e+01,-9.626021736653368466e-01,-1.702391186252553723e+01,-3.127669848943633824e+01,-1.531503473975706164e+01,1.424603364701787633e+01
1.013410216400496111e+01,2.433018404233642684e+01,-9.321750287561052062e+00,4.856592697211798537e+00,1.258189429477162768e+01,-1.828225993887291878e+01,1.514497687999374698e+01,1.711961100152332804e+01,-6.430555499289889454e+00,-1.695269723727440692e+01,-2.582532733846691642e+01,-9.222921322647994913e+00,2.203066801947841924e+01
9.723136593802641059e+00,2.073004551490592462e+01,-5.743992196582429877e+00,1.054100085657590036e+01,1.040895286713777068e+01,-2.274506634870367705e+01,4.612015704842194808e+00,1.443522883666953405e+01,-5.641661414580994460e+00,-2.232321433600237626e+01,-2.792138444885463144e+01,-6.911127159700883205e+00,1.093701499085998030e+01
8.581240613505405790e+00,1.643796240305720247e+01,-1.335099327951510872e+01,2.457309119217001125e+00,1.574252123338878029e+01,-3.147054319015960289e+01,-1.705832471055139354e+00,4.145290380560955334e+00,-2.894648659345071451e+01,-2.587905042220256746e+01,-2.032322207432461880e+01,-9.562575717258237518e+00,1.604089190009422694e+01
8.400306873783357275e+00,1.422426219991124441e+01,-7.698814438041595487e+00,1.141903158671765084e+01,1.798029423466925181e+01,-2.946935206579543021e+01,-6.101784376857750658e+00,4.231365125584264142e+00,-1.181867628345292687e+01,-1.947563860837415461e+01,-2.886513827754510686e+01,-1.044648619906987008e+01,4.543817339116786869e+00
7.379913228225162491e+00,3.268543390221252398e+00,-1.896306711085116703e+01,-4.018470276953436837e+00,9.213766740264587085e+00,-2.091805296520000113e+01,-2.484530783443841262e-01,1.688037236853862311e+00,-3.022688378767865558e+01,-3.213991317191367614e+01,-2.205957485095960280e+01,1.610051812891402534e+00,1.091348017001237558e+01
7.021432178104611843e+00,5.610301701715739497e+00,-1.296037522837166200e+01,-8.833730258965509785e-01,1.390044909362023873e+01,-1.369829141484125756e+01,-6.548549111029634773e+00,-3.525456316539655965e+00,-1.750571811275488443e+01,-9.829508351325626947e+00,-1.456390724400086256e+01,-2.142641178129066759e+01,-2.012003067873125062e+01
7.128003214857960401e+00,2.961696143704174666e+00,-1.432724230376111940e+01,-1.681016971889783385e+00,8.080906391419224732e+00,-1.552155364180204522e+01,1.188620018812627466e+00,9.903374672028579795e+00,-1.796990020326063586e+01,-1.489471519557341139e+01,-1.500796143369503710e+01,-1.810108809489747017e+01,-1.267330739609044521e+01
7.148735277151462952e+00,6.542555237669247070e+00,-7.527701839573135878e+00,1.060242598570209083e+01,1.469467289016589540e+01,-1.536718117635454384e+01,-5.138099544681752562e+00,-4.663613197681383049e+00,-2.357691903767039321e+01,-1.359072713822726897e+01,-1.279355236759004555e+01,-1.231549875257551818e+01,4.065868394476945369e+00
7.588638930050837672e+00,9.799967794488990691e+00,-6.810229100787172918e+00,8.266968989751099173e+00,1.210044022127473262e+01,-1.947782174063122795e+01,-2.357967119021382174e-01,8.059826243098244802e+00,-2.187746611387269624e+01,-2.160161426161422682e+01,-2.072380732649181567e+01,-2.001751270012269046e+01,-2.460554003870363271e+00
7.669283464788517080e+00,1.137855162577479184e+01,-8.174852842314866308e+00,4.980998042815781623e+00,9.167849003558858456e+00,-2.050785874034136214e+01,1.837783024320196468e+00,1.071186068055286045e+00,-1.773972298976692485e+01,-6.535162575094824788e+00,-1.601807441374218755e+01,-1.309868508227994255e+01,-5.744969945522181654e+00
7.484426686391801198e+00,4.253151512975724913e+00,-1.607735104010933824e+01,1.994115966532084894e+00,1.113511147969287762e+01,-2.383096690214745195e+01,-9.262180034395957051e+00,-1.146807255255614422e+01,-3.134336386753507142e+01,-1.242999126499744378e+01,-1.778941728661137134e+01,-1.234954870488536471e+01,8.782225409246374070e+00
7.380777680763756621e+00,7.606998632953314576e+00,-8.719162650584934227e+00,8.532043456947221216e+00,2.152728438940800260e+01,-1.020001300037772474e+01,-4.075776861853452004e+00,-7.579245235423264226e+00,-2.876175385676164353e+01,-1.571193536133334590e+01,-1.900030528207770431e+01,-1.707208862864125365e+01,2.305180203240440040e+00
7.828764466804496891e+00,1.156174152074946271e+01,-3.053767839138494367e+00,1.329274942289793238e+01,1.661467145402379231e+01,-1.577097513916094051e+01,-5.554786497687170588e+00,-7.646600332836287706e+00,-2.215134145789702558e+01,-6.062165704807008559e+00,-1.712458098976318155e+01,-1.783426635411117900e+01,-4.092914864424806787e+00
7.529298890143417466e+00,8.641640692249231037e+00,-4.122479512535976554e+00,1.562419105370120676e+01,1.992028493981087323e+01,-1.149586727763798066e+01,-4.599675586041615638e+00,-8.274359846376585281e+00,-2.680177531123245060e+01,-8.065015051176997574e+00,-1.620031291370930404e+01,-1.937754981336914284e+01,6.380737452244464869e-01
6.556661979202736745e+00,6.437473731170429980e-01,-4.648187533412356132e+00,1.435014677116547155e+01,1.918296240752147241e+01,-7.667643868680793950e+00,6.309531895747615415e+00,2.111967407072896652e+00,-9.331190238779088375e+00,-9.675530698956507081e-01,-1.111639568683050960e+01,-2.059820704367081134e+01,-5.748376287293909925e+00
6.931774951975354426e+00,2.831779911789128690e+00,-5.297888618048460785e+00,1.174936498899430148e+01,1.679120999011907855e+01,-1.580345087982015251e+01,-1.741874261333113960e+00,-8.779568760703870822e+00,-2.787133296432397955e+01,-4.134330053607176758e+00,-9.192632339859146740e+00,-1.790424371897300304e+01,-1.723962120888197092e+01
6.562454375961213948e+00,2.392272181051958491e+00,-3.931512562671075628e+00,1.528339215230836778e+01,2.016387670229676488e+01,-5.382932059138748393e+00,2.137048202417510367e+00,-1.403438887430744586e+01,-3.297636656902025720e+01,-5.910187755758882222e-01,-6.068705141328145203e+00,-1.553938574839579445e+01,-3.969680127753030696e+00
6.095470252064736805e+00,-3.277044121468638771e+00,-1.280603071766812384e+01,8.051629408477591454e+00,1.730705160368741247e+01,-8.027678882413590955e+00,4.228251437678223645e+00,-6.047033014101189652e-01,-1.611723692846652156e+01,-3.828217502575424369e+00,-1.475929329962101555e+01,-1.421044403822454427e+01,1.644810953404002518e+00
5.876731249153715808e+00,-6.830054835671286462e-01,-8.034286550662571358e+00,2.103456617758415526e+00,7.860560412759778792e+00,-9.385762586498694660e+00,-2.007958047143101332e+00,-6.705297991873867325e+00,-2.657510408465809348e+01,-1.265703411908715204e+01,-2.091749842362284062e-01,-1.064903536349095781e+01,-5.509509663825866710e+00
6.027961542758435876e+00,-4.760764618366232881e+00,-1.629325320482007200e+01,-6.306759345680077455e-01,6.334537272762500670e+00,-1.067304579621376170e+01,7.812336108293741255e+00,1.860292755569314060e+00,-1.587960321651765128e+01,2.317073100552566434e+00,8.809487279975488638e-01,-9.690073722211856477e+00,-1.636790145479122938e+00
5.902255311994429654e+00,-3.457351263112684148e+00,-1.189670053684542594e+01,2.766530438306164630e+00,1.351265804716078378e+01,-8.141700398486017676e+00,2.533777011696088266e+00,-1.633128688349236413e+00,-2.157616448425526556e+01,-3.691301067584015438e+00,-6.769077154018375175e+00,-1.179941313739938735e+01,-8.046990647220338744e+00
6.218041214155634044e+00,9.549930238128391258e-01,-1.062158935767395107e+01,4.552456838275378281e+00,1.174955799974930493e+01,-1.885897724552793520e+01,-9.536479203756568879e+00,-8.643339675926126731e+00,-1.928288331116553067e+01,8.001660255505593788e-01,8.092634760822694506e-01,-9.090845965012649188e+00,-1.535648575793829185e+00
6.056983089576719159e+00,-5.363961056953925333e-01,-1.272013028310816907e+01,-2.101283604924956694e-01,5.262460904830483344e+00,-2.002477763445871517e+01,-1.011927627094300775e+01,-5.055280077880875744e+00,-2.523915986678304790e+01,-1.491242379013648112e+01,-1.139413237951196933e+01,-1.440158301108060002e+01,-1.759348681160198380e+00
6.019181332750256352e+00,-3.898830722372214286e+00,-1.760136216708042767e+01,-5.807476885411397838e+00,5.963423885713679873e+00,-2.124781266551793379e+01,-9.798131869117447934e+00,-7.905495527653473964e+00,-8.555098979507334889e+00,4.501572525498594324e+00,-7.713697753930891743e+00,-1.205381699653218064e+01,-6.835158306127358863e+00
5.991423160509381063e+00,-1.201747036082857933e+00,-1.223200054239197065e+01,1.825551338901378884e+00,1.082047190496515832e+01,-1.659223603527980018e+01,-2.720858833742059724e-01,2.041519298366814006e+00,-1.827087287934958582e+01,-6.747874951058389748e+00,-7.712138481130007328e+00,-2.060699518864196023e+01,-1.047975768587894319e+00
6.114800586348509093e+00,1.415517444717842244e+00,-1.288553787682725726e+01,1.482682506498543384e+00,8.091234246169447530e+00,-1.540587896066543827e+01,3.606167198297496324e+00,-3.397253814631156388e+00,-1.561918422685489993e+01,-6.937882613312782443e-01,-1.322264344909142864e+01,-2.463515999667045264e+01,-7.369921622515322568e+00
5.901428510066115685e+00,-2.032720235955431498e+00,-1.368655446730563696e+01,-1.298555976304697768e-01,9.764805348797741757e+00,-1.119033829197629260e+01,-4.238453873572013419e-01,-3.149211974001784320e-01,-1.266989598626376612e+01,-3.924029482891144838e+00,-2.025624188374158763e+01,-2.898347980749712960e+01,-1.770969511178948519e+00
5.807380878354688747e+00,-2.798925623803979246e+00,-1.320022828128587378e+01,-4.605707536663616875e-01,6.510193548778119954e+00,-2.134857309588501550e+01,-4.372904311534926869e+00,-5.572984281383720706e+00,-1.447976668331242323e+01,-5.826339774968618990e+00,-1.291333682218948908e+01,-2.213559099978466449e+01,-3.938530493574756708e+00
5.768971459245373801e+00,-3.911767431538943907e+00,-1.278929636560686234e+01,2.598830959377363303e+00,8.107042198473267902e+00,-1.672005787898091711e+01,-1.017037140748062285e+01,-4.925231902739113821e+00,-1.874663821663634167e+01,-1.899359932406895934e+00,-1.218916906533637068e+01,-2.013352916420158323e+01,3.343460024798596386e+00
5.810646826758398831e+00,-4.104454993655527240e+00,-9.054466132533349310e+00,7.651979686666205538e+00,1.351668405204353540e+01,-9.322872200156808731e+00,3.704767771565293799e+00,-1.993967801201229628e+00,-1.515428170153258769e+01,-2.810604573672865758e-01,-2.415848656018656282e+00,-5.160370936944232767e+00,1.293021925887660828e+01
5.789406907807600255e+00,-3.113271566521205180e+00,-3.590590759228636131e+00,1.673556560825173634e+01,1.187543927891633011e+01,-1.484739028604012390e+01,-1.818685925763419586e+00,7.872193441857848750e-01,-6.907961166747426773e+00,3.043424327159327536e+00,-1.273096037369298372e+01,-1.433890258004468166e+01,1.352189466623035692e-02
5.612752597509539143e+00,-3.991403545219064153e+00,-3.683693979101327010e+00,1.624374524580467494e+01,1.908130283085863610e+01,-1.317537898750488434e+00,9.174321565987472837e+00,1.294549566463240353e+01,-1.064202624008546927e+00,8.163993306166704045e+00,-4.660690419786237548e+00,-1.074012592850519887e+01,-9.887689425640260321e-01
5.682274549947798903e+00,-2.392134281688452546e+00,-2.445644705493226212e+00,1.211376284568013872e+01,2.066297058052806435e+01,-7.220602466807132025e+00,7.779160189537456915e+00,1.515281283209021446e+01,1.703164006018687893e+00,-5.106521048246175365e-01,-1.279744808605846984e+01,-6.473815179212802917e+00,5.378787801419622205e+00
5.711209162397545391e+00,-1.632620470629779774e+00,-6.400618089467359439e+00,8.953686432552126817e+00,1.721525404800339487e+01,-4.745473262483919541e+00,1.934539156910400459e+00,1.148267012747124483e+01,-3.643704543250127603e+00,3.362008917320827184e+00,4.443730053803739644e+00,-3.640714529279967415e+00,1.536871003099825161e+00
5.256948298582264201e+00,-6.962662778775170480e+00,-9.276841504122364412e+00,2.167408001781405413e-01,7.132639649172023866e+00,-1.695231420064344974e+01,-1.413425451903701280e+01,-1.461703698830531373e+01,-1.758625878553375443e+01,-9.909246218821479602e+00,-1.834148795871458404e+00,-1.208717442281015053e+01,-2.795445249876030491e+00
5.845304883032135024e+00,8.045145889633560365e-01,-4.988154880458500529e+00,6.200398609431195140e+00,1.336637182874318519e+01,-1.342824809851818024e+01,-8.482592150562160427e+00,-7.037037203242896943e+00,9.407552111824585284e-01,1.641962325970007441e+01,1.810407117130583998e+01,1.067612483263799561e+01,3.032512807323718640e+00
5.914264999875285866e+00,1.289786713736870816e+00,-4.945366502037550127e+00,5.140533770325943053e+00,1.328512165633673581e+00,-2.357423855490322850e+01,-7.038109998092277664e+00,-7.707700079777809243e+00,-8.771686392885628791e+00,1.199644691234893834e+01,9.784863773039157664e+00,6.587562403441124204e+00,1.349198204394258838e+01
6.464944821735184810e+00,4.631795559892695202e+00,2.346224361293515859e+00,1.637086060305904311e+01,1.771720750707195080e+01,-1.085569451262466423e+01,-3.014898599067697305e+00,-1.120314897826052913e+01,-2.056792137346189975e+01,8.076582502512134054e-01,-3.284632831523345953e+00,-5.293967365018758642e+00,6.839325263318335679e+00
6.988325474372543589e+00,4.217974390005642116e-01,-2.451179984082103303e-01,8.761709491414322315e+00,-5.623507755593628588e-01,-3.033239674861779633e+01,-1.957261218025563210e+01,-1.680132056956836450e+01,-1.778817772408812914e+01,1.616484505403957783e+01,2.813592782051379615e+01,1.928837920073593182e+01,2.759702076493545420e+01
6.804157762364276607e+00,3.596409706851055876e+00,-1.179392852112184586e+00,1.212326064238162360e+01,7.985105818503221542e+00,-2.947848761436801368e+01,-2.108871123304250972e+01,-1.316565727999610758e+01,-1.307235156422717814e+01,1.484679217629685866e+01,1.336205160963383776e+01,6.735584958010867318e+00,1.216433376706965674e+01
6.597665611954274034e+00,2.719511551795875892e+00,-1.671647823790650023e+00,1.000437512931273432e+01,9.830206549373947666e-01,-3.458277009059354157e+01,-2.160007266470406506e+01,-1.889689913456820136e+01,-3.423414708382638594e+01,-5.587478397280174924e+00,5.011162201316224696e+00,-4.369164098917632799e+00,4.858169921071260333e+00
6.275405976552414167e+00,4.418498982079592352e+00,-7.180028800840716485e-01,4.741253695790983436e+00,2.165310668701155183e+00,-2.711563012503206593e+01,-3.118850780151150026e+00,-1.077958713274667168e+01,-3.106128222018383411e+01,-3.131681116353398853e+00,9.961459472570384222e+00,-6.164062081445307761e+00,-3.939767127986013584e+00
6.210048158304769750e+00,3.909678867822627080e+00,-9.001414039148000756e-02,7.984703673512298039e+00,2.632601420493475786e+00,-2.281668807420814815e+01,-1.209525000279777096e+01,-1.413024377145600319e+01,-1.322905393520295902e+01,5.078525902005314840e+00,7.782082568024860869e+00,9.738873565058140613e+00,2.152688536805605324e+01
5.726418454008453729e+00,-1.525892006980974935e+00,-6.356881219443657471e+00,5.929782715468588705e+00,6.337210966553648461e+00,-1.847169144634790783e+01,-2.997722456048055761e+00,6.888762738894159021e+00,-9.278031897912532022e-01,-3.642623741986062313e+00,-5.431715809999924538e+00,2.755414099038726139e+00,1.990771615110732995e+01
5.938674506612673376e+00,-9.597763039847546918e-02,-7.053481529682129825e+00,-1.407664504590063537e+00,-2.827031883166534421e+00,-2.632642941179006613e+01,-1.447506728916683905e+01,-1.190170081185566708e+01,-1.700033136974600012e+01,4.689661792070197954e+00,1.285317979744859951e+00,1.730255899041882817e+00,1.231330313646661700e+01
5.806255129729190223e+00,-4.402577821692223559e+00,-1.186319565144575527e+01,-6.340250047843358772e-01,-3.125760964830296640e+00,-3.263794383252887599e+01,-1.482644105573474569e+01,-7.235858175564782613e+00,-3.902850083947292159e+00,1.065842324458495582e+01,3.116204606797363219e+00,1.918274225144607215e+00,1.383989609847626134e+01
5.811071492643382186e+00,-4.172904082167642414e+00,-1.005107787391091634e+01,3.811135478762905038e+00,2.127373570536700953e+00,-2.777322294541427183e+01,-1.261131655429011822e+01,-1.497484930860234087e+01,-1.623271240967260454e+01,7.225746493526060021e+00,6.809513556089735076e+00,1.044157091264165160e+01,1.644169814988002187e+01
5.744687053891245121e+00,-4.731671953859875934e+00,-1.397272015324053918e+01,-5.918669389308336415e-01,8.324368928378969912e+00,-1.535180811538248236e+01,2.193901556469859848e+00,-6.566056619059694732e+00,-2.018311047847468487e+01,9.418768579317456258e+00,8.488015985863164303e+00,-6.221735287285892202e-01,-2.552730302281293273e+00
5.812679779082502662e+00,-8.978642040629344123e+00,-2.060716776311163301e+01,-6.314304967415798053e+00,2.429371256303225479e+00,-2.658865342497528061e+01,-1.199332977764154151e+00,-2.874889489170907364e+00,-8.595808083849945547e+00,1.416553198234083055e+01,3.389071517155761715e+00,-5.649571770272084237e+00,5.842268546197329826e+00
5.750827330077656896e+00,-1.047782834360069160e+01,-2.028155078863770910e+01,-4.994361931360211670e+00,2.735309052297151489e+00,-1.739009604376661144e+01,5.571701171196198565e+00,-3.270629094198959752e+00,-1.966799448729505784e+01,5.613134186372962908e+00,-6.679237537714798334e-01,-1.171697723481046438e+01,-1.218874539224943820e+00
5.981984294642256117e+00,-8.048296264743903805e+00,-1.986359517529536234e+01,-1.600233127728097671e+00,2.859513707711721864e+00,-2.089212827678623796e+01,3.254557223790270459e+00,8.465597774531008923e+00,-1.432032830399194800e+01,2.944504529172225826e+00,1.052784039494000368e+01,-6.198600810921677251e+00,-1.551097631626343620e+00
5.757035999628246081e+00,-9.221269245245245827e+00,-1.726095856245620297e+01,-8.079817084498300161e+00,-8.517698714482609290e+00,-3.088959545773889204e+01,-6.389312231652408691e+00,-7.702237636620613337e+00,-2.580887635643418321e+01,-4.451039742881718553e+00,-6.822530805777682339e+00,-1.928893738695612114e+01,-1.375777426084748178e+01
5.742327506989442831e+00,-8.068844917362746116e+00,-1.963530718550781984e+01,-1.179117318470300013e+01,-8.183265479941487897e+00,-2.853774568468127981e+01,2.848512830755193015e+00,5.776071008216286273e+00,-6.220174832438519097e+00,8.644191817182557358e+00,-1.590144578563326805e+00,-8.615633165773372681e+00,-1.637043085048634383e+00
6.024580555071069377e+00,-5.769489816099578228e+00,-1.997446616795620855e+01,-8.445057472833781276e+00,-1.892043255122530354e+00,-2.929186630665816082e+01,-3.992936851644246499e+00,4.997918981779028158e+00,-1.215748619567175304e+01,5.102904725493979221e+00,-6.007861278758428902e+00,-2.119729226607077877e+01,-1.632854125530507261e+01
5.630960009117853993e+00,-8.752406881585004683e+00,-1.609157044937038705e+01,-6.022340051215917534e+00,-3.573827765119959032e+00,-2.888905761689830953e+01,-6.477005624311975573e+00,2.650782109840453593e+00,-8.285443343960530171e+00,4.193312682694505078e+00,-2.231151126569575371e+00,-1.592723257710693119e+01,-1.424151033888043294e+01
5.401869839012442220e+00,-8.761140632258308969e+00,-1.503988493732602194e+01,-6.938155871429128929e+00,-5.705784532959159439e-01,-2.144776059188964723e+01,-2.593238899401336894e+00,-1.169517897745252277e+00,-1.546817325262064813e+01,-3.996872204581366272e+00,1.702252022524784747e-01,-9.857077310079546351e+00,-1.108190841479019390e-01
5.428270422906588344e+00,-8.941295912639441568e+00,-1.739654952629615892e+01,-6.832533609262602781e+00,6.105781668114416139e-01,-1.910806429452120980e+01,3.931441793028567666e+00,3.431341809695095613e+00,-4.218325195708987785e+00,7.936461856379651181e+00,3.406650669534110332e-01,-2.505860377797294980e+00,1.835609183371958775e+00
5.661350483207377771e+00,-7.718053341847520343e+00,-1.662220189263309322e+01,-6.366036068026595274e+00,-3.883584117081588793e+00,-2.790989692461994309e+01,-9.552544178048217871e-01,-3.512540452312994166e+00,-1.192495164951492193e+01,7.649401842173407573e+00,3.323092966794095382e+00,2.552013711502635340e-01,8.827954403777654946e+00
5.593423604039113428e+00,-6.144085907341040986e+00,-1.596430050712602267e+01,-7.586480090130096166e+00,-3.666045248846242277e+00,-2.427778413337221863e+01,-2.248580132247598229e+00,7.803210796209764766e+00,-1.462166251449592203e+01,-2.889642726922242666e+00,1.608108143412275481e+00,6.273155459973726034e-01,-1.918046935142073472e+00
5.390383840405032601e+00,-9.702468484600107246e+00,-1.796096954664810497e+01,-1.028875763478591487e+01,-4.636530003575109582e+00,-1.649458573309303588e+01,9.033567294184411400e-01,9.072923704176938386e+00,5.540410993957705088e+00,2.410881216571398866e+01,6.133835936286813784e+00,-2.697592448379531049e+00,-6.709648339369707060e+00
5.368943005906256616e+00,-8.131533960475312739e+00,-1.533574807487179115e+01,-5.375458336999188624e+00,2.256439721211365601e+00,-2.119577251411050156e+01,-8.436248547198173853e+00,-6.136493249264584726e+00,-1.461343548510728496e+01,6.782247169295763101e+00,6.157868461263547033e+00,-2.373967188434193964e+00,-6.164712560144913311e+00
5.497223969448995717e+00,-8.751088979349466612e+00,-1.671044243094343074e+01,-6.817243435539696250e+00,3.503608680635001082e+00,-1.847865948130231573e+01,3.296537041125261691e+00,8.153981569540212249e+00,3.124950431894009117e+00,1.668606369791704580e+01,4.247694187294284163e+00,-4.825145569642568688e+00,-4.142360777812515771e+00
5.320784291479729866e+00,-1.352085448591021688e+01,-2.329625980057006629e+01,-2.042802533683435939e+01,-1.394372701189122310e+01,-2.624511372597782710e+01,-8.914335774487254227e+00,-7.945780251050593712e+00,-1.180149048707484738e+01,3.978701607469218082e+00,-5.138374628508472597e+00,-4.796105810020474536e+00,2.790065017476527576e+00
5.404233856627343791e+00,-1.152701219949764599e+01,-1.599824820286931093e+01,-4.532175464949614430e+00,-5.599588784039666312e-01,-2.119650737960531117e+01,4.104280334702416155e+00,3.863026534137415702e+00,-1.254014326516127831e+01,3.847108926634243087e+00,-9.751970548003770389e+00,-1.570805332684477662e+01,-6.682425815263746571e+00
5.727229531630396941e+00,-5.198914368665367824e+00,-1.000889713108447410e+01,5.527339278673114364e+00,8.692890052720979810e+00,-7.013371286575492469e+00,1.304924326754428066e+01,1.547113813592608089e+01,-6.397199921484418184e+00,4.112524771671941970e+00,8.245692776197609319e+00,-3.296531172837232848e+00,1.977929784867492824e+00
1.644593718022266415e+01,4.599794656258227832e+01,5.956555879038215373e+00,1.400908209357637446e+01,2.325572754366149653e+01,-2.169823620191003721e-01,-4.497742660070007226e+00,-9.842815034008851882e-02,-3.129112338294539608e-01,3.619073466429228336e+00,-8.111835795958524997e+00,-1.449541987881092631e+01,3.973759559573291966e+00
1.577855465793753709e+01,2.409710835166137954e+01,1.293591541119811339e+01,1.164662727893709437e+01,8.249676236286921593e+00,2.322160237174704100e+00,9.917704507862624697e-01,1.776420758472076145e+00,1.996907552103736050e+00,1.395580099696152265e+00,1.517103364180135472e+00,1.802944159376083988e+00,2.443673803756510665e+00
1.326288419140520958e+01,2.359858035761561368e+01,1.133537557922332972e+01,1.160674673751411312e+01,1.126658643625331102e+01,6.307433658586439229e+00,5.202814009670104767e+00,4.678368075167734119e+00,4.008198984713471802e+00,6.124667828003146575e+00,9.279212395395438406e+00,3.436687270933221683e+00,1.900242292523016407e-01
1.020631540960365591e+01,2.067237570658896217e+01,5.187408777450441377e+00,1.305637967482735284e+01,1.211450197695221043e+01,-4.986587499086154729e+00,2.870388050289743198e+00,8.601283038362865785e-01,-1.077378233213987002e+01,2.020039063217238945e-02,-7.441386298695567447e+00,-1.478666154556765377e+01,6.546146015565427190e-01
9.839976205674387799e+00,1.885092165422039301e+01,8.103248430954382187e+00,2.369258273148187754e+01,1.663679513354763273e+01,-1.120989248460104548e+01,6.068857046064070282e+00,6.260820833146143460e-01,-1.587121345816055218e+01,1.463500176724314095e+00,-6.984954759333837693e+00,-2.159791851389005046e+01,-1.028612194626492027e+01
9.412323460548705611e+00,1.831208329387789036e+01,5.067150641949968559e+00,2.461005443993442299e+01,2.437902009869638320e+01,-9.135713463861046435e+00,1.102037833583500515e+01,3.250758330597592227e+00,-1.502599195170589397e+01,-5.760986737040600048e+00,-6.752537706453257016e+00,-2.148229396540521918e+01,-2.148997320129294231e+00
8.587021479007418634e+00,1.573187940819315855e+01,-1.576733149348201968e+00,1.392981461269850385e+01,1.672028530491498088e+01,-1.640223071248948017e+01,-1.394372358075048890e+00,3.172208054886472173e+00,-1.420795973593890515e+01,3.317068502251855566e+00,-4.881527611800711597e+00,-2.540931565379010948e+01,-7.898767803622803285e+00
9.095229290212705209e+00,2.088563599755043043e+01,-5.746458644064969867e+00,1.111819705927987023e+01,1.662811328801704036e+01,-1.379253564237306762e+01,4.196241162397744695e+00,-9.958623775370459841e-01,-1.788065756857561439e+01,-5.621974538156733203e-01,-9.114845649417201656e+00,-1.226182088581024310e+01,2.761497234869481066e+00
8.057600659131889387e+00,1.366117093660372817e+01,-1.989923318096674665e+00,1.342059416528532623e+01,2.083894397722439962e+01,-5.957215182229115946e+00,1.475509791418616778e+01,1.171937147856065309e+01,-8.765025942343971366e+00,7.587086443135808267e+00,-8.868109942836145621e+00,-2.350919155070824118e+01,-4.498327999938488198e+00
7.890249953466941690e+00,1.241484807511922739e+01,1.228361822417213256e+00,1.339022373202945282e+01,1.651090579101260047e+01,-1.397833597037499231e+01,6.805797035560322783e+00,5.779825515935815616e+00,-1.514566191889315938e+01,-1.679503889003246542e+01,-2.423505442418699474e+01,-2.561904234433075800e+01,-4.323864510654563453e+00
7.217040156753321334e+00,1.245526920656129022e+01,2.861503477609994128e+00,9.647174765593176105e+00,1.433256837907551962e+01,-1.522686823822802715e+01,6.929629784504641954e+00,4.737285888126978151e+00,-5.839574790707209750e+00,6.556810199162059760e+00,-1.480626271596236343e+01,-2.283114917346888717e+01,-5.870238131671345450e+00
6.915887697991972338e+00,7.585238714346388633e+00,-5.058743924628814614e-01,1.827163413392075242e+01,2.177915022243716692e+01,-1.169310231525507326e+01,1.302492201330463750e+01,2.183591022907809709e+00,-3.735763591737102818e+00,6.689121474604264428e+00,-6.515523592465057412e+00,-1.268817051514966820e+01,-2.346426070322651380e+00
6.452656765172795517e+00,4.313858843393816755e+00,6.038657902529634969e-01,1.411839594071284232e+01,1.620939773110275439e+01,-1.139359389939030187e+01,5.917789448470519353e+00,-4.404621778965424284e+00,-1.276169966691337443e+01,3.493776682853806381e+00,-7.096498907808969747e+00,-2.096260814554745622e+01,-1.211188320629624116e+01
5.738669185803068729e+00,1.279640409529466449e+00,-5.211374502634219752e+00,4.122333753966599623e+00,9.155182880594074035e+00,-1.157064734698277597e+01,1.876955829048863711e+00,-7.683722015732665334e+00,-1.121131752749748145e+01,6.103098957955455095e-01,-4.703443224983347548e+00,-1.716891356154197013e+01,-5.285729673989837174e+00
5.762750121506348577e+00,-2.824948988531525540e+00,-7.998144170137067022e+00,7.099919587656157383e+00,8.977097356175148590e+00,-1.430679401146627683e+01,1.438673088870204397e+00,1.360338973195316936e-01,-1.795568267807213303e+01,2.536417138244891345e-01,-2.798883215402515834e+00,-1.496720036990571856e+01,3.213362908177376243e-01
5.669370461359394042e+00,-1.532887171633106727e+00,-8.710406949108406849e+00,3.769992560976271889e+00,7.362372646932435316e+00,-2.210251464978364666e+01,-8.920383012621051488e-01,-7.948919285506311105e+00,-1.710654966864946758e+01,5.544422094968512127e+00,-4.096836608732022711e+00,-1.679404272254804198e+01,-1.445428714261061565e+00
5.782333732329569820e+00,-1.300748214522314816e+00,-9.907464649763523923e+00,7.805954508679146642e+00,1.444914198608545597e+01,-2.829316710407150381e+01,-1.004019432187590510e+01,-2.226476138574654939e+01,-1.698694778247440240e+01,7.774329274652283850e+00,-6.606893351645924284e+00,-1.291521126108573370e+01,-6.782691947532685228e-01
5.873350594399902924e+00,-3.851597149411646992e+00,-1.062435910984780030e+01,4.933701798798581173e+00,5.733988871616868543e+00,-2.301634732952433282e+01,-2.107988431888386671e+01,-2.308961179085203597e+01,-2.458236610265691624e+01,-1.907146953291508629e+00,-5.979359815994398808e+00,-7.994462507254993966e+00,8.457837782409010075e+00
5.889495265270994651e+00,-3.044746360059231272e+00,-9.522351355708570608e+00,4.945929013194505508e+00,4.878924759076453732e+00,-2.693977101612840741e+01,-1.248698597435958213e+01,-1.307141279306355486e+01,-2.783242891609588554e+01,-8.047346807190501883e-01,1.562120878301588967e+00,8.470687072195731915e+00,2.117112716312657028e+01
6.000754448078957637e+00,-2.402801436958653003e+00,-9.571946954257345652e+00,9.638707232392844659e+00,1.350896917692427479e+01,-2.549982164799269668e+01,-1.019492635088599641e+01,-1.446649470828976902e+01,-3.070015528335905586e+01,-1.135879423605778094e+00,-7.371035887770385764e-02,-5.598286240496154420e+00,6.347160917599190988e+00
6.107602369031026157e+00,-7.506490651288272309e-01,-1.239013783605637187e+01,1.069469684976732227e+00,8.291203235433354024e+00,-2.892129830225753651e+01,-1.330267757410977225e+01,-2.187834580412923557e+01,-3.293514794986146654e+01,-6.727774087569740935e+00,-4.716482665568825894e+00,-1.642231918406065860e+00,1.626865439204160069e+01
6.177765516428332049e+00,-1.796519739384035308e+00,-1.066056860711066356e+01,6.187108570775986749e+00,6.802472587080740318e+00,-2.768141360872618861e+01,-4.985300847664326795e+00,-1.125770557407184747e+01,-3.460678589341796396e+01,-1.279314884538710828e+01,1.772428917384831326e+00,1.101121752992931357e+00,1.059175895501781639e+01
6.097518034177913826e+00,-8.647408985957756755e+00,-1.653037278105348662e+01,1.020807400328493930e+00,3.898287114076463000e-01,-2.761719923925932108e+01,-6.580218088023380041e+00,-1.828957663185040872e+01,-3.425329772589164179e+01,-3.754470294770246297e-01,1.448099423158426191e+01,8.779128140601515362e-01,3.538937381019054751e+00
6.337574734312462432e+00,-5.280750036658089286e+00,-1.747771050764680112e+01,5.963009617063053547e+00,6.824236197425708639e+00,-3.129235748136514417e+01,-3.247416565770147479e+00,-3.563345156284809079e+00,-2.355965514133728078e+01,-3.593766698172462970e+00,1.366496003873919785e+00,-5.129217870654007250e+00,2.530867250579627581e-01
6.166717767660125915e+00,-7.664205958195827506e+00,-1.823632753075683510e+01,3.450611198859005135e+00,6.276571968236441812e+00,-3.243273465437583525e+01,-2.788580333074835327e+00,2.240658055883708588e+00,-2.514884366232246293e+01,-7.219265231909392178e+00,4.380235156801156826e+00,-3.572657894303454817e+00,7.605730136782573148e+00
6.160158793707262603e+00,-1.065289656652281813e+01,-1.928634072047805148e+01,1.502218030997309883e+00,-1.472652365476160741e+00,-3.064088912062675973e+01,1.528897244343488726e+00,-5.392043613953821819e-03,-2.713377565894316845e+01,-1.567827700203292096e+01,-6.742913224897086444e+00,-1.802021274569353437e+01,-1.009473969138774230e+01
6.205979006699630318e+00,-1.022087061490711513e+01,-1.659880890355087146e+01,1.324080805800438743e+00,1.300039916720922673e+00,-2.668542684442255819e+01,-5.255368564788064356e-01,4.181624841680610771e+00,-2.217775622362320220e+01,3.545334993626202191e+00,1.475022804989171377e+01,4.871283892018217543e+00,-6.500497238090437335e+00
5.601230351180516820e+00,-1.283576239383799589e+01,-1.758801070613197481e+01,-9.635799745137479944e-01,1.174117170541177035e+00,-2.381235792604164914e+01,-1.297374764021289195e+01,-8.334525744537559788e+00,-1.489600226394737170e+01,6.009227144323145975e-01,-6.220436894116552651e+00,-1.524675831887710231e+01,-1.340711296718036749e+01
5.634903227433634143e+00,-9.683684415884082242e+00,-1.850511737820510305e+01,-9.285026540010772322e-01,5.038026511501604965e+00,-2.135553660914547081e+01,-2.572251804220430760e+00,3.788019751976672289e+00,-1.650202097922358391e+01,-6.156968616493767144e+00,8.100943735274257484e-01,-6.778598404870612271e+00,-6.266731309200935129e+00
5.522012154184833932e+00,-1.343615459709264037e+01,-1.838085473748994048e+01,-1.718091027980442442e+00,7.608708370430519174e+00,-1.231514662589996867e+01,5.627003997046367445e+00,1.661291654900358594e+01,3.630477070887299984e+00,1.276117529420348795e+01,1.238530636074793634e+01,-5.543636372889571007e+00,-6.123401606248391360e+00
5.634978509014032966e+00,-8.950274127676896896e+00,-1.214767052152466142e+01,5.536532469939798418e+00,1.254496204708527962e+01,-1.961733252396939520e+01,-4.987877226867674096e+00,-8.858883942345973095e-01,-1.522855493484543921e+01,4.510498232164926513e+00,4.778431763216630657e+00,-4.245056653771021260e+00,-2.632179209814602405e+00
5.467543199131187137e+00,-7.325385666940682938e+00,-1.389409299573651957e+01,4.873410489997349160e+00,9.235842153775319474e+00,-1.349581954585629973e+01,-5.471992393710523928e+00,-9.580885022707976262e+00,-1.668156609418570469e+01,1.963647590557142886e+00,5.610966539625479754e+00,3.466039093850901587e+00,-2.564444348331627044e+00
5.528274385416202641e+00,-1.145613323502072411e+01,-1.666587439926971470e+01,1.849790120829108098e+00,3.649718115221431525e+00,-1.449045175004216190e+01,6.440244843018619214e+00,4.410135055951803551e+00,-7.707587196835996579e-01,1.652051679816657881e+01,1.123964995771735254e+01,-8.080373097039865726e+00,4.566032174560966439e+00
5.485123366525614941e+00,-1.385453099527154741e+01,-1.884333022978660210e+01,-4.576015825899436784e+00,1.702168085451281954e+00,-2.092984733793935703e+01,9.923233517267620041e-01,-6.204575631362362342e-01,-1.191218015936844488e+01,-4.043153181557376463e+00,-2.461949051708441250e+00,-2.204716665318521063e+00,1.159674066302363471e+01
5.532831094990373622e+00,-1.299605238163318788e+01,-2.215826090009430516e+01,-7.241812989961350588e+00,9.620742163411792447e+00,-1.126316754239549134e+01,2.796638258029898516e+00,6.498944009945455846e+00,-1.144485226999913863e+01,5.221157152875813834e-01,-3.055375123544988636e+00,-3.546245482957603556e+00,9.730722148433541108e+00
5.702635427074625341e+00,-1.208962699250607997e+01,-2.404819890634321311e+01,-1.089751443943246478e+01,-8.728639203522860157e+00,-2.899140326888500852e+01,-5.983055622636903159e+00,-6.949523021883328155e+00,-2.277592953766738759e+01,-6.184611279792836314e+00,-1.388247913300071446e+01,-1.432595775133830251e+01,-2.366573783744812531e-01
5.702090223945854852e+00,-1.019340424747769269e+01,-1.959465998988943625e+01,-1.307698582468901138e+00,1.013242947646773029e+00,-1.695828323445680041e+01,1.285490504700369385e+01,5.284179499193307983e+00,-9.349823221850488864e+00,-3.255578491756029869e-01,-9.151492875828679985e+00,-1.199763928526497203e+01,4.582828421278001052e+00
5.490797967007287284e+00,-1.161676694545313993e+01,-1.674654100503481047e+01,-3.123983803367980538e+00,-1.548709938027892141e+00,-1.880892983299542820e+01,9.503429492499950726e+00,4.603659201649437094e+00,-1.176935581804513298e+01,4.565734300673814694e+00,-1.464892754153652721e+00,1.022574486662184867e+00,1.338414130974701344e+01
5.861207735845671785e+00,-1.654824538516257348e+01,-2.808622080626143713e+01,-1.113372486241501491e+01,-3.351313425435478166e+00,-3.235966327736320380e+01,-8.849150274787083603e+00,-1.170252640115535847e+01,-3.127953563020360050e+01,-4.899827879451972734e+00,7.894348087233938882e-01,3.851780249663399935e+00,1.968549400807961902e+01
5.461128064658850256e+00,-1.203150167592648856e+01,-1.599628846290432094e+01,3.501432801384021798e-02,3.756857315572681877e+00,-1.757723672647697910e+01,-6.956443837941808539e+00,-4.821505740208555935e+00,-1.991940963436115908e+01,-7.982580538910748480e+00,-1.734706303655772608e+00,-5.108222661903722539e+00,4.365071444857884231e+00
5.773817280137881092e+00,-1.295644618213725430e+01,-2.336169681477353777e+01,-8.004200632705643415e+00,-3.505675125319550833e+00,-1.936381806190609822e+01,7.416613907118422944e+00,7.152288471653053037e+00,-7.827437245522006926e+00,5.810043267555215607e+00,3.909038433707826776e+00,-3.159390935175752535e+00,1.602247675885756095e+01
5.691593190688427839e+00,-1.642749715318090509e+01,-2.405255985556690490e+01,-4.386560121342287566e+00,-3.003108751124023534e+00,-2.726292164697551712e+01,-6.542445254561597423e+00,-3.472332316750557091e+00,-1.467920141194354677e+01,4.399812570330300932e-01,8.650027876827673934e-01,-1.639303183178610368e+01,-1.220616731003861055e+01
5.774613144117868302e+00,-1.136376927304364948e+01,-2.071182120293715911e+01,-1.615957472682686136e-01,9.725633347737785428e+00,-1.788028851194753344e+01,-4.766165288814024237e+00,-4.643884346715339007e+00,-1.231111970216228357e+01,-6.862996633833737814e-01,-5.138481363846788774e+00,-7.443985424923732275e+00,1.065342591927762150e+01
5.901867400741522829e+00,-1.018222127919202968e+01,-1.527271754762161216e+01,9.724818093948295328e+00,1.105454342754680219e+01,-2.315700744711019610e+01,-9.492668265629586877e-01,-1.549487893829553542e+00,-1.128889306689013949e+01,-3.084368714488367136e+00,-9.574070555232008672e+00,-1.690381059557093835e+01,-3.999355570751850220e+00
6.015851747687566586e+00,-7.714752965339950030e+00,-1.426903888462498671e+01,9.325284685364234605e+00,1.078265588736656966e+01,-1.699167029212900815e+01,-1.928432808402666510e+00,-8.316387312431444911e+00,-2.275154996505794003e+01,-4.260167827335334501e+00,-5.844413137428782434e+00,-1.379784903494390313e+01,1.376283362937737920e+01
6.152918842603572358e+00,-8.705367045292021544e+00,-1.602996085635190937e+01,6.272675851309132078e+00,1.037609363877324320e+01,-2.645697251360130764e+01,-9.901451219404011184e+00,-5.639467554175190855e+00,-2.672394645627813858e+01,-9.242535243557180591e-01,-1.183800706670733227e+00,-7.508132705426564080e+00,6.739463134148227397e+00
