-3.604365338911715355e+01,0.000000000000000000e+00,0.000000000000000000e+00,0.000000000000000000e+00,0.000000000000000000e+00,0.000000000000000000e+00,-3.432169450445465983e-14,0.000000000000000000e+00,0.000000000000000000e+00,0.000000000000000000e+00,9.640286916519939396e-15,0.000000000000000000e+00,0.000000000000000000e+00
-2.516617685266591548e-02,-3.138465156672319267e+01,-2.200088621335522632e+01,-2.413455663478465851e+00,-9.545506306470022295e+00,-7.876497478020364262e+00,3.088730137489939409e+00,-1.171982568728454588e+01,1.099163719131255412e+01,-1.293220380491412058e+01,1.165779333083327884e+01,-1.138081439565076103e+01,7.139369322216545299e+00
5.118440850625867178e+00,-8.856376606940722596e+00,-1.694672256480399852e+01,-5.264780029376809445e+00,9.859993728406789559e-01,-1.363973644465285773e+01,6.309006456084335746e+00,-8.061808027375972685e+00,-1.490207719749447257e+01,2.663154193951971838e+00,6.231149043400860066e+00,-5.809887905673083441e-01,-8.952588659975537766e+00
6.290017318702416205e+00,2.538395370797556616e+00,-1.188730070097183855e+01,1.798003631167241378e+00,3.965342721633756451e+00,-2.316622799615289452e+01,-3.899242804832826481e-01,-4.014254123724836809e+00,-5.990958800977957743e+00,-2.820836172500446715e+00,-1.627065010525240663e+00,5.240162186513454223e+00,1.450009198165612467e+01
7.177927611999196600e+00,1.064119756164606123e+01,-1.250996725731454440e+01,-4.262373251466583746e+00,8.455053411328053770e+00,-1.518066603960945748e+01,-2.410628387627044233e+00,1.182727717620003105e+01,1.741246529007052679e+00,3.472179509491686300e+00,-4.084784686447500590e+00,-5.892655197206109641e+00,1.406430977482865430e+01
1.004781106431443227e+01,2.735548612736821994e+01,-2.015406803267611835e+01,-1.532028627808682764e+01,9.355700706225919205e+00,-1.698440369386713655e+01,-8.102471749389287936e+00,-6.907844830516495449e+00,-9.192213127509068826e+00,-5.871509929458789578e+00,-1.819294782908525221e+01,-1.251644085068633672e+01,8.621092236911666262e+00
8.089512774718890853e+00,1.778325450140201269e+01,-1.623545594376183843e+01,-9.925116546297161335e+00,1.357514781339644649e+01,-1.749371006481077018e+01,5.963970906847572806e+00,3.479142900490357626e-02,-3.320990888994024282e+00,5.715889706205712351e+00,-6.169239070333413011e+00,-8.694773200996273488e+00,9.068050057446166434e+00
7.617517560034572810e+00,1.264352510013391573e+01,-1.958432453585405852e+01,-6.356411274817384438e+00,1.605733300894490867e+01,-1.847200520719023231e+01,-4.152594967039459739e+00,-5.164050862909300932e+00,-1.017048758222129479e+01,2.973007195837058081e+00,-1.316159655895610037e+01,-1.641797429128391528e+01,6.461748931588621403e+00
7.148196021515196286e+00,2.117638557815094913e+00,-2.651853264285423251e+01,-1.652776581205019113e+01,5.879733265202396808e+00,-1.200549857331476034e+01,3.178344500175178666e+00,6.160714220633434657e+00,-6.480870918120795743e-01,2.681338653420728235e+01,9.439448404302321904e+00,-1.278532612173495053e+01,6.168183891700437016e+00
6.649423749071577738e+00,-7.542932915000725158e-01,-2.344872084225450948e+01,-1.402104622555998148e+01,-9.278757768069600953e-02,-1.876554744014755371e+01,-8.948272985419086112e+00,5.609785612784342623e-01,6.058034193848336635e+00,2.156354974404712621e+01,1.082438764970886957e+01,-4.559598770630135078e+00,5.772665479618837026e+00
6.321225269197187302e+00,-3.520952147465136850e+00,-2.538987863837277104e+01,-1.824993803692843031e+01,-4.706638199817247958e+00,-2.937969780133617093e+01,-1.968539372676892185e+01,-1.078569507488440316e+01,-7.409071742676195171e+00,5.329390838598843771e+00,3.136216084033878637e+00,-1.297019876397321170e+01,-1.292219403169957426e+00
6.152575372239813767e+00,-1.324126747465352194e+00,-1.949202841179800672e+01,-1.580454375651232723e+01,-5.087080936339017256e+00,-2.697996497286936446e+01,6.064972563142269069e-01,6.713051404184356308e+00,-2.117469427017895534e+00,5.380351922382797802e+00,-2.414104393999442433e+00,-9.741379956504065518e+00,1.024709123539374378e+00
5.994928946367434897e+00,-2.260660364012961665e+00,-1.493487122231084463e+01,-2.323135003838310286e+00,4.216973136646261500e-01,-2.414344444876300244e+01,-1.292857867434812347e+00,3.011333325574223174e+00,-1.055926116237189305e+01,1.392932922404942353e+01,5.136989911268513787e+00,-1.400871106236973951e+01,-5.794360775399120200e+00
5.801390939409512448e+00,-7.507807234935874874e+00,-1.696098425506898622e+01,-5.049393671843261266e+00,-1.433856402826787280e+00,-2.732664354516798610e+01,-4.102974785519168499e+00,3.717821904479128303e+00,-9.287187601364733425e+00,-4.139374325717751213e-01,-4.532029104582237622e+00,-1.137575319621133119e+01,-7.096407987375330073e+00
5.635067754353274339e+00,-7.127962871076573670e+00,-1.341193095239453292e+01,-2.604641207521388502e+00,8.594279785138925210e-01,-2.112920886618725902e+01,-5.905160454251268121e+00,-2.223594099513635403e+00,-1.609846950034611268e+01,-5.941673131053466506e+00,-4.971553936853258193e+00,-1.574835645517618232e+01,-7.117521845076727693e+00
5.774953067456692679e+00,-8.972452558109809573e+00,-1.989348189748168494e+01,-5.803006783307189664e+00,-1.749002735474852299e+00,-2.865978064918967760e+01,-1.300587232144837380e+01,-1.609512352885269237e+01,-3.132662815620661689e+01,-1.121367767207783750e+01,1.811264876668720047e+00,-1.297096531681016351e+01,-1.123112716479448103e+01
5.589036047223437720e+00,-7.372881087875840400e+00,-1.608681194078010890e+01,-5.365344336606801434e+00,-3.073588838605534779e+00,-1.953092036016690614e+01,3.854331221990152101e-01,-7.657136749704352319e+00,-2.043190125965269388e+01,5.124766126089864038e+00,-1.505262388093445924e+00,-1.210125241900379578e+01,-3.320186178167765956e+00
5.802664195045990958e+00,-8.267783153768689886e+00,-1.762973525863523960e+01,-3.065559257555315664e+00,5.784080833809301048e+00,-1.218435983982650583e+01,3.436848586500168334e+00,-2.202919572357148414e+00,-1.192064985319263926e+01,9.156120725911506497e+00,5.159478699401192969e+00,-2.414301731815013063e+00,4.072007197558654035e+00
5.827510647816430911e+00,-1.087949453643835618e+01,-2.298649127062588704e+01,-1.028281897440096770e+01,-1.843016920552396742e+00,-3.479395720800376068e+01,-1.430047522526154502e+01,-1.694433629474774605e+01,-3.167742452213878579e+01,-7.453457195475424513e+00,-1.344380397833814911e+01,-1.815409651428522153e+01,-4.999906089762860439e+00
5.741884097317968561e+00,-9.156271979299006603e+00,-1.846665773164625790e+01,-2.803614037741446907e+00,2.631932188918717497e+00,-2.293840011293415060e+01,-5.102593120241218472e+00,-7.412556903176566792e+00,-2.124237838187021410e+01,1.617359861528864906e+00,2.917259511853056875e+00,-1.505280989616487375e+00,9.179991659110291025e+00
5.688732839133834318e+00,-1.108378217640806263e+01,-2.017237739952766873e+01,-1.265085014802121322e+00,7.623575104117017887e+00,-1.914760325986851797e+01,-3.720767831721182972e+00,-7.040731389429740750e-01,-7.638145831646823147e+00,9.267812907023404989e+00,3.535655885363715445e+00,-7.511244989248467618e+00,-5.133356730995556130e-03
5.640620590241551824e+00,-1.134816532813458601e+01,-2.097919137420946356e+01,-4.455966941979678353e+00,4.410694377268232991e+00,-2.004781801887394721e+01,-1.257343918710686381e+01,-1.733446676808680209e+01,-3.240763359296566648e+01,-2.079628164384071454e+01,-3.167432729093835775e+01,-3.373620082642180051e+01,-1.928259893451363283e+01
5.712456424036772340e+00,-8.386237667786016203e+00,-1.884889449623340596e+01,-2.516743100677690581e+00,8.890480772388217545e+00,-1.581121390686874406e+01,3.579527185096794462e+00,-8.722201052900928619e-01,-1.272954898498324461e+01,-4.171264725511245608e+00,-1.491555207957274654e+01,-1.125588603643485719e+01,-1.115260678394743898e+01
5.806702445660888223e+00,-8.978677432639397438e+00,-1.644046872032584616e+01,6.081650219310569261e-01,1.212202336556265614e+01,-1.592883848806239122e+01,-4.295377838383888758e+00,-7.520674344896502106e+00,-1.903810659100449953e+01,-2.189607464831435646e+00,-7.247528833507353774e+00,-1.366269138685577822e+01,-9.697426717894657600e+00
5.756757765900642809e+00,-6.424803764947562001e+00,-1.457985412308145001e+01,-2.033366581954873631e+00,4.183561812474319908e+00,-1.895365713571414190e+01,4.811898924212192341e+00,4.316839098827398580e+00,-2.351003466136090481e+01,3.388426431482897350e+00,4.109580573492891631e+00,-7.376348239351706582e+00,-3.281273691843793472e+00
5.539459653498743030e+00,-8.191945252563137103e+00,-1.417933359779720881e+01,1.112962906438873079e+00,4.313171409736275663e+00,-1.984233908404762303e+01,1.805950847394740766e+00,-3.441566695519190922e-01,-9.372035492292491554e+00,6.592430575532969961e+00,2.177805968733014019e+00,-1.180743937191531145e+01,-4.774833654381930970e+00
5.802629205983608429e+00,-7.174001306857091365e+00,-1.870109133253051681e+01,-4.892950098714657692e+00,4.410434516584019526e+00,-2.507219184415907876e+01,8.457544804072116840e-01,-2.890078269763546315e-01,-1.531751841507647605e+01,5.687952006653075321e-01,-4.925852216996174704e+00,-1.429657694971892568e+01,-1.149472419200892226e+01
5.817626959997709513e+00,-5.938660049593735835e+00,-1.500665084583204312e+01,3.552813746418250318e+00,1.262595489091608414e+01,-2.788704928644574821e+01,-3.425738136970827075e+00,3.586252189507272981e+00,-6.121484665035310080e+00,3.754269132081829774e+00,-5.348808419085486321e+00,-7.157297828514782800e+00,4.268355017613183477e+00
5.469434466622985269e+00,-4.279542640027599987e+00,-1.198696811615014646e+01,-2.238144758979603299e+00,2.072680514552781794e+00,-2.791757877650226050e+01,-3.826057484410794629e+00,-3.332874226759487524e+00,-1.715277737981573480e+01,-6.627493674541315549e+00,-1.720308654298616347e+01,-2.224679868604454924e+01,-1.330128646498492628e+01
5.692038400023054834e+00,-8.679937123420428335e+00,-1.531388628195448476e+01,1.891648602969619564e+00,8.563262792019397551e+00,-1.834339134667958859e+01,6.995124350381292544e+00,2.217211825673654602e+00,-1.988383626386337255e+01,-4.270304134971642185e+00,-7.727405931036119391e+00,-1.608732637993655601e+01,-5.427914849603864056e+00
5.729040467277369153e+00,-7.719915171772801621e+00,-1.604755297406431325e+01,6.733754359681266566e-01,6.045878430460081887e+00,-3.244573650818586685e+01,2.207696692103994884e+00,1.504081179993619788e+00,-1.359772115076660981e+01,3.596982408533781594e+00,1.598802224847690967e+00,-3.845688463255799494e+00,6.824979899176668141e+00
5.669731526719083092e+00,-9.451897666202810910e+00,-1.890336861051922313e+01,-1.745336649203417523e-01,1.344591733437787440e+01,-1.870569943415266323e+01,1.044067375606105186e+00,3.266962497479816374e+00,-4.889862777677526751e+00,9.961368345255847245e+00,-3.130042912810611977e+00,-7.255331200870669406e+00,4.130195244297483748e-01
5.389462290131783462e+00,-1.317724073900632220e+01,-1.919044381226923335e+01,-2.090991662703801879e+00,1.501321963937598314e+00,-2.822629253370551439e+01,-1.408650413769142418e+01,-1.193921680266842245e+01,-1.102563029696566943e+01,5.885423139387429003e+00,3.176609589500932085e+00,-7.385089752022942378e+00,1.237291760940525087e+01
5.781410719980199175e+00,-1.058180813859880232e+01,-1.959038169941519669e+01,-1.082116266872280574e+00,1.074873311241143803e+01,-1.972880276874966299e+01,-7.087855422309566222e+00,-1.091338289260042771e+01,-1.976551188993257924e+01,-5.949574581491009262e+00,-4.669755868268437915e+00,-1.586594345484312107e+01,1.393074435541897527e-01
5.520159124803476480e+00,-1.184228557821061578e+01,-2.334441434565801998e+01,-1.104912230316888078e+01,-6.891036097735901755e+00,-2.540177970838519528e+01,-4.916487216279841199e+00,-1.085765660967877011e+01,-1.761673707670025735e+01,6.039317373355689966e+00,-4.133971130170980501e+00,-9.643226002696085430e+00,4.240812310686809639e+00
5.394267502225833510e+00,-1.132236397038027320e+01,-1.647990547744402079e+01,-1.360841170464994754e+00,4.787901541279536488e+00,-1.729783200335841187e+01,-1.092433694891142792e+01,-5.288694560287294344e+00,-6.545331245937485498e+00,1.465241653551009726e+01,1.201837185669351271e+01,1.580941586016999745e+00,2.846632292859583302e-01
5.412996305623472004e+00,-1.179475885291208037e+01,-1.878856457482450892e+01,-4.184757826227700761e+00,4.510953120884011014e+00,-1.666679108060817782e+01,-4.142544869397006835e+00,-8.238496867176440475e+00,-1.682902058454022054e+01,7.143892321897803654e+00,1.199005589052654308e+01,5.931080542078247753e+00,5.157229566063596060e+00
5.461371751980098388e+00,-8.994279854097257498e+00,-1.282216367770010024e+01,3.983887846299877022e+00,7.125078279439980733e+00,-2.107911109643569603e+01,-3.155458244851028660e+00,-5.867978637309024137e+00,-8.212634102322668994e+00,1.097765921883369877e+01,7.755974125672645769e+00,-1.089202086323917307e+01,-3.970541450778412251e+00
5.264207028934769106e+00,-5.839045646313328675e+00,-8.340851058278529351e+00,7.674154717910750989e+00,1.296314279948486536e+01,-1.089679992784296125e+01,5.743166449204514024e+00,-4.863834741049098298e+00,-1.309001791653355617e+01,-3.189351513925758191e-02,4.187380371361269837e+00,1.268713419305822043e+00,-4.869378972220546054e+00
5.327038775266797366e+00,-6.419001345295788141e+00,-9.486214180528239837e+00,4.824085679707475371e+00,1.373853673529620067e+01,-1.975328864071881796e+01,-3.915144762027902736e+00,-7.776049268822709415e+00,-1.683633043160034859e+01,3.939647869850927631e+00,7.026831209473058060e+00,-2.916224333810784053e+00,5.553035938375852965e+00
5.315281290994173347e+00,-2.953511148469142533e+00,-5.085401022504174584e+00,7.584530648701667488e+00,1.204385550141828709e+01,-1.194937982048836567e+01,4.594749625014605598e+00,-4.884977298053632566e+00,-2.190423542281610736e+01,8.911480934715908242e-02,3.656828988226381583e+00,3.657734121618380296e+00,5.841041603545378713e+00
5.404658860752316052e+00,-3.643078826873876519e+00,-4.381613087810738882e+00,1.271105520283709822e+01,2.116331937778068806e+01,9.193835321855849951e-01,8.847181013111770298e+00,4.276458147508034990e+00,-5.022788332901199304e+00,4.305193066888361453e-01,4.957285535626875794e-01,-1.034340016415135644e+01,1.776321574102847078e+00
5.394711490810033538e+00,-4.601336571375639894e-01,-2.610297678776568819e+00,8.011780349896422848e+00,1.580396021888327240e+01,-8.855290810251792877e+00,9.890318533965947623e+00,3.244148745018496927e-01,-1.145605966651480045e+01,4.413734125454693569e+00,-1.004410978999004378e+01,-1.349688715047411769e+01,-2.405023660013888787e+00
5.706591993010805552e+00,1.066285942932135411e+00,-8.604124566403279495e-01,8.386754933162610115e+00,2.218793646362451000e+01,-6.351453248081339709e+00,8.518032583971447025e+00,-1.781452052157842303e+00,-2.502453214412123472e+01,-4.383390900529464673e+00,-1.378109766001222525e+01,-2.543773412364493325e+01,-8.503609833246011718e+00
5.964854954106946217e+00,-2.867657296550968349e-01,-2.971871031069630575e+00,6.014974035928669416e+00,1.569112274954314401e+01,-8.255862503802964270e+00,-4.154839493585837040e+00,-1.592751490559859029e+01,-2.084641538168570563e+01,3.731086299228883796e+00,-2.514755731811273876e+00,-1.068162633213000490e+01,-2.812406317941705591e+00
6.165855665826071252e+00,3.708077444146026913e+00,-3.333274354685991092e+00,5.294533127787113713e+00,1.133486081617398078e+01,-5.906044361783201246e+00,-3.428570819733987474e+00,-1.797175987062357549e+01,-2.974678674979821125e+01,-4.329794386025079156e+00,2.382274984522605166e-01,-1.448321490467926864e+01,-7.698371482663652010e+00
6.106272154488330273e+00,-7.194681807857158384e-01,-9.704049843624707350e+00,4.860291428032553540e+00,1.362564655541016911e+01,-6.123639792231408308e+00,-1.235106630373454628e+01,-2.756883297934722421e+01,-4.274335545650784951e+01,-1.470534028113265990e+01,-3.651611716923817141e+00,-1.533447745094851378e+01,-2.004912641075755175e+00
5.864495453214400911e+00,-1.625018860180388103e+00,-1.230086325196544195e+01,3.841348849254474507e-01,1.618584299125683756e+01,-9.891051495016631279e+00,-9.389184194328755950e+00,-1.932439104791327722e+01,-2.783704212564581937e+01,-6.436988391935175358e+00,-3.454235947981253441e-01,-5.465492253045076687e+00,4.825850184994057379e+00
5.802300309826742719e+00,-1.920783600214228226e+00,-1.226714068847135586e+01,5.986749344225884562e-01,1.530375529885223074e+01,-1.101882801745148655e+01,-9.228908582133982463e+00,-3.246539114689751671e+01,-3.042228642319095044e+01,-8.736486187185636965e+00,-1.186055123903276609e+01,-1.868652452946296094e+01,-6.954712654055120069e+00
5.844312868300299613e+00,-5.815761732639328052e+00,-1.922494617777107706e+01,-6.102019544746449142e+00,1.461439682558987130e+01,-6.404763962284717671e+00,3.679824329035784825e+00,-1.404041865753785956e+01,-2.911623452314111660e+01,-9.625020400004993704e+00,-1.425703305014281774e+01,-2.081890071507761419e+01,-1.505706903966694910e+01
5.863794410232696208e+00,-4.066752630633798660e+00,-1.004257759076027412e+01,3.686151088726157710e+00,1.776023490351074230e+01,-2.674108627935892102e+00,2.279523275334203625e+00,-1.221256272421929623e+01,-2.649270259822775841e+01,-5.667211100510102462e+00,-2.573647393180710452e+00,-1.612393287103140693e+01,-7.585806486943827309e+00
6.004544916359132678e+00,-5.160851006883369507e+00,-1.679295104754275769e+01,1.005312611735056816e+00,1.684952371366082602e+01,-5.091730447628950884e+00,-6.679238273120860825e+00,-1.082747870383467870e+01,-1.973286319174204806e+01,-8.600845797330638476e+00,-9.161393011939658493e+00,-1.293279476852680787e+01,-1.044228740260042976e+01
5.998835525999826501e+00,-4.026355494661980394e+00,-1.716521372351061103e+01,-1.196439511770064579e+00,2.138301219835237177e+01,-6.412947180333425479e+00,-8.803875929685357704e+00,-1.858121707158667135e+01,-1.911449957072034422e+01,-6.174161231398687555e+00,-1.187105697947166050e+01,-1.353650399687938588e+01,-8.223766065952702320e+00
5.912019195243001235e+00,-8.968053049478287519e+00,-1.932535256493404674e+01,-1.304404641094446093e+00,1.222920914891939681e+01,-1.497461006696145702e+01,-1.091893044175108152e+01,-1.955008914742651882e+01,-2.147746839098875427e+01,-4.079057457644037488e-01,-9.164759488678438260e+00,-1.417127202054702551e+01,1.622515248587365289e+00
5.720169421444658120e+00,-1.039218681990004534e+01,-1.903350108833981125e+01,-3.585674283240765536e+00,8.396437214012321348e+00,-1.202554615408541672e+01,-5.494769917756008759e+00,-1.407607120503582898e+01,-2.399375932790709243e+01,-6.378696326916486470e+00,-1.212262491972203904e+01,-2.269135132672769117e+01,-4.323199254742277620e-01
5.512173590244164423e+00,-8.279570744781587166e+00,-1.267065349557032405e+01,-7.716116097983883870e-01,7.540661307592320561e+00,-1.860799100637326120e+01,-7.294216584574689577e+00,-1.682356863728985275e+01,-3.878396892215058500e+01,-1.618764980848768076e+01,-1.362674417239053071e+01,-2.061527246883092346e+01,-9.156653980462895248e+00
5.663472385222989125e+00,-9.894779066855479144e+00,-1.632044015187896591e+01,2.840195131438079557e+00,2.026957138769844491e+01,-6.846404945121690844e+00,2.925197271753724237e+00,-6.639014462632372826e+00,-2.220444189592535622e+01,-4.829876904192999199e+00,-6.386741008516701790e+00,-1.003800919679524384e+01,7.555311628434276727e+00
5.446657607743065732e+00,-9.483711735797514919e+00,-1.485726139267016777e+01,1.934452335233798781e+00,9.867767727963277835e+00,-1.601298298487458993e+01,-3.713987222085693318e+00,-3.913788393668248489e+00,-1.569782185760394100e+01,-9.239064542498887533e+00,-1.585864338642471694e+01,-2.035376802175722588e+01,-1.225065740904725198e+00
5.629581441581900769e+00,-7.840920654822602032e+00,-1.467625995238428160e+01,1.882391995911567806e+00,1.217134490629533872e+01,-1.233248787570933303e+01,2.398071790765297973e+00,2.916549897217169951e-01,-1.050361121924225039e+01,-1.841591823805413419e+00,-8.443366820264150974e+00,-1.378870084451052591e+01,2.284780081947867636e+00
5.724015509977363969e+00,-8.950961273261194506e+00,-1.904987792210358322e+01,-4.141712611920458365e+00,9.339433109608091144e+00,-1.388018104490212679e+01,-3.762772501051532270e+00,-1.272858927357448877e+01,-1.151675196175062865e+01,-2.035891667831483343e+00,-1.433292011566933333e+01,-1.326856048232897400e+01,-2.949021697990096058e+00
5.551490413315213424e+00,-9.973624909470080624e+00,-1.724190106922359078e+01,1.766573652917711401e+00,1.334358993288252471e+01,-1.618656613295252455e+01,-3.672142384411465343e+00,-9.517535838632161571e+00,-1.116419909913647146e+01,-4.871894533646434905e-02,-1.229442527046997924e+01,-1.495140608642290836e+01,2.511241523065272374e-01
5.590081116894610958e+00,-6.574940798592631808e+00,-1.347451171040538753e+01,5.244685293273273707e+00,1.630095132907298350e+01,-7.285932329871153357e+00,-3.084713480227787130e+00,-1.197199292150790662e+01,-2.140972398591927828e+01,-2.805969338379167954e+00,-4.757010303784361405e+00,-6.701397808422668412e+00,1.845868208745857997e+00
5.622899633461843294e+00,-1.074817241979420501e+01,-1.699467721275484422e+01,2.902242144332473739e+00,8.271063025048730921e+00,-1.653616033240790983e+01,-7.527357401326277397e+00,-8.307063295259045077e+00,-2.704123071692854907e+01,-1.090981829281808402e+01,2.360919729899630060e+00,-2.799772551221762384e+00,3.312056642509671356e+00
5.553133198877216792e+00,-9.691159334307499762e+00,-1.629496148924926402e+01,1.521039587532809767e+00,1.323139544987783545e+01,-1.185293156063884723e+01,-8.910569213170578706e+00,-1.455415512389428478e+01,-2.265596396855272232e+01,-2.178106247803047513e+00,-4.773253310739002053e+00,-1.154767465225441114e+01,-4.484528504012843975e+00
5.475229855342452545e+00,-6.927775377921578048e+00,-1.347848293271303532e+01,1.475741639675123951e+00,5.562592213819498532e+00,-2.472805293196319809e+01,-6.538036536268271526e+00,-1.203018460729277272e+01,-2.339589302572763430e+01,-1.177606700992464006e+01,-7.469424721858347382e+00,-1.070708502820796681e+01,4.983405999930222707e-01
5.607048772749892329e+00,-8.081840326394198470e+00,-1.066896984505055279e+01,8.674910165723051847e+00,1.078834136839200930e+01,-2.284481846461071797e+01,-1.368020863619890370e+01,-2.903875106883556256e+01,-3.383768210004026145e+01,-1.447423018671858408e+01,-2.069226275013241079e+01,-1.244057043886417624e+01,1.417944388587566351e+01
5.626915009297972503e+00,-1.026783143236144902e+01,-1.797716463883550375e+01,7.680337941264205048e-02,9.506532077947968062e+00,-1.051140476478543029e+01,4.127614871765461935e+00,4.181581720107530042e-01,-3.822221023399854367e+00,1.247671119280184548e+01,2.653695893169562225e+00,3.902730677516566882e+00,1.912804748997250570e+01
5.430518666861956945e+00,-1.052860175558710232e+01,-1.380492794519796362e+01,1.708776184994396319e+00,1.049216975147447606e+01,-1.151340878010463520e+01,1.602652579719372694e+00,-6.655942170208733799e+00,-2.262131969927137831e+01,-4.191160878464946116e+00,-9.082220973346608162e+00,-1.146095659276182488e+01,-5.334686017494239429e+00
6.981113735623400096e+00,-1.003717453786469882e+01,-2.488513938972336348e+01,1.257570164908032417e+00,-1.224398757689710848e+01,-2.774215286407601155e+01,1.225715757051420240e+01,-2.238559702065925094e+01,-4.560794395327963002e+01,-1.126837668595779185e+01,-1.456803810669015320e+01,-2.568375993204725205e+01,-1.750358359467730907e+01
1.465942297786288506e+01,-2.551185886775963585e+00,-4.720092711358470439e+01,2.108897985744824055e+01,-3.364891432153631001e+01,-4.656269030995205327e+01,5.811599821688656675e+01,7.776073822330257235e-01,-1.057192515683902734e+01,5.227257896924702862e+01,-6.509357091155964170e+00,-3.094449803022319756e+01,1.288578088929371823e+01
1.252599665119982753e+01,-2.055492164495454688e+01,-2.440862874165803476e+01,1.320568445769008648e+01,-1.625362548725725986e+01,-1.468221681789256117e+01,1.949730249777197244e+01,-1.400036052845758938e+00,-1.068024663470769120e+01,5.518321030954996154e+00,-6.289262570348802761e+00,-8.674011358642655267e+00,6.944858133616873985e+00
8.846610385023724987e+00,1.237060724165940684e+01,-1.623022360766670857e+01,2.041358087271881772e+01,1.804118101056900159e+01,-1.644112116717605687e+01,4.021533371243820199e+01,1.121587130862144122e+01,-2.416073326831093837e+01,3.191211547817915495e+00,-2.135393692417626710e+01,-1.713456546543672232e+01,4.935513326921708299e-01
1.207226227433068644e+01,2.220107705029955625e+01,1.094448202325650854e+01,1.479666837624786524e+01,8.420321375985738044e+00,-9.771053940590936904e-01,5.517260694073966576e+00,-2.528094472192774500e+00,-1.048720211803957092e+01,-1.618678182497559792e+00,-6.085333091627121327e+00,-1.013344087371677915e+01,-5.365172271045329566e+00
1.424614844716389506e+01,2.489528068416210260e+01,1.335371805507243792e+01,1.495052429965784491e+01,1.083836470726407342e+01,1.121765372602525401e+00,9.041012991123914544e-01,-1.557171248719974033e+00,-7.184338255659155514e+00,-1.037102693104186635e+01,-1.149034674209530316e+01,-1.324282447991337541e+01,-1.330622794949909959e+01
1.427561762980977456e+01,3.155627632297869312e+01,1.643582128237951423e+01,2.290811585771685799e+01,1.599970792407726172e+01,-6.167151959897872793e+00,7.040288561937793510e+00,6.206811421498004577e+00,-3.378778688641580707e+00,1.986633883565060543e+00,-3.285318689352448640e+00,-5.001291821713072849e+00,1.985806843457447179e+00
1.409304852748456405e+01,2.593713423985057887e+01,1.123685654453178451e+01,1.351877058863489189e+01,8.107999758283057190e+00,-2.166241936784064404e+00,3.551597899102852285e+00,3.721937067809423905e+00,1.336233854035760116e+00,3.668802825849970972e+00,7.129425056206023514e-01,-2.545874321987589006e+00,-1.498682153143762852e+00
1.422356046255187678e+01,2.622502751093277240e+01,1.032016750839052754e+01,8.306820064810695570e+00,-2.345239663972636279e+00,-2.155841185064646481e+01,-1.525509788928835597e+01,-2.204151709947805671e+01,-2.191450483484187473e+01,-1.519535506024171490e+01,-2.260597211643692717e+01,-2.772101816944014274e+01,-1.726056405938333782e+01
1.399330502392932196e+01,2.983211331170421587e+01,1.181476171024663913e+01,2.246810808676613291e+01,1.278475723058010338e+01,-1.035288127313699214e+01,-6.947810169506730027e+00,-1.307873860375980435e+01,-1.918303791069617503e+01,-1.878356735448954984e+00,1.196798679375869062e-01,-8.314892189799408584e+00,-2.307439804923042903e+00
1.510264108963868956e+01,2.227516725504294115e+01,-2.831225528354706533e+00,1.140954854492748183e+01,-1.231314812363980993e+00,-1.189679505759868583e+01,2.660092573687370177e+00,-2.186747827233953601e+01,-1.171268925315540521e+01,2.454607663788273797e+01,-6.540524885900560470e+00,-2.563055360575168251e+01,8.134002759810042837e-01
1.818603767174499808e+01,1.906957312382269976e+01,-1.796377947175021461e+01,1.430306905332145107e+01,7.264614284694749458e+00,-1.890640427684585489e+01,-1.642230297236123704e+01,-5.045729424423823417e+01,-3.016975496085598962e+01,1.890529191646646368e+01,-1.152241885809232791e+01,-2.010923142083117554e+01,6.609675570944854250e+00
1.879708863499529059e+01,3.861239447941341041e+01,-3.604892316547913111e+01,2.014249232238546483e+01,1.045488510293596818e+01,-1.947599742942314549e+01,-4.119692242351792544e+00,-4.908467237701444930e+01,-2.993051986915089557e+01,3.222641285831616642e+01,4.092626029239067265e+00,-1.363611255860918803e+01,7.709843188494826194e+00
1.896635752017028764e+01,2.182631404588461876e+01,-2.145534912841135267e+01,2.189095147345640591e+00,2.285519858882964161e+00,-2.200606915629373006e+01,-2.344765820668346379e+01,-4.378888216557081847e+01,-2.394732681403830199e+01,1.929901626638134360e+01,4.636179481395105384e+00,-7.561174911687944089e+00,-3.483317390873686747e+00
1.902595170852256956e+01,4.243649873762920777e+01,-3.538585923634978059e+01,1.456258606134355915e+01,2.322210678349154733e-01,-3.576862972517245254e+01,-8.311688758498798180e+00,-3.660507280699277999e+01,-1.495496239794735693e+01,3.540168150620502274e+01,6.525016783292512557e+00,-4.395976376244842498e+00,2.006165826069060465e+00
1.928069095514954512e+01,2.427228704113843705e+01,-2.364926385401559017e+01,-9.460553089498922930e+00,-1.180197109361223262e+01,-3.536301866087297441e+01,-2.720311546169005013e+01,-3.243989296153215918e+01,-1.855110910321060658e+01,1.617524124562182664e+01,3.127871054863665901e+00,-1.839146006471356287e+01,-1.309657315051915383e+01
1.909288619147682553e+01,2.808882896134364060e+01,-1.984670165418147647e+01,-7.651977645185104038e+00,-8.133187775107643347e+00,-2.190443502095018147e+01,-5.667083566873072797e+00,-1.762923336899362070e+01,-1.109485684831077679e+00,3.422501976208054231e+01,6.598706960614909356e+00,-1.162087765136680240e+01,-3.761908574885977963e+00
1.862018241450601153e+01,4.909569875768966796e+01,-4.555401408580397060e+01,1.417114789021728782e+01,-1.380081973559551578e+01,-4.132389648159779227e+01,1.442246778988422840e+01,-2.581040098470625921e+01,-1.331425657386880879e+01,4.551803632776633890e+01,-7.639656108206911433e-01,-1.492996700337755733e+01,-1.097331160567709962e-01
1.825805433165734470e+01,3.109726525747773707e+01,-2.676841097567907113e+01,2.896510981184240663e+00,-3.025752286002732827e+00,-2.934959997153182343e+01,6.166223179595799131e+00,-2.558936482942939605e+01,-9.940629939885731403e+00,4.882768792707631178e+01,-1.334556112412691231e+00,-1.699751005934867010e+01,-3.433829213799240776e+00
1.800246339201334678e+01,3.660948458870269206e+01,-3.709935070994764317e+01,1.479540497526777010e+01,-1.456416600823616037e+01,-3.429922865566406642e+01,1.763406498549244139e+00,-4.235487448077882533e+01,-9.491485097338966170e+00,4.904354213887210534e+01,-1.014355384117849646e+01,-2.664882441724940776e+01,-4.756161888870010124e+00
1.771533423994385359e+01,2.043721961399823428e+01,-2.293723179893372333e+01,-1.242286171262211303e+00,-1.200319130034219306e+01,-2.572941520161435136e+01,-1.098654484926994002e+01,-3.954301734777310173e+01,-1.271326029773165622e+01,3.426126587701497073e+01,-1.352357801352276212e+01,-3.448116516590380343e+01,-9.747457637097209471e+00
1.818826674028331780e+01,2.063607746503950580e+01,-2.032231338968970746e+01,-4.624030579654058171e-01,-9.661915376486939877e+00,-2.379577209277942984e+01,-7.869152807448803522e+00,-3.603417284800088538e+01,-1.123131117220730113e+00,5.703204171593664995e+01,-1.959082522564994377e+00,-3.391142188193948215e+01,-5.996190000505990270e+00
1.816623974410220654e+01,3.034073645356588855e+01,-2.630521705903770879e+01,1.701630335543254091e+01,-1.093080388866645691e+01,-2.542815781369323958e+01,2.062310144116537458e+00,-3.122307844295221457e+01,-3.657331814338781406e+00,4.422330822549507445e+01,8.393271075234667311e-01,-4.915397311305302885e+00,8.100092232036265827e+00
1.838727970282376845e+01,2.086064225673075256e+01,-1.429940902428377747e+01,5.090674392099214352e+00,-9.791088051649358803e+00,-2.533899915353763177e+01,-8.743811982886274592e+00,-3.535806091408097984e+01,-1.685746153326536145e+01,2.992871860092585123e+01,-3.155407178980913940e+00,-1.470990418298771374e+01,7.368641551389012889e+00
1.821606699094198945e+01,4.319437887638471807e+01,-4.103607594664580915e+01,3.290580360561612849e+01,-1.051661776637793722e+01,-4.358228149860615019e+01,-6.119347192338189245e+00,-5.312846949787871864e+01,-1.647293058051615233e+01,4.777929204897615989e+01,-6.887040171896249063e+00,-1.356398908211316368e+01,4.002562364843725184e+00
1.792915525381136632e+01,2.611281585586273835e+01,-2.540722153177001985e+01,1.802169642544313888e+01,-3.406233026053345991e+00,-4.730934644072151229e+01,-2.959135257202004610e+01,-5.261684195443466194e+01,-2.838940165981406949e+01,2.467538712256268241e+01,-8.828939613553945520e+00,-2.192554137048140817e+01,-6.501019016863505584e+00
1.767819141923591886e+01,3.907157415943125045e+01,-2.919498538552840472e+01,3.470690406311695853e+01,4.622499213816139374e+00,-2.052923366327972232e+01,-1.507457876677723130e+00,-4.126978460429304363e+01,-1.274515510176963673e+01,2.892246609331450102e+01,-3.763593750336525545e+00,-4.163411542946307442e+00,1.462567714344245040e+00
1.787296124091449911e+01,3.002774010731359056e+01,-2.753763489925455943e+01,3.802316010839848559e+01,1.937076192165026356e+01,-3.521425563317546192e+01,-2.098695469144777448e+01,-5.970171398690516185e+01,-3.176959812620928858e+01,2.889233837099819979e+01,-8.002112576294312163e+00,-1.708797152993355795e+01,-3.823521834114530282e+00
1.770633659858092201e+01,2.038264125069555632e+01,-1.797818771412940109e+01,1.878931054646442789e+01,1.618761115308437937e+01,-2.316574037659701801e+01,-1.196649208076331838e+01,-2.951947552148588372e+01,-2.476267382413211138e+01,1.730495662775476262e+01,-7.279118486416826350e+00,-2.278796104665061506e+01,3.185838309793106671e+00
1.793634534853238804e+01,2.874115171527369483e+01,-3.012887814204051651e+01,3.598299481235802233e+01,4.071265623167358427e+01,-2.203347703130819468e+01,-1.323318597544622577e+01,-5.689764615611685628e+01,-3.912238573797678498e+01,2.468694094221743995e+01,-1.608585550213777893e+01,-2.042193008197195780e+01,3.587767704163883575e+00
1.749958467760060188e+01,3.855216094962703011e+01,-3.176855326165779658e+01,4.228220136511701099e+01,3.573892446542831891e+01,-1.324130642720396089e+01,-1.356056579475616708e+01,-5.171043155966138727e+01,-1.964880333547470670e+01,2.982440605843512671e+01,-1.431808983764173071e+01,-1.382500306634657683e+01,5.629144021408973408e+00
1.661610668233863208e+01,1.947057355095849829e+01,-7.528706061805059413e+00,2.825473856066502876e+01,2.978369614013832489e+01,-9.963217552469831872e+00,-2.967028316011727895e+01,-4.592626256051187994e+01,-2.373968928153254154e+01,1.788580138346733150e+01,2.701982356095995463e-01,-2.651559027804576374e+01,-1.181556881068405218e+01
1.625415467882301357e+01,2.298433755281737589e+01,-8.689241957095136470e+00,2.062269899082903635e+01,2.600512810000018504e+01,-1.248784632386648141e+01,-1.280978188702071918e+01,-1.720925784386063739e+01,-1.157923346269055997e+01,1.805039731689585381e+01,-3.822456994181012035e+00,-2.921375665171763103e+01,-6.286657316382420646e+00
1.655192924979785829e+01,4.551542604987755425e+01,-2.476496355698024487e+01,3.337865562291073473e+01,3.382690281586707925e+01,-1.885538342858992067e+01,-1.301760523090501920e+01,-2.735527668580510863e+01,-1.277349905800812735e+01,2.577741712074634961e+01,-1.497637005545704625e+01,-2.449390820656902790e+01,5.942329361116603259e+00
1.649534781962177732e+01,2.154050165911633741e+01,-4.666959077501602771e+00,1.575198783696718507e+01,2.637855739335764582e+01,-7.201511025458799509e+00,-2.569508204612437652e+01,-1.805311688909801759e+01,-8.857767754912028835e+00,-3.164089391478116520e-01,-8.011432980477934507e+00,-2.476672170016546204e+01,-1.333368100136338086e+01
1.656013807961632267e+01,2.074631550266331104e+01,-1.679755619598525129e+01,2.027847811371336206e+01,3.456095042143275009e+01,-3.504369705823563219e+00,-2.422378316651856167e+01,-2.830314127603832475e+01,-2.899763467830572239e+01,-1.728713907950516671e+01,-1.319785484972525680e+01,-2.058089469586168363e+01,-1.109150835133288737e+01
1.707317844363140580e+01,2.502385417741932017e+01,-2.010307153277950221e+01,1.834211188751224597e+01,3.425019556398095233e+01,-1.028516699870832696e+01,-2.217309982381305744e+01,-1.812784360126344296e+01,-1.330438031342523431e+01,1.031684157837322147e+01,9.210768421065809619e+00,-1.285999060279003103e+01,-4.650031252377372581e+00
1.645957271987809989e+01,1.353406442975929380e+01,-1.675299862696718023e+01,5.895928872990785941e+00,1.918489773721453773e+01,-1.311373495215772778e+01,-2.780127440434775465e+01,-1.912056948324847383e+01,-1.403251509476671721e+01,-3.744639115252033523e+00,-4.719732158772050212e+00,-2.026147101624184188e+01,-7.961018084900390868e+00
1.463342519286178245e+01,4.075196544747215199e+01,-2.376124565317969228e+01,2.827404663129066975e+01,3.704706654733629279e+01,-2.321133051715587925e+01,-1.986164176863868391e+01,-3.788700359896003533e+01,-2.468930432730804370e+01,1.022889143023841640e+01,-1.430371510216913933e+01,-1.835408838199965942e+01,1.248287545991865244e+01
1.447730147470561768e+01,2.431619312352030704e+01,-4.113427753550870314e+00,6.408130813720429586e+00,9.091715594576703197e+00,-2.112369875695925003e+01,-3.434921842506268774e+01,-3.343707274280509978e+01,-2.216395557892888135e+01,-3.056095239144879586e-02,7.501379928200319291e+00,-6.202217893671089222e-01,6.296611909869248791e+00
1.236418617288575383e+01,2.183607038674641032e+01,-1.132665640646419281e+00,5.354110850922375597e+00,-3.949772661844288102e+00,-2.852108880615891806e+01,-2.609255179426012461e+01,-1.650798577406867196e+01,-5.304696500135753112e+00,1.278718928209343986e+01,1.787055475707560070e+00,-1.243036859082462264e+01,2.880504355694747609e+00
1.096992727487809915e+01,2.393273938020575287e+01,-1.451322750371378056e+01,5.553280809755543501e+00,9.227190117287511484e+00,-2.729103762816576406e+01,-2.660917390039643138e+01,-3.397860090361981378e+01,-1.294787528700323520e+01,1.610479097564462947e+01,-5.687046042353560260e+00,-1.915069441830545927e+01,-6.553226262027815885e-01
9.891673694521747606e+00,2.119577879756942451e+01,-1.063538123448879169e+01,1.044084313109858542e+01,1.813862031064077129e+01,-2.797968214115607211e+01,-2.846482562769459790e+01,-4.299304066228815913e+01,-2.457097425370615795e+01,5.727122958730291202e+00,-1.218850824212450412e+01,-1.759222093008435905e+01,6.643715698113310530e+00
9.331801535799440828e+00,2.060733660234848941e+01,-3.219174096350555736e+00,1.332445823816240882e+01,1.325816701368640871e+01,-1.933982052744152824e+01,-1.139380881869296225e+01,-2.183190294996446923e+01,-1.583550595950549855e+01,7.042553840974517421e+00,-8.977858596676016045e-01,-1.388455049450137579e+01,6.129934530206176291e+00
8.721880101096514792e+00,1.485434115268822453e+01,-7.163453898326989311e+00,7.733192705202240447e+00,9.305087906688809696e+00,-2.466028194066023715e+01,-2.687567128362085356e+01,-2.449937121144997221e+01,-1.266026964788780340e+01,-1.591159389012376746e+00,-1.157178716779602823e+01,-7.673461940673361958e+00,6.380133860332194651e+00
1.261631976654446063e+01,3.128484426443912980e+01,-1.490521903205312526e+01,-9.719717324410519055e+00,6.402869600084502011e+00,-8.032229537558134069e+00,-2.380158966424687161e+00,-5.815291751718056013e+00,-6.068989162186227304e+00,1.425956481571189371e+01,-5.166098912019689848e-01,-7.258738232237295307e+00,1.271366068691562212e+01
1.585973406640578709e+01,2.631955948679150126e+01,-5.803653340100634495e+00,-5.351764040680452972e+00,-6.938870488669466319e+00,-9.793014998151617689e+00,8.705900141196698527e-01,-9.359009071335904650e+00,-5.636099275593375424e+00,1.156614617881857221e+01,-6.144541007696110668e+00,-1.194243928791238574e+01,5.534457598101960585e+00
1.672963364761199401e+01,4.975152690600715033e+01,-3.406755257518939572e+01,1.769211085921372728e+01,-8.358021335348379210e+00,-3.126890010622161142e+01,1.381446939084215764e+01,3.814410987956323051e+00,6.246744054386914158e+00,2.148232613000637770e+01,-2.173832600238100454e+01,-1.740908425970383178e+01,1.586913503228601741e+01
1.610438262127875220e+01,3.027454477835039626e+01,-6.604109577638913819e+00,9.562278829859261364e+00,-1.055964291865247873e+01,-2.877131977854661926e+01,1.067575193267077971e+01,1.976598205876823044e+01,1.660728873941663508e+01,4.529579343256542323e+00,-2.838307423438002175e+01,-1.040520240225098725e+01,1.291392171097657915e+01
1.590271246774241476e+01,2.477063947023326307e+01,-2.061931527938257958e+00,9.822208585731059927e+00,-1.119787033540563392e+01,-1.999251158937030581e+01,9.586382283676794458e+00,3.849860533617293079e+00,6.316199887482831343e+00,1.310535614592632214e+01,-1.227516916348698395e+01,-1.042678007573693222e+01,7.716517318362675404e+00
1.507960112428600929e+01,2.953151064511149571e+01,3.438767035816466144e+00,9.343774554031572421e+00,6.134447322521854318e-01,-1.901242673127956095e+01,1.575982236826327876e+00,7.262613398754481864e+00,-7.354821532795655870e+00,-1.416497946855118095e-01,-6.201992197954308672e+00,-1.232140461598411463e+01,6.493578782021761420e+00
1.578851904299962250e+01,2.364102628122897798e+01,1.030295987820460013e+01,6.619598752900397010e+00,2.132278816748128580e+00,-1.153250084983871604e+00,-1.140152727756398532e+00,-5.285228386589391647e+00,-9.914908437666383634e+00,-1.158115196357582377e+01,-1.195848304498868586e+01,-1.167244522934169382e+01,-9.349478181835380042e+00
1.592662078247255586e+01,3.884908273867905137e+01,8.365658332023112820e+00,1.703861268108351723e+01,1.474365759450846092e+01,-2.234906845360675298e+00,1.808050759975317945e+01,1.131078950324716281e+01,-1.740361977643190627e+01,-1.008955267917685639e+01,-7.118326963423500686e+00,-1.477763660836514958e+01,1.010553306773641857e+00
1.597787249390706599e+01,2.485744104950773803e+01,1.086078544280858793e+01,1.261645117527892168e+01,1.094388885230630137e+01,4.344910143615416942e+00,5.447778135445303427e+00,-1.503470035719698172e+00,-1.377531711876240195e+01,-1.312043505657993414e+01,-8.135740315786295085e+00,-8.772727541128698903e+00,-5.179365321328980976e+00
1.597345622666012410e+01,2.532252747519798319e+01,1.128878216094458864e+01,9.423045840564880038e+00,4.301919700399343682e+00,9.519186920907692917e-01,5.871722356047887281e+00,5.232094157894390252e-01,-8.609247453867194366e+00,-1.185358154309546386e+01,-1.750619588831534301e+01,-2.001210026290710431e+01,-1.006100789050358735e+01
1.611413441240850375e+01,5.177605657699375996e+01,5.406603815361211929e+00,2.247725738797108974e+01,1.192113776843536499e+01,-1.994890180831817972e+01,2.821118000113109403e+01,6.487144833072347794e+00,-2.524855596742353470e+01,2.359353212487630191e+00,-1.441159884208273567e+01,-2.388730935544359113e+01,1.241212629277505108e+01
1.596675244306751651e+01,2.378395309597043195e+01,1.103656851397554917e+01,7.057159579120880544e+00,2.195220997722837630e+00,-3.556991782178584138e+00,-4.989647357075651435e+00,-5.167597369137979513e+00,-8.406646923057794041e+00,-1.275490096274135432e+01,-1.355684888945394917e+01,-1.195202324984474629e+01,-8.156757044189895112e+00
1.584823212668470482e+01,3.257955016343026955e+01,1.869737773786090784e+01,1.941795778704746311e+01,1.186009547697338107e+01,5.342925224370643100e+00,1.286059736322954983e+01,-1.005286630166327910e+00,-1.568404199804663790e+01,-1.039231304604442307e+01,-1.326901948090256411e+01,-1.406560692162393700e+01,3.042732959028489059e+00
1.516003879181192282e+01,2.589262347349200866e+01,1.333929243377619578e+01,1.086231489601866862e+01,6.816436520636453444e+00,1.077872691993422949e+00,1.810199934983419245e+00,8.265543739975230730e-01,-6.667369128589148097e+00,-1.116525256312906045e+01,-1.005049742573629068e+01,-9.515540454674981774e+00,-6.906760800677242962e+00
1.390338243091926174e+01,2.495509786374148220e+01,9.372837962490448760e+00,1.171016257314206399e+01,1.044917303935814523e+01,4.307431526927789633e+00,3.525182907825273215e+00,-3.853228005549007573e+00,-1.019706450926267571e+01,-8.256235744160463241e+00,-1.336667089186355994e+01,-1.634535808115113298e+01,-7.945751232628325944e+00
1.463845413371642934e+01,3.571057793612943243e+01,-2.877998508766763663e+01,1.749829161776797148e+00,2.712882884216172386e+01,6.273494709193817798e+00,2.412207263204523944e+00,-4.009624988533472845e+01,-3.085341738675365519e+01,3.342635625936703292e+01,7.567941968793520324e+00,-2.915723204006781444e+01,1.507691598180262771e+00
1.267790809944465558e+01,3.363486166323872339e+01,-3.732209149435505680e+01,1.951589945798919201e+00,2.399308209006035142e+01,-8.648289787715924604e+00,2.164127920709315234e+01,-2.346185419205271216e+01,-1.492712338978536835e+01,3.889584055073206059e+01,-6.587303654329865310e+00,-6.589618918687273563e+00,1.739668640068798311e+01
1.480976431939804883e+01,2.057886580011696154e+01,-3.335737430173275442e+01,-1.769169960404788799e+00,1.285051067556339888e+01,-2.000566335275054897e+01,-2.147524773609974957e+01,-2.788630156272783722e+01,-1.350353737658606512e+01,2.566819316505353044e+01,1.303656936238660080e+00,-2.418060635929796121e+01,1.026768791280050053e+01
1.464871621119121947e+01,3.265629327606836796e+01,-1.713232242321209853e+01,7.641859452609117476e+00,3.300318395951493500e+01,4.526330625956144438e+00,-1.189668241389918890e+01,-3.106381632771856971e+01,-1.564555798677781873e+01,1.216580717424836067e+01,-8.133535691937115786e+00,-1.143391292355848421e+01,1.166043399433338301e+01
1.717747306609031099e+01,4.137759550176093626e+01,-1.858855754142102157e+01,-1.220324149545218978e-01,1.635320563831347940e+01,-4.730575660804348104e+00,-2.801849328085631541e+01,-3.833602701096516796e+01,4.403868914381630084e+00,2.288300453063311579e+01,-9.748377733178658744e+00,-5.555015555470311561e+00,7.327784094487364897e+00
1.741203554003432785e+01,2.433570260369644345e+01,-8.938748291621108066e+00,-3.770885346091130241e+00,8.226790837717960159e+00,-1.289081939278164413e+01,-4.112733000253859927e+01,-4.244722661280671616e+01,-6.000195964044560348e+00,1.611546881875431225e+01,-5.138303114967815333e+00,-1.308329442218608385e+01,6.805069516782145111e-01
1.744630423162359278e+01,5.021651531326028106e+01,-3.328715501108006691e+01,7.847439363279163693e+00,2.820049297711495928e+00,-2.232796905901648188e+01,-2.884003315246493315e+01,-5.906660020560590851e+01,-3.779040916066249256e+00,2.107213812732653935e+01,-1.920512499672819473e+01,-8.965830680296322797e+00,2.155019977790856078e+00
1.770955137080627395e+01,4.054805739486233307e+01,-1.966969229238998551e+01,5.655751228491933347e+00,1.853060189710970818e+01,-2.135135348799176569e+01,-3.388772560207332418e+01,-3.543724840993881742e+01,-3.767677253010071614e-01,2.658883391280376074e+01,4.597717855362568051e-01,2.468357263178444949e+00,7.566050848738818502e+00
1.780939571381318487e+01,2.471950378238357615e+01,-8.508547222856428505e+00,-1.310989921152758697e+00,1.100540439881427446e+01,-1.305890956702184980e+01,-4.378748088710991482e+01,-3.538702227086781704e+01,5.235930898119743659e+00,1.970677254924442323e+01,1.681282943357466308e+00,-5.521012044820269971e+00,4.055328945273207530e+00
1.783558057079987336e+01,2.775203446813179653e+01,-1.013490379094343830e+01,6.495071073284760743e+00,1.970799813353585606e+01,-9.909106336505356438e+00,-3.905678400273233564e+01,-3.229273288728526126e+01,6.903690389040423980e+00,2.736512440818088976e+01,1.087741347108057610e+01,-2.858266447718693648e-01,4.901713865118716207e+00
1.748169255595465899e+01,3.676933981568759435e+01,-1.831562686327498568e+01,-4.415208981924064524e+00,1.416027094346283732e+01,-1.565455619225417472e+01,-3.551552069770126252e+01,-3.525447849563983738e+01,-7.298843501941238543e+00,1.240032542656438430e+01,-6.187414180004659592e+00,-5.971010988570451872e+00,8.380108766831758871e+00
1.705530631685737220e+01,3.199912491535335235e+01,-1.204810460966854890e+01,3.407873433579430067e+00,1.713848026120057355e+01,-1.280628275725022824e+01,-3.484766922460164551e+01,-3.419882168458684646e+01,-5.857899341019854766e+00,1.056145265534119204e+01,-8.750655923279024861e+00,-1.110621869243074578e+01,5.211444857075187009e-01
1.672647080082090199e+01,3.707052975570327646e+01,-2.804312133630987702e+01,1.359450653290218369e+01,1.982839792042290128e+01,-1.363079997019745271e+01,-3.644410349854148023e+01,-4.596107864353094641e+01,-2.250647815373693561e+01,1.338059066925659568e+00,-2.500344561175915459e+01,-3.331446893764876904e+01,-1.137546538044889388e+01
1.518391806635913355e+01,2.543227587847557203e+01,-1.156853336760989137e+01,1.854581751984737537e+01,1.930562877210499551e+01,-1.872472354398604466e+01,-1.909075573760314981e+01,-3.150894327948322271e+01,-2.726768679113474292e+01,1.694483488025766960e+01,1.768339278293860506e+00,-3.111364801345601450e+01,-1.000719555099060187e+01
1.497278449721033233e+01,2.965691758021316815e+01,-1.845161414970792180e+01,3.362669189444034146e+01,3.529129335002913592e+01,-1.901657241906580609e+01,-1.047162356943864303e+01,-2.848045933360805293e+01,-2.477353702303019034e+01,1.700346887219999203e+01,-1.203367602236552614e+01,-3.474552149975876603e+01,-2.590042430579480470e+00
1.454683328637142381e+01,1.956909363042696270e+01,-7.465441336932308936e+00,4.552057081349919798e+01,3.561928449458398660e+01,-1.964507986407408069e+01,-1.520063595772325193e+01,-3.494664545656073784e+01,-2.739556944890072643e+01,1.880634602226596641e+01,-8.014230511748458241e+00,-3.186284364608131625e+01,-6.579038852164021733e+00
1.456998440806043327e+01,1.539723569324896602e+01,-1.058510086058920407e+01,4.692567675346583655e+01,2.796341185020776621e+01,-1.516169847851861618e+01,-1.047008996874708409e+01,-4.401345454068140128e+01,-3.473917735318260469e+01,1.552533691371239755e+01,-7.880023849106091660e+00,-2.840656445201145175e+01,-4.611893358471871984e+00
1.441917153453969291e+01,2.032631288726161856e+01,-1.576741208826730123e+01,3.644134767836227695e+01,2.514370709242803770e+01,-2.444419487256844192e+01,-6.983200453016356057e+00,-2.654811167750004586e+01,-2.694028806431393974e+01,1.399187518912019712e+01,-1.468685597815933264e+01,-3.734703797739600617e+01,-1.600033535586233668e+01
1.418303552907194742e+01,2.605485412910298848e+01,-2.659301397987873372e+01,4.240276600581846367e+01,1.587590241295128912e+01,-2.657268462131562359e+01,-5.978863409623687453e+00,-1.420130560256121477e+01,-2.081924603610331914e+01,8.860426743456535803e+00,-1.192760448888037672e+01,-2.862657541450002086e+01,-1.276345909586179950e+01
1.437845411630724435e+01,2.378976031839083305e+01,-2.601995901656803056e+01,3.113725321357435405e+01,2.570680877254883256e+01,-2.710839558989661313e+01,5.267088093463625498e+00,-2.188453028329514893e+01,-2.617177561636322736e+01,2.506951418585210689e+01,-1.030870636689443920e+01,-3.390232773984656944e+01,-7.324056193161837314e+00
1.524952284047920692e+01,2.356727536424862635e+01,-1.067955010311737851e+01,2.321109759750788371e+01,1.808126269425284605e+01,-1.910182893472605770e+01,-8.023623531864524594e+00,-1.829586390477000535e+01,-1.739333919240899107e+01,1.374543910092551613e+01,-8.844165645490274841e+00,-2.542312061495922393e+01,2.587236025553897534e+00
1.564925368297529573e+01,3.477933081277232219e+01,-2.356337777041317239e+01,4.950867345419591459e+01,2.262009162831109066e+01,-2.107278492123630187e+01,-1.899910206479700492e-01,-3.320756490933301563e+01,-1.702705195210016598e+01,2.238162739132887324e+01,-2.029924259642525541e+01,-2.118161815221475308e+01,1.113030721450853022e+01
1.554867739295850626e+01,2.252458203676239279e+01,-1.064342160441554874e+01,5.246752539308980090e+01,3.337374569707010608e+01,-2.767636418990857550e+01,-1.473833733509346544e+01,-3.579933880231480003e+01,-9.114774505760321333e+00,2.969282016416235592e+01,-2.626073512562649981e+01,-3.369666112799934865e+01,5.296158071657289135e+00
1.583775446268939469e+01,2.327831715744959951e+01,-2.268957495868317764e+01,4.049761505327487754e+01,2.891893557903132361e+01,-1.581595353381214686e+01,-9.593600787073178537e+00,-3.730802883664241421e+01,-1.463084628182615177e+01,1.698654715869557208e+01,-2.964816142853508296e+01,-2.914544063963190723e+01,5.446662761890731730e+00
1.622236779396870787e+01,2.943871365393671624e+01,-3.402449872762895922e+01,5.213417969651299444e+01,3.075539579909285948e+01,-2.926564590406164967e+01,-1.049123271425191639e+01,-3.561199886567201389e+01,-1.349913797217557843e+01,1.751027475957167923e+01,-3.005185566860476953e+01,-3.917809389306550116e+01,-2.084748627732063042e+00
1.649448925918457931e+01,2.197101522718663347e+01,-3.898745504233750125e+01,6.162076595029811443e+01,3.306852825748183733e+01,-3.820907904245196107e+01,-2.963510012807610039e+01,-5.605140072544877228e+01,-3.092522543370697008e+01,3.504709095071884217e+00,-3.904239260503127440e+01,-4.402153631271167455e+01,-3.943272902971980187e+00
1.704129472397827527e+01,8.592896838061324871e+00,-2.535839383578455042e+01,5.794215173727256030e+01,3.912128571495360774e+01,-3.775250560103984299e+01,-3.967345236302675460e+01,-5.515042179722097160e+01,-2.072120088290593998e+01,2.626495971197256907e+01,-3.067811345763190189e+01,-5.676810763221685363e+01,-1.247189783431654853e+01
1.687652219208953852e+01,1.759973362365745331e+01,-3.352694547620946253e+01,4.535152993236528829e+01,3.303201933139844471e+01,-3.218079767243734324e+01,-2.288011153596137248e+01,-4.637657272200962666e+01,-2.723140986877010405e+01,1.497207685634778151e+01,-3.193266004922067935e+01,-4.672628339601129710e+01,-1.104539985320009343e+01
1.699869544484810291e+01,3.173768909845771802e+01,-3.945702167416613548e+01,4.227175572673818493e+01,3.443468107998239702e+01,-2.986518894463724294e+01,-7.536029521951520316e+00,-3.598131813014960301e+01,-2.136950979471816581e+01,2.935435427299340816e+01,-2.193717096873890426e+01,-3.560332903412570715e+01,8.970613451932052840e+00
1.623736187026274891e+01,1.998166039318971343e+01,-2.015463628823512465e+01,1.661442720404036066e+01,1.818418673087754911e+01,-7.477429028816458434e+00,-1.043169689488685847e+01,-2.789298901380542972e+01,-1.831896976099265828e+01,1.474511916775549558e+01,-6.096845145710061864e+00,-2.804584076328761455e+01,4.002942659373507905e-01
1.545137889725214997e+01,3.055753960776790024e+01,-2.447001091830240327e+01,4.078303308133831706e+01,2.672335580782926101e+01,-2.379162522433485805e+01,-1.848734586761565168e+01,-5.006086094553042898e+01,-1.405720987804048683e+01,2.866294833493763505e+01,-3.678884630794969723e+01,-4.637518138772971099e+01,6.720793378442007970e+00
1.469131111438359305e+01,1.820114504082307150e+01,-7.550939658777857666e+00,3.558217976813078565e+01,1.760277136901397554e+01,-1.494577673026061682e+01,2.458123372509862570e+00,-2.330965324201254418e+01,-1.799234190840841308e+01,1.716665711126062632e+01,-2.721497861734393808e+01,-4.561721432238255147e+01,3.481803663327048159e+00
1.425826701627186743e+01,3.295866328477642071e+01,-1.552440119367034832e+01,4.109035726612464146e+01,2.389353140514975848e+01,-1.741896573176796892e+01,9.694939753740442256e+00,-3.152087564799382946e+01,-1.379703825966316444e+01,3.615445398475056038e+01,-2.410910559167214728e+01,-3.508948402829366131e+01,1.749295222024703378e+01
1.361739816478661069e+01,1.554893107003911545e+01,-1.678737834057850264e+00,5.040240980113721747e+01,3.915644813436760785e+01,-1.311073053570490998e+01,-1.498626539273403324e+01,-2.464848684129652057e+01,5.029359031411537728e+00,4.406616789551771518e+01,-2.124551743450992802e+01,-5.248916868868319341e+01,2.992019423752067642e+00
1.220901482638943847e+01,2.364109035573497053e+01,-7.799626627547437963e+00,2.900664773206474223e+01,2.949361649547963893e+01,-7.524573447364462986e+00,2.610793720058092404e+00,-1.965450880156883784e+01,-6.470339956971342232e+00,3.206606867428744323e+01,-1.789608286470207688e+01,-2.758885558906767344e+01,1.638347496925944924e+01
1.094207548821161780e+01,1.821176850763200861e+01,-1.137446748834699584e+01,4.079547310914853142e+01,4.128110182983022725e+01,-2.645670542381355972e+01,-1.579575230635362892e+01,-2.748813243889726010e+01,5.492168161337473542e+00,3.950159090897318492e+01,-1.989031586098571935e+01,-3.986748765107368087e+01,-1.588833148525100825e+00
1.044486342412407254e+01,1.630426864197377057e+01,-1.748637516239231715e+01,1.825984173747566786e+01,2.962729539430795000e+01,-1.328475955459925117e+01,-1.985102314813835989e+01,-2.565484627454384992e+01,-1.308310541145045924e+01,1.332212297521320643e+01,-1.276781231500381431e+01,-2.106548553226854281e+01,6.113181867286345827e+00
1.034859326775741906e+01,1.731573225152126483e+01,-1.603713191127459936e+01,2.333974607114112843e+01,4.656895469691642830e+01,-1.014721359265677592e+01,-1.430557071602832586e+01,-2.686662956450031814e+01,-1.383533933173823627e+01,1.586712196294838151e+01,-1.792720422169361782e+01,-3.323450441948816092e+01,2.164065398935827722e-01
9.364940532105739734e+00,1.585960501353869923e+01,-1.765320618718037338e+01,1.543715914051469262e+01,3.820027102092694804e+01,-1.632143127474951783e+01,-1.958248765422297666e+01,-2.357917939977615163e+01,-7.856843697523467007e+00,1.834311006412140799e+01,-1.994826370377195701e+01,-2.965163247065805052e+01,-3.911409456524249428e+00
8.600540703872447068e+00,1.284974418281493058e+01,-1.477337187469003688e+01,1.113474326996507813e+01,2.987757068442070008e+01,-1.653027639301343754e+01,-2.718385716541198249e+01,-2.177365845255412324e+01,-9.552588264232509729e+00,7.354764520937791872e+00,-8.771423327964036787e+00,-2.464275587053148442e+01,-4.226190027957349216e+00
8.261227273525211245e+00,9.718341169980273975e+00,-8.684449714910387641e+00,1.296924473952441303e+01,3.448109529721610045e+01,-1.217773108036730179e+01,-2.674718836181371984e+01,-2.265087129516500397e+01,-2.246564234229038703e+01,1.433804971018855179e+00,-1.775611198439552751e+01,-2.386559665752907478e+01,2.763267074317744765e+00
7.437012261240727007e+00,6.673025557365491522e+00,-1.213485695764925687e+01,4.961646982990520982e+00,2.483955906067656727e+01,-1.307794969392063145e+01,-1.730677722207874680e+01,-1.141042585231475215e+01,-1.022173504023316504e+01,1.456942198324482263e+01,-8.494196342380442744e+00,-2.187995468926696674e+01,3.841153290817312271e+00
6.685552781807863276e+00,2.226715747067306683e+00,-1.356320069059464117e+01,5.354935457141821509e+00,2.229458316647476579e+01,-1.284959462160237109e+01,-9.755477897038991486e+00,-1.121361345845689961e+01,-1.429049957443783292e+01,6.737588378586936599e+00,-1.453325230459979522e+01,-2.468794095691831103e+01,-4.238926570590338727e+00
6.388992101910784704e+00,3.910545799547226475e-01,-1.161705464665259413e+01,9.634043004839707436e+00,1.999967481714742945e+01,-2.104242774946113315e+01,-9.065610133548201333e+00,-1.505683744442325356e+01,-2.221923337396210130e+01,1.002130515984503978e+00,-1.181937926481743162e+01,-1.996175886995848359e+01,-1.505349792969872702e+00
5.803788979235436685e+00,-4.122838998756042095e+00,-1.054679850299131694e+01,6.266815450787469821e+00,1.151343138537742838e+01,-1.488725562858691021e+01,-2.711513828229396239e+00,-1.977659326912539761e+00,-1.163569995292776404e+01,5.795017170168020648e+00,9.229228579499020313e+00,-7.685719497328633132e+00,3.335156934523152206e+00
5.550888689826737554e+00,-5.354076963259844391e+00,-7.927812678862491858e+00,8.866499653997697905e+00,8.273295057049173451e+00,-1.649639214382859720e+01,-1.664491887110335355e+00,3.279827834327511571e+00,-6.607120252041424280e+00,7.203290116944119248e+00,-1.375462602084630337e+00,-1.518483528745659505e+01,-2.365670049102480466e+00
5.480954819079698837e+00,-7.412230073908776973e+00,-1.249501770418634905e+01,4.002337913793609481e+00,9.894941140380154820e+00,-1.185542594327081467e+01,-1.102738908494830916e+00,-9.268174038019639127e+00,-1.122184213294311306e+01,5.040054971001862505e+00,-9.474491551742129758e+00,-2.335958697823120644e+01,-1.684041791625566731e+01
5.647120251801598378e+00,-5.579346740657807224e+00,-1.171078536098364964e+01,5.255366820929784133e+00,8.619374719075993951e+00,-1.479397488982005449e+01,1.025075768664716502e+00,4.966766814764922877e+00,-5.730959351527401324e+00,2.881999042000390698e+00,-1.011612333572188049e+00,-1.462439610029091774e+01,-8.990051949192089609e+00
5.614377024642307035e+00,-4.314628256814045493e+00,-1.284789592900700761e+01,8.644348800924884779e-01,9.920633955203461696e+00,-1.443820083538216359e+01,-6.628071974347033990e-01,-4.217640646821299022e+00,-1.820865459731459524e+01,-7.418556284846721027e+00,-7.374619689281549206e+00,-6.202789239907805730e+00,2.092654672491351064e+00
5.668465639207067142e+00,-9.988479389956086862e+00,-2.121867792612396642e+01,-3.592860669588667566e+00,6.758199407949917692e+00,-1.698717451043373217e+01,-8.672458980707578036e-01,-2.225932890585049950e+00,-1.097115110662045012e+01,-1.679585002708643193e+00,-5.773555088469370489e+00,-1.002182673754075637e+01,-7.485273348148233641e-01
5.753620949522979089e+00,-1.032127898523899567e+01,-1.948782839972358616e+01,-7.013788720261056320e-02,1.549411186030929866e+00,-1.928401864116759512e+01,-6.777486395602849711e+00,-7.509425847309233681e+00,-1.185285527403134331e+01,-1.276468339338882263e+00,-5.829026092357572075e+00,-3.608245764664806288e+00,1.394398946912095205e+01
5.568794670789034562e+00,-1.006796947163131328e+01,-1.882742029883125312e+01,-3.318957114500527439e+00,2.235024709240390095e+00,-1.536190961860137705e+01,3.331588804774280987e+00,-2.170468555778930941e+00,-1.759158120898944233e+01,-4.263611023483004026e+00,-1.079712135962050823e+01,-7.066155289994737743e+00,1.231830474049004565e+01
5.711670597208051703e+00,-7.462371026504314386e+00,-1.882267254783072730e+01,-6.527202821933706822e+00,-2.147699265970496096e+00,-2.364928108908942406e+01,1.481541925686796324e+00,-2.124331671152842826e+00,-1.461912938654821481e+01,-7.145786949694181267e+00,-1.377720495395340095e+01,-1.461184401205619565e+01,7.893708376449351860e+00
5.569447140653820405e+00,-6.454822948187410425e+00,-1.281700243913469528e+01,4.207001997536852222e+00,7.853752259614509512e+00,-1.631235471786509450e+01,-3.695477260017547394e+00,-3.613217682129491237e+00,-1.965487164072609971e+01,-9.858026766312034894e+00,-5.669265466103196260e+00,-1.212688438391127832e+01,3.553698960599509959e+00
5.765561810048937197e+00,-7.483869815543921611e+00,-1.563292620677106903e+01,-3.136927707480740013e-01,5.928384386814576246e+00,-2.468421131353315090e+01,-3.644561897500862013e+00,2.039535333462636491e+00,-1.544095327365141479e+01,5.268587105079652888e-01,-6.254299480020265811e+00,-1.019746150608693824e+01,8.535079339901058049e+00
5.723842077203471490e+00,-2.619970247047167078e+00,-1.147845937611458567e+01,-3.613621616533379655e+00,3.283127134384026480e+00,-2.174125436372131048e+01,-1.030422326969508084e+01,-1.095733823671032958e+01,-1.577199825546058420e+01,1.184022543529502336e+01,7.797037692122099628e-01,-1.073527984954505854e+00,1.308205290047738245e+01
5.928704157698438060e+00,-1.727822898553114328e+00,-1.140764312342019693e+01,-5.348188058801322420e+00,-3.552399300024485562e+00,-2.280864658670214595e+01,-5.368299195119814904e+00,-1.661636486835519477e+01,-3.284958167265654794e+01,1.102385543744663909e+00,2.135718107551802358e+00,-1.099988156614335821e+01,2.563918613308387773e+00
6.356378557702241139e+00,2.973485778504838528e+00,-8.249235151497503082e+00,-4.799081794450225757e+00,-6.150915161294980837e-01,-2.440404282255595092e+01,-1.593361002459144338e+01,-2.321433804514670740e+01,-3.787674526335978697e+01,-5.330224394015314893e+00,-1.364078559473866292e+01,-5.937520962233413968e+00,2.056936987201484879e+00
6.175491566091900530e+00,7.898090936475838930e-01,-9.803639588203802546e+00,-1.562704116709326074e+00,2.033569098074861525e+00,-3.113729698852769445e+01,-2.272545051818821449e+01,-2.254213385886403387e+01,-1.992922351138727421e+01,-1.768096371775254250e+00,-1.725594116358449881e+01,-2.619358005684884105e+01,-1.290342098238447832e+01
5.970806706437868705e+00,-1.660119908221019625e+00,-1.347001499401640601e+01,-8.788960905921884503e+00,-5.994693652898551051e+00,-2.972204373347887696e+01,-1.604958313312446094e+01,-4.102700788271891774e+00,-1.169074357564344169e+01,-2.745418999791316761e+00,-1.278041762165157991e+01,-9.477450336860407276e+00,1.585993310387361355e+01
6.106504054065685416e+00,3.324963060349452326e-01,-1.346333001415133523e+01,-9.269567882381313240e+00,-8.454740089686222149e+00,-2.960935095935593964e+01,-2.000905364436711409e+01,-1.639002149450515233e+01,-2.155788038236045523e+01,-7.978815777720020819e+00,-8.564291704752575285e+00,-1.368755421085175428e+01,1.948161331644856276e+00
6.510151501203681690e+00,2.122694496063807446e+00,-5.712838326243564246e+00,7.685099625958675240e+00,4.278888929225799664e+00,-3.217450305053614557e+01,-2.144421158450196074e+01,-1.746520478109124141e+01,-2.474966079819566644e+01,-1.345128438622366751e+01,-1.469578363874650329e+01,-1.382037657225442118e+01,5.242317755617240671e-01
6.148533348305567081e+00,2.336558289383475095e+00,-1.770675880617780029e+00,1.204329722216420606e+01,7.419176647494791332e+00,-2.838892508001191572e+01,-1.621901401083003691e+01,-9.875322186371843003e+00,-1.632629766210721911e+01,2.605407324598401075e+00,3.641764599273301872e+00,-1.158576278734506992e+01,-1.796544154021419093e+00
6.097978498962602245e+00,-6.100201512857954533e-01,-6.755529782583968412e+00,6.973559258147627560e+00,3.991443233742276719e-01,-3.134155482682658445e+01,-2.062345181111586356e+01,-1.742967665588196269e+01,-2.569567270575211637e+01,-1.382205548309968446e+00,-8.835112931665831226e+00,-1.822124667617766391e+01,-1.361952861146674243e+00
5.994722310026531886e+00,-5.629077718720040480e+00,-1.518236140643766952e+01,-2.640921700237472525e+00,-1.943156705582638422e+00,-3.351873054061619683e+01,-1.790163140980856227e+01,-2.066002223885854860e+01,-3.048134992428957801e+01,-1.047867077673670444e+01,-1.560024555371057531e+01,-1.656050519794170839e+01,-3.377198187709646415e+00
5.726905940112220428e+00,-4.937309935025387730e+00,-7.122967380066864251e+00,4.313564517816131705e+00,-8.413020684663433668e-01,-3.394444421765563646e+01,-1.702439289264005140e+01,-4.134420893555772025e+00,-2.236332477083266213e+01,-1.114254094124567729e+01,-1.785494448471767370e+01,-6.842209208669801868e+00,4.182427590487860058e+00
5.565756314879820366e+00,-6.188827803341092171e+00,-1.221349360403338480e+01,4.697074561453752573e+00,9.039281361501275924e+00,-1.408505611215189823e+01,1.754126144654018837e+00,-2.154739247805574909e+00,-1.482852705954418937e+01,-7.127324194559786497e-01,-1.203249958701615219e+00,-5.388038169676466538e+00,-3.215357670463645956e+00
5.697637631767294764e+00,-2.014083905967386734e+00,-8.640224019913084419e+00,5.976749192601630511e+00,8.862139044968573742e+00,-1.526298056812404624e+01,-5.868456840776878458e+00,-9.738288334199653562e+00,-1.794652612297800331e+01,-4.487242139734708424e+00,-4.655269878270086870e-01,-3.200132726863627930e+00,4.333690921642653349e-01
5.865712710758277382e+00,-2.799398082991198855e+00,-9.519251668477437534e+00,2.602933974162830122e+00,6.656406005291223060e+00,-2.045678117524057171e+01,-1.305316827197823315e+01,-1.392180217006459308e+01,-2.832223655555865705e+01,-1.462868205931525267e+01,-1.508613470449404126e+01,-1.219451960488775555e+01,-1.468484680730729020e+00
5.611803421927667124e+00,-7.798203996717847808e+00,-1.454025759271449836e+01,-7.394414187127575921e+00,-8.540982067263062305e+00,-3.163189465702020797e+01,-1.789537511610765819e+01,-2.181311110176607215e+01,-2.843449808003730084e+01,-6.965108430750523993e+00,-1.211906732192659142e+01,-2.589543554854732221e+01,-8.998965056753354119e+00
5.602242500096886069e+00,-1.435547707283524987e+00,-5.614943039736425057e+00,4.068126195468557249e+00,1.356612050821378190e+01,-1.584553794143850425e+01,-4.693487990961240364e+00,-3.185706146991489351e+00,-2.113353318216040932e+01,-9.616663858766971273e+00,-1.819667598459206914e+01,-1.672977820259888304e+01,-1.957696839205195660e+00
5.601274934003252604e+00,-5.632165519810189203e+00,-1.209468849910170540e+01,4.457145366033263834e-01,1.030901589307867106e+01,-1.417220143864222770e+01,3.040684783763874854e+00,1.016193034252375860e+01,-5.088244833867818784e+00,8.823021870059394089e+00,1.829740966358358811e+00,-6.396653675866860844e+00,1.194654781393481002e+01
5.557817281026410150e+00,-7.137134366027160226e+00,-1.099011017005755164e+01,9.153576239310122986e+00,1.707728986003257177e+01,-9.350278710290268691e+00,-3.288902511611023538e+00,-1.273928007634651038e+01,-2.081498157886462863e+01,-4.832813626790223971e+00,2.870831836779986102e+00,9.750049297630503098e-02,4.846995706448891106e+00
5.752656234661761125e+00,-8.785042624968676606e+00,-1.334557171042366974e+01,8.088500904955791881e+00,1.182359613048189750e+01,-1.624377399097043195e+01,-3.075748148296012285e+00,-6.677292772189673542e+00,-1.797678574573863131e+01,3.016723536292676311e+00,-1.035023177954758467e+01,-2.092226159209220171e+01,-1.044437008664690758e+01
5.631584349758102626e+00,-1.023638561539627645e+01,-1.492086090330277770e+01,6.698370918397833940e+00,7.441359554174017177e+00,-1.997038736464135766e+01,-1.218822112566026838e+01,-1.342120161381001964e+01,-1.485069361851409830e+01,1.177099671292870381e-01,-2.274380345152844818e+00,-3.403593489333881283e+00,1.520898857338436372e+01
5.657100181408083905e+00,-1.379238522336935802e+01,-2.335884138709047519e+01,-9.972836422015838309e+00,-7.418270673341635479e+00,-3.002184263060497926e+01,-1.339942627748087745e+01,-2.307364513036566933e+01,-3.711809105256380548e+01,-2.245577460101127443e+01,-2.833734986321582738e+01,-2.882970562619628652e+01,-1.396139937348843496e+01
5.987046746830473332e+00,-1.163225282081824297e+01,-1.816499900721772676e+01,7.373335364510741563e+00,1.441537801064764857e+01,-4.560216916656811392e+00,1.843164038033339125e+01,1.267326537795159069e+01,-7.864176958267135475e+00,-2.626780399883268835e+00,-1.278887379588660700e+01,-5.259179831971920294e+00,4.546619417645143102e+00
5.997709345592508789e+00,-6.961926463918652885e+00,-1.311486543434322982e+01,1.011463043802400819e+01,1.878940479602947278e+01,-7.929463317994594362e+00,8.161900791739054029e+00,-9.485546373661558617e-01,-1.117193951647933403e+01,1.062269405388210330e+01,5.678707404153729321e+00,2.668472101327829193e+00,1.381092495177333568e+01
6.187322718216065276e+00,-3.876392921774471922e+00,-1.244669313947622946e+01,1.061011788268335820e+01,2.149699047142793518e+01,-7.800093341793163049e+00,6.724819522552794027e+00,1.343199971998917697e+01,8.458667981894237187e+00,1.286925177953105148e+01,6.064175394767613803e+00,5.551367935136552134e+00,1.218887232780538454e+01
5.929525430526663143e+00,-5.942702838523135078e+00,-6.157257336973422035e+00,1.175418503228995881e+01,2.305656576695071891e+01,1.399579546352253567e+00,1.708764231782338072e+01,1.812794540793064968e+01,5.617551249635643451e+00,2.149258057198185767e+01,4.389762520248622124e+00,8.137670610010316885e-01,1.302334810058140313e+01
6.308989179133958736e+00,-4.717825532584297044e+00,-7.886058655046029209e+00,1.128313236713463041e+01,1.875794642846069493e+01,-2.134978158298713180e-01,1.872682832195648928e+01,2.587633689192926667e+01,3.692916208924050814e+00,1.954917745092090797e+01,1.762425759755491583e+01,4.644275657872821483e+00,1.158294144491532229e+01
6.011772081001317325e+00,-7.744510317199004845e-01,-4.644031173893202080e+00,1.271375620876776225e+01,1.791003270915684809e+01,1.180097898110044952e+00,1.418066251473521078e+01,1.491111338106073170e+01,2.767712339778487962e+00,1.565003577479478913e+01,7.172514365569689687e+00,-5.896138448005276089e+00,6.158390411800394482e+00
5.543020878819195474e+00,-9.170631854571274388e+00,-1.605462345741149477e+01,3.199344387784818444e+00,1.819051994702313380e+01,-5.004172423136618697e+00,1.463799497842645891e+01,6.922788240172933705e+00,-5.946137662495825538e+00,1.138962329158765741e+01,6.174274208960681243e+00,-8.580225930238281506e+00,-1.223735597084993465e+00
5.459838169225505133e+00,-1.274427699634867750e+01,-1.734944431722290759e+01,2.444608310958928110e-01,1.015319292778819893e+01,-7.813100669735873360e+00,3.281471129267976572e+00,5.784615276610592716e+00,-1.427018504608110971e+00,1.518395519624582946e+01,1.091563770164377445e+01,9.204527040994275211e+00,1.752084287447276978e+01
5.341983810221881512e+00,-1.052079306402204395e+01,-1.266427781418273391e+01,3.624363707506410126e+00,1.046666536714497298e+01,-1.256012174518967228e+01,4.344333264535739758e+00,7.347013487135219734e+00,1.614784847884181085e+00,9.216545186098073827e+00,1.703370422731077083e+00,1.663258124790798487e-01,1.667629670827288635e+01
5.695707822244186147e+00,-1.633315434337176342e+01,-2.626196158315409690e+01,-1.008036144714590954e+01,-5.466677697103510702e+00,-3.028567301641728093e+01,-1.218605909683886956e+01,-3.660937707407018404e+00,-8.296309664907807857e+00,9.093719870154073348e+00,1.049007155686096837e+01,1.619511043881358603e+01,2.756271977601938161e+01
5.749848637581867372e+00,-1.240011369189974744e+01,-1.996259918588621574e+01,1.503602123710016114e-01,9.284912966825974223e+00,-1.187600503293517207e+01,1.568751512220054600e+00,-4.737714771020255178e+00,-1.785042489121153153e+01,-1.200308468875635359e+00,-5.437383801420048179e+00,-1.009116371645417232e+01,8.721823798599181998e+00
5.458984433431602667e+00,-1.124768393528485255e+01,-2.080875880750392071e+01,-1.047277047769641989e+01,8.567148069674838107e-01,-2.394241867752650066e+01,-7.973366654560163802e+00,3.569465607073473823e+00,-8.125131003721369538e+00,3.773726950810083469e+00,2.786201622870007277e+00,-4.396623498211704728e+00,9.105086613826578912e+00
5.453171391325145834e+00,-9.047613176515715949e+00,-1.553829221592305743e+01,-1.288747201231326356e+00,6.809997036288174321e+00,-2.332730590105690993e+01,-1.098886288938676259e+01,-1.611800930720880132e+01,-1.874193176003579708e+01,1.367471510510090482e+01,1.157460132010349341e+01,5.483156900994226035e+00,4.353512179649273506e+00
5.574627439710079457e+00,-1.212215708232009703e+01,-2.208598130926747061e+01,-9.170061996124667658e+00,-1.752973691732252037e+00,-2.256365142824619596e+01,-1.069061403583049064e+01,-3.957782206235292310e+00,-1.189980220678411094e+01,4.802939092560205125e+00,-6.819424590061844427e+00,-9.194422608630828719e+00,6.837329821370509819e+00
5.361204963587301364e+00,-1.374987894731838090e+01,-2.048711047106463212e+01,-9.755692882304261460e+00,3.127409180521534715e+00,-1.116171040180746488e+01,3.322023631472882377e-01,2.113804199466455813e+00,-7.399916137426572504e+00,1.139777709080107559e+00,-5.276398242149075379e+00,-2.298534879866339509e+01,-1.727653082147965335e+01
5.303412141504016297e+00,-1.109394990460066488e+01,-1.475696313636860957e+01,-4.487792256889131082e+00,-4.113517233970717335e+00,-2.635752352930020947e+01,-1.333971761323077931e+00,2.847255051527575187e+00,-1.044745307699959014e+01,7.020289274315068440e+00,-6.453563249569720106e-02,-7.772986897557637498e+00,-9.973534385485034459e-01
5.308963806005070118e+00,-1.244792381510983326e+01,-1.989012238767573137e+01,-9.249122408541655460e+00,-2.310375872621912130e+00,-2.554911089762707732e+01,-7.078829205334955965e+00,-3.478561476165612731e+00,-7.484168034628549293e+00,1.331982627143790232e+01,1.098779095409757112e+01,-1.131898291805767798e+01,-4.512492679745244040e+00
5.205188398650958170e+00,-1.456047242768485717e+01,-1.754068592159422124e+01,-6.277859574760981332e+00,1.693086525486656502e+00,-1.570690411825108335e+01,5.011772031270033345e+00,4.518163509222451246e+00,-1.281914793700139832e+01,2.654819800180876932e+00,-1.074341653529776508e+00,-1.073776806407424900e+01,-1.201494690496617679e+01
5.239738428846419716e+00,-1.358707541080354630e+01,-1.476756866784923972e+01,-2.230079284525400940e+00,1.950295252129857548e+00,-1.995620928843274910e+01,-6.152536098479999715e+00,2.904149717107937789e+00,-1.590286563646912477e+01,-9.978674938138783548e-03,4.312112323712593565e+00,-1.810973514648774430e+00,6.776453639339481694e-02
5.152607095921521996e+00,-1.062719330390412686e+01,-1.749741714929298908e+01,-3.609452336791534321e+00,8.322176720247840720e+00,-3.146096564567733012e+00,7.054956157512302539e+00,-3.249649931742697451e+00,-1.209025245199631726e+01,1.046912594225274384e+00,-8.623359279156412427e+00,-1.132849379960204672e+01,-2.695859166246912242e+00
5.263870819608700735e+00,-1.314644498052231469e+01,-1.877551326142090460e+01,-8.201133631207222052e+00,-9.956686695498107031e-01,-2.091047710438806462e+01,-5.437786542375443233e+00,-3.098795499004348475e+00,-1.167411031877146677e+01,8.647984680616090936e-01,-4.457537661489041625e+00,-1.625449647324964175e+01,-4.067973722429058192e+00
5.469095536659415835e+00,-1.229450499829229315e+01,-1.931336069022380286e+01,-2.661217917005350486e+00,1.415105652453131135e+00,-1.747147266838377178e+01,5.077046695703576695e+00,4.533299835156456403e+00,-1.085600126552662203e+01,4.574031291410090461e+00,-2.317617507018717049e+00,-4.744079309855214532e+00,6.558851271106443726e+00
5.354209226531282617e+00,-1.466427330313836208e+01,-1.907251687350289515e+01,-5.593005555170335263e+00,-2.142861955485722003e+00,-2.621991638719581630e+01,-8.226245806822918283e+00,-7.224222294073001649e+00,-1.137643542367712968e+01,8.283845400247138002e+00,6.169947271502910446e+00,7.992352285341606688e+00,1.722903423377809062e+01
5.268527418990956335e+00,-1.283824938132687521e+01,-1.511139469936643387e+01,5.578682666981170657e-01,9.455954536847020364e+00,-1.585183438564269309e+01,1.635911661744671730e-01,-1.442511356936030664e-01,-1.561107195820545535e+01,3.888669108063991936e-02,-3.457976001638164654e+00,-2.649692489905264847e-01,3.440593907140565566e+00
5.704000295983496116e+00,-7.324528139969773477e+00,-2.119282054948813965e+01,-1.560499591626216187e+01,-7.372129288453905804e-01,-7.212572116148138868e+00,-7.668212649072245757e-01,-7.432868476013766212e+00,-1.644885625093839110e+01,4.690310371337785611e+00,3.473772948915580638e+00,2.536659857456213363e+00,6.766866063363512929e+00
1.396653174735205027e+01,3.514298125642406490e+01,4.671175098845968598e+00,7.509176098648937092e+00,2.421293839508626178e+01,1.037668298944670298e+01,1.161734555369954736e+00,-2.032070025235972022e+00,-5.286661011324769177e+00,-1.876102417626079211e+00,1.781927718546395756e+00,-1.238118498454005678e+00,-7.106072152284623744e-01
1.366299134414805749e+01,2.828558452600287865e+01,1.337982322193431273e+01,2.286151850016649689e+01,2.262831186010861728e+01,6.567611898563328943e+00,4.133976133695156818e+00,3.109391882663016471e+00,-1.889053559725360376e+00,3.619073047353761563e+00,3.592415650940958383e+00,1.736674332400607978e+00,1.301917866140340552e+00
1.196377807400072157e+01,2.327275779431908731e+01,9.037666871428958970e+00,1.192892876915466083e+01,1.629979835878735273e+01,8.184705022497569260e+00,3.638807084815939952e+00,5.302478875411211767e+00,1.314172390147965430e+01,1.209804745839261209e+01,5.176289207859143815e+00,9.631286212098237876e-01,6.916226762624868130e+00
8.168056337377530340e+00,1.158048541786419960e+01,-3.728560120158298741e+00,1.280668742133178384e+01,2.823452808720176321e+01,3.708068112146448936e+00,3.379600029411376827e+00,5.810815283163100808e+00,-5.615104692509273576e+00,1.244371474511771858e+01,-2.917758618761497225e+00,-1.942450665820107147e+01,4.991979600131072559e+00
7.061099322740085782e+00,8.570643848659482700e+00,-8.012373904557472670e+00,9.623779899578950747e+00,2.281899454915632930e+01,-5.040291393363959038e+00,5.967889514528081030e+00,-2.630563726957581006e-01,-2.007084098391046112e+01,-6.307323975130082472e-01,-3.333878821462763486e-01,-1.511629742642766772e+01,7.443906211839399489e-01
7.544792728741537502e+00,1.368101915400085922e+01,-7.410214219877913067e+00,2.893249332605237978e+00,1.555326343314578530e+01,2.083040481024757140e-01,2.259468096413910487e+01,2.408260069978823470e+00,-1.285008108767310908e+01,1.184371529503877341e+01,9.127303755589363021e+00,-5.681146718846711963e+00,1.259708078059225134e+00
6.539656924920098646e+00,4.614539160514783411e+00,-1.036697754398329430e+01,-9.996060201214026497e-01,1.050627931498896217e+01,-7.642065720452138500e+00,2.497073565816081597e+01,5.297150631088133999e+00,-1.274206193658832831e+01,1.950173691302260481e+00,-6.829991675406188456e+00,-1.475519652500767620e+01,8.989590881585862725e-02
5.996420096697148594e+00,-4.595282335067112367e-01,-1.035809936566284151e+01,-6.454608109960608964e-01,6.743073475475783063e+00,-7.263225266083193077e+00,1.051394320624252110e+01,-4.006850420356399489e+00,-2.525333370998653137e+01,-5.271512551528623192e-01,3.876957463818927696e+00,-5.688187970732064613e+00,-8.936175028568907663e+00
5.885850920535742326e+00,-2.599019892552576483e+00,-1.376380077709239913e+01,-2.118857617753502343e+00,7.785904650207043254e+00,-9.066980430864242990e+00,1.483781952920853975e+01,7.572555772977300315e+00,-1.715904103550813531e+01,-9.169082658075226044e-01,-7.051165376383235817e+00,-1.673374759473970386e+01,-7.684454129987499549e+00
5.663570087039630607e+00,-9.357810476591975402e+00,-2.279912067287665067e+01,-1.003695335380731812e+01,-6.384453531484071132e-01,-2.131969983072594488e+01,8.004096208867371942e+00,3.869875492841055920e+00,-1.498157920907381779e+01,-6.462249904074791829e+00,-6.951416068137172388e+00,-1.723949610901710372e+01,-1.304623267652852903e+01
5.682818945062693139e+00,-8.721461713050201681e+00,-1.828977603187484746e+01,-2.190630158697089769e+00,3.482937089756262150e+00,-2.737736405893126346e+01,-4.185006171029645117e+00,-1.994315116743979432e+00,-1.758309880226394739e+01,-2.548120825775715748e+00,-9.727002161707034578e-01,-1.213564389908235164e+01,-3.194676643139839456e+00
5.802830572728669090e+00,-1.414124266772257421e+01,-2.546283290130013555e+01,-5.335965075121255730e+00,-3.973216696369398448e+00,-2.978205998144012057e+01,-4.178515257508968794e+00,-4.699644180126013815e+00,-1.253629495983969733e+01,1.815096812248349956e+00,-9.024191676568712239e+00,-1.898030840088073390e+01,-7.841468953529912689e+00
5.740638153736520977e+00,-1.393268987624526112e+01,-2.182806551170828513e+01,9.503825955644320533e-01,9.647987564516469661e+00,-2.172378638421364982e+01,-1.084194652703471817e+01,-6.469485179729973723e+00,-1.140979602407581517e+01,8.328754141647724651e+00,1.006382085587283343e-01,5.580742743813351670e-01,1.393556011839551800e+01
5.684361241377888341e+00,-9.368448952316052569e+00,-1.738312570318142747e+01,3.507819784910009897e+00,1.241906272166354341e+01,-1.022470157580690753e+01,7.701683299963104190e+00,2.462572680791525137e+00,-1.635350545735986572e+01,1.363554620640602399e+00,-2.403674031167815528e+00,-2.030420624491426018e+00,9.099119790482120607e+00
5.519229118311836046e+00,-1.356430408114305131e+01,-2.256616916522271765e+01,-8.558810474585728301e+00,2.367543873894951911e+00,-1.891071042072391251e+01,3.872302297551113437e+00,4.222636230094416021e+00,-8.311248718620719345e+00,1.166977380092569128e+01,8.424274457781686820e+00,6.108422902999155468e+00,1.245662182334993062e+01
5.499011687086227340e+00,-1.335670640607664517e+01,-2.468398623214483578e+01,-1.115480385479087388e+01,-4.555335929085455038e-01,-2.337627697368021629e+01,-1.881664517293415440e+00,-1.375508862589990500e+01,-2.487688959297128477e+01,-1.288409441399097055e+01,-6.273882461138065914e+00,-7.163420888531553565e+00,2.383028942398130123e+00
5.588001320128491045e+00,-7.686834555941123526e+00,-1.710638036465082834e+01,-2.073474165752733800e+00,3.113785705112435576e+00,-2.018390728011504365e+01,2.349934048088073713e+00,-6.702541810691366564e+00,-1.795485852421619910e+01,-7.025753001745278503e-01,1.954018278061366187e+00,4.737976983220121951e+00,7.850851016832860019e+00
5.786837732588137939e+00,-1.321763209572676345e+01,-2.573393404414659358e+01,-8.945915826259685844e+00,-5.459411799107987129e-01,-2.111614902031370988e+01,-4.948210535066023041e+00,-1.653828699358005494e+01,-3.960800085237532642e+01,-2.409763469116779788e+01,-2.160976332415572898e+01,-3.845011303494058730e+00,8.703019063273945477e+00
5.658951043843891249e+00,-7.131180429765558770e+00,-1.473261461990520615e+01,9.151499135438287968e-01,8.783874901582995776e+00,-1.173507520670575843e+01,1.477797344662961532e+00,-3.886397968992996166e+00,-1.461234848720589774e+01,6.765027015745057604e-01,-1.136461560944686688e+01,-1.518761098061382953e+01,-4.133528990629472766e+00
5.727137210981785742e+00,-6.571966467370145892e+00,-1.611698912420121488e+01,-2.074394338838308816e+00,5.065713546401570788e+00,-1.602369923803929908e+01,-5.405396654701687398e-01,-8.175836800938762750e+00,-1.857276131208793757e+01,-1.496348354000422809e+01,-2.066540733644983519e+01,-1.952399628578397994e+01,-3.292398040176867546e+00
5.660831210862582452e+00,-7.252338778998690394e+00,-1.412949772059558029e+01,6.073704798921667480e-01,8.129960821153549233e+00,-2.534946465102540714e+01,-1.553391058179924755e+01,-6.805083377130471511e+00,-2.023565584676963169e+01,-6.063254850632440629e+00,-1.112323133030285049e+01,-1.329077557254727182e+01,-3.902028634798265117e+00
5.723103900868952820e+00,-1.157633357110021421e+01,-1.840524023840224643e+01,1.973605681202105666e+00,4.362632088084381188e+00,-2.716178273322379511e+01,-1.502307636855330308e+01,-1.991901518907161517e+01,-2.242226036090185914e+01,-3.630987051267480226e+00,-3.100396000149885367e+00,-7.685972688201442082e+00,8.276753657236877615e+00
5.607871173785117236e+00,-1.169651858916273923e+01,-1.908022453170255517e+01,-1.470830485062576853e+00,9.175615387340158691e+00,-1.156325502605534439e+01,-3.604082475142026620e+00,-1.180510725695947905e+01,-2.751170295698249291e+01,-6.486097668808644023e+00,-1.230616492029495745e+01,-1.771753538322923660e+01,-7.332504722783896867e+00
5.646240195559337316e+00,-1.036704179565326633e+01,-1.871724671237920035e+01,-3.941138606351616058e+00,1.020919489174608863e+01,-1.413398002825729449e+01,2.205506483462855993e-01,-6.684472669571944969e+00,-2.265288727101017230e+01,-5.347048311480557814e+00,-8.528840949008534622e+00,-1.407495444796553485e+01,-3.122220099259458426e+00
5.768539277632620532e+00,-1.235337298790970983e+01,-2.333793259422650124e+01,-5.465682030172586359e+00,1.230300175354551939e+00,-2.627965355295469152e+01,-1.216401974716365864e+01,-9.855806461324668533e+00,-1.642827222692438482e+01,-3.238576114337599066e+00,-1.374770418671858430e+01,-2.121136754539260494e+01,-6.568228316006424983e+00
5.552360656205236111e+00,-8.933719851838175074e+00,-1.717122767052691401e+01,8.363911053426484887e-01,1.210286091239500195e+01,-9.089357812946916582e+00,1.729287967431569539e+00,-3.118626406615647273e+00,-2.416879476631122259e+01,-9.848595873356615016e+00,-1.236114781811492414e+01,-1.350892573536935792e+01,3.262304778580607523e-01
5.303077202176481819e+00,-1.202816970493313775e+01,-1.853857756475186847e+01,-7.222107303915240806e+00,4.385492972426817460e+00,-1.310666363707160542e+01,-1.575073478442916342e+00,-1.754495639314763267e+00,-1.821168030107151736e+01,-9.292688545647949994e+00,-1.210395937183455217e+01,-1.583099972574555458e+01,-6.971826060967349470e+00
5.441705230713128394e+00,-1.025904393838142248e+01,-1.545379614248684952e+01,-2.689248157749574708e-01,8.029258080855257163e+00,-1.288743642591807337e+01,-1.227699937207475722e+00,-4.165907918149140521e+00,-2.792057950543056677e+01,-1.793188478407796538e+01,-1.098338667509316657e+01,-1.255900082478112623e+01,-5.751034311013680345e+00
5.718358533820305567e+00,-1.189968529592548663e+01,-2.204237787897429257e+01,-4.958542822041582809e+00,3.170059553910355099e+00,-1.940397450800140788e+01,-8.825732966980419647e+00,-5.609491710986926449e+00,-2.016329998516252431e+01,-8.885759190036926825e+00,4.655928370855372478e+00,-7.754357949276476702e+00,-4.594428211094262693e+00
5.583282799882447911e+00,-7.636601187970463833e+00,-1.572784964877830660e+01,-5.658073199476993942e-01,2.522820205373112135e+00,-2.136186210474452096e+01,-1.167348262597652919e+01,-1.142250436807333891e+01,-1.800019585113610177e+01,-6.893666790351622886e+00,-1.465988243343423036e+01,-2.398632947980750885e+01,-1.119288962313080305e+01
5.616272133716124770e+00,-8.118782553711518801e+00,-1.623746392084387580e+01,-1.506361503368787380e+00,3.331940292172968388e+00,-1.539784464074960368e+01,-5.368984352376902969e+00,-4.169744056709613567e+00,-1.821823576537553535e+01,-1.356636315557335423e-02,-3.427665884371664973e+00,-2.621847558802481437e+00,4.960049414174767968e+00
5.640836287858912002e+00,-7.900448222704221202e+00,-1.556081122970392272e+01,3.614904496388394062e+00,1.076743506101301939e+01,-1.181765034878259790e+01,-3.755801901704299839e-01,1.802024293086116558e+00,-1.142980991455122108e+01,1.106683913269068675e+01,8.935778241216540962e+00,5.106840636878580142e+00,9.842632870166299952e+00
5.826661448956549805e+00,-7.575863433398892788e+00,-1.428917806321301143e+01,4.232216727281423729e+00,7.881572628344577502e+00,-2.056642060939885397e+01,-1.450084499567234619e-01,-1.319797653420051065e+00,-1.742523320967893241e+01,-5.181417081151586945e-01,7.910747317128625333e+00,-3.839761167346638082e+00,2.059688658274156925e+00
5.751580108980408390e+00,-1.020160986488710897e+01,-1.521107795535797536e+01,5.711595455840059898e+00,9.031347660216484385e+00,-1.601997510598162577e+01,1.131835033135230040e+00,-7.042537112919545095e+00,-1.708169234561410121e+01,4.845895963838833254e+00,-8.860950306255393372e+00,-1.351628928298085874e+01,3.765520035380440333e+00
5.457204391127183030e+00,-1.164630524459856353e+01,-1.347922169662979819e+01,-5.339451199809025495e-01,6.560368717057359689e+00,-2.154165975493010166e+01,-7.636519165045171142e+00,-1.576948342837506090e+01,-2.989412700580077242e+01,-4.230625629070846827e+00,-3.061481701510919251e+00,-1.662120116867021835e+01,-5.552040820099338525e+00
5.586380044050759608e+00,-7.760554798407005350e+00,-1.324649159469245241e+01,-1.162411840720781964e+00,3.955715185008446877e+00,-2.244675373923323392e+01,-9.231123252052352512e+00,-1.439823657702701709e+01,-2.341022503398436427e+01,-9.082870220613587620e+00,-6.420226699088963151e+00,-8.821716634526072909e+00,-7.850659127142329829e+00
5.520084596948236388e+00,-8.572437737765817189e+00,-1.547578898340693065e+01,-5.856543691220972292e-01,2.936478449450496520e+00,-3.299879618349773835e+01,-1.731276607956705149e+01,-2.691804576647830061e+01,-3.271999589522659591e+01,-9.793261098530349429e+00,-1.856165870486860925e+01,-1.519930950706777040e+01,-1.031710881167795257e+01
5.691355155793590193e+00,-3.507035454243703665e+00,-8.319602600527501224e+00,7.460837809269727394e+00,6.605117205061959318e+00,-1.871256094298769668e+01,-6.673653816443453124e+00,-1.574752948629280880e+01,-2.529061923085520291e+01,-1.159102921053109547e+01,-1.156575962150037284e+01,-1.253578760492491462e+01,3.234772038228231228e+00
5.705030115299664750e+00,-3.972558509510517588e+00,-6.793058807635486751e+00,1.038521318936209070e+01,1.279302173020291278e+01,-1.111563752174532382e+01,2.451559827917758838e+00,-3.270244885554800973e+00,-1.837520885304464358e+01,-2.494652043476643488e+00,-1.222591833390391081e+01,-1.256069859955976042e+01,6.864628299073973317e+00
5.379680200068037266e+00,-6.546959876798930544e+00,-6.791538365381723175e+00,2.539553232500676661e+00,5.197212115939395360e+00,-1.488575733493581588e+01,-4.140873650044507137e+00,-1.022282772563912445e+01,-3.147509032194135514e+01,-1.802720951542443828e+01,-1.021619115797343547e+01,-1.601065815833745987e+01,-2.219142139695255089e+00
5.344562796369797475e+00,-7.605100297951418398e+00,-7.848143957135969906e+00,4.337665408272515677e+00,3.759332088042598663e+00,-2.159731005268365678e+01,-1.466146653370481445e+01,4.176328350460367655e-01,-1.611079025665502584e+01,-1.166000755115762821e+01,-8.250933375191914720e+00,-2.050524232268097791e+01,-9.843973655636803599e+00
5.323409065841800292e+00,-9.769033365811129244e+00,-1.496614122397160429e+01,-3.026483495930097689e+00,3.949366397025846354e+00,-2.108521299482742606e+01,-1.561895698005817756e+01,-1.571212940252698864e+01,-2.934478758367050588e+01,-1.415910249379451180e+01,-1.537668060800526959e+01,-1.304143778154684696e+01,-2.229295128743929433e-01
5.237400920477799815e+00,-9.663095900067339983e+00,-1.126620163807646158e+01,-6.252055376321145053e-01,4.189308322586548172e+00,-2.113802102730851828e+01,-7.452308774634391675e+00,-1.052084159359760385e+01,-2.715045217573826264e+01,-1.469667788282435339e+01,-1.710108064139964412e+01,-1.546196624739263470e+01,-3.052881899358991458e+00
5.383274806143194979e+00,-1.192583886942017379e+01,-1.391557630969243498e+01,-5.208587416864528530e-01,6.195466582625244634e+00,-1.733753615209823451e+01,-1.329266094123443764e+01,-1.613467731265454574e+01,-2.555793377166268598e+01,-9.182307062515487672e+00,-7.237324823713084498e+00,-1.064685060191724553e+01,3.104922976274151925e+00
5.411155785384082151e+00,-1.380439074584248615e+01,-1.713153410858663506e+01,-1.859327235254713884e+00,9.386671459600274270e-01,-2.383281631149453617e+01,-1.328718578066630585e+01,-1.070068326276786586e+01,-2.206845463976822685e+01,-8.055507973713964986e+00,-3.898832878832764859e+00,-1.242977192002002340e+01,-4.427232850491917837e+00
5.180063054453081683e+00,-8.782364228552619778e+00,-1.374959059650035975e+01,-3.400343284524391940e+00,6.893003153856128939e+00,-1.238654951436143925e+01,-6.806161911744069037e+00,-7.790864927301264231e+00,-2.138795908128480505e+01,-5.618678565373944167e+00,2.654151610068908429e+00,-6.041326034535267731e+00,-4.396918275048185443e+00
5.370168808322893561e+00,-1.172669317570027303e+01,-1.408122211939674528e+01,2.862832531848033657e+00,1.056067193363849555e+01,-1.575873222460164591e+01,2.044114433459422120e+00,-1.509864620957860337e-01,-2.673445253756616680e+01,-8.675968068710195880e+00,-1.467946355836851957e+01,-1.607116798992861462e+01,-5.614818840887666695e+00
5.158700577993021064e+00,-9.356250913734397656e+00,-9.295246177761113060e+00,2.295132582654455522e+00,4.758628538366945548e+00,-1.712774990073855719e+01,3.042685702968848549e+00,9.271831128079534023e-01,-2.401236439090625296e+01,-4.829825939942841373e+00,-3.104101321216218956e+00,-8.738875079957351133e+00,-3.770355223969074632e-01
