-3.604365338911715355e+01,0.000000000000000000e+00,0.000000000000000000e+00,0.000000000000000000e+00,0.000000000000000000e+00,0.000000000000000000e+00,-3.432169450445465983e-14,0.000000000000000000e+00,0.000000000000000000e+00,0.000000000000000000e+00,9.640286916519939396e-15,0.000000000000000000e+00,0.000000000000000000e+00
-3.604365338911715355e+01,0.000000000000000000e+00,0.000000000000000000e+00,0.000000000000000000e+00,0.000000000000000000e+00,0.000000000000000000e+00,-3.432169450445465983e-14,0.000000000000000000e+00,0.000000000000000000e+00,0.000000000000000000e+00,9.640286916519939396e-15,0.000000000000000000e+00,0.000000000000000000e+00
8.357703620841810732e+00,7.436633447199321623e+00,-2.136400276665866826e+01,1.660245527416007505e+01,-1.438147671538787620e+01,-6.895388036946403787e+00,-5.112952124761441119e+00,-2.742085909468397276e+01,9.186206902917287920e+00,-2.120600830074673837e+01,-1.029476451903734713e+00,-1.060959897120808959e-01,-1.149867928117535243e+01
8.534605889815054525e+00,1.182870727972817981e+01,4.983727162316831993e+00,2.562786997280209533e+01,1.395412334133604659e+01,6.507707548807522002e+00,1.228433866789036344e+01,-7.421026712123748759e+00,-7.703807342364295430e+00,-2.276722274987679739e+01,-3.944945706301258070e+00,-3.226122765854639418e+00,-1.491811756057497895e+01
8.360633787961567975e+00,1.859672974762220221e+01,-7.825584530246613824e+00,7.778785499323293884e+00,1.704707750670325339e+01,-9.986780978998776703e+00,1.769461617304605738e+01,1.937242544645096931e+00,-1.881371098837214362e+01,5.005121229336885413e+00,-1.118341867396572020e+01,-2.209124261011686130e+01,-1.619816703499463628e+01
1.068896906032518856e+01,3.303398129350989620e+01,-1.477142542155686300e+01,-1.345791790203770866e+01,1.395735710299415899e+01,-9.789570947477102436e+00,1.774087836056731149e+01,-7.470067113616400689e-02,-2.230823283386346034e+01,-1.868702968721618562e+00,-1.601676893837614557e+01,-3.545524538601553388e+01,-1.170971724591117535e+01
8.349911698085181300e+00,2.035532484840950929e+01,-9.693021754172850279e+00,-5.785174351743566090e-01,1.930998932305363880e+01,-1.620390188561371403e+00,2.018905748105748188e+01,4.351246112392392007e+00,-1.511169224742046779e+01,9.430368968392992102e+00,-5.823393365479271111e+00,-1.926142018139801593e+01,7.108312340248960082e-01
7.769875140495017263e+00,1.411402181680388068e+01,-1.404631619557155986e+01,-2.253971959069654751e+00,1.471163469637474819e+01,-1.706620833590903530e+01,6.976119754218293778e+00,-1.027396748287436168e+01,-1.977194633711697236e+01,2.290672490036435605e+01,1.275976762207055337e+01,-1.046024251666103666e+01,-3.849910516079852574e+00
7.187169333150257522e+00,1.261512769274335177e+01,-1.033634956753724943e+01,7.641548090962420048e-01,1.575435596341270639e+01,-2.134189901738102080e+01,-2.462834333684537302e+00,-8.189634235273967278e+00,-1.671023177664515202e+01,1.450900966383882107e+01,1.196614820071486918e+01,-9.784840715700092062e+00,-1.135888852547474848e+01
6.874421998662608502e+00,6.670355718817433832e+00,-8.134681226499004936e+00,1.153125958560764808e+01,1.612678649951055831e+01,-2.014997225560426841e+01,4.377630295219467338e-02,-8.287662849268789600e+00,-1.948015276278121988e+01,1.234982480595072118e+01,6.372960360375348188e+00,-1.121707368155973761e+01,-2.819322384652332758e+00
7.214710946928660995e+00,3.845842654951236117e+00,-1.044900531574644731e+01,1.321416413572604753e+01,6.077270601314260112e+00,-3.398009219454232266e+01,-3.136625676024357823e+00,-1.095569205230498255e+01,-2.222331841043816780e+01,1.584474661833145959e+01,1.840174307978984913e+01,-1.210311973485712755e+01,-7.088007203090289643e+00
7.732500343554590039e+00,2.595999267404886179e+00,-1.447574482413872055e+01,1.781231036618998331e+01,3.964888079869383297e+00,-4.117816231937004545e+01,9.184115661564973720e+00,3.356264973807402630e+00,-1.802556588587465214e+01,2.364869241427116719e+01,1.813383092992042478e+01,4.466839126316075159e+00,1.424381443023335692e+01
7.733238236861110337e+00,-1.713958709375689726e-01,-1.437531800892804057e+01,2.229414948368739857e+01,1.260004057196101179e+01,-2.811820070159998508e+01,1.075378181508985875e+01,-6.147466374040465587e-01,-3.223851874998572242e+01,1.040299991527026613e+01,2.089226513257496087e+00,-1.752553995143673760e+01,-6.308526865194031830e-01
7.201419312204634160e+00,-8.088102766690983714e+00,-2.278440500551464254e+01,4.054431342740195454e+00,-4.466904259813387235e+00,-4.708232918571159331e+01,-6.832651003969609782e+00,-7.809979004480342546e+00,-2.965401080968184289e+01,1.808186113736498513e+00,-2.231958884139154886e+00,-2.298557045081856387e+01,2.360456076713997042e+00
6.705770486357811144e+00,-2.720891869984182865e+00,-1.624051900466895049e+01,1.201191414584804384e+01,9.654307178536550182e+00,-2.992583190133098014e+01,-4.085196722393138913e+00,-5.644855434794394000e+00,-1.101312838957771234e+01,1.186055321753319625e+01,1.135961032866566711e+01,-6.685335338801207783e+00,1.664902501676505331e+00
6.427941091005280327e+00,-3.690136874044879445e+00,-1.388953642141989420e+01,1.158408844538108085e+01,1.254500075155290162e+01,-2.542440788096050852e+01,-1.157101403625679836e+01,-1.074124004598993309e+01,-1.373148001939906315e+01,1.687896576661810144e+01,6.479075659624544237e+00,-7.978730442652633315e+00,2.635921729520387391e+00
6.002058723285944808e+00,-6.554980722468925158e+00,-1.400621612789479897e+01,2.428880816126500086e+00,9.227836300778031742e+00,-2.399627922058109064e+01,-5.147481386039855167e+00,-4.661577079900046661e-01,-1.087554581664480224e+01,2.317824229896617183e+01,2.321479211821485578e+01,-1.483735987857725647e+00,4.665169318764050388e+00
5.704209723216285610e+00,-7.310489203952631243e+00,-1.375657352100104625e+01,1.880780258775629044e+00,1.145189558390805606e+00,-2.496658872957785391e+01,-5.222613235644044671e+00,-2.978739717094419426e+00,-5.900249662332032408e+00,7.308871682911506795e+00,1.747623468334646324e+00,-2.794219531557711633e+00,6.600016065046102054e-02
5.520856804954033414e+00,-9.468173604316818981e+00,-1.924355301835829479e+01,-4.659562431332012089e+00,-2.478326037799448933e+00,-2.595627631567841220e+01,-1.358826364939731857e+00,-1.094580140300780791e+01,-1.809920729130150363e+01,7.009207460498918962e+00,2.300001476314268878e+00,-1.144963900116255395e+01,-3.838465187393222955e+00
5.600732489344373732e+00,-1.109800108686816777e+01,-2.214211786057445508e+01,-6.429269712942605075e+00,2.163619852107020236e+00,-1.742362653576748954e+01,1.187373560579971121e+00,7.565448900627548268e-01,-1.156915473699615227e+01,1.690753510592196207e+01,1.714452337775134438e+01,-6.321219947455861687e-01,5.483924990059709792e+00
5.597832376953570055e+00,-1.034333363230009972e+01,-1.992533071476919915e+01,-5.217570798136509147e+00,-7.112679385860110060e-01,-1.652357438941201551e+01,5.367395679205595016e+00,-3.135020943725391529e+00,-1.185708424126437244e+01,7.326772625728240840e+00,7.466006276915054585e+00,1.426782133547490616e+00,5.474168615578805408e+00
5.766806031676245503e+00,-1.049651427588833208e+01,-2.265761241216283040e+01,-7.423190230998326200e+00,-1.736778876612081746e-01,-2.719369060307797881e+01,-5.071589120430196829e+00,-4.146082047474667576e+00,-2.808755405518614801e+00,1.591629409973865172e+01,-9.709471295506693078e-01,-2.451874284867665565e+00,6.380714366660796166e+00
5.513581910625483751e+00,-1.290148726622252617e+01,-2.400886468577214217e+01,-1.054111937979825697e+01,2.885016553386575033e+00,-1.953412045337943326e+01,-2.809349814050014160e+00,4.134935220296543257e+00,5.084182094263170804e+00,2.157535981019164240e+01,6.455371943165122417e+00,-1.711159581002536401e+00,8.071760049892059641e+00
5.651043632815774487e+00,-8.795359817513249467e+00,-2.043897759919722290e+01,-6.984766756669559484e+00,3.962357569506611110e+00,-2.346608190404623073e+01,-3.036797568547912274e+00,-8.195471931917348130e+00,-7.492185639606890213e+00,2.132850704362279259e+01,8.937424161011982449e+00,-3.451161837484702399e+00,6.220417823920995737e+00
5.389160675097339315e+00,-9.972339689476504176e+00,-1.810717970386654230e+01,-9.904260662005304638e+00,-1.621431693687110043e+00,-2.025419809019454576e+01,-6.358305245914065429e-01,-4.556936234325691615e+00,-1.057559392390361097e+01,7.506999737811008266e+00,6.751618401749356124e+00,1.314281473516682297e+01,1.452838541913747505e+01
5.400011391100319358e+00,-9.311655271012799773e+00,-1.563000146277614810e+01,-5.055428331683239129e+00,1.715923407076021201e+00,-1.891947537347827790e+01,-3.398776297565719862e+00,-3.997771760747654834e+00,-9.409377872424695255e+00,8.992864058059927501e+00,9.014887090455776075e+00,4.697475035865222637e+00,6.201726596027624439e+00
6.203855068214735979e+00,-1.425733321411212273e+01,-2.296692331151301758e+01,-2.116554181064116413e+00,-9.677601075221120563e-01,-2.646324160399262126e+01,1.107798032610536554e+00,-4.342506613445798358e+00,-2.676484481832294904e+01,2.181645144237760459e+00,-3.959210802361948556e+00,-1.952335961061438496e+01,3.526732980923405147e+00
1.003211807544811052e+01,-1.416325583194856286e+01,-4.919380074211119336e+01,9.154540650645786926e+00,6.546127623245209470e+00,-3.072251738276110089e+01,2.012499502000030560e+01,-1.063054414583861451e+01,-2.157364746731515837e+01,4.085244108703675892e+01,-5.381044602265950161e+00,-3.297132517803734686e+01,9.698341097904441099e+00
7.416347188419439185e+00,-1.475764257951334635e+01,-3.821547696926099036e+01,1.709814559643073384e+00,1.022815196539624516e+01,-2.558215987295797689e+01,4.690889727192145031e+00,-7.388037115560674550e+00,-1.459946382553919619e+01,2.530152090993122727e+01,-5.182102275493177146e+00,-1.926652864857983616e+01,9.136755107415636346e+00
7.391348968921146678e+00,-1.387680768296022116e+01,-3.538291803780830236e+01,1.914564482559894198e+00,1.107739792130946199e+01,-1.635882883464479676e+01,1.995486768564497027e+01,-2.043814670924819055e+00,-6.050399515560282993e+00,2.605880690584089976e+01,6.667244963211919284e+00,-1.451519237434874654e+01,5.258888177794690755e+00
6.637132086724104596e+00,-1.492361354286811981e+01,-3.282454962058542236e+01,-8.526524871071444744e-01,1.019485564191908900e+01,-2.390256426976996096e+01,3.746236380114245090e+00,-1.524729605583083369e+01,-2.478194247262797845e+01,1.183082746182697420e+01,-5.368404388447070019e+00,-1.383955965077562311e+01,1.426502732038827048e+01
6.051674657015195358e+00,-1.555019775166237039e+01,-2.927340142454579208e+01,-7.292890464441462051e+00,5.383926336064254414e+00,-2.045117184053161807e+01,-6.033315091561376242e+00,-1.581780807267534605e+01,-3.290946072562319102e+01,-7.403195865344662785e+00,-1.051743959660272942e+01,-2.043747149942046804e+01,-4.173128802946626692e+00
5.624087771092348476e+00,-1.291599618047752607e+01,-2.045319534661727090e+01,-6.337904118649282381e+00,-1.996487663888486530e-01,-2.209545267381118450e+01,3.651422459215015182e-01,3.082595969613626696e+00,-1.167697298235556325e+01,-5.321360031272686975e+00,-7.758847867000506326e+00,-2.181051937127739393e+01,-7.107209748403483296e+00
5.561054170538341168e+00,-1.015818863323807264e+01,-1.807481844931922765e+01,-1.315052926753579765e+00,1.328431659484026994e+01,-1.357893567890127962e+01,1.221704761854310917e+01,6.089344549206046509e+00,-1.568030453710970740e+01,4.399698572297890742e+00,-1.356421840311998084e+00,-7.602006476038528859e+00,-3.083194001891098157e+00
5.535123421849220904e+00,-9.097123446051517348e+00,-1.595790379093699940e+01,-1.118845639186439200e+00,7.115178938482051407e+00,-1.920791739290405076e+01,1.869878449362757822e+00,-3.787577378510821546e+00,-1.814028345986758950e+01,5.296303575483061188e+00,-6.305376312057422994e-02,-1.318658126498322858e+01,-3.401427915454236839e+00
5.437829291258339914e+00,-1.154575288185727544e+01,-1.575850748414354996e+01,6.292169716161525317e-01,5.723310074199231323e+00,-1.451634145998455239e+01,2.178900039845400816e+00,1.321424880784066058e+00,-6.521204316162865666e+00,8.187486805058368233e+00,1.181970207968606301e+00,-6.845447565501171283e+00,4.650254303781704124e+00
5.449892177542399629e+00,-1.268413845733048895e+01,-1.746277748108857608e+01,-1.305483219521064608e+00,3.049011863616683193e+00,-1.471154306589586014e+01,4.873706576272026858e+00,-5.176874245096010796e+00,-2.140864095357374453e+01,-6.095852629398944345e+00,-9.162957552903303604e-01,-4.312771459837821952e-01,1.342070357720202267e+01
5.762391188443780621e+00,-1.166455979688673317e+01,-2.186451234485685546e+01,-2.643747661894466194e+00,8.083259243199305999e+00,-1.457102212137887065e+01,3.864395495073532416e+00,1.721125040330201417e+00,-1.204525902133527993e+01,-6.387573661109343659e-01,7.777039936709743140e-01,1.041587710591468152e+00,1.077405049035558271e+01
5.603317521258722955e+00,-1.199619069255742687e+01,-2.072086940246251174e+01,-3.820452581392920877e+00,7.764183068630278406e+00,-1.805478304991848049e+01,-2.247785124486155084e+00,-5.988823629113008806e+00,-1.314350268826132861e+01,3.102379068557067576e+00,-1.875629849218751755e-01,-1.100020268588669481e+01,-3.317168101732481666e+00
5.581481034943681863e+00,-1.022762381460344550e+01,-1.780511916230089753e+01,-3.815610257099498082e+00,3.361691303289211508e+00,-2.063101606991718029e+01,4.703829705747421208e+00,3.969387950806058107e-01,-1.128848379321330597e+01,1.296795090484079438e+01,5.248729915596209494e+00,8.595040582131886708e+00,1.067090738245431858e+01
5.778694976186454113e+00,-1.087380392342065250e+01,-2.293461796026229393e+01,-9.471521000280855418e+00,-2.472888681605933225e+00,-2.693934824560207275e+01,-4.148924657502439217e+00,-1.077362915542962263e+01,-1.941634131325520585e+01,1.677533694039717105e+01,-3.055126732795158784e+00,-2.301386360560282895e+01,-6.983391543709670302e+00
5.472017107026432292e+00,-1.043558242186599472e+01,-1.679248132086578593e+01,-6.252115226449845409e+00,2.701921886366577819e-01,-2.172303361830416080e+01,2.607609521506849770e+00,-1.136093110489076352e+00,-1.587232671139455320e+01,1.301044763179759300e+01,-4.890671265755467623e+00,-2.137785635727917821e+01,-6.231961790769111609e+00
5.691437173892959223e+00,-1.149573216740348514e+01,-1.919224424269881268e+01,-3.155066224392624186e+00,3.605188966469544010e+00,-2.478620421493584658e+01,1.904733614578479894e+00,-4.521250390017388376e+00,-1.981889147226130632e+01,1.471244987614231370e+01,-3.842793274420895355e-01,-1.123368501256202201e+01,1.000274886512816819e+00
5.355000237213723757e+00,-7.830725566453508257e+00,-1.440792736042065236e+01,-5.827045855345388325e+00,4.656220398318876796e+00,-1.799170078310778109e+01,-1.054685290120136232e+00,1.669156816039969182e-01,-6.416744573151174080e+00,1.161203659446368697e+01,1.097110632748792058e+00,-1.343921682566433518e+01,-9.296818394114707562e-01
5.424287966049921472e+00,-8.615992803777077214e+00,-1.767892864074194392e+01,-6.691596446223698536e+00,1.764849756447146367e+00,-2.122601418724132571e+01,-2.444505199812176510e+00,-6.272367136094413098e+00,-1.209668300407470198e+01,9.619478194390541859e+00,2.101420250025884062e+00,-1.293890177207178915e+01,-3.150882981875622768e+00
5.516412898807633525e+00,-1.054282838928174293e+01,-1.934202879465154723e+01,-4.259662221658532033e+00,7.540698148675703649e+00,-1.773193680117555715e+01,1.391046114922687149e+00,-1.141280861069741803e+00,-1.290468995172268052e+01,1.476906711231984914e+00,-2.685981059655881520e+00,-1.053591230246672339e+01,7.129046923197820185e+00
5.585865320387178201e+00,-1.262902724329886794e+01,-2.070129736810753229e+01,-1.951356015883156658e+00,4.912561868187017566e+00,-1.103038541057597044e+01,9.015232410931142581e+00,1.097064824821557094e+00,-9.495758899974953593e+00,9.792365856411288760e+00,6.090116357258792412e+00,3.369377156575492638e-01,4.479404985346493007e+00
5.812674403387798172e+00,-1.551614847646588657e+01,-2.445929113405941635e+01,-3.926626201039904895e+00,3.258895314996617998e+00,-2.104121454829620674e+01,3.591844366094796737e+00,7.329668884524432881e-01,-1.164763453066298027e+01,3.453132934374059992e+00,7.888921263317764776e+00,9.676506422030350052e+00,7.206604581612517713e+00
5.517144233904856421e+00,-1.251263694292340567e+01,-2.014552261611362383e+01,-3.721913509308455215e+00,3.845691998856167082e+00,-1.955509061479842714e+01,6.236637994312470568e+00,4.250742396712839266e+00,-7.743580801731193120e+00,-3.102195324812261124e+00,-1.185280916082174585e+01,-2.796022301947685307e+00,8.797246091849787675e+00
5.411649676464821646e+00,-1.241205219473510546e+01,-2.080785460211792426e+01,-3.738769220558373352e+00,4.773789677814840537e+00,-1.759648208432746941e+01,-7.142600597507074767e+00,-6.399001029245377836e+00,-1.685902317479609280e+01,-4.066117922001841301e+00,3.656646874695560268e+00,1.591990428070477526e+00,1.174697345472208632e+01
5.419469682473187611e+00,-1.171540273991875836e+01,-2.051418188384498364e+01,-8.263995504166636863e+00,4.072986609339512398e+00,-2.099830306169556593e+01,1.438114201264391323e-01,-4.040023414275212055e+00,-1.216589551764146648e+01,8.933451756451825432e+00,-7.506339222661907229e+00,-9.687270248473527801e+00,5.679966068882693619e+00
5.276991844200459525e+00,-9.862078823677050465e+00,-1.527103662359416170e+01,1.254378723335392368e-02,1.156066520075257387e+01,-1.776099600323982486e+01,-5.848052330950188171e+00,-1.218125509903108217e+01,-1.649725199500552009e+01,1.356832830046859062e+00,-6.620639930364780490e+00,-4.311931689887219754e+00,3.219044249452070794e+00
7.212330523459682396e+00,-3.803803840956218596e-01,-2.130065100218080687e+01,9.397110804324208644e+00,1.799033089434419352e+01,-2.733287976576677991e+01,-1.243038757066054067e+01,-9.559229137009962685e+00,-1.801731338517185321e+01,1.067865199443131097e+01,-6.290558771749817701e+00,-3.114752828693956488e+01,-9.696340884760527246e+00
1.308394952949912238e+01,1.173766754457888162e+01,-3.890628161628370663e+01,4.185408661183636525e+01,2.288357889888061791e+01,-5.239744932749457007e+01,-1.861147851278255771e+01,-3.493647149635540927e+01,-1.728717672161397800e+01,4.452989719349178444e+01,-6.343750968835221826e+00,-3.565092040119871797e+01,-5.578551060236139669e+00
1.042655544006128387e+01,1.643750257551730343e+01,-2.482103643177879704e+01,2.992149037953770474e+01,3.112792044025238880e+01,-4.405033681100116638e+01,-1.126933063138439017e+01,-3.092465847479033059e+01,-2.693455338860793802e+01,2.435469718518141846e+01,-1.974547198436176743e+01,-2.823375528160303105e+01,1.057023400626364840e+01
1.200786048809954920e+01,2.409809811898925602e+01,-1.478643413848419819e+01,1.188839964154008477e+01,1.315757027410924529e+01,-3.384452172217692834e+01,-1.949034322083736370e+01,-3.388583775562038625e+01,-3.316628939839878853e+01,1.949455179446507591e+00,-2.867441377649145906e+01,-3.328194980147837612e+01,1.317032172951545732e+01
1.467248089711333492e+01,2.480165242376905610e+01,6.000105465154645046e+00,1.294827424885663270e+01,2.737880958965958289e+00,-2.001626872741863039e+01,-1.795549051917301497e+01,-2.594839846940369910e+01,-2.792083105129331244e+01,-8.966042897744705087e+00,-1.675356723581209906e+01,-1.933754240130261692e+01,5.495079826131052947e+00
1.610189300217182407e+01,2.131147901200722927e+01,5.100621598488516817e+00,5.518998346713161141e+00,-4.464361780899153587e+00,-1.795745211617091996e+01,-2.330042063647941575e+01,-3.118381306262601527e+01,-2.279040240007083540e+01,-1.358803218998598972e+01,-2.431750667912639585e+01,-1.681448063080639344e+01,4.369981835538239601e+00
1.650869046220913816e+01,2.072585608956673653e+01,4.702583250639105650e+00,3.435018564314639811e+00,-4.445405871935944830e+00,-1.582448652258476862e+01,-2.223832820032420798e+01,-2.845459287137798654e+01,-2.072686402046590004e+01,-1.191038117031121502e+01,-1.882246304552819893e+01,-1.566835467016189654e+01,1.227568296669748982e+00
1.612382638787289935e+01,3.333291635114072449e+01,-2.093641988804252119e+00,3.019605028051504192e+01,2.051477004028137330e+01,-3.208228787604916477e+01,-3.094400565010890247e+01,-2.748107829554120585e+01,-7.774522252404849176e+00,1.877410753362546103e+01,-2.406575909419685999e+01,-3.880987696128592290e+01,2.099032756457271987e+01
1.549351098058158982e+01,2.860766052537196202e+01,-2.557809316253001697e+01,4.147904257338630885e+01,2.565717195067576029e+01,-4.390846341607470293e+01,-4.257879791974072248e+01,-4.377858306105438402e+01,-5.646750260653983666e+00,3.359874671100464383e+01,-1.478606367074017136e+01,-2.809166729806555196e+01,6.176394262479519170e+00
1.508222288595716876e+01,2.067315292658337000e+01,-2.036857714070830028e+01,1.191623443741451993e+01,1.525927688283853101e+01,-3.610124163964781729e+01,-3.939662859790463756e+01,-3.004756514735959883e+01,-1.761256479728514535e+01,1.760557110563886196e-01,-2.531748000697350065e+01,-2.402800823306926858e+01,1.752460595409296573e+01
1.663127247453717317e+01,2.266987986640183195e+01,-1.957531889606830333e+01,3.252875571533318322e+01,9.697541076824682804e+00,-3.460417957186142246e+01,-1.892901374148349802e+01,-3.327029582101609861e+01,-2.649506983743859578e+01,2.000900195198585507e+01,-5.062510720441535383e+00,-1.894841768355647460e+01,2.329937138609367864e+01
1.781945160378819182e+01,3.160772467722702572e+01,-2.287058303378182345e+01,3.761310132509965598e+01,9.421868887488361821e+00,-3.768415951242216266e+01,-1.891780109696697210e+01,-3.455497737240678191e+01,-2.596128855483735975e+01,2.337873163161718892e+01,-7.671601362202380869e+00,-1.619729734704847246e+01,3.094806161560190461e+01
1.758928283053912622e+01,1.508632685742295010e+01,-1.208120406049876294e+01,1.384974866256503212e+01,-2.571509729421839641e+00,-4.081001645953743662e+01,-2.600248406893682329e+01,-2.151178716864762208e+01,-1.469795708445223070e+01,7.547133959562819072e+00,-7.916777370386547830e+00,-6.742034045525301167e+00,2.428608490547581056e+01
1.747667122769773584e+01,2.907834175658798515e+01,-2.327630355748609503e+01,3.332823000788934564e+01,6.010915797383974635e+00,-4.087300075270214705e+01,-2.654429379640250275e+01,-2.084326079883149774e+01,-1.040796052423953100e+01,1.234274787816060659e+01,-3.215245123825284601e+00,-6.829063973411097166e+00,1.823979015290515449e+01
1.761984597102090078e+01,1.449598069683409740e+01,-1.356018883538215825e+01,3.741759961426757819e+00,-1.613591530298529086e+00,-3.757071999356690384e+01,-3.855289822719698378e+01,-2.554351570780706382e+01,-1.188836731043106276e+01,2.803855660085591950e+00,-4.824149885639826607e+00,-6.549013544738357062e+00,1.397615354392322828e+01
1.731426952843825973e+01,3.150276364434632725e+01,-1.942398835068007301e+01,1.920094951582359144e+01,1.431401833102020404e+01,-1.941330901524982622e+01,-3.677348940861934068e+01,-4.361339151432396477e+01,-7.157078302218017996e+00,2.199263148498510034e+01,-6.904645415668047015e+00,-1.244846529748360098e+01,1.771209071622743281e+01
1.464836240024681402e+01,1.973573786251220241e+01,-1.249706000727433164e+01,1.530656084158798436e+01,-7.402665312597500602e+00,-3.895392240796395100e+01,-9.899848334725433574e+00,-2.144261734802419284e+01,-2.348425483314085582e+01,1.800716059778482148e+01,-1.370002772942817471e+00,-1.881018239028694339e+01,1.319070826208252178e+01
1.416942168916697931e+01,2.931989247958129496e+01,-5.412280445475805557e+00,2.463812870084091955e+01,-2.142712927495181496e+00,-4.700942034100773270e+01,-1.269574235211807789e+01,-1.731959881806482571e+01,-1.968654196450101068e+01,1.523505094883271482e+01,-7.441495244340919690e+00,-1.994782896284308649e+01,1.344965260778801408e+01
1.586763379069265056e+01,2.345276008957376135e+01,5.770354474505574593e+00,8.404702367459760737e+00,-1.749524555591474595e+01,-3.052664477076515226e+01,-6.890872441799322345e+00,-2.386641245231457020e+01,-2.741325229533564212e+01,6.743458759230749777e+00,-8.035331983106841491e+00,-1.517624164543211052e+01,2.165346812121371656e+01
1.660238562676440210e+01,2.307934898697609682e+01,3.131179030487104775e+00,2.636055102217472967e+00,-1.857432786444242367e+01,-2.872706458164927312e+01,-6.730426840882783424e+00,-1.817650590741867944e+01,-2.790868188447634779e+01,-7.515077738851789313e+00,-1.463731433944728266e+01,-9.443569933618313428e+00,2.511198847998779371e+01
1.671990087533573899e+01,2.260282929080269554e+01,-6.710352509547253597e+00,1.946387449076163179e-01,-1.549258820644167756e+01,-2.973254922913942622e+01,1.350901725326791425e+00,-1.713115238438089349e+01,-4.299220137959537169e+01,-1.596929784877188396e+01,-2.022216379056711233e+01,-1.368536979005907206e+01,3.171095981949768827e+01
1.656676767086626612e+01,3.702849331398820709e+01,-1.844233999262567281e+01,1.674627866896024386e+01,-1.176138063924038768e+01,-5.720038696142739809e+01,8.911237818188617155e+00,-1.374749758857879200e+01,-3.435338226599655087e+01,2.477297422090908530e+00,-3.768465235195240837e+01,-2.464270507381301556e+01,4.060664261667551500e+01
1.609575447142897175e+01,2.312882828374707955e+01,-2.871591322475322450e+00,2.872048305502223009e+00,-9.123396179909667225e+00,-2.588450953860185777e+01,-1.198837766615530143e+01,-1.998190301053408646e+01,-2.360489644448573543e+01,4.232572778494512744e-01,-9.891991652943969981e+00,-1.216189661509198494e+01,1.770392825147734683e+01
1.770321052589103061e+01,2.489515842019958214e+01,-5.592923134057802947e+00,-1.157350052099277882e+00,-9.963090829525514280e+00,-3.040209266864814808e+01,-1.820362914740938720e+01,-1.631161740489007883e+01,-1.155044982657749308e+01,1.398985167035272248e+01,7.737281892669711780e-01,-1.294541765299982217e+01,1.114507679743429591e+01
1.817779414609072575e+01,2.061373326673369633e+01,-6.331450368759199421e+00,4.396266865356021292e+00,-1.933516065037806442e+01,-3.691813511363298517e+01,-1.132017400034716914e+01,-2.415259327191529692e+01,-2.258917069612463635e+01,2.143672534236612393e+01,8.980338900593393126e-01,-2.511041345517388734e+01,1.446276318161274865e+01
1.778612464282792160e+01,3.905178461565881776e+01,-2.261925981806583863e+01,2.627794170333293877e+01,-5.203906221821759992e+00,-3.806288329733083486e+01,8.070816305128284185e+00,-2.300334353659181374e+01,-3.890756319039132904e+01,2.340511054146099923e+01,-3.832038243090565288e-01,-3.350025053723594226e+01,1.310151874877702838e+01
1.781746202215405717e+01,2.245192064515412866e+01,-4.302875456554546396e+00,1.148518595219411331e+01,-7.508652682118100330e+00,-3.177782438170126156e+01,1.173739672975802284e+00,-1.203092925234999910e+01,-3.418958071912032182e+01,1.068096125403259711e+00,-2.864992327682054363e+00,-2.514288469096603507e+01,-7.365551705230227064e+00
1.756253069965453761e+01,2.559254577329057057e+01,-7.224635553588776737e+00,1.781950138685114382e+01,-8.139156120636497960e+00,-3.986128467315549528e+01,8.775466706198422173e+00,-9.558996005595028933e+00,-3.322509527458484513e+01,1.831304721858678519e+01,1.576716494133207080e-01,-3.501882091459282975e+01,-3.723612917928552424e+00
1.684740210994529619e+01,3.977290782622141307e+01,-5.269032972403655535e+00,2.647806095940577009e+01,-1.508449475876969093e+00,-3.179137701903061242e+01,1.419415855931852377e+01,-2.389624503521088172e+01,-3.892257536808352825e+01,1.650114684411733279e+01,-1.093676207639664355e+01,-2.898573494607107648e+01,1.254993234397651491e+01
1.699479808110755386e+01,2.488044051123424794e+01,8.587791979996820757e+00,1.214989399579979867e+01,1.675270278439161764e+00,-1.026422770500648163e+01,1.100638297507867680e+00,-8.437041072000951658e+00,-1.902265982395422128e+01,-2.239304224897795237e+00,-9.186120910633166048e+00,-2.080463665451038580e+01,-2.502704078345516336e+00
1.656402911957965429e+01,4.620085093389887021e+01,-2.754099651393449477e+00,2.917430058464598375e+01,1.021363501156123554e+01,-3.214670353141184478e+01,2.364455688498508934e+01,-1.838009121028531467e+01,-3.973250960936826459e+01,3.421856790967849804e+01,-7.038926850398820712e+00,-3.227380618803913848e+01,1.959802222423198970e+01
1.627818204671199354e+01,2.660479547786008681e+01,4.875502889140005180e+00,1.631712688579733594e+01,1.291484662838856101e+00,-1.115142587735432045e+01,8.926796280007478046e+00,-1.493684917198165252e+01,-2.205296589614159686e+01,1.433626561785801634e+01,-8.375187208212008017e+00,-2.888493582367469159e+01,1.966558572345397771e+00
1.573165322205485417e+01,4.414915551067943511e+01,-1.392118707933818911e+01,2.770248962471165655e+01,1.085115770851098027e+01,-2.317291191550598839e+01,2.008529225413789376e+01,-2.095967848199920525e+01,-2.156868703295340595e+01,3.629340488775667950e+01,-5.018893461494901231e+00,-2.907073000978384769e+01,1.037310526293638802e+01
1.512699841171547099e+01,3.590517905791158171e+01,-3.144491290157374941e+00,3.052677703040654578e+01,2.503331841205385100e+00,-1.770569097951801041e+01,2.230470713299018826e+01,-3.064971241076453978e+01,-4.357630220062549853e+01,2.063458806748949570e+01,-1.248413165712017658e+01,-3.242346235013343403e+01,1.299155632367923374e+01
1.428213862051247496e+01,2.954803186601906262e+01,5.100452264705674921e+00,2.263062167188867591e+01,1.200993107556234563e+01,-1.078600565416855517e+01,1.098536627445418290e+01,-1.182367257878970968e+01,-2.267841509245477027e+01,1.177257504442900604e+01,-1.044917129357073549e+01,-2.956976304958480384e+01,6.662739041931311945e+00
1.287201513317066137e+01,2.470694630393486690e+01,-1.154337851924873704e+00,2.592609679279798840e+01,1.849322785496180899e+01,-1.632461287757661239e+01,5.772791194849321350e+00,9.628259205790776765e-01,-1.027092420247082494e+01,9.957326998448072786e+00,-1.422292002476450357e+01,-3.431133823166124586e+01,-1.081749067326243896e+01
1.120061589621688469e+01,1.408921261874922237e+01,-1.084090670726924266e+01,3.275983647813445998e+01,1.707712120355636287e+01,-1.639079802658113039e+01,1.935177488582553451e+01,2.425589068787478819e+00,-1.835802082874520025e+01,1.018980563422354280e+01,-1.627436764078317921e+01,-2.408778820887734184e+01,1.335284765839459808e+01
1.032304305671728528e+01,1.608585862577862002e+01,-7.486309822194376018e+00,1.682150925913765604e+01,2.094953154545282104e+01,-2.677113203237669481e+01,-2.336631659493258795e+00,-3.591433063331517239e+00,-3.400903412819083371e+01,-1.567000342158899251e+01,-2.344757879641116460e+01,-2.641950461866029087e+01,-5.341491065649713654e+00
9.898103873107395145e+00,1.833221641865969787e+01,-8.979118483696330033e-01,2.301494736832750121e+01,2.773048032234046900e+01,-2.263427763276727944e+01,-1.288647775322128430e-01,-1.730543158931420678e+01,-2.556646142223262430e+01,-1.981886991544119236e-01,-1.020279956134125143e+01,-1.126183471182309326e+01,-5.629628237761672871e+00
8.608107226368577614e+00,1.581204381552586824e+01,2.404345179631901974e+00,1.192557121487645588e+01,1.315908613613354028e+01,-1.767318653078987722e+01,2.165345310631948017e+00,-9.614274342353994474e-01,-1.622904356004552895e+01,4.003729796180640399e+00,-1.414280457662482249e+01,-1.236057140088875173e+01,1.244102019884263166e+00
7.670655441642066030e+00,1.220603505553130397e+01,-2.028980929510591391e+00,1.010166612680274589e+01,2.677725814921297687e+00,-2.504246831427521158e+01,3.847989197856283017e+00,-3.395121863845887988e-01,-6.894873757114089230e+00,5.281018693935442876e+00,-1.819264641612377442e+00,-8.272400103254774706e+00,-9.263443812641410702e+00
1.575101800096419424e+01,-9.638392486716262919e-01,-3.696100391311404110e+01,2.279031659451607084e+01,-1.610800421317060938e+01,-2.498119583285945566e+01,9.817734074687551882e+00,-3.373833411736048049e+01,-1.969955458880855304e+01,3.490054957047014028e+01,1.443731049540331934e+00,-1.811141924477448129e+01,2.957433534693735266e-01
1.739494683884622006e+01,-9.043998329609143738e+00,-3.657643651196152490e+01,3.677928895089230821e+01,-1.397015152067644816e+00,-4.279624876919305621e+01,-1.566247486755980856e-01,-3.219805931174725089e+01,-4.139624792986652579e+01,1.967867283841799875e+01,1.047968469962153293e+01,-1.420276611731625493e+01,-1.104341401041999848e+00
1.603051843068388038e+01,-5.657111907161437969e+00,-4.118407195955246181e+01,2.173517342583440382e+01,1.417774830241571671e+01,-2.195631155642507437e+01,-2.012597293646705587e+00,-2.872301697975068180e+01,-3.787256051428228432e+01,2.085115667742735113e+01,1.113405188709662852e+01,-2.793076037433147008e+01,2.505648576391182214e+00
1.479941458802488086e+01,-1.253721861663557924e+01,-5.580506450844527677e+01,1.394868287868391477e+01,8.031519960872559594e+00,-2.755538240199966893e+01,-7.162335246766240893e+00,-2.583574237118978445e+01,-2.729936797485643041e+01,2.641298979103173394e+01,1.532614607433174392e+01,-1.750507463339432235e+01,-3.120477491522440694e+00
1.627715570538268963e+01,2.655580118410271595e+01,-2.136782080334499412e+01,2.654237290257163551e+01,1.020197334605474282e+01,-2.347545075575536799e+01,1.095261605777611003e+00,-4.873165418194665222e+01,-3.892399941369241390e+01,2.276901296215226012e+01,-2.089807329550224324e+01,-3.404305091359059787e+01,-5.718305445351754557e-01
1.712774538686957371e+01,2.136717220617011748e+01,-5.043800364916748435e+00,3.836778061619098423e+01,1.993788239059310641e+01,-1.411691902799431553e+01,-1.531451970356627434e+01,-5.129392344062126341e+01,-2.974756478246251845e+01,3.529475551913508014e+01,4.512721613464106163e+00,-3.516478154447434434e+01,-9.580795196237028577e+00
1.682716545544233711e+01,3.853572386835283226e+01,-2.528050046148150898e+01,3.661641820925603241e+01,1.552542711230470651e+01,-2.159557291122238709e+01,4.050740289373474745e+00,-5.229389791121237607e+01,-3.780920521240885535e+01,2.806444539119195625e+01,-2.109289177223413247e+01,-3.254432905394442344e+01,9.773565696454458163e+00
1.612058281111936964e+01,3.222604532133311750e+01,-2.827086281870349893e+01,3.150118199180809242e+01,8.563790003421868136e+00,-1.986627329482439208e+01,2.753397874381300792e+00,-4.451609388738104656e+01,-4.563325273248276659e+01,1.348963467075328104e+01,-1.139888922503346436e+01,-2.941926307117359585e+01,7.629063811511074711e+00
1.444461285749340362e+01,2.815449737733287705e+01,-3.413791748218159228e+01,4.021901183587488049e+01,2.241238940927577517e+01,-1.799881880327125572e+01,1.561614749888174669e-01,-4.208320807276002284e+01,-3.153252820746077845e+01,1.316823563197923264e+01,-9.470257255708917299e+00,-2.022483560925176960e+01,-5.456735217392608916e+00
1.510275256390488607e+01,2.889102492458006921e+01,-3.277042752354316235e+01,3.498221470895988716e+01,2.877408678992782143e+01,-2.785217198863539778e+01,-1.204550560201105736e+00,-3.745042191476481008e+01,-3.787280833800441115e+01,1.679827828324421191e+01,-1.941804979298006018e+01,-4.041055449943324618e+01,-1.204081587318909108e+01
1.567022954640414234e+01,1.530494892009977903e+01,-3.655440671356197413e+01,4.139670141750586652e+01,2.199937867690231741e+01,-2.559618344628555064e+01,-1.708033373607191097e+00,-2.027090088369127940e+01,-3.932734774588814020e+01,3.729246235791081165e+00,-4.148390036674489245e+00,-3.153872798241677344e+01,-1.866385297124396914e+01
1.504790706739187733e+01,1.549542366289279371e+01,-3.765446630342245982e+01,4.163594877507609482e+01,3.840854022181019900e+01,-1.677419138705316470e+01,2.900269756558103484e+00,-1.599819955369401292e+01,-2.961907179007545565e+01,1.172566185003693029e+01,2.174789016474284686e+00,-2.374660736404462114e+01,-1.763031640994368487e+01
1.602121493640743566e+01,1.270956631269361736e+01,-4.858677820035860861e+01,2.433238123387471319e+01,1.320741519330434954e+01,-2.354125205623706663e+01,3.317113622746401091e+01,2.851096214905151971e+00,-2.693197357640635303e+01,2.200676924224784514e+01,-3.461632091918485976e+00,-3.518899705274680656e+01,-3.796560761937313622e+00
1.303505098745561064e+01,1.174714548164014083e+01,-3.852805487913578020e+01,2.581781458038011579e+01,9.194012917599881263e+00,-1.516818347016868529e+01,1.566381132294604583e+01,-1.638490176335398729e+01,-3.260647570887753943e+01,9.313682976536449942e+00,1.173677149742199832e+00,-1.380629539420232987e+01,-2.107732042189152555e+00
1.050977512334986663e+01,1.704348850781764924e+01,-2.699469444689253095e+01,2.431699256670885489e+01,2.012470928572341222e+01,-3.630409018896732931e+01,1.685508709493119639e+01,-1.621096766371791631e+01,-4.626059247271565766e+01,-1.975879611512641798e+00,-3.362187227782082033e+01,-4.032844934649736501e+01,-9.774433816015951848e+00
1.030803653720555246e+01,1.228442851050819939e+01,-2.097768229334916512e+01,3.486832963630243398e+01,2.221825991496952568e+01,-3.142060218628126833e+01,2.334995110653528272e+01,-1.649363989053324531e+01,-4.218869839247344089e+01,5.803427045493386061e+00,-1.489136589283324419e+01,-2.921531811002587276e+01,-3.463757348103101208e+00
1.239864079477429470e+01,4.072705856752057763e+00,-4.281687105058764331e+01,3.882699067147551375e+01,2.872030110375729350e+01,-4.761037962944460844e+01,2.320645132679356593e+01,-2.356092889187241468e+01,-4.009849171507789833e+01,2.284568357256776849e+01,-2.230154602972729805e+01,-4.222208127156982016e+01,-7.047294306648616002e-01
1.051082854403231259e+01,1.197189042317259311e-02,-3.491310187961753542e+01,8.515196098414516968e+00,1.772167273462051718e+00,-1.064544756845789841e+01,9.574840525847916339e+00,-2.523732252377060092e+01,-3.717496395719038560e+01,-1.614256910393621958e+00,2.431503033409621484e+00,-6.386985653751827918e+00,-7.643064184196298072e+00
1.747499387078665123e+01,-3.284926300304585878e-01,-6.601061545834187427e+01,7.808368212398786312e+00,1.186980174019180012e+01,-3.579218561077067307e+01,-1.247043985586226533e+01,-3.264481434729461284e+01,-2.037585378672590508e+01,3.818365978743476319e+01,5.543475299028456149e+00,-2.552196234527727370e+01,-2.849568212646270027e+00
1.627843559748704294e+01,4.518420503109918940e+00,-6.923983110743033365e+01,2.934961681688966095e+01,8.749705847363241418e+00,-3.969669577202132160e+01,-9.393510212243002755e+00,-2.390514912383405743e+01,-1.368488524499923642e+01,3.464200679441257336e+01,1.043900613444535530e+01,-1.686392883427657807e+01,2.277433628463610749e+00
1.446657656388061319e+01,1.650512950924229827e+01,-6.138987547683857571e+01,2.376165338878168853e+01,2.519119407523898246e+01,-3.652768649930712286e+01,9.732427042760871672e+00,-3.627873215280534680e+01,-2.325023311594123143e+01,4.807812598138167459e+01,1.071949778270590237e+01,-6.992237735092759365e+00,1.031196393466588646e+01
1.668756201476067602e+01,3.864316840778906226e+01,-3.293570892769721326e+01,3.507489423845060372e+01,1.508797333891421744e+01,-4.538519572056057427e+01,9.401373144483253341e+00,-5.303177192528999484e+01,-4.241437798544020410e+01,4.998309898346482782e+01,-1.315466653414052800e+01,-1.807753939376084418e+01,1.544063081621201405e+01
1.694895817901364055e+01,4.040578849502760761e+01,-3.399867750843466752e+01,3.001351920525058148e+01,-1.319157778662679092e+01,-2.916367676169838674e+01,-1.248209001382351691e+00,-5.753158065143805544e+01,-3.700334477922724119e+01,2.577595996092399133e+01,-6.418547128390014400e+00,-1.832604951904917101e+01,1.447541408124393136e+00
1.679208952850067149e+01,2.712854540417264815e+01,-1.728169648093735233e+01,1.746400876913216038e+01,-1.426756770284803011e+01,-2.992018391965084589e+01,-1.616796296647726505e+00,-4.571021224509130576e+01,-3.459773293418841433e+01,2.097305424686214437e+01,-1.308706638124702160e+01,-2.236014623257818457e+01,1.101439203213401896e+01
1.556688269831378690e+01,2.745278286355645747e+01,-1.390575795828839389e+01,2.985601926479089130e+01,-4.183433936312321855e+00,-2.151239612030662229e+01,8.155983631768913611e+00,-4.202267908253254802e+01,-3.390739945806346611e+01,2.251034343132704763e+01,-8.611618363927240338e+00,-1.100495298767783936e+01,2.503255792396433321e+01
1.472772811796930981e+01,9.682637796279450981e+00,-2.370964029962793518e+01,3.506018694645540279e+01,-6.601235616186362343e+00,-1.919363334937194665e+01,3.466471576751794004e+01,-1.183612080518898679e+01,-1.758465879537968135e+01,3.314112887250159645e+01,5.293302202260550260e+00,-6.208868528073418602e+00,1.208389310301050479e+01
1.594495686621132613e+01,-6.043493651610459594e+00,-2.435259133527830144e+01,4.130601214822694800e+01,-1.501958907657230391e+01,-3.516481171919744497e+01,2.475327702377562389e+01,-3.117574249268292874e+01,-4.409433126873491915e+01,1.403424142559020105e+01,-1.083767202366820825e+01,-2.058427205532799320e+01,2.946133883029889766e+00
1.563782104994314892e+01,6.061021620887152572e+00,-3.913701512039201447e+01,5.199187821142767518e+01,-7.607471479791712454e+00,-2.539835415337856617e+01,2.645444217074625115e+01,-2.235187487307211995e+01,-3.700503126544073496e+01,2.499028970232739866e+01,-1.907356406370828372e+00,-1.270303575532573603e+01,9.511753227864746307e+00
1.678314716246725880e+01,-3.654133056715313632e+00,-4.087751219183311946e+01,4.284993716280708753e+01,-1.652696209697773355e+01,-4.843847219450828590e+01,1.943508107504882432e+01,-2.632327222410956225e+01,-4.642621251411279815e+01,2.722183635233904297e+01,-4.511743981878709064e+00,-2.164630333643314586e+01,7.099273244206221634e+00
1.743599002070508419e+01,-1.102341459967908932e+01,-3.184773047543454538e+01,4.515737760067710127e+01,-2.204306282440373366e+01,-4.151994570079889257e+01,3.286513909800677880e+01,-2.439888234495839825e+01,-3.958636648052049622e+01,2.954239901970221638e+01,-4.157197422549843147e+00,-2.764511742872647559e+01,8.949345192970595164e+00
1.723035009051440269e+01,-1.169561799483627773e+01,-3.122907032593507992e+01,4.131525805702376175e+01,-1.354743475650087525e+01,-2.911304038919265125e+01,3.572541517774280351e+01,-8.491216841400138549e+00,-2.614022040094467414e+01,2.670171497167055108e+01,-9.433344856412296808e-01,-2.092183831245651504e+01,5.264204058988305235e+00
1.639118088523750671e+01,-1.381657431711728101e+01,-3.123905407836700832e+01,3.501197485807175269e+01,-1.253754862059628294e+01,-2.756661129162741020e+01,3.400698356890213603e+01,-1.757633268266813431e+01,-2.644211779593310752e+01,3.237180814365527937e+01,1.790573073106011215e+00,-1.576752782329219826e+01,6.805230915893877963e+00
1.685110025634219255e+01,-1.444058057248333071e+01,-3.339630229737887390e+01,4.108985512327165424e+01,-1.282388906992780875e+01,-3.114623418909166119e+01,3.408780030675000461e+01,-1.885117018243170506e+01,-3.485813120233667206e+01,2.605869130447534943e+01,4.014218471211108863e+00,-1.751280479737823015e+01,2.726738169330054529e+00
1.646514716758932906e+01,-1.367298196627325524e+01,-4.492021907254200386e+01,4.839259162320262675e+01,-9.508785400847186153e-01,-2.447978558180830078e+01,4.134344235858527838e+01,-2.689320946840011928e+01,-3.688298139121748420e+01,3.000389786960809957e+01,-5.020003205110287858e+00,-2.438361051958528236e+01,-6.024614971133448016e+00
1.624978027329050434e+01,-1.557632156717017757e+01,-2.647621960177732348e+01,2.811634033318260961e+01,-1.294148063434483475e+01,-2.200371145426469610e+01,2.554224101732333452e+01,-1.019161303096408666e+01,-2.011197504621885201e+01,2.323528750884621630e+01,7.601728652922774110e+00,-1.102605590169760674e+01,1.985139524219177831e+00
1.646149148965374920e+01,-5.992079250460744966e+00,-6.106407051732679747e+01,4.769711664074679902e+01,-7.819337724265575496e+00,-3.849346784330846560e+01,4.524082924207770162e+01,-2.649951423735499034e+01,-2.041164912951182941e+01,5.114632971158614083e+01,-7.825780390181122925e+00,-1.690750755206160960e+01,6.086095881040932687e-01
1.659565009639962341e+01,-1.626427282382178419e+01,-4.716241595310756907e+01,3.167798857817492220e+01,-1.956243399277740735e+01,-2.964390528326881125e+01,3.612588749891073547e+01,-1.266119837496756695e+01,-1.096654014821844925e+01,4.231636705695402867e+01,1.825391623879318859e+00,-1.014797393874214571e+01,3.573380810028342847e+00
1.737886842336425630e+01,-7.724866737364439295e+00,-3.504613865553964303e+01,2.574075913146246819e+01,-2.464162476697307369e+01,-4.395492645676009857e+01,1.226174336503131990e+01,-3.226846645515025358e+01,-3.307236480109972376e+01,3.640062770574185436e+01,1.646390811406420696e+01,-7.773267238622231901e+00,8.157370150601698455e+00
1.681142205346261775e+01,-1.055588414037605460e+01,-3.005186313200460191e+01,2.077718449814002710e+01,-2.425049038445408200e+00,-1.446579832845999469e+01,1.907572073823412495e+01,-1.291231387723965618e+01,-2.419941819597753963e+01,2.745046709010022212e+01,2.367100640039514303e+01,-9.986981502772390940e+00,-1.650745019887212450e+00
1.373687391609820452e+01,2.445588061907013611e+00,-5.798649917975633628e+01,8.805142342248311493e+00,-1.067264679618358159e+01,-1.966929906918559823e+01,7.912825622707815754e+00,-3.596135148357625155e+01,-3.109381577175843958e+01,1.852679743689307656e+01,-1.859176309159243701e+00,-1.003729848998882623e+01,-2.113326059565479920e+00
1.686858412480376046e+01,4.435331523511536744e+01,-3.499835654814530272e+01,3.154156909908316919e+01,9.162627028406364005e+00,-4.528260164851237590e+01,2.606731192279241682e+01,-4.692452445059662836e+01,-3.144208068716132587e+01,4.789471658506978002e+01,-1.704419781778925369e+01,-7.973917214557926236e+00,7.781232221599807986e+00
1.762973342433312496e+01,1.948058687859575144e+01,-1.385560060266574389e+01,1.971024466423085286e+01,-2.027543858012879952e+00,-2.257070535464887229e+01,-9.301464290841217064e+00,-3.327649829372732881e+01,-2.231491405334640987e+01,1.696617747094561324e+01,-1.586535215520690434e+00,-1.511668657394006132e+01,4.977299954021310313e+00
1.738729030817344068e+01,2.404087328785159627e+01,-2.455973683558899623e+01,1.228914957614466807e+01,-2.752662699949142561e-02,-2.428465192375490744e+01,-1.025306959743049973e+01,-4.923571316974437906e+01,-3.787168404524187793e+01,1.891858449253990315e+01,-7.223672534874928886e+00,-1.789585506076049626e+01,1.344317261958587650e+01
1.778880065628399265e+01,2.062503551815771985e+01,-1.949810593469825548e+01,8.764051573583445887e+00,6.858403632678658823e+00,-2.806858871834495872e+01,-2.865840174750714908e+01,-5.252666005659816051e+01,-3.072491821768334219e+01,2.816227962750985014e+01,-1.463495779681435627e+00,-2.697932637022379510e+01,3.983326818075794140e+00
1.747494539252420509e+01,1.706657581548697422e+01,-1.855911335061024303e+01,1.679361976581667193e+01,1.554756987224861753e+01,-1.488084460073002724e+01,-2.565561191060064061e+01,-5.247811922287614550e+01,-2.234661592879722036e+01,3.331290231492867093e+01,7.778917023289023014e+00,-1.725262158156056813e+01,1.180197128945044138e+00
1.714270673037854920e+01,2.848785766952632414e+01,-3.898533740408408477e+01,2.377892943477816345e+01,6.054047919563668501e+00,-1.118233736407270840e+01,-1.476489455098846548e+01,-4.541086311756519933e+01,-2.370273446323912481e+01,2.954505782016728688e+01,-3.124653480045826992e+00,-1.172049399078464660e+01,7.449879534865454289e+00
1.661114742160350843e+01,1.426811713299020212e+01,-2.719817870942649307e+01,2.192779047243837098e+01,1.819085848785129045e+01,-2.927838356037884893e+01,-4.167965129933212864e+01,-5.679382397614840272e+01,-2.244086000438919726e+01,2.495555210287063375e+01,-4.648882209726337145e+00,-2.567721154447431431e+01,-7.808586531849597279e+00
1.624864400502437078e+01,2.073522300329589996e+01,-4.400251025179912290e+01,2.563315882018526182e+01,9.256782054754848943e+00,-4.113053384827816217e+01,-3.863274840602974081e+01,-6.402639588933780601e+01,-2.339149804417906964e+01,3.808532947221723930e+01,-1.388533274690733421e+01,-4.094545033730781824e+01,-1.000404735324210392e+01
1.597197765231289956e+01,2.423415944627693719e+01,-2.739969729088248229e+01,4.161064344524834979e+01,1.432404389910738374e+01,-2.659470087100070756e+01,-2.756461825500564089e+01,-5.086084670077320879e+01,-1.571411096397591933e+01,3.569483987516360912e+01,-8.792115146545333104e+00,-3.025005635466293796e+01,-5.875527349233920837e+00
1.577204707559093322e+01,1.707166161173502061e+01,-1.307139101289827288e+01,2.809470922927864578e+01,1.620413548803533388e+01,-2.619754655981229163e+01,-2.353967156657868287e+01,-3.760731879835740443e+01,-9.300203773316470190e+00,2.538499628794590990e+01,-2.433191545498350905e+01,-2.880456069250004347e+01,1.282102765762699370e+01
1.605096517863268346e+01,2.095804211877472056e+01,-1.457753686852920438e+01,1.994844738328366063e+01,2.047433661813659711e+01,-9.798322582650230927e+00,-2.290035811469007854e+01,-4.387214609046094438e+01,-1.191360085509317202e+01,2.557840023052111889e+01,-1.832170782124341457e+01,-3.391761154940045486e+01,3.142837279608603041e+00
1.586990906410545854e+01,2.981307579300586497e+01,-1.486873458670851100e+01,2.772580303704286209e+01,2.052353591825193035e+01,-1.434252354498873849e+01,-1.003222198898204098e+01,-4.359250398598873488e+01,-2.421882918715395405e+01,3.265602876058005677e+01,-8.544766576771577249e+00,-2.836312072589006306e+01,4.592096030034326759e+00
1.564388467583919962e+01,2.459206507115949236e+01,-5.985193939646441308e+00,2.488080576051476100e+01,1.335109501524582143e+01,-1.550371138412404015e+01,-1.784351326682337557e+01,-4.189985702608041152e+01,-1.365478465916182671e+01,3.085757283557148867e+01,-1.311638164426154418e+01,-3.397044501251161819e+01,4.021842676247468162e+00
1.568687587066820832e+01,2.651620574257398033e+01,-1.107691648325550382e+01,1.207129704642222379e+01,1.088710279615408449e+00,-1.840679560174861962e+01,-1.036714394477664847e+01,-4.557612374839740710e+01,-2.610998205594739119e+01,2.319592220429534279e+01,-1.881998093062555810e+01,-3.204345154805366747e+01,5.804712573563747924e+00
1.605123719083364264e+01,2.195929245121499207e+01,-1.908367828901938790e+00,9.276971640327071000e+00,-3.854279851847462357e+00,-1.168697550315473954e+01,-8.424334796087574517e+00,-3.636091302557714044e+01,-1.024768372706904529e+01,3.328184024741702274e+01,-6.544464790373210050e+00,-2.927979074422176353e+01,3.042990268618241512e+00
1.647563556112436700e+01,3.005845281366046251e+01,-8.058457972241393819e+00,2.176193546279574775e+01,3.289702049814574369e+00,-2.243121226379747313e+01,-1.151656333665297716e+01,-3.293475386136665151e+01,-5.181556110014753358e-01,5.414461728146500974e+01,4.608173150617644431e+00,-3.366571674817632243e+01,-2.826628428946293514e+00
1.680397225420595220e+01,2.991793559595559771e+01,-6.510107713718721989e+00,1.301476159424875334e+01,-1.508258993823364535e-01,-3.015027139181700022e+01,-1.035535381603964744e+01,-2.020315547582992721e+01,-5.149408563353182089e+00,3.750741683897453527e+01,-6.264846695832035905e-01,-2.609813239886520009e+01,4.867563653715126115e+00
1.669935357891674599e+01,3.263497846544821357e+01,-2.064398758144631785e+01,1.112166437129327790e+01,-1.541676714930622438e+01,-3.412437022275828724e+01,-3.044593922223261639e+00,-4.050503993128834423e+01,-1.968341891139577271e+01,4.499240229132150404e+01,3.274347126186236689e+00,-2.614057980842846973e+01,3.942664109195581190e+00
1.678047149122629733e+01,4.300631293098510355e+01,-3.595943524906741118e+01,1.845755774698996632e+01,-1.944063083987844109e+01,-3.673866819908161574e+01,5.219565118137035498e+00,-4.763238469762454486e+01,-2.715283799429303357e+01,4.608195845087604425e+01,5.098720192976673005e+00,-2.545973672320778647e+01,-3.124721982713348223e-01
1.706965829035356919e+01,2.495421809388376033e+01,-1.338037714420813806e+01,-2.844034770038911919e+00,-1.420634586605695837e+01,-2.495942042994407828e+01,-7.812699079225079224e+00,-3.062199019736857508e+01,-2.000035613568858039e+01,2.196146543527571282e+01,-3.816111312063501959e+00,-2.127051348618303805e+01,5.528493396999663467e+00
1.728461058816747808e+01,3.329109419053332886e+01,-1.907869413816900561e+01,2.124546439235028839e+00,-8.980654369000863113e+00,-2.847310758231581218e+01,-4.836649435463716173e+00,-4.205334507057028759e+01,-2.408911907349559911e+01,4.602076003514171987e+01,9.185399396870762345e+00,-1.694382305230985253e+01,1.690626343767574014e+01
1.707015785857765522e+01,2.497856241596741000e+01,-1.005991650016473038e+01,-2.446208347549290618e+00,-6.341672216517241445e+00,-1.813299394794351471e+01,-1.238155165035676397e+01,-2.781595228533137742e+01,-6.754479603964201218e+00,2.783522328524957601e+01,-2.187324962063703193e+00,-1.202014011912257629e+01,1.181975772933645352e+01
1.676174289450026578e+01,4.009347201410403017e+01,-3.430111092747448254e+01,2.862179912578833640e+00,-1.339826175450056134e+01,-2.985601120860744828e+01,6.580160636245571126e-01,-3.598958322168864044e+01,-1.083302556478745160e+01,4.936886118190722073e+01,-4.076865721708779589e+00,-1.180015471784976633e+01,2.240805819078270389e+01
1.714183472786756823e+01,3.653567210276140997e+01,-3.588895945350903816e+01,-2.654628045133405667e+00,-1.046951691800094686e+01,-4.651354427746572640e+01,-4.520913772111526896e+00,-4.097295402311312529e+01,-2.821307705721238079e+01,3.810447577607680358e+01,-1.171499082765992306e+01,-2.088464475698488698e+01,1.443144049655056982e+01
1.693645684245881355e+01,2.850111742064655829e+01,-2.045559768873772910e+01,3.235414999660679580e+00,-1.312434580168469012e+01,-3.089496068010447871e+01,-8.912193672881437934e+00,-4.138654497020790046e+01,-2.120761359087176245e+01,3.530276097269346280e+01,-1.425703873078055572e+00,-1.219760595771943734e+01,1.818528398712974692e+01
1.668816079612259884e+01,3.299956794531910020e+01,-2.359755402160126891e+01,5.695819497196024983e+00,-1.180723548965696068e+01,-3.694872532912445706e+01,-7.173853905817010990e+00,-3.982484655660093864e+01,-1.863262499103075598e+01,3.696509406515954765e+01,-9.672188798940148047e+00,-1.450195275384316673e+01,1.773974566056944724e+01
1.634853247390808662e+01,3.076286619221649588e+01,-2.504391374245769342e+01,5.121720727140069762e+00,-1.000740822697516563e+01,-3.863376495616075346e+01,-2.111767337593464333e+01,-5.997132660738550669e+01,-3.116020056453855602e+01,3.779028542335313290e+01,-1.527592818706682465e+01,-3.473186535006320241e+01,1.255810614467744912e+01
1.569593177285418051e+01,2.462192588859161546e+01,-1.323828008246746357e+01,-1.109790591734971965e+00,-9.116890624630958229e+00,-2.920746413696758736e+01,-2.537597709017187242e+01,-4.823771378799753506e+01,-3.683650977273109817e+01,7.663163704939787380e+00,-1.579222349701898942e+01,-3.201489443053487349e+01,-1.325067983023703544e+00
1.372622563421076336e+01,2.474296501512834112e+01,-9.335071762031526887e+00,7.868987558054171494e+00,7.604192918147772318e+00,-1.583294458359540613e+01,-1.689462464002523490e+01,-1.805698084146975191e+01,-4.304636163277940852e+00,1.852809610868184720e+01,2.881714634251222318e+00,-4.777604965840161810e+00,1.487326560876432957e+01
1.180689125255573124e+01,3.243118000136283996e+01,-2.250057651452480911e+01,-3.026088348450814092e+00,1.497054099198030563e+01,-3.009801574359352117e+01,-1.324269308750687557e+01,-1.873143211254432572e+01,-1.477503498973962870e+01,2.571170898470286303e+01,1.357821421463129674e+01,4.452864799931246509e+00,1.433876454195442740e+01
1.494349993493403694e+01,3.475594906156337061e+01,-4.574221826592299323e+01,3.623108825348068773e+00,2.025994588286149778e+01,-4.044307534839683171e+01,-3.052383830647169560e+01,-2.919496253426753185e+01,-1.202793329797107447e+01,2.523578016815010372e+01,-4.373764245739321765e+00,-2.096798832637438892e+01,5.778498037335845439e+00
1.447567529084814453e+01,2.159148440336594277e+01,-1.521409469875510823e+01,-3.087997709122028311e+00,1.652814826968692685e+01,-2.197847121230489253e-01,-1.144208140987901778e+01,-1.224291289945247563e+01,-1.403645405752783626e+00,1.204851396592185786e+01,-1.018486439781030839e+01,-2.306721821697189867e+01,4.389196935641568764e+00
1.506117028230619503e+01,2.188487084638817137e+01,-7.943110472149892409e+00,3.977672052348126819e+00,1.584469705487119384e+01,-2.404919454419342184e+00,-2.597070113264956248e+01,-3.284970078574115604e+01,-1.014554076463208965e+01,1.425392166741898947e+01,5.982399376993982720e+00,-2.114946309460941087e+00,6.236397096441942622e+00
1.541639557525775928e+01,4.261542381019027204e+01,-1.304844709099088362e+01,-2.273932469046660909e+00,1.043440406684312549e+01,-1.344642892180873694e+01,-1.562231899945834002e+01,-3.720327189724063999e+01,-1.328111085309488892e+01,3.473150650149484164e+01,-3.701332350880896627e+00,-2.258290149158018068e+01,1.067737733797112476e+01
1.517025286858877919e+01,2.190748223347759449e+01,-2.996758369788450338e+00,-4.705268467377316632e+00,-2.543875313768266366e+00,-5.971795922291185832e+00,-9.271799151986570564e+00,-1.799723327041787968e+01,-4.832077683907892052e+00,2.173359015180352216e+01,1.500689700234962132e+01,-1.660024438714713835e+00,4.366019231311189408e+00
1.500825149016547932e+01,3.334984366495163499e+01,-3.785505084045222457e+00,-5.415986326508942517e-01,-4.526823512517723636e+00,-3.161554408705548713e+00,4.295425923394640133e-01,-3.511608423483657049e+01,-1.089139932984668135e+01,3.750888062647349130e+01,1.044981986608586100e+00,-1.667517824353242517e+01,1.290896812274669969e+01
1.448491590582280786e+01,3.062631072727766934e+01,-1.109938481256914322e+01,-5.238486503280625151e+00,2.562078329462055049e+00,-2.524114041183207480e+00,6.375800455177853543e+00,-1.442229020810360041e+01,-6.641654907603844471e+00,3.376099027614917958e+01,9.623223825954001498e+00,-7.958620314746838176e+00,2.142640425634573376e+01
1.445189118929824446e+01,3.194692680490145165e+01,-1.523593949988399743e+01,-8.141231514742697684e+00,6.142861592601720488e+00,-2.296284148896141186e+00,-4.086509814161077614e+00,-9.774895384460702275e+00,1.051857385996074079e+01,3.507530908990339213e+01,4.163941410841519364e+00,-1.189037571019900241e+01,9.921552590045456199e+00
1.362903658177188504e+01,3.650965929116930653e+01,-2.042469669018862888e+01,4.887445230425194187e-01,1.300938662317532746e+01,-3.403519466714063579e+00,3.288927254105184605e+00,-8.213482890961248728e+00,4.189895938969812939e+00,3.459728195095765813e+01,3.919930545094748031e-01,-1.790781583581572534e+01,9.967095610438953202e+00
1.422730407532375629e+01,4.577275134295265246e+01,-2.597684934640998478e+01,4.134701395886685171e-01,1.046490108324154455e+01,-2.065942173244509661e+01,3.384627329200141865e+00,-7.047101404573367311e+00,2.033149246536988741e+01,4.265202968953189355e+01,-2.014684311769936187e+01,-2.447839891860150630e+01,2.466795063496848073e+01
1.336956074317966525e+01,3.916843566323137082e+01,-1.889611372066586625e+01,-1.071629201065911907e+01,1.243935369335108021e+01,-4.456462400465747820e+00,1.317703834143907793e+00,1.012431352937542783e+01,2.724469591708098548e+01,3.269499940544750416e+01,-1.449833772820184841e+01,-2.883066316618391767e+01,8.083341365079888874e+00
1.278518304207976719e+01,3.184051592698722644e+01,-1.559923087596085445e+01,-1.160622281969457426e+01,4.522981425545072653e+00,-1.043422841711754145e+01,-1.080794123441628862e+01,5.575178634216215734e+00,3.006133860810865599e+01,2.864642791981213321e+01,-6.047090561317160606e+00,-1.167553459889503031e+01,1.040097221579664577e+01
1.103097818474743974e+01,2.659387063896435066e+01,-2.397937512571923335e+01,-1.980074963253305143e+01,-2.679764304044135681e+00,-2.957798491961008480e+01,-1.228984388911831260e+01,-2.809241359751093015e+00,7.291025795274274302e+00,1.271424717116907033e+01,-2.010872251350420470e+01,-2.555512292870444924e+01,3.725491452946861237e+00
1.168312326048228300e+01,2.981245081085840098e+01,-2.029015851317242891e+01,-1.157754460445623401e+01,2.488357067896267427e-01,-4.187305004891921811e+01,-2.955015399063323756e+01,-1.229838901152659503e+01,2.510461189131094173e+00,5.190572891167990477e+00,-4.291900071595423327e+01,-5.151724597754775914e+01,-2.483497480319929451e+00
9.609655562658520722e+00,2.083108531361844484e+01,-1.513328254802382489e+01,-5.669403609624640517e+00,9.025077665049000331e+00,-2.479546182844437396e+01,-6.681898433073668819e+00,4.271870609967769461e+00,3.172916097642220379e+00,4.844669805058079426e+00,-2.304819801643379407e+01,-3.754135625553930566e+01,3.913447767930652077e+00
9.086592695989525126e+00,2.010016577130765825e+01,-1.026049486095671170e+01,7.550492135250930659e+00,1.775313643067885039e+01,-2.387453218774298591e+01,-1.559049808892799405e+01,-1.003631317242718701e+01,-3.713276677200040510e+00,5.511813867183152027e+00,-1.920264485018187273e+01,-2.717875282727156616e+01,1.205373188631448222e+01
7.625482288810001563e+00,1.249708709046134558e+01,-1.825653494957544609e+01,-4.647872205493190023e+00,1.069057323601526122e+01,-2.523055851028020058e+01,-9.528934776028542331e+00,-5.472479500324632262e+00,-5.646105572680130358e+00,2.772659982998293415e+00,-1.290813137348369288e+01,-2.025676287440980161e+01,6.225504292563873499e+00
7.014449356340224817e+00,8.897002754969724592e+00,-1.328578732514603544e+01,-6.215304952707613850e+00,9.505115175803672045e+00,-3.145092408912067583e+01,-1.114486231595566501e+01,6.048642176370021772e+00,3.024732028021994701e+00,1.081951366371087531e+01,-6.783617739514134826e+00,-9.764434070375440200e+00,5.955869551455186262e+00
6.350334847845929609e+00,7.809907711564344213e-02,-1.582053726970827512e+01,-6.584787487905736647e+00,-3.842096177522552836e+00,-3.725585604970406450e+01,-9.863103754773808518e+00,-3.876651634376356181e+00,-1.081471794868432923e+01,8.192376923698109437e+00,-4.428058041967890546e+00,-1.479852988813533088e+01,4.110648508794784384e+00
6.221200012220800879e+00,-4.714531701003612518e+00,-2.121202560828622907e+01,-1.505778882397698659e+01,-1.649234898867817378e+01,-3.649434942641138946e+01,-1.356196306851678557e+01,-6.735622320170927324e+00,-2.928394483347822597e+00,1.015096692420491387e+01,-7.208624959738115123e+00,-1.031891788012755029e+01,-8.593875930615333392e-01
6.701668441102386353e+00,3.857142744610893903e+00,-1.091925121185131964e+01,-7.588097339827001520e+00,-1.053364853548225000e+01,-4.183960346449737244e+01,-6.623475328700685338e+00,4.163518273561307659e+00,-9.299046195056261510e+00,-8.467204178369353018e-01,-1.168664491256356541e+01,-2.015928690424546232e+01,-9.099444105258802651e+00
7.244717782261268724e+00,4.151260250948217490e+00,-1.467566474477218641e+01,-6.284099196075084492e+00,-9.591288489335534351e+00,-4.257072969697372855e+01,-7.779723770525825977e+00,1.625866154221063908e+01,1.185244022386115326e+01,3.213109578358774421e+00,-1.162443358310692965e+01,-1.224253962488609560e+01,-1.239109767127775186e+01
6.827291383093300858e+00,2.716544904444760711e+00,-1.805256926392592121e+01,-1.020365051981794302e+01,-6.670614252603343175e+00,-3.041340910597340041e+01,-2.568825331469982931e+00,1.143705790942589928e+01,7.647961231388915593e+00,4.142367953979013140e-01,-8.807527605172889906e+00,-2.009065825661488702e+01,-1.672640984705450862e+01
6.695520931112483254e+00,9.758097071960704083e-01,-2.134131196025008492e+01,-1.098860995498395710e+01,-4.287373752885208056e+00,-4.240753162970552381e+01,-2.097883197443423597e+01,-6.757077504829903880e+00,-1.710852777609290243e+01,-1.033094571401920092e+01,-1.219188888143844984e+01,-1.431619797428203356e+01,4.377689907810069947e+00
6.731107098656547549e+00,2.944734181094639691e+00,-1.881664882462300525e+01,-1.149857901525204440e+01,-7.944651629300936158e-01,-3.582714105631812629e+01,-1.561254012216125453e+01,-2.077768051222957713e+00,-2.177719358658139370e+01,-2.078250730012478087e+01,-1.279960043036222572e+01,-1.098227953701333703e+01,1.758966113039883927e+00
7.052641836570050060e+00,7.908701677235225880e+00,-1.200702398803730553e+01,-4.323270120609321587e+00,4.953798229849197376e+00,-2.928519921961765249e+01,-4.752670751992695841e+00,6.176877726072772745e+00,-1.334570049269262171e+01,-1.665273350135784369e+01,-1.861759249915586167e+01,-1.026119132412485158e+01,8.677906651794825565e-01
7.379864252933574065e+00,8.163803634609097415e+00,-1.408001095748195652e+01,1.799412096861810806e+00,9.899048552597738748e+00,-2.431252479232448493e+01,-2.110164038155503408e-01,7.153873052193925552e+00,-1.345029612346264436e+01,-1.982966451435483890e+01,-2.393977625598034109e+01,-1.738877840486901505e+01,-2.447434995710731087e+00
7.462513835739978951e+00,7.381153296696687960e+00,-1.349359474834652772e+01,2.329684447783288981e+00,6.412252696599601620e+00,-3.515120602258197380e+01,-5.950787729774778434e+00,1.523157075536532190e+01,-7.730388388555314627e+00,-2.285081782761517033e+01,-1.546655810216098992e+01,-7.497056270751409457e+00,3.350101190759290914e-01
7.475491212355735549e+00,4.404530056369809543e+00,-1.449193983946825526e+01,2.380678270534660967e+00,5.989527897052663086e+00,-3.536148059940075683e+01,-1.845628544034624596e+01,3.064398846893213957e+00,-1.114970194556742733e+01,-2.223065689725049765e+01,-2.353492571627025498e+01,-1.770584150898459086e+01,-5.912665748949865296e+00
8.011535365056110081e+00,1.199179742782609637e+01,-1.078328511975052351e+01,4.088271559211106521e+00,9.716107827840668065e+00,-2.769563029927947184e+01,-4.625113895455466917e+00,1.343635468700302837e+01,-1.312101911701060430e+01,-2.342685945034256534e+01,-2.521910541222617752e+01,-1.339195889736201472e+01,-4.376767036831702429e-01
7.405242785958961349e+00,1.046626122137600134e+01,-1.022403038407226106e+01,4.676886883898675684e+00,1.189269097795487973e+01,-2.612714699714763000e+01,5.507633159522217881e+00,9.360731048524289832e+00,-1.917361581268417225e+01,-1.999306368293946790e+01,-2.103098857590598669e+01,-1.241850207554578311e+01,-1.921219241927346388e+00
7.918516099814915776e+00,6.292965541454647038e+00,-1.761190967664332518e+01,7.751979312753798368e-01,7.069286865140840703e+00,-2.737825333220639124e+01,1.571023200150644561e+00,1.323353766545176846e+01,-2.582153639662246647e+01,-4.469307151117998700e+01,-3.657749194104157908e+01,-1.348664858304027625e+01,3.726161423780004478e-01
8.062868807413567040e+00,7.082298089751089876e+00,-2.063364859383901262e+01,9.039682331421892147e-01,2.045942002383323910e+01,-2.149471403407513392e+01,4.015841851118191475e-01,7.135014941135871425e+00,-2.841397415697579021e+01,-3.926002713649800313e+01,-2.575639083694965237e+01,1.848426890865887184e+00,9.859039413550764408e+00
7.817176492463744353e+00,7.634745617282300501e+00,-1.560542374327235748e+01,4.973781864532860197e+00,1.995201956855722258e+01,-1.391618859569954125e+01,1.930799499040956047e+00,6.140150832979526463e+00,-2.455929769959621112e+01,-2.610254350396031242e+01,-2.008731620066014756e+01,-3.744056942243655595e+00,6.193212328763270769e+00
7.408477665163915482e+00,5.799957126284454922e+00,-1.889313362669291507e+01,-2.789753753103126233e+00,7.828748750312024995e+00,-2.972480493258037626e+01,-5.456464172759712739e+00,3.230464753863680816e+00,-2.974016138121653441e+01,-2.956299301935587565e+01,-2.326062751041076737e+01,-5.868104299006457580e+00,3.355024696945330565e+00
7.237086828261860560e+00,2.763192198578624303e+00,-2.140788127194392132e+01,-8.107818117527626711e+00,4.507952742251728928e+00,-2.171697758525574073e+01,6.528893113896078404e+00,9.861486307460035405e+00,-2.245394689385903675e+01,-2.788723081951973626e+01,-1.940122485533609265e+01,-1.783157219922311132e+00,1.013812974815864543e+01
7.581903923383816135e+00,7.447771023165346449e+00,-2.261490804738816607e+01,-5.523343164933788074e+00,8.141004865720111283e+00,-1.961905291241360061e+01,1.128840121620526160e+00,8.438660058104950679e+00,-3.008286849407138419e+01,-1.978376120571403618e+01,-5.608356427737415828e+00,-1.784020844138815676e+00,1.124681226253979283e+01
7.898674418296680599e+00,4.502598052883459268e+00,-2.483027005092258932e+01,-8.466243389825363508e+00,6.942163431669718499e+00,-1.889865243745958878e+01,-4.090397333450168205e+00,4.814001614599107803e+00,-2.512470291798024391e+01,-3.080956955636319705e+01,-9.910622302033843312e+00,7.164397950317914265e+00,1.093380095408234887e+01
7.842640318737947425e+00,1.360838483865113746e+00,-3.105669631058072611e+01,-1.863014941485826981e+01,-3.033218120786218108e+00,-2.836274244346918749e+01,-1.263309811074006461e+01,7.127123333420240847e+00,-1.649489046672253778e+01,-2.667023206498464560e+01,-6.884226537152067671e+00,6.801145445770892195e+00,1.075346963332366990e+01
7.579673739067222193e+00,1.234779996660251733e+00,-2.936432411332110348e+01,-1.640826472410729409e+01,5.700829301522124526e-01,-2.624794795312298135e+01,-9.879338294587105551e-01,1.467616529480541132e+01,-3.121689274550927706e+00,-1.749991224939248013e+01,-2.570134520464010208e+01,-1.901144557820950354e+01,-1.429284417632814730e+01
7.749367756687592035e+00,2.053104571666620082e+00,-2.761789037830301652e+01,-1.131289514680284647e+01,6.266575982858237914e-01,-2.597251472585376675e+01,-5.668193565388370381e+00,1.178391390940069527e+01,-9.289375914123548128e+00,-1.532407577826313982e+01,-1.467906559473456340e+01,-4.184687872800722630e+00,3.283152242798111353e-01
7.574361918747693601e+00,2.884338282321502245e+00,-2.521775032983820353e+01,-5.101350039135654768e+00,1.464587950592771115e+01,-8.420570737430876918e+00,7.873779062452864075e+00,4.292282363304063431e+00,-1.545557356722203757e+01,-2.009630356190944056e+01,-1.662478299545071181e+01,-8.285437958293947247e+00,-6.521735538654535036e-01
7.376596908782977913e+00,7.414549256232602303e+00,-1.930371128008906467e+01,-7.170859437643135159e+00,1.465128471974617241e+01,-1.275502741242368998e+01,-2.953763393192899045e+00,-1.147265788578325818e+01,-2.392113110922128172e+01,-1.458119830633090785e+01,-4.055237557503847512e+00,-2.345361962332340511e+00,-5.216595107431533762e+00
7.160264338372340553e+00,7.108065224446292518e+00,-1.428258764481948440e+01,-2.850109106407516246e-01,7.724898365282634849e+00,-2.102193122326701769e+01,-7.891049820091193823e+00,-1.454425806542723620e+01,-2.736003928090282855e+01,-1.866432250595466869e+01,-1.888156043811551399e+01,-2.338373813871826812e+01,-4.241049320092253438e+00
6.593572819767646642e+00,-9.959964080018643973e-01,-2.342134477394777292e+01,-7.425858035701343951e+00,5.830772504346405372e-01,-4.019064229690453516e+01,-2.017653967482841537e+01,-2.286602427443731500e+01,-3.169140395213445771e+01,-2.047011580678128340e+01,-2.483348612662186383e+01,-2.350836225674996882e+01,-7.992240120941262127e+00
6.863487237486323167e+00,5.461543032561762961e-02,-2.127845725676623445e+01,1.640167667705429322e+00,1.320828881571609159e+01,-2.746522850379448144e+01,-1.418684234257543508e+01,-1.969438242771247971e+01,-2.535155928164513384e+01,-3.788115166602004980e+00,-1.033526253676946460e+01,-6.512965014294842092e+00,4.491702011226513136e+00
7.199780112182410541e+00,1.901237461696853481e+00,-1.738202309874001372e+01,1.083191013171627937e+01,2.242413333068842007e+01,-1.958051804451815414e+01,-8.848299828295214553e+00,-1.659170927733171652e+01,-2.259145473119915692e+01,-2.814453998497082332e-01,-1.187099507314524338e+01,-1.573414746527923569e+01,-1.919889680460911352e+00
7.091343352740715034e+00,-6.090699217443344970e+00,-2.308676121108011259e+01,6.473841666685355101e+00,6.073280538481295565e+00,-3.372377253552171084e+01,-2.791672909947412151e+01,-2.584185491102160626e+01,-3.234294664278159814e+01,-4.401859440291023162e+00,-2.131725846114064993e+01,-1.228642335476948411e+01,3.009747081125901946e+00
7.420415143873869468e+00,-1.130910934381901267e+00,-2.459767963259943357e+01,3.960143805737247558e+00,1.348710575863981376e+01,-3.204711713112290283e+01,-2.318699258910837102e+01,-2.330002635876615713e+01,-4.022951751183298796e+01,-8.549226429119473281e+00,-1.854136343654839791e+01,-2.535419415108700747e+01,5.728845480675029300e+00
6.939768534162476854e+00,-1.733850404433795678e+00,-1.931211916125457506e+01,7.007280588095121665e+00,2.022158489808786896e+01,-1.719477339504886615e+01,-1.480541131756159423e+01,-1.893949493170313758e+01,-2.985287933116364911e+01,-1.340404317563473668e+01,-2.438703331732951796e+01,-1.980918296968036429e+01,2.516013953812407777e+00
7.264612702110373021e+00,2.406082985609936387e+00,-1.338791703266463884e+01,1.102394982682967495e+01,2.731460635586879704e+01,-1.034457008886730378e+01,-1.512298480933670852e+01,-1.973745119970460138e+01,-2.375048781210029958e+01,1.927916218633518586e+00,-1.474714666535708929e+01,-2.002077834625346497e+01,8.140645075915628581e+00
7.361277483151786427e+00,2.774164055202909651e+00,-1.403669127740355549e+01,5.269320361226443872e+00,1.784625000401397088e+01,-2.753583504487345124e+01,-2.725341349384958534e+01,-2.485056824563659816e+01,-2.747328150973863714e+01,-1.315940901960085441e+01,-2.723474917369425086e+01,-2.888117444768160880e+01,-8.067159841327324443e+00
6.584194353491198193e+00,6.385390338947031230e-01,-1.443586984945617857e+01,6.335658357929155216e+00,2.296695108169910426e+01,-6.019674106263892099e+00,-7.943269587422343569e+00,-2.076116253622069152e+01,-2.370737235128069287e+01,1.960389996156314041e+00,-7.741893812794523377e+00,-8.258881674711151533e+00,5.242648299918220012e+00
6.503411885949912374e+00,-3.862229958137476604e+00,-2.015445693176725683e+01,1.773823434217775885e+00,2.190614338459386090e+01,-1.646117057539148121e+01,-1.141565253430441551e+01,-8.789587542843699808e+00,-2.656872379853571786e+01,-5.279046317159816759e+00,-1.246085132450140875e+01,-2.375649066570773726e+01,-1.118767605503562734e+01
6.397019060073579233e+00,-7.965244853192598562e+00,-2.211946750594720257e+01,3.616518697465525900e+00,1.289807524858370336e+01,-1.968184672070839270e+01,-1.559387680178311086e+01,-7.882641752655612066e+00,-1.726503496650429170e+01,-1.264830119860434587e+00,9.374928094203381912e-01,2.821409683305556193e+00,1.527709289709213891e+01
6.083830493231455527e+00,-3.543051610965090248e+00,-1.538288644362024371e+01,2.811268055839731606e+00,9.562453045936976537e+00,-1.914763173551035180e+01,-1.552353359063348215e+01,-1.859302554440217747e+01,-2.353565968637622419e+01,-1.891272842581418256e+00,4.041817104397777527e+00,-2.188064370680108173e+00,1.165040751774991001e+01
5.909767604958700460e+00,-2.352746134086826757e+00,-1.083656081779829705e+01,3.471424139582674151e+00,7.979166026953066648e+00,-1.981677986582463191e+01,-9.662765358626280943e+00,-1.368604550592544022e+01,-2.745742133474518099e+01,-4.527745417243624892e+00,2.346740882749864365e+00,-2.613759488652004137e+00,1.109256309703527421e+01
5.987440492700388361e+00,-3.459221909321890109e-01,-8.025658454819623699e+00,2.125089979433175458e+00,5.443577403996687103e+00,-2.146476304686401448e+01,-7.874122485560773654e+00,-1.337077279027886689e+01,-2.880955951954588201e+01,-9.789347826837756728e+00,-1.241724881552060999e+01,-1.272312204075184994e+01,6.959927918685301362e-01
6.063139675612150725e+00,-1.563115808262396378e+00,-1.192927154981908089e+01,3.844137486884257271e+00,9.663205419725372280e+00,-2.138739862608053599e+01,-1.537148123529949117e+01,-1.780839911809648157e+01,-2.543706574621426597e+01,6.074118362667126014e+00,7.848956207752692649e+00,-2.225412320820343126e+01,-1.274485481508859941e+01
6.315451352301769461e+00,-4.728018587973528142e+00,-1.222513105298189018e+01,1.185654053963419718e+00,4.947413872948567715e+00,-2.603169992552619050e+01,-1.633841736935784539e+01,-1.833854316033571408e+01,-2.824186712829294166e+01,-3.489306014080763685e+00,2.721887415477897143e+00,-6.435448570634081378e+00,5.774459086498400673e+00
6.252877440069530834e+00,4.987415069456771488e-01,-6.224456377254719897e+00,7.747898849207978778e+00,1.915897023453402293e+00,-2.981201371709331482e+01,-2.005490509182812175e+01,-1.697692937730291973e+01,-2.551561550718706073e+01,-4.435980846288994250e+00,1.219863050647171043e+00,1.804657517818870849e+00,1.344701571068337742e+01
6.786764114154968830e+00,-6.863556695552884612e+00,-1.436674103506047295e+01,-4.809927605786178617e+00,-3.413262823735753404e+00,-3.927627560300761189e+01,-4.037678335907559557e+01,-4.226437025519909696e+01,-5.315481048127070096e+01,-2.110225579845323551e+01,-7.408188039212846299e+00,-7.083550959071473585e+00,6.104608001858442989e+00
6.365846983712375007e+00,-2.974111175599460366e-01,-6.535754745736225502e+00,2.547067900749718117e+00,-1.392572433696563694e+00,-2.900651607808702437e+01,-1.104419605980547026e+01,-2.202701731856387113e+01,-3.984087375612620718e+01,-1.753043501352871658e+01,-1.104259053039969807e+01,-4.745488881622833333e+00,-5.793318962345182399e+00
6.947485601595389859e+00,-2.856972123932507213e+00,-6.030496750273545814e+00,3.189759364920566220e+00,4.832135885241334528e+00,-2.405479804042126446e+01,-1.986948955832803065e+01,-3.403366637960115781e+01,-4.612171055514263429e+01,-1.221661746604403831e+01,-3.293871839248836864e+00,-4.499181617756878637e+00,1.353235582735585751e+01
6.701486442149343858e+00,-3.775102038217001521e+00,-8.762041218896472472e+00,9.786507612980654969e-01,2.873079266043554902e+00,-2.198518312600050351e+01,-2.044319746815573779e+01,-2.758854019535075253e+01,-3.455574043796067940e+01,-1.505861614842879170e+01,-9.583698889230133133e+00,1.332686656718617968e+00,1.564182935157168863e+01
6.083251772998062634e+00,-5.652335339292304806e-01,-7.170699001290482322e+00,2.488057230571664391e+00,3.166110997346105460e+00,-2.734470663488478692e+01,-1.826388365882863241e+01,-1.101695167724082403e+01,-2.525642869847309413e+01,-4.338218297686450065e+00,-1.859144842673251308e+00,-7.569980627047502075e+00,5.951487170487719247e+00
5.745094985103846419e+00,-6.014614347600492295e+00,-1.643616806035539923e+01,-6.107686093795245519e+00,3.662926196331771078e-01,-1.934394200219520243e+01,-9.468069675400704099e+00,-2.250695260476472370e+01,-3.989792959221352220e+01,-1.570946322958386610e+01,-5.090160846896700786e-01,4.754319898764467478e-01,1.042898444728221108e+01
6.007933515207892761e+00,-2.334849232987965095e+00,-1.216529360420369521e+01,-1.496215175648496931e+00,1.181825505752027361e+01,-4.370494731589037229e+00,-5.984081225686139760e+00,-1.560963158220010527e+01,-3.650176713361886982e+01,-1.202708193679369231e+01,2.333868033120232166e+00,1.103243971692080194e+01,1.716279802076403627e+01
6.557158890379676919e+00,-2.093689400368151432e+00,-1.822353770363675096e+01,-1.047096909716941227e+01,6.746261122714622083e+00,-2.350948852732142491e+00,8.539590083251123787e+00,-1.302504373834972817e+01,-3.738551482610645849e+01,-2.311378895194987493e+01,-2.244964040050002385e+00,9.848506178738591910e-01,3.969264758467459409e+00
6.464837681787557244e+00,-5.182315056849026824e+00,-2.214151281881745703e+01,-8.704707793542961980e+00,7.305199510421291897e+00,-2.609098368306813409e+00,7.597898544377304830e+00,-1.397441071387483369e+01,-4.634978925337878053e+01,-2.023548997718564024e+01,-7.448049694129443843e+00,7.486746559423685277e+00,1.086046921468553528e+01
5.765730849826391058e+00,-1.027658648009506592e+01,-2.129792862757474481e+01,-9.094617525615227294e+00,1.666327999012133576e+00,-8.304969650500476419e+00,1.373815413335628222e+01,2.472788344969126584e+00,-2.064317894454065083e+01,-1.138682061153404135e+01,-3.728027097354900121e+00,4.047649957661434428e-01,3.455176943214796292e+00
6.192557181107243736e+00,-6.900187459116775557e+00,-2.389713297861723973e+01,-1.270587306570344133e+01,4.842050849929052880e+00,-6.678632442960016569e+00,7.887874575488342366e+00,5.790935809457557149e+00,-2.004641470370070166e+01,-4.007761416426600221e+00,1.306836413864330559e+01,1.378295199724779962e+01,1.503390526336622557e+01
7.000686799098223112e+00,-9.584533767212830568e+00,-3.082417591438914783e+01,-2.381415811270995420e+01,4.575380728368880767e+00,-7.339786341401534742e+00,2.579934257683191290e-01,-6.731427779638645248e+00,-2.919993339717550640e+01,-1.585974961850176790e+01,1.373807596780938134e+01,1.252735830133634387e+01,2.007539057596000021e+01
6.537055091867986611e+00,-6.089770687484588052e+00,-2.319940909588638789e+01,-1.319086539576913353e+01,8.447737953483057893e+00,-1.828845851014795576e+00,1.373812381012695560e+01,-1.273670331197539873e+01,-3.032951754151719115e+01,-1.008833146802300540e+01,-3.878443247195627386e+00,7.742003328342471846e+00,1.157449529432482471e+01
6.523357505902574793e+00,-1.187008607001167526e+01,-2.910432533315698223e+01,-1.575577999471814294e+01,1.064822192065481943e+01,-2.558979304448305570e-01,1.256179915019327176e+01,-9.743600104430390374e+00,-2.545120443723683223e+01,-4.203119743689919474e+00,-6.442643055534923446e-01,1.694635378394168512e+01,1.862667577859524215e+01
6.550405462837127324e+00,-1.219700595675876542e+01,-3.573985194979081825e+01,-1.982308106308503426e+01,2.456326527302876261e+00,-1.303436189370584408e+01,2.550976116381861836e+00,5.276471265383546161e+00,-1.816427427307571918e+01,-1.224452684375180489e+01,-2.605549193069327529e+00,5.143609381991000262e+00,1.429124893550937081e+01
6.485025026069302534e+00,-1.179853475563050402e+01,-3.230128268561305305e+01,-1.889675543699490490e+01,-8.043202569035612370e-01,-8.327137987060426738e+00,1.294769262468946103e+01,8.290183610527542157e+00,-2.159965025748042677e+01,-1.119357742676598910e+01,-5.758178548860695578e+00,-1.543484485784156535e+00,1.569115160406447629e+01
6.226092215681431341e+00,-1.520838506277324065e+01,-3.372826420906395128e+01,-2.142940085115022697e+01,-2.930571756507090786e+00,-1.873286995318362003e+01,2.682032801259131016e+00,6.441789713172322074e+00,-2.103700417776216725e+01,-1.130449048722732464e+01,2.220290960166614092e+00,1.611106543749110642e+01,2.618696303416669124e+01
6.034238615092467839e+00,-1.121427190004796692e+01,-2.691753082886905446e+01,-1.477698648936306824e+01,2.019583510471962384e+00,-1.612023152514602842e+01,6.156380089043569370e+00,-9.543088259416251384e-01,-3.499731493107864111e+01,-2.048148318180366090e+01,-6.087804621433809515e+00,1.155489916247249838e+01,2.025419871959869056e+01
6.215339803317111667e+00,-9.676791993064318476e+00,-2.227881843627380221e+01,-1.168439677275521404e+01,2.514458858713677358e+00,-1.026377632814277696e+01,1.607558337477283317e+01,3.881531610382410236e+00,-2.335574262709260296e+01,-1.424276401653676061e+01,2.835420877565249853e+00,1.491091933103917455e+01,1.758449065814248513e+01
6.239764396557827553e+00,-1.168264511039834908e+01,-2.842326123344625799e+01,-2.075030915831376177e+01,-1.253276325813781122e+00,-7.703810103192664016e+00,1.283580534381250970e+01,-1.357155555074897935e+00,-2.196091888000810144e+01,-7.005049288872819524e+00,1.318282662953341955e+01,1.796515397014410453e+01,1.145533980210070624e+01
6.332976940585433923e+00,-6.291903528668599144e+00,-2.237765678598728059e+01,-1.867565048627030322e+01,-4.660688173518520827e+00,-9.246578101449888010e+00,5.423638278230534127e+00,-5.466250720395567697e+00,-2.349196561542475692e+01,3.468803255012737896e+00,2.701863981659592895e+01,3.059288241826694588e+01,1.115922937690029038e+01
6.624788120967003202e+00,-7.644335713825737955e+00,-2.771906028425508950e+01,-2.513048611279035072e+01,-5.555458891610019379e+00,-1.818176798699255414e+01,-1.638735955386580123e+00,-2.140304589157085857e+01,-3.798447825744235473e+01,-5.836904202910569772e+00,1.601873659444229858e+01,1.712211042836126040e+01,6.226761649958707068e+00
6.056316393025066525e+00,-4.075142819663867044e+00,-2.126595477779087062e+01,-1.704211033039752365e+01,-5.107668204159930170e+00,-2.119424198770030543e+01,4.492825357941682363e+00,5.976913554559417641e+00,-1.185031612806596257e+01,1.136539456023172612e+01,1.716718106701517499e+01,1.538340970003670805e+01,1.603730321784707868e+01
6.273280000952116353e+00,1.090486384332207903e+00,-1.420657716367109558e+01,-8.522732614427834363e+00,1.373932439066820610e+00,-8.746729323371457809e+00,2.791798443402373486e+00,-1.682029120719139570e+00,-1.438198238954395514e+01,9.250670067147645170e+00,1.454130624760644253e+01,1.005650191631987411e+01,5.789140537972945033e+00
1.383230972601289110e+01,2.544397416654954469e+01,5.780901877341102058e+00,4.519693092536651413e+00,9.572851218581494237e+00,5.744341768260825987e+00,-2.727806919426686960e+00,-7.558848056315198960e+00,-2.982726394501228118e+00,8.542602120538612676e-01,-4.039318021626569610e+00,-5.064412390130449637e+00,9.331130762760099229e-01
1.445026116381833781e+01,2.492785065524411792e+01,1.433554370908567854e+01,1.525684850950823979e+01,1.432524977472204597e+01,9.199087284820446797e+00,6.250772123646945566e+00,5.839197027847696120e+00,6.546079599649681668e+00,8.445274970331874798e+00,7.515596961637030837e+00,1.915772792591525775e+00,-3.884161564085172880e-01
1.275718276374563587e+01,2.623658968924020485e+01,-6.403498856097610492e+00,2.037849110167381284e+01,3.626375721269700847e+01,4.146306455309245464e+00,1.943727768475914175e+01,8.703924709931227355e+00,-5.779086500883825472e+00,1.306193061328179894e+01,9.588354314824076852e+00,1.204755559950618782e-01,6.834698840974712475e+00
9.375948245789944124e+00,1.827421355150235982e+01,-1.134073540612894249e+01,1.169015054150770005e+01,2.756522678919910518e+01,2.882259904730152922e+00,2.448325300580420105e+01,1.403771704411684307e-01,-1.788797019966497714e+01,9.992221978761289591e+00,-1.389689957651365715e+00,-6.536977375233106180e+00,9.224735629463287623e+00
7.701348281074204216e+00,9.142353800782952788e+00,-1.490304949997137740e+01,7.360827131154891845e+00,1.095102004334988699e+01,-1.769259059540018697e+01,9.362110031484738304e-01,-1.480802794557746438e+01,-2.569878021250317346e+01,1.001338934205961095e+01,1.182103004097537458e+01,4.783797795700667876e+00,5.229204001599294216e+00
8.220125102858370170e+00,1.473356354249131250e+01,-1.072460547200078551e+01,1.096914589229512060e+01,7.915919182041608160e+00,-2.820531268214236675e+01,1.866806030375906289e+01,-1.516526461146738036e+01,-3.250147999607850124e+01,1.820113295992750224e+01,-2.190328105605755249e-01,-1.691539951769725381e+00,1.866785763405081155e+01
8.752236578066753481e+00,1.063788748023169806e+00,-1.466206489271516489e+01,2.518003157430436900e+01,9.064199961210974266e+00,-2.641912188841028453e+01,1.134561497967104238e+01,-1.240341262100732322e+01,-3.317475997803013144e+01,7.698862311911854661e+00,1.050054651800548555e+01,-1.095096866750966136e+01,5.572955759232325335e+00
9.527001860558142354e+00,1.142667676508991814e+00,-2.415605910717743043e+01,2.672574106147724748e+01,6.394475429273693834e+00,-3.405184122374988931e+01,1.979417988357582914e+01,-1.655767270931016100e+01,-3.696987990938483648e+01,2.518745433733729655e+01,1.467908252877970732e+01,-6.297863155539814350e+00,3.421121208884401632e+00
8.972496183715898965e+00,-4.378736764745971399e+00,-2.283028476938657292e+01,2.601003413432131239e+01,1.113661057402404175e+01,-3.870228240069350534e+01,8.384094893410010130e+00,-2.511446184466296216e+01,-4.633277588308379791e+01,1.562883275406712791e+01,9.175702292693429740e+00,-4.202726474031226900e+00,3.523084183172813244e+00
6.937506206273763354e+00,-4.224732076481630294e+00,-1.815511116168711325e+01,1.408290139052740031e+01,8.763224084488259180e+00,-2.147092373958966505e+01,1.141803624677421247e+01,-8.072382545120397879e+00,-2.446741339871017118e+01,3.217469440669342706e+00,1.139330377652979642e+01,2.066509642790604673e+00,7.607018233656668293e+00
6.162605168256670041e+00,-2.174678970638981745e+00,-1.573558399867530433e+01,5.187357975081916983e+00,1.451826663022138320e+01,-1.233298332806971409e+01,1.064920592120575549e+01,-1.181056209969601412e+01,-3.540939352717524713e+01,-2.893271162328602486e+00,-3.035514027465734621e+00,-1.714716101738064680e+01,-1.004586649063980630e+01
6.124888591136377514e+00,-5.221158076504089252e+00,-2.218793620186168170e+01,-6.119349401565748359e+00,1.223538715150215594e+01,-1.029935665099997522e+01,1.570766595359891937e+01,-4.802181677336728072e+00,-2.672486947437029414e+01,2.208302081872274503e+00,1.066966784962462667e+00,-7.476019970395193504e+00,6.503135037215081127e+00
6.137119397848304736e+00,-3.758313816779298655e+00,-1.941451051647167958e+01,-4.703388698778955934e+00,1.602180589871548122e+01,-1.894000813015786600e+00,1.379943430563933582e+01,-9.825827460313282913e+00,-2.258580741470550990e+01,1.727429711685691816e+00,-8.860473271848421373e-01,-1.605614985511190085e+01,-3.103462095637446794e+00
5.927893054601635292e+00,-7.926395671772982432e+00,-2.347594369893864297e+01,-1.295414431122906151e+01,9.129853663084105397e-01,-2.141177770630564225e+01,-8.977074475023204769e+00,-9.917324205160854333e+00,-2.923679992388985127e+01,-5.769514995054583650e+00,-6.009353994569393898e+00,-2.422548656332438100e+01,-1.276125978801308136e+01
5.749442960400949154e+00,-9.518632700658015366e+00,-2.199331166263248960e+01,-8.467538259964191738e+00,3.965769155551160274e+00,-1.683513566780927562e+01,-8.848163838203536580e-01,-3.022038574035725844e+00,-1.614154476247788139e+01,-3.161121893442607189e-01,-3.070696728562238409e+00,-1.904156756457356892e+01,8.949871118883393706e+00
5.813270486835848239e+00,-1.302244416501313573e+01,-3.029175354517784413e+01,-1.700241350551203112e+01,-2.345535751824345372e+00,-2.257658280701592801e+01,-5.877270479630035460e+00,-7.149310901187742040e+00,-1.980001363566270811e+01,-1.525933609704821414e+01,-1.323902769548598357e+01,-2.432909938720862542e+01,-4.705953385297931391e+00
5.816563484556024122e+00,-6.752625146547244661e+00,-1.794010707078076550e+01,-4.176296171401478574e+00,6.443407807818665844e+00,-1.479763224694165302e+01,7.849082373860947204e-01,-6.020122578309588413e+00,-1.556429758690785192e+01,9.470748792841082064e+00,-2.130422342865077479e+00,-1.715707292191184763e+01,2.200116633236341157e-01
6.065118768592482112e+00,-9.294510436938830722e+00,-3.020918189083321437e+01,-1.892869612050938599e+01,-9.540408130621731431e+00,-2.626748744468343943e+01,7.535480666006622030e-01,-1.518403175708832364e+01,-2.659124180771583923e+01,-3.045938193011312745e+00,-6.264139849099724877e+00,-1.351307202791966056e+01,1.097999016500952507e+01
5.964152861644818060e+00,-6.408777835708767689e+00,-2.041058479440776097e+01,-1.337107812032008702e+01,-4.196932476138544033e-01,-1.267712357159555125e+01,1.412432051653749987e+01,-1.503536673244407540e+00,-2.725256083999427048e+01,-1.493962589239871441e+01,-7.599528497743991196e+00,-7.299364221020859134e+00,7.819104268187484941e+00
5.990387068398726811e+00,-8.584783775574026166e+00,-2.385918492807670077e+01,-1.343613031344979269e+01,-2.448591011718540322e+00,-1.526272818757888672e+01,1.673859037769700464e+01,6.458879349809022230e+00,-1.575253630168201902e+01,-2.338775201664360370e+00,-8.681174824770227616e+00,-1.637646210187605078e+01,-4.849049494145173611e+00
6.111923604058095982e+00,-7.766483501229719977e+00,-2.261761374695129589e+01,-1.195183248187239045e+01,-6.999426724551670809e+00,-1.632993903315074746e+01,1.431849487662397280e+01,9.351340759769644961e+00,-1.257459907789383813e+01,-1.096737656973215902e+00,-1.009964884897419779e+01,-2.565787629895774913e+01,-1.645629889840258286e+01
6.283418518005389863e+00,-5.807113046804807333e+00,-2.333971642642078592e+01,-1.574633862681431928e+01,-1.223550614218931187e+01,-2.659340965263277923e+01,1.087016224001031439e+01,1.715842202427846885e+01,-4.504797361412134493e-01,-5.928186878681962924e+00,-1.753948783211833273e+01,-2.359092264362780611e+01,-1.114400635441427312e+00
6.507999733614566296e+00,-3.895811659562721019e+00,-2.511421135431934459e+01,-1.918990037779409974e+01,-1.322299751398800538e+01,-2.970181551269918074e+01,1.092064660372953355e+01,1.362166097571479639e+01,2.333143849687850380e-01,-2.494340280894763229e+00,-1.408755634504873910e+01,-2.503303327948111701e+01,-1.446974482351243196e+01
6.859042527333857109e+00,-3.807101915993106545e+00,-2.098366574790287231e+01,-1.809222958096048472e+01,-1.759335928126601090e+01,-2.375622067546093064e+01,1.678389101379250903e+01,2.426324134636635677e+01,-8.629309409741016401e-02,-2.018808013555446923e+00,-2.172495383398469215e+01,-2.550600304319739209e+01,5.377056543082436857e-01
7.279451374179461531e+00,8.517056001914781183e-01,-1.771309992816103929e+01,-1.800256882157705007e+01,-1.474408028128982728e+01,-2.427472149679161006e+01,1.673640621575642484e+01,2.993296226296431684e+01,4.981881103815426926e+00,-1.231646047165877889e+00,-2.021202951007027337e+01,-2.172421100953623707e+01,-6.788002458112108783e+00
7.444540826289903990e+00,4.708630103371763131e-01,-1.611423359710546777e+01,-2.100000017329693236e+01,-2.580150426820500087e+01,-3.999983605216986149e+01,4.938221356308071464e+00,2.309648811574940552e+01,-2.803364069541125048e+00,-1.298559861702394436e+01,-2.888342070504672421e+01,-3.116441395217816179e+01,-1.857105822305393872e+01
7.474718763500884933e+00,-1.737487676559387406e+00,-1.926262072193263464e+01,-1.688676137264657839e+01,-1.640704354943188292e+01,-3.000030938507421752e+01,5.330470251267342974e+00,2.306634266613960094e+01,-1.472315924860150005e-01,-3.183498338971077146e+00,-2.897799316796319147e+01,-4.241048893492938987e+01,-2.112613475823301457e+01
7.357452252636824674e+00,1.012124233900343340e+00,-1.223549820462738147e+01,-4.970598746130315604e+00,-8.224278105186439092e+00,-3.280327799413725387e+01,-3.268865273856877973e+00,2.924474839458640574e+01,2.519884876013682984e+01,1.004013056270878046e+01,-2.092705306140446808e+01,-3.916235796898101285e+01,-1.844290559036862476e+01
7.222758619029262306e+00,6.004489913396236389e+00,-1.432843552627235262e+01,-8.267215111136739125e+00,-2.261958571863830869e+00,-2.627310193866235721e+01,-1.961328936033593484e+00,1.854990097008986538e+01,1.289203165254935968e+01,7.300242896418849270e+00,-1.936773370447555109e+01,-2.491069480754578436e+01,-9.527372170825291420e+00
6.731894455304843206e+00,-4.037604553988121125e+00,-2.380145538491496282e+01,-2.024901793628123770e+01,-1.044275294128024356e+01,-3.502360502225047156e+01,-1.084930765525565910e+01,9.974600704175264454e+00,-2.436412892810895237e+00,2.530896133441115081e-01,-2.803818854966457152e+01,-4.089367006276727068e+01,-2.402498157760074093e+01
6.552142836515982616e+00,-6.395493021424551117e+00,-2.280523214739014293e+01,-1.686949841378953252e+01,-1.157670570414775923e+01,-3.212085060631061140e+01,-5.006514024988163447e-01,1.645185183253900618e+01,1.057501592182312677e+01,-2.767114500201582672e+00,-2.150864634115192686e+01,-2.115758409195912648e+01,-1.195478118219312513e+01
6.351934418448175634e+00,-6.017171880718358068e+00,-1.902858700589023755e+01,-8.427016836587243986e+00,-6.197721819797824772e+00,-2.476601069437183966e+01,5.929552964658811876e-01,2.050281780114879027e+01,1.266366436948920793e+01,-1.246167295083769444e+00,-2.329405985144238045e+01,-2.379316668251265909e+01,-6.072231778246361067e+00
6.558030074041353963e+00,-5.698525182088538088e+00,-2.206983983436495933e+01,-1.600964975203300966e+01,-6.152152836754662069e+00,-2.086971313758687785e+01,1.634350116549653675e+00,1.603974118770897306e+01,8.694593825992258829e+00,4.970717442799290176e+00,-2.087324657442070475e+01,-2.813448954120419288e+01,-6.091731762199177780e+00
6.576199864331594647e+00,-6.367351275741580885e+00,-2.011543265166904604e+01,-1.099748536404205446e+01,-5.841659585947295952e+00,-1.854067967707623410e+01,1.004947756442957818e+01,2.214121570143151629e+01,8.389429295221226823e+00,7.774848866052758822e+00,-1.698774580349516228e+01,-3.568328584127593217e+01,-1.597588771587988177e+01
6.210941203886979345e+00,-5.591152822836646052e+00,-1.933856928239533701e+01,-1.111627619422006319e+01,-7.932574361622645398e+00,-2.199358260923931851e+01,8.282554145775582910e+00,1.175995235971885933e+01,4.026017322438681489e+00,7.767874395563397094e+00,-7.754419188028521148e+00,-2.539474662480010636e+01,-1.625452330093532538e+01
5.770926736694194759e+00,-7.066758930597779376e+00,-2.116429901127851565e+01,-1.511516993158329036e+01,-8.561077714548741113e+00,-2.177085684000984145e+01,3.438637054608274735e+00,9.329919893176263912e+00,-4.010895839616726022e+00,-1.995346573800876211e+00,-1.249817790106527760e+01,-1.598153675520619998e+01,-5.824054985529254047e+00
5.922727464437484990e+00,-9.547277991468130054e+00,-2.282793546364185389e+01,-1.471248044195092852e+01,-7.019008570544982284e+00,-2.852038970532340656e+01,5.016295216990354966e+00,9.014214362114929102e+00,-8.675974933823175306e+00,-8.694471402845158181e+00,-2.309810591721604212e+01,-3.111225328621417319e+01,-2.526411492047394347e+01
5.480536803056278217e+00,-8.424299111357322900e+00,-1.714914039729427486e+01,-6.390107659340240609e+00,-2.508285950346280213e+00,-1.970986580312344216e+01,-4.278624642635927344e+00,-9.118013911083429068e-01,-1.671596408073882145e+01,-7.435888266962676241e+00,-8.121577159026532655e+00,-1.927459644011151951e+01,-1.556477976359246718e+01
5.750808750880226583e+00,-7.721079643131106174e+00,-1.910784927907750941e+01,-1.227700484424228655e+01,-1.114276447527440261e+01,-3.119357078879003353e+01,-1.751810284146664998e+01,-1.852629306797804531e+01,-1.779144749003146231e+01,8.040834049943537565e+00,-1.152340287638089489e+00,-1.443272582012223282e+01,-7.384697726014087138e+00
5.727778109149531005e+00,-6.953462646638931766e+00,-1.776577785610358617e+01,-1.398497179218260911e+01,-1.434316419974646450e+01,-3.631361990829467601e+01,-1.925207038160893802e+01,-1.514569294572545566e+01,-1.041560007968916501e+01,8.682662918724290080e+00,6.956911635684106976e+00,2.952294984246374376e+00,3.070606388102509410e+00
5.845230987630668729e+00,-2.196537683487925996e+00,-1.095657109168108612e+01,-8.308559381769226704e+00,-4.063675649913262689e+00,-2.669679004788204679e+01,-7.146909675256818417e+00,-7.808674907278429167e+00,-2.598569041158406279e+01,3.139455585845609686e+00,1.011841879779423969e+01,9.042191290092572942e+00,1.538081944613475471e+01
5.960626065972451038e+00,-6.696290922625084185e+00,-1.868430524962563055e+01,-1.106067388449809741e+01,-1.365428777556885720e+01,-3.493518958605399405e+01,-2.314737365120300794e+01,-1.685394850525351984e+01,-2.566997025030946844e+01,-4.515303837601330805e+00,4.274301711070950915e+00,6.292179424970563595e+00,4.587289995466949932e+00
6.341875077999945098e+00,-1.414935483793815507e+00,-1.162160410273180311e+01,-2.520026692267737456e+00,-5.206240238642114271e+00,-2.733464729393141468e+01,-1.565501037027036091e+01,-1.620943504819865311e+01,-1.822381165356102883e+01,1.561025994211797219e+01,2.126545883531719383e+01,1.364404994177299990e+01,6.452772974505835535e+00
5.876764190474220939e+00,-5.390409845484058771e+00,-1.709493933436665358e+01,-8.857547319761467364e+00,-1.576763584558628528e+00,-2.528696629330501722e+01,-8.338765257159661104e+00,-1.447478017057804145e+01,-2.351466986484777877e+01,1.146013250693088992e+01,2.148956536958719710e+01,1.829103066461027893e+01,7.709333216082311147e+00
5.857760157935597789e+00,-8.266489442559773693e+00,-2.117912078767103523e+01,-1.491965693704324458e+01,-1.049992461238316466e+01,-2.898551420484026764e+01,-1.200970676190405229e+01,-2.395006752265793182e+01,-1.992847080440178686e+01,9.168147547741428482e+00,2.610000112256151183e+01,1.844194224356169798e+01,6.480133147787609182e+00
5.559416643305117312e+00,-6.937442386299776054e+00,-1.673399241885287481e+01,-1.193658283006552701e+01,-8.454217772212050619e+00,-3.050421194578215633e+01,-1.638118232406000629e+01,-1.903641882807227148e+01,-2.021752620224506458e+01,8.704984263637793873e+00,9.206926416946389580e+00,-5.570991783519283480e-01,4.322012396459109063e+00
5.510953157330268581e+00,-8.484063104337263184e+00,-1.716233104242500218e+01,-6.747397575895969446e+00,-3.358040551271455509e+00,-2.291162664275469041e+01,-1.221778292218462880e+01,-2.038455847185207759e+01,-2.739356140227544856e+01,1.293481005587009181e+00,3.678927942939365536e+00,-8.119129092894096900e+00,3.006201935164647399e+00
5.495218195096635228e+00,-6.888950791997433321e+00,-1.050768260419457256e+01,4.355875783936719259e+00,1.056663672654262776e+01,-1.392937773065317941e+01,-4.456706152128213638e+00,-7.008305884059779167e+00,-1.458449746120909296e+01,1.488276887372689039e+00,4.314781583769168094e+00,-4.969617609763002264e+00,-3.828031048763778976e+00
4.193820782720927731e+00,-8.929409416850567993e+00,-1.523485707841850001e+01,-8.889396825361691512e+00,6.492752127816904251e-01,-3.241327804604457441e+01,-1.258063333929690941e+01,-1.028339824885689957e+01,-2.544466371739032340e+01,6.966208308003089655e+00,1.409545700574711624e+01,3.137453684556523736e+00,1.088717760560914449e+01
