3.250425682638069702e+03
3.158868716420749479e+03
1.682711310123195972e+03
2.454029806465135152e+03
3.116482539806119348e+03
3.678361493233973306e+03
4.139473445239331340e+03
3.023678018060022168e+03
2.445094759288865589e+03
2.445126941130837622e+03
2.622912054830571378e+03
3.022584805790420887e+03
3.554070613006215808e+03
2.252919966713860958e+03
2.475697238682474108e+03
3.755337139945318540e+03
2.669971277486742110e+03
2.929969062448717068e+03
1.791295842852464830e+03
1.872707162296582510e+03
1.648012317572592792e+03
3.089733681709628854e+03
4.899743223929948726e+03
4.537784403904867759e+03
4.143145761591306837e+03
5.208756193871253345e+03
4.662351287534841504e+03
5.785664358247830933e+03
5.086825406348431898e+03
4.639578623750546285e+03
4.646963510318970293e+03
4.287785042836605498e+03
4.731766694070034646e+03
3.870302915884480171e+03
2.468565581218500029e+03
4.927461754898699837e+03
3.517111639792750339e+03
2.554594723897047515e+03
2.767350755354749253e+03
3.600891155250028987e+03
2.515606592822705352e+03
3.695266467230344460e+03
2.858457342620418331e+03
2.513536874662573609e+03
4.413471962560495740e+03
3.697776564521293949e+03
4.677620923030939593e+03
2.572801909249297751e+03
2.750006227643988041e+03
3.353923993908512330e+03
3.186789862839927537e+03
2.384633109600810712e+03
2.475918104044458232e+03
3.173397860634040171e+03
3.544263961630984340e+03
2.944801679684111150e+03
3.518364948472752076e+03
4.620784883058540800e+03
3.423468754855926363e+03
3.234131516289485262e+03
4.756349912732878693e+03
4.203726103238082032e+03
3.521011431584438469e+03
2.894128999222415132e+03
4.374944746145200952e+03
4.365141125325085341e+03
3.767060727793984370e+03
2.839419895369560891e+03
3.398497535572500965e+03
2.507809572627928446e+03
3.419620715228456902e+03
5.370829008700202394e+03
3.311152666888104704e+03
3.473081386647278578e+03
4.707289918759457578e+03
7.093162780065371408e+03
4.447611149147606739e+03
4.302617192024146789e+03
5.325939109178814761e+03
3.381238664356805657e+03
5.875602958444517753e+03
3.491959196477112528e+03
2.980242073717949097e+03
4.000515707666915205e+03
3.192246554402037418e+03
3.717740135876384556e+03
3.974283125503287010e+03
3.360442408190647711e+03
2.930712082107263541e+03
3.397138015015359542e+03
2.845815563497546918e+03
1.797690930115649053e+03
1.967112433930941279e+03
4.203572751685562253e+03
4.679975669659295818e+03
2.333335627296396979e+03
3.181619173011284602e+03
3.412225457847091548e+03
2.241324512539725674e+03
2.397903274226834583e+03
3.967107977622084945e+03
3.234463733206104735e+03
2.923777469306989133e+03
3.314511360774766217e+03
2.906925447756726953e+03
3.425694176621092083e+03
3.913673725030907008e+03
3.530140111556723241e+03
2.918230379335896032e+03
2.742635764405519694e+03
2.152181304846478270e+03
1.942944969936407233e+03
2.288803478524813727e+03
4.739827902620160785e+03
4.864170620043077179e+03
3.675591333527687311e+03
3.493068711762368366e+03
3.550164747589036324e+03
3.730075820072201168e+03
3.883063868986679608e+03
3.634768562887471944e+03
3.543783062925479953e+03
3.008396839875297246e+03
3.349355875125680541e+03
3.873441224086092006e+03
3.751670286452971141e+03
4.304974732294523164e+03
2.356555299478028246e+03
2.663959174659446035e+03
1.955645533435080551e+03
1.472089535159313527e+03
5.846007463010992069e+03
4.230344480250315428e+03
2.606280436748389093e+03
3.190919432132003294e+03
3.406997332633486167e+03
3.874626237018616848e+03
1.985842413391695345e+03
1.570332322477845764e+03
2.650353960657554580e+03
2.379838292357938826e+03
2.367405257686842560e+03
3.900831225711164279e+03
3.725035898970556900e+03
3.148702983466444948e+03
2.656421302350455790e+03
4.070532361419152039e+03
3.791283080825157413e+03
3.347545203315330127e+03
2.594998282414015193e+03
2.841231085202795384e+03
1.649999387249036772e+03
1.374572727316183546e+03
2.816447362622971468e+03
2.318741111061858646e+03
1.970137874336863661e+03
3.238635612939371185e+03
2.873701091115386134e+03
2.657544834045228527e+03
3.181837709661976987e+03
2.638851693699000862e+03
2.862805435066085465e+03
3.154945865479785425e+03
2.370752365620498949e+03
2.056596220867854754e+03
3.016421058216789334e+03
2.173053490926069571e+03
3.049827185698385620e+03
2.696241646009910710e+03
2.997310343914713030e+03
2.947172271786535930e+03
2.798116634854666245e+03
3.340010706849312555e+03
3.108978352810348497e+03
2.741934203661334323e+03
5.105247525776174371e+03
3.728505507691768798e+03
4.299299850709728162e+03
2.354303288817990961e+03
3.482904350564682318e+03
3.341302939929512831e+03
4.282862912010589753e+03
3.423405520901269483e+03
3.592679101789397464e+03
2.423042344526161742e+03
3.971620015467414305e+03
5.074415208377392446e+03
3.543123295630494340e+03
1.397997729445567302e+03
2.049758085514333743e+03
1.333529626726058723e+03
1.870882212462553980e+03
5.254422197116207826e+03
3.543443573976619518e+03
1.454098498036521960e+03
2.029280198968895093e+03
2.737612545548304297e+03
1.432965441905695570e+03
3.464464926493721578e+03
2.713907962473672796e+03
5.039129188871806036e+03
4.400908708490655954e+03
5.296948801463975542e+03
3.626883217273399168e+03
2.101067409112508358e+03
2.721682576863459417e+03
3.010933784084476429e+03
2.363709416873638020e+03
2.747902220608570133e+03
2.968739803682903585e+03
3.730062102418709401e+03
4.438752109365680553e+03
3.309854084546241211e+03
4.776043797779957458e+03
4.625003261567805566e+03
4.253369055649061011e+03
4.482605806599403877e+03
4.446019169900586348e+03
4.900287977747421792e+03
5.339611090963562674e+03
4.908422651967841375e+03
3.429165668016309610e+03
5.035592996728182698e+03
5.025572944865916725e+03
4.391385932188066363e+03
3.214369169838848848e+03
3.245706797143580388e+03
2.378979266122946683e+03
4.418075192914812760e+03
3.615042750568481097e+03
5.812853675347951139e+03
4.397097249378261949e+03
3.038807954695577337e+03
3.198471902502122248e+03
2.360049105778487956e+03
2.779145543193918002e+03
3.138586833788792774e+03
3.390060817803097052e+03
5.564821909199317815e+03
3.636889919628518783e+03
3.494336931653931060e+03
3.025286471282114235e+03
4.250662550097295934e+03
4.093398435431542566e+03
3.773716702701412942e+03
5.970787028024808933e+03
4.816983456260059029e+03
5.703895883902002424e+03
3.790038681152452682e+03
3.559200562184420960e+03
3.533841920904765630e+03
4.620817709810345150e+03
3.466348297072266632e+03
2.314432366196981093e+03
4.081466720785355392e+03
4.245378029030566722e+03
5.069603225911401751e+03
3.436289471226181831e+03
3.306759649363458266e+03
3.437409367441677659e+03
2.873507290817318335e+03
2.816756594665381726e+03
3.371955014661253244e+03
2.560057218311296310e+03
2.629295125381232083e+03
2.666115377635053392e+03
3.075076828558876969e+03
2.062544140472642994e+03
2.090839323022569715e+03
4.012147841324603178e+03
3.700484706408994498e+03
3.972224277489275210e+03
3.686234767560329601e+03
1.373163384234137766e+03
2.297398598769974342e+03
2.782390695517714903e+03
2.745703897276680436e+03
4.980276494184026888e+03
3.534744479321330346e+03
5.078125250902352491e+03
4.000495105261035860e+03
4.102902021745689126e+03
2.984085500061197763e+03
2.906133921075170292e+03
3.106745160873554141e+03
2.231217385421231938e+03
4.354084598163689407e+03
3.758129369214499093e+03
4.021221303044636443e+03
4.382879258197482159e+03
1.285241393641113518e+03
2.012490192634935511e+03
1.432471765099237473e+03
1.277512085315371678e+03
1.353403211762293722e+03
2.954784011033777006e+03
4.076677778281662086e+03
4.870417637838163500e+03
3.888049680115563206e+03
4.509878987135178249e+03
5.072090133736281132e+03
5.273590294122178420e+03
5.033821488578877506e+03
4.553850199322485423e+03
5.061619423190763882e+03
4.553650388936855961e+03
2.974328832945629529e+03
2.871217778928451935e+03
3.692228366655768241e+03
2.689154391850949196e+03
2.163997977745224944e+03
1.978245007913694735e+03
4.044143013550582964e+03
2.373877768765618839e+03
3.063035060773929217e+03
2.486929302840896526e+03
4.182180217341342541e+03
3.604113593277587370e+03
3.822692097592474965e+03
2.853795877648236910e+03
2.159925202184129375e+03
2.803665130640130428e+03
6.074508712714967260e+03
6.329252946549368971e+03
5.080475468832891238e+03
5.926693800627685050e+03
3.396447726336160940e+03
5.367200386933767732e+03
3.630068938259796141e+03
4.315347388426367615e+03
1.508083173330193404e+03
2.515601432334855872e+03
2.602484894404792612e+03
2.287030330541806961e+03
2.446905289549370991e+03
3.395833723483176527e+03
2.128571818672824065e+03
3.436532734467606133e+03
4.157703450712835547e+03
4.941013244477904664e+03
3.204393531416805217e+03
2.255718422404250305e+03
1.915469315313616562e+03
2.631979771249765690e+03
2.477105945015349334e+03
2.638355762741352009e+03
3.355239345014107585e+03
3.919735430201492818e+03
2.965450553096286058e+03
3.275874487489546482e+03
4.192812503235679287e+03
4.027021844945903467e+03
4.842346674219893430e+03
4.663187630468678435e+03
5.814984994905422354e+03
4.797184256000484311e+03
4.699745582845092031e+03
6.973797437530727620e+03
4.664784107989170479e+03
6.045497992714669635e+03
5.622314346619641583e+03
7.111222808135612468e+03
4.194717494667625942e+03
4.511557300401056636e+03
4.105570738164675276e+03
4.324041235037077968e+03
4.381716248175430337e+03
6.522713190459963698e+03
6.006724727962108773e+03
6.315088458953729059e+03
6.240663396354978431e+03
7.014879756085289955e+03
5.915161466211670813e+03
6.412600626999602355e+03
3.527966043359514060e+03
2.785422416641806194e+03
2.658557116537615912e+03
2.092007769168674258e+03
2.043938706825331565e+03
2.265986680751675522e+03
2.955691617024577681e+03
2.935061914377572975e+03
2.454188761220800188e+03
3.744844744243104742e+03
3.173710418148473764e+03
4.266851258270703511e+03
5.031812546850118451e+03
4.130369768819130513e+03
3.798828724957202212e+03
2.063933263703348985e+03
2.862502751802247531e+03
2.678738587316535813e+03
2.658067690341679281e+03
3.463469123816160391e+03
3.582444245132367541e+03
3.885456419727148386e+03
3.307108501094316125e+03
1.511070629016416660e+03
2.554839527575066768e+03
1.774766419999161599e+03
2.158211331496701405e+03
3.478815546860901122e+03
4.562955573792424730e+03
5.238626915071482472e+03
6.534902698092620994e+03
4.598361884209140953e+03
4.417128710592237439e+03
3.140630514406492239e+03
4.993541093121286394e+03
2.701303436014717136e+03
3.829689299883542390e+03
3.321779509634079659e+03
3.312361379165295602e+03
3.927251934353951583e+03
4.090382079248342507e+03
3.934853355908665890e+03
3.850486522850902475e+03
4.122472385645713075e+03
4.142070338325680495e+03
3.917613955472625094e+03
2.812513383298333792e+03
3.315901759287879486e+03
3.848543816491250254e+03
4.594070897667097597e+03
4.064837385283059120e+03
5.856463760553523571e+03
4.992289421851171937e+03
4.120986351880095754e+03
4.413049394601912354e+03
3.161058309174993610e+03
3.363127285155276695e+03
2.831924606309591582e+03
3.035444482966429860e+03
2.604895053425756942e+03
3.300009388456570377e+03
2.704295004071514086e+03
2.007717053792174738e+03
3.407640874944329425e+03
3.958377771503844542e+03
2.925618194974600556e+03
2.847762097493943656e+03
2.390596280691683205e+03
2.229886312137256027e+03
2.871895401041464083e+03
2.384499970508549723e+03
3.130233076957867070e+03
2.042814229928393615e+03
2.302732757653801400e+03
1.819704693479760863e+03
2.879649905362068694e+03
3.555972523121878567e+03
3.323271380329831118e+03
2.811777435343668003e+03
3.656357937587679771e+03
2.855154922247438662e+03
3.420180879053463286e+03
3.225829742511223230e+03
3.581394820546525352e+03
4.878858243528697130e+03
2.900351247998074541e+03
3.837212883481758126e+03
3.947998196493086198e+03
4.067747733449937641e+03
4.024801421002260213e+03
4.451621135777864765e+03
4.405212462166612568e+03
3.345886446093663835e+03
3.379928445284341251e+03
6.097497870673738362e+03
3.581461023869880137e+03
4.022364915426589960e+03
4.439862091534490901e+03
3.742538860939811002e+03
5.082599485754105444e+03
4.907895290622829634e+03
4.752238932837274660e+03
4.494689081714141139e+03
3.634359244940954341e+03
3.776395809982257560e+03
3.295296306355136949e+03
5.189313279691033131e+03
4.376041924437909984e+03
4.096326705894518454e+03
4.718241498263453650e+03
4.747703358960032347e+03
3.162100144911295956e+03
2.328113297890120521e+03
3.369872912262912905e+03
3.580742474579416921e+03
2.305502624091092457e+03
3.043828291937606991e+03
5.696049226960552005e+03
2.784563917196901912e+03
5.717383639803641927e+03
5.839380345641343411e+03
4.358937206042177422e+03
4.200307452676272078e+03
5.113882027576748442e+03
3.251676311758278189e+03
3.083866584133343167e+03
3.764734152486282255e+03
3.753790502508646114e+03
2.609633626950647795e+03
2.393547034290442753e+03
2.163921467460264012e+03
1.574674974352187292e+03
1.301875146619484667e+03
1.820374450450041195e+03
1.539325706212734758e+03
1.845668800898570453e+03
1.243619204694683049e+03
1.228915541067205595e+03
1.246085004888421963e+03
1.506134090048414237e+03
1.403291610408267843e+03
1.647224422774160530e+03
2.714990453756449369e+03
3.319131709395771850e+03
3.142991817723959684e+03
2.035240248867137097e+03
1.569797038955395465e+03
1.690938810272442424e+03
1.555760634900572086e+03
2.009705075712630105e+03
1.926117240346008657e+03
3.189605444596321831e+03
2.625376625152423912e+03
2.270991924014834694e+03
3.351860552508686851e+03
3.168010608977608172e+03
2.976619307845664935e+03
2.641476926199333775e+03
2.173716571756135181e+03
4.511427055157944778e+03
2.534411174504724841e+03
2.559772863107358717e+03
2.326151590018558181e+03
2.457792195998303669e+03
3.053250167027994848e+03
2.663089506517203972e+03
2.161037361083841915e+03
3.129226276516429152e+03
2.497397396813227260e+03
2.480197439024491814e+03
2.797386135496366478e+03
4.123336278863883308e+03
2.110147218559947760e+03
2.704470599245963513e+03
3.711805086042117637e+03
2.973403688015828720e+03
3.238310779108308907e+03
3.303509527296346278e+03
3.288632316078991607e+03
2.195592709619323614e+03
4.079794864449260785e+03
5.253727115465837414e+03
2.682465626656206496e+03
2.806789724001390823e+03
1.895064081604145031e+03
1.802756860852135787e+03
1.452150202776524793e+03
1.651999414158533909e+03
1.987395156980645879e+03
2.016711697729060688e+03
1.603761378345724552e+03
2.750261579103206714e+03
3.362674066597610363e+03
5.185636287567926047e+03
4.966717440384131805e+03
3.849181961436131132e+03
3.910561139755076965e+03
4.890654392201453447e+03
4.182365831899489422e+03
4.346361268777350233e+03
5.356476057606575523e+03
4.620918231368100351e+03
4.275709184166646992e+03
4.834623035101593814e+03
4.292690579040281591e+03
3.535287926344077732e+03
2.955643269464177592e+03
3.169393584356838801e+03
3.259226625410808083e+03
2.956541971204241236e+03
3.271443509457925757e+03
3.721541408140085878e+03
3.551605683330095871e+03
3.180416078689085225e+03
3.293766481381395351e+03
2.539193043091261643e+03
2.254737041205391506e+03
2.781333089962463418e+03
2.102381126220867372e+03
2.807823603712537533e+03
3.729144133954234803e+03
3.105022941551974327e+03
4.097372610896974948e+03
4.868886414261007303e+03
3.520449320405244634e+03
5.043675558765331516e+03
6.891371257049078849e+03
5.452566471820591687e+03
5.398072367780629975e+03
4.143498250543335416e+03
3.759078311386387668e+03
2.772327920908754550e+03
3.020532503291042303e+03
2.912957373017159171e+03
2.419560405882695250e+03
1.662361493978118915e+03
1.492780196454404631e+03
2.258663427188726018e+03
3.450185118115458863e+03
3.114146121312644937e+03
2.916557432159196196e+03
2.238941755640408246e+03
2.646142797905628868e+03
3.470498760535122074e+03
3.205638785218423891e+03
2.492348595578293043e+03
3.157273749463036438e+03
3.524720831573256419e+03
5.281559870306678931e+03
4.437684294117814716e+03
3.583801495322418305e+03
3.019798652699541435e+03
3.663647492233135381e+03
2.893148451184029454e+03
2.778390475155821150e+03
1.984939706857633155e+03
3.319578646175429640e+03
2.417779699581997193e+03
3.944947784198304362e+03
2.790555367623494021e+03
3.434039217444230417e+03
3.156936253174447756e+03
2.641014978641389916e+03
2.582245272813831434e+03
3.056436942858512339e+03
4.234267207589105965e+03
4.388931552183834356e+03
4.346315244121507021e+03
6.029807776030680543e+03
3.273924404643478738e+03
1.579028710197635064e+03
1.229480923585957271e+03
1.268593865447943926e+03
2.056270048617155226e+03
2.349537242868757403e+03
2.352797339601086151e+03
3.997241714630198658e+03
4.454728705298721252e+03
4.249308538727463201e+03
3.048787610477293128e+03
3.048302976616700562e+03
2.390072949859141318e+03
3.876861179328958315e+03
4.402497455406104564e+03
5.185658804794590651e+03
5.901002683165615963e+03
3.387624386717982361e+03
3.867870568497986824e+03
3.304685165523768319e+03
3.148005079184320039e+03
2.251269909167384867e+03
2.672464393576150542e+03
3.383900109569038705e+03
4.033829138023992073e+03
4.512460801521235226e+03
5.115901529237778959e+03
3.965818087338601799e+03
3.098461201840430476e+03
3.681187601616201391e+03
2.175141718182290788e+03
1.830578483051995136e+03
4.893710904471658978e+03
3.810957738259206053e+03
5.243774654098540850e+03
5.190305806388888413e+03
8.625544211842840014e+03
4.116265366135598924e+03
5.615120445033416217e+03
5.054329159631090079e+03
4.619957313121130937e+03
3.659440273902866011e+03
3.446401401356462884e+03
3.266009927722147040e+03
2.851531714931895294e+03
3.182437203011361362e+03
3.549125435841343915e+03
3.100719060535918743e+03
2.795277564519000407e+03
2.432442906584776665e+03
3.374328449397483837e+03
4.367299482550704852e+03
4.196955799925426618e+03
3.192798144531255275e+03
2.435588075939047030e+03
2.298268053969202811e+03
3.758937061468487173e+03
3.109389940597900477e+03
4.638420945527665936e+03
4.162230324239669244e+03
3.925654440490590787e+03
3.224831894533484956e+03
2.840900945697295811e+03
3.963229453858828037e+03
2.591974344125354037e+03
1.232617090136313209e+03
1.322059513966815075e+03
3.335473355302792697e+03
3.263286487527531335e+03
3.673967518887888673e+03
3.714878387019193269e+03
3.243614214648748202e+03
3.039662174713280365e+03
2.960678040474734189e+03
2.586387416805163866e+03
2.857416743097827293e+03
3.141084682684486779e+03
3.551385226739871541e+03
3.240191695173157314e+03
2.316510094441500314e+03
2.456800254809181297e+03
1.660112447490551176e+03
4.974583435530680617e+03
3.477172189726319175e+03
3.176904308288781976e+03
3.914205362406402401e+03
3.728643376685527073e+03
3.913341843572789912e+03
3.270030230643551931e+03
2.522712663893797981e+03
3.391222918712292540e+03
3.372927018359938302e+03
3.708875349357459072e+03
3.731974369286243018e+03
4.133810147620087264e+03
3.352480361791911037e+03
3.945067776302169477e+03
3.169683727895368975e+03
2.970842668582909027e+03
1.837619073529787556e+03
3.150333668265367123e+03
3.664055350990816805e+03
3.286502446616433190e+03
3.530232974762448976e+03
2.847884318054173491e+03
2.202139077705277032e+03
1.787650677377374450e+03
1.327851154362052057e+03
1.312714592410071873e+03
1.923950996682775894e+03
2.890035488138437813e+03
2.522061474020739297e+03
3.036094630252941897e+03
2.460293625639445054e+03
5.293570779117243546e+03
5.995294899752353558e+03
6.064994613590976769e+03
5.901741557325747635e+03
7.312406433466339877e+03
7.042488011082079538e+03
5.248960207715277647e+03
2.424822656268342143e+03
1.701422497223082473e+03
2.377906579622304889e+03
2.960031913039194478e+03
2.050197886826049398e+03
3.808047618096035876e+03
5.686173749630273051e+03
3.665879458917151169e+03
3.451791907103734502e+03
4.216365251450997675e+03
4.673858705736253796e+03
3.424532667293603481e+03
3.579625847971194617e+03
2.763816118171649123e+03
2.921765773743798036e+03
3.334455759536545884e+03
2.286191761366198079e+03
3.083478769015509897e+03
3.205941471934934270e+03
4.665038122742645101e+03
4.663702825989255871e+03
3.927631861110191494e+03
2.790415826417012340e+03
3.458731198451274850e+03
1.295867250288771857e+03
2.201609691565201047e+03
4.155433456901724639e+03
3.851410764855409070e+03
8.923862765645646505e+03
6.717529727268486567e+03
5.566200402371977361e+03
5.988189094054832822e+03
6.505297984137202548e+03
3.184222069199302496e+03
3.636584468170873151e+03
3.380868587105049755e+03
3.197998493186175438e+03
3.434868342531892267e+03
4.111505781572375781e+03
3.413547709570699681e+03
3.101625739683831853e+03
3.137847615336069794e+03
5.041164242502494744e+03
2.632954249281791363e+03
3.758220836529831558e+03
2.299081653530449330e+03
3.047550105034590615e+03
4.072537538144989867e+03
2.447879537031562904e+03
3.879378663296374725e+03
6.114224295578918827e+03
3.629446788321700296e+03
4.544230019131902736e+03
3.301088328584155079e+03
3.094944487415624280e+03
3.602619962424991172e+03
5.242202250602934328e+03
3.797948515775626674e+03
4.413990031201833517e+03
4.765600048584229626e+03
3.076254407320274368e+03
2.596525893211147377e+03
3.295572688454630224e+03
2.900351418362847653e+03
3.025590359285071827e+03
2.757750935083624427e+03
1.772611433006223933e+03
2.114504965247744622e+03
1.522830383815113692e+03
1.202297627103727791e+03
1.389430808749639937e+03
1.707907870386988179e+03
1.695863677350111175e+03
1.232309929324077302e+03
4.717727515943595790e+03
6.710703035050267317e+03
4.766274288096561577e+03
4.756488449913899785e+03
2.899400254492832573e+03
2.262536386266982390e+03
3.643644769750585056e+03
2.971990959529046904e+03
3.279856111875087663e+03
4.709147307879643449e+03
4.022307944369171764e+03
6.375035847183399710e+03
7.105006385697718542e+03
5.326354242223380425e+03
5.248559271881537825e+03
3.510401072344207932e+03
2.808775929484193512e+03
3.447702173962332836e+03
4.799027996710145089e+03
3.978553505736805164e+03
5.252832639123656008e+03
4.636121035188844871e+03
4.302385277985606990e+03
3.975928617303572992e+03
5.527815893947633413e+03
4.948574370690374963e+03
4.433376226398228937e+03
4.168089940758324701e+03
4.291150791809595830e+03
4.455712053845263654e+03
5.112442205401527644e+03
4.723314157993172557e+03
3.609971776754162875e+03
2.529044658580667146e+03
4.105535685584049133e+03
3.324761520036519414e+03
5.272552657332103990e+03
5.677371688724080741e+03
6.344438908288636412e+03
5.591101413815796150e+03
6.496430951205842575e+03
4.457198993900444293e+03
6.264617054274364818e+03
4.857809989956122081e+03
3.508048844416052816e+03
2.229266291585287490e+03
2.852017580705458840e+03
4.028878345802888816e+03
4.255837474103636850e+03
4.323358006950627896e+03
3.685953067201256545e+03
2.490480048842883662e+03
3.262020820422641918e+03
3.556280120265871574e+03
3.927544235069094611e+03
4.532928774799182975e+03
4.637176376192664065e+03
3.237783273954810738e+03
3.015205777016220509e+03
2.107869190243225603e+03
2.081109237147260956e+03
2.159542998014075692e+03
2.383944348695566532e+03
2.558837417608289343e+03
2.451708972484653714e+03
5.710039623932389986e+03
4.743691245120531676e+03
7.742791734922481737e+03
6.774949010649739648e+03
4.350683661964514613e+03
5.046981833228213873e+03
1.911050580732331582e+03
2.753104053145115813e+03
2.566308020572369514e+03
2.001145374096201749e+03
2.012091490036764071e+03
2.848097135472841728e+03
3.873413308164830141e+03
3.924024482898860242e+03
2.645957694993122914e+03
3.074781605666237738e+03
4.676366510093035686e+03
3.466648289544772524e+03
2.839494598686123481e+03
1.424883108929230730e+03
2.742592103292043248e+03
3.057436134385052810e+03
2.711978751047158767e+03
2.440400518110958728e+03
4.101678427464416018e+03
3.179635592286687825e+03
2.314338774314142938e+03
4.305858919273704487e+03
2.477996820229155219e+03
2.666597753235889741e+03
1.982063601609937905e+03
3.737546695217563865e+03
1.911981633245003650e+03
2.368989001126328276e+03
3.306882912342908639e+03
3.008367329783146488e+03
2.572629596685499564e+03
2.301495158914250624e+03
2.784981566467736684e+03
2.268983928095859028e+03
3.121881267428125739e+03
3.528848214850405839e+03
3.946910654502566558e+03
3.387544981877174450e+03
3.546499608758960221e+03
3.290517496224376828e+03
3.823769427431070199e+03
3.046353338225948391e+03
3.253229176072083192e+03
2.808165620342102102e+03
2.039257094509719536e+03
1.676150237350580483e+03
1.898815453589568961e+03
1.531150344477240424e+03
1.704184531253930800e+03
3.311780492259110815e+03
4.794934881443367885e+03
4.751283524926891005e+03
4.964150515874060147e+03
5.403793950657543064e+03
3.817776442889914961e+03
4.715352718086736786e+03
4.363364933014308917e+03
4.656340755761804758e+03
4.410357855253665548e+03
5.183105780562568725e+03
4.484807527910158569e+03
4.927113242257465572e+03
4.759037739576155218e+03
4.117045448996088453e+03
3.956355762517169296e+03
4.154236496443149008e+03
5.477685137130966723e+03
5.356652964129544671e+03
5.817376990477887375e+03
6.930448529678968953e+03
5.529240128781630119e+03
5.319883817398969768e+03
5.709920807857854015e+03
4.119073731216676606e+03
2.622472707946129958e+03
3.266883079283742063e+03
2.829042467652300729e+03
2.997365485761477430e+03
3.024954749091129543e+03
1.927852871663575115e+03
1.275909946704382264e+03
2.612749866745560212e+03
3.864269540502639302e+03
3.989888408076080395e+03
3.382466304126983232e+03
3.414982250706386367e+03
3.506602722180508863e+03
3.313140221028992528e+03
3.629569279909344004e+03
4.225775359607961946e+03
3.181938599202726436e+03
2.573999490709551083e+03
3.193374660529809262e+03
3.773114980134377220e+03
3.707524473610925270e+03
3.769689169959593983e+03
3.448269920990498122e+03
4.304341536696602816e+03
2.428119204036658630e+03
3.150967774058792202e+03
4.626174191290267117e+03
3.056183016824001697e+03
1.964399414654964858e+03
3.797355506313372643e+03
3.739351589643900752e+03
4.097147859235697069e+03
2.667882544125563982e+03
2.516368384866944780e+03
2.549433223364201694e+03
2.831556258407760652e+03
2.754411571141791228e+03
4.719648794311432539e+03
3.797920690107626797e+03
2.872638588889096354e+03
3.301474383530446630e+03
3.625639348081780554e+03
4.259034903802878034e+03
4.004336197027605976e+03
5.230810968418274570e+03
5.051555229780273294e+03
3.489704812044980827e+03
4.800560596715672546e+03
1.195531624132508341e+03
1.685549426749521217e+03
3.281856165180229709e+03
3.176417058504687702e+03
2.908931749243830382e+03
3.834604542284968829e+03
4.494010117036470547e+03
4.524236206102958931e+03
1.907416759706679159e+03
1.855309992017349259e+03
2.805950440289449034e+03
2.671684152937785257e+03
3.199671819414892070e+03
2.706264106613130934e+03
4.231170447517884895e+03
3.836146744691575805e+03
3.042895155633636023e+03
1.860480483409417502e+03
1.553960145541648444e+03
2.467723290661097053e+03
3.355436132904922033e+03
3.844637345041983281e+03
3.568650054025812551e+03
2.924115878796537800e+03
2.939676201386841512e+03
3.759939650488610368e+03
6.835033898836264598e+03
5.999266527644957023e+03
4.323943406122085435e+03
4.853134349876682791e+03
5.453013089116232550e+03
3.924463301902545481e+03
3.429949763862220607e+03
3.491367424894626311e+03
3.075841099359239251e+03
4.867970870797047610e+03
5.666266684541607901e+03
4.659591777976312187e+03
6.824013650873743245e+03
6.542907241666648588e+03
6.101201490436746099e+03
5.206811875963078819e+03
5.596942729474320913e+03
4.862532949876211205e+03
5.613865146580998953e+03
4.934181101657828549e+03
4.588412891561599281e+03
3.965118143462167154e+03
2.654155251994443006e+03
1.661896547288554075e+03
3.084020872671093912e+03
3.712674120429091545e+03
3.044505910545327879e+03
3.394683051553905443e+03
2.701806487727978947e+03
2.531033455365655300e+03
2.624901517774665990e+03
3.159717275345746657e+03
3.819687467584480601e+03
4.037298076071787818e+03
2.622023165521980900e+03
3.104019720680326827e+03
3.321216761069119912e+03
3.229135634830187428e+03
4.599620666079027615e+03
3.612940908673682770e+03
1.771626874360331840e+03
2.174773836705347094e+03
1.644076448482423075e+03
2.104657026864759700e+03
3.266535381176725878e+03
2.226765348368108789e+03
3.028144282744782231e+03
2.100776862373292261e+03
3.759749058678308302e+03
1.954240625492474237e+03
2.240178254634494806e+03
4.753956698768114620e+03
3.863745282300586041e+03
3.475081472728694280e+03
3.944646541281775171e+03
2.871042707237488685e+03
4.280631405135380191e+03
3.384388299598028880e+03
2.320446796578127305e+03
2.728100513101214801e+03
3.652696621811188834e+03
4.586262186910981654e+03
4.503526019947162240e+03
4.263797652603333518e+03
2.967088335037953129e+03
1.763435391921600740e+03
3.155670804477376805e+03
2.444619168904310754e+03
3.684817775255474317e+03
2.598853812278453006e+03
2.765624169005886415e+03
2.818828057126305794e+03
1.388553825938233558e+03
1.672933145534068217e+03
1.975112856595111225e+03
2.553143743996464309e+03
2.386085637385458085e+03
2.852410863938205694e+03
2.855020300052699440e+03
1.833740244365302715e+03
3.743686477660248784e+03
3.076095742949699797e+03
3.044590274344842783e+03
4.050819944346506418e+03
2.206519870527360126e+03
3.154201649040223856e+03
3.541242225309292735e+03
5.483746687500764892e+03
5.978411899842346429e+03
4.097627258928008814e+03
7.552796951355943747e+03
5.552394742726531149e+03
6.454579147468060910e+03
4.096802812327070569e+03
4.329198015164374738e+03
4.370558569786472617e+03
2.323480396598145489e+03
3.313697529076001047e+03
2.876685203456249837e+03
4.119391292495872221e+03
3.153921416360630701e+03
3.866177371213691913e+03
3.133006510423614145e+03
3.156842729358710585e+03
2.892886215895099667e+03
2.887637991380707263e+03
3.257722076875525090e+03
2.171898323100006564e+03
2.448928585968265452e+03
1.727892945165452829e+03
2.252781340584072041e+03
1.996801131472284624e+03
2.665922453971598316e+03
3.829279978374862822e+03
3.082402574315327911e+03
2.540390693048506364e+03
1.985907413827861774e+03
2.589269358746087164e+03
1.395430974086254082e+03
1.802527726279071430e+03
1.708189885438427837e+03
2.614719281110981228e+03
1.730567379340594471e+03
2.814266755862731770e+03
3.518198549922462007e+03
4.529655108654893411e+03
3.950444246593328899e+03
4.148782943640805570e+03
3.727380080628401629e+03
3.711344032897755369e+03
4.838975143668322744e+03
2.858210187180309731e+03
5.108039468475255489e+03
3.627724241537660873e+03
2.334088503576133917e+03
2.204987504440724933e+03
2.803616034008587576e+03
2.786347888627974498e+03
1.303507318731233227e+03
3.494877098575614127e+03
3.385919730697120940e+03
3.116382273824782260e+03
1.769547792563973417e+03
1.966946202390020744e+03
3.011177021418252025e+03
2.881853852211393587e+03
2.842234603274347592e+03
2.889433638606418299e+03
3.492659133761192606e+03
3.934019719851130503e+03
2.088500507338551870e+03
3.288865555673831295e+03
2.714266573910231273e+03
3.132382339888150000e+03
3.500953366152658418e+03
2.974114669157650951e+03
2.539675302410014410e+03
2.219297328931131233e+03
4.108825033843260826e+03
3.149675308734421378e+03
2.345755979238207146e+03
2.735531806418033284e+03
3.670305506392277493e+03
3.587424535824988652e+03
2.845159395907594899e+03
3.731353995200188365e+03
2.453471170763578357e+03
3.559574715505522363e+03
2.674538872738086411e+03
2.435883530580249499e+03
5.483502552291633037e+03
3.938770934727207532e+03
3.744365982149487081e+03
7.046503276272313997e+03
3.931657263300268369e+03
6.059352258060413078e+03
5.051150858128454274e+03
4.685147747053577405e+03
2.881425023179081563e+03
2.000997946010109217e+03
2.939609569729307623e+03
2.748678031301659757e+03
2.289665646110571743e+03
2.107521955696137411e+03
3.492753585497709082e+03
3.390491810124041422e+03
3.911382497326291286e+03
2.938836105446465808e+03
3.691397699332538650e+03
4.123534844158614760e+03
3.552704113372630218e+03
1.731265390373102036e+03
3.693761528719665876e+03
2.051464977451406412e+03
3.921136096053468009e+03
8.095726673847106213e+03
8.094578009510166339e+03
1.859881829934135567e+03
3.040387791488899438e+03
4.179759403943651705e+03
3.709102029487812615e+03
1.832578565802236426e+03
2.130457523668522299e+03
2.878849498044631218e+03
3.337936595955833582e+03
3.561453063655886581e+03
2.649089078662496377e+03
2.201111106931162794e+03
3.517654732667352164e+03
3.886191137474662810e+03
2.889423985581303441e+03
4.038359099910811892e+03
5.164515209672737001e+03
3.794245390919220426e+03
2.534543658235854764e+03
3.521212672361896693e+03
2.794881349754025905e+03
3.446731783496442858e+03
3.464452145132375335e+03
2.629523619201072961e+03
2.849034687294375544e+03
2.127806389021239283e+03
2.585357584559585575e+03
2.723668036865273280e+03
2.185314342262312039e+03
3.936555928560743723e+03
3.336783392019382518e+03
3.241171068405864844e+03
4.187482280175942833e+03
3.497075718421790953e+03
3.689047988753757636e+03
3.328083406804589686e+03
4.176459806950850179e+03
5.190966862961118750e+03
4.114223179093573890e+03
4.467758614785935606e+03
6.268654756743383587e+03
5.265944131407247369e+03
5.660939051753523927e+03
4.630815408750566348e+03
3.788228146645621109e+03
2.743723515513946040e+03
3.258087361034342393e+03
3.325111719168741729e+03
2.401052299898849014e+03
3.312864709264303656e+03
4.931133269849269709e+03
5.919356860502555719e+03
5.787955639479589991e+03
5.939170626437326064e+03
6.749240284480752052e+03
5.291239673686078277e+03
2.971511223994989905e+03
3.489874019270771896e+03
3.704349253007485004e+03
4.360201967300491560e+03
3.372244057169401913e+03
1.853984141968678614e+03
2.812787138682248496e+03
1.940200470148030945e+03
2.939360231551598190e+03
1.244489932326855069e+03
2.906459739646166327e+03
4.910845885917384294e+03
5.707797557071423398e+03
5.196989723231699827e+03
6.077329630242235908e+03
3.362635433656970235e+03
4.749914359683651128e+03
3.167617060971077080e+03
2.364576875654634478e+03
3.496250469031288958e+03
2.274968884322707709e+03
1.901193030352030746e+03
1.960481666920563612e+03
2.955359851277232337e+03
3.576920609947731919e+03
3.172008414858676588e+03
3.529401438039189543e+03
3.850301958945452498e+03
2.894069824883286401e+03
2.967046513302091626e+03
3.962627093462372159e+03
2.229713081890578451e+03
3.260501258698340735e+03
4.102211685375438719e+03
3.141039677234329702e+03
2.443559615719284011e+03
3.777934785717748127e+03
4.504701019774169254e+03
5.080408030147824320e+03
4.455995819039325397e+03
4.108789291408835197e+03
2.539132387546986138e+03
2.669221488729979228e+03
2.141479645913253535e+03
4.101564151753250371e+03
5.305777945163366894e+03
3.533220754004981700e+03
3.658965174152848704e+03
3.944695273015959629e+03
4.370203990652257744e+03
1.835014547765068528e+03
1.664042323810584548e+03
2.096091019603725272e+03
3.168833992678007235e+03
1.975137996576436990e+03
4.111639549532063029e+03
1.780886885482851085e+03
1.971931272951800565e+03
4.567629589740764459e+03
1.362132914508841168e+03
3.713048489364913166e+03
4.985159415925082612e+03
3.557870319612094136e+03
4.595110867923048318e+03
3.399947767345104694e+03
4.068737620502108257e+03
6.614500891951696758e+03
3.696805168792680888e+03
3.249714803076164117e+03
2.326987825175207490e+03
4.344380371958153773e+03
4.637121788238669978e+03
5.286984210964829799e+03
3.202142259474727780e+03
4.293625855631581544e+03
4.487349876320229669e+03
1.924282581106259158e+03
1.919593249526308000e+03
2.357082231454061002e+03
3.683085293907278356e+03
3.456161771007638436e+03
2.773311772208524872e+03
3.684257652692827833e+03
3.021212033971725759e+03
3.152314629458668605e+03
2.558957123750320079e+03
1.327476006998529783e+03
2.995675483091417391e+03
2.115592590744544395e+03
2.534273562047312680e+03
3.348935691580413732e+03
4.162354774510242351e+03
3.274480633094711720e+03
3.867654969568372962e+03
1.833920156611267657e+03
4.755488132299816243e+03
7.036931827709301615e+03
4.851098168899369739e+03
4.223415443014261655e+03
6.064980590419183500e+03
4.538234831807605588e+03
3.972491536007014474e+03
6.100209400171119341e+03
4.468400371233055921e+03
3.999335874146384413e+03
5.346615104699105359e+03
4.979229307133336988e+03
4.286165414716340820e+03
3.340297056871916993e+03
2.759605082095653415e+03
5.135113358418137977e+03
4.804010853122068511e+03
3.240604503744729300e+03
2.788795199190826224e+03
2.987327414685400981e+03
3.560520614910912627e+03
2.573689334347137901e+03
2.870894658970248202e+03
2.008224598934498090e+03
1.654902981286603335e+03
1.337308023166532166e+03
1.345927887984572180e+03
1.737870337949541408e+03
2.684776555721897694e+03
2.056139730396924733e+03
1.696778205384616967e+03
2.852383011396337679e+03
2.663884475461991315e+03
1.926744795776369529e+03
3.402053251494854521e+03
3.779914830149144564e+03
4.132721110059810599e+03
2.228658161579521220e+03
4.033444340463963272e+03
2.741824283712724537e+03
1.549327755242247349e+03
5.700675067864201083e+03
4.182921022758016989e+03
3.980690437220185686e+03
3.283590557399672434e+03
2.248085763513704478e+03
2.593217602003476713e+03
1.998514690614493247e+03
2.184900425793132854e+03
2.178247612612047760e+03
1.950457922098899644e+03
4.213331606215606371e+03
4.039674384320354875e+03
4.004012248478622041e+03
5.107218728999921950e+03
3.616275713321438161e+03
4.260742783376474108e+03
3.258124554523714323e+03
1.335307736110330097e+03
1.540101197096864325e+03
1.505603390922933386e+03
2.687217269112708891e+03
2.366315476324913561e+03
2.237628422096348004e+03
1.883633790484541350e+03
4.424788547501788344e+03
2.701329479543091111e+03
3.090255321013610683e+03
2.713225825000152781e+03
2.656677921253915883e+03
3.990642626084696985e+03
4.641690782452489657e+03
3.243207184448727276e+03
4.386592409290524301e+03
4.311711514808700485e+03
4.848184692236281990e+03
3.359226698060226681e+03
3.782532131532080257e+03
2.928047113385333432e+03
2.495374490836246878e+03
2.186801814337178712e+03
2.317414836036820816e+03
2.796256759778817468e+03
2.481851262919740748e+03
2.233727786787855621e+03
2.995422617418666050e+03
2.386936238313227477e+03
1.408033539224672722e+03
1.950651108430658269e+03
2.118260179130701545e+03
2.450396086400408421e+03
3.029656671093360728e+03
3.177651464461142950e+03
2.919480500663481507e+03
3.847680569597040176e+03
3.097785873271209766e+03
1.518964728999321096e+03
1.689575368952037252e+03
1.522166268955491660e+03
1.714919616504752184e+03
2.143280753733845359e+03
3.558722430584642098e+03
3.314811872846717961e+03
4.364777272841575723e+03
4.676494548743461564e+03
4.286604148131064903e+03
4.021124833697203485e+03
5.048732087792858692e+03
4.485578393968034106e+03
5.333221680497758825e+03
6.199850580518908828e+03
5.738285031887020523e+03
4.946263191337700846e+03
5.321277304670753438e+03
4.294340843496052003e+03
5.254657097671752126e+03
4.373993181022491626e+03
3.047368842137632782e+03
1.928207590745277230e+03
2.048157659393541962e+03
2.750163490639857628e+03
