4.438646740156963460e+03
2.789708941610707825e+03
2.061107343855580893e+03
2.461728484106758515e+03
1.925558174226408710e+03
2.503699786706244140e+03
6.232393053037602840e+03
3.745494977991902488e+03
6.385083941861305902e+03
8.508121303837449886e+03
4.981929180534241823e+03
4.393964374277651586e+03
5.838081183178460378e+03
6.768929272907887935e+03
3.232311012952314741e+03
3.050948810012588183e+03
2.705613523093669755e+03
4.025702002884945159e+03
3.234297930714016275e+03
2.848864971407462690e+03
1.739162711588708589e+03
2.819260823946123310e+03
2.631209173775576346e+03
2.626488693808270000e+03
2.452821925134951925e+03
3.032787344698781908e+03
2.421291891372905866e+03
2.579831434610160159e+03
2.429155916123725092e+03
1.962356686155319721e+03
1.891317187860798413e+03
3.947811034415738050e+03
2.688409525212821336e+03
2.965906542044615890e+03
2.321207565275350134e+03
2.761566334751901650e+03
1.702164965034103034e+03
2.020925216069504813e+03
2.667698646770947107e+03
2.506872512718467078e+03
2.055990052290829226e+03
2.242647915127501165e+03
1.122115032059176883e+03
2.820290696936178392e+03
3.109701289502630971e+03
2.980652110037711736e+03
3.464120135959561139e+03
5.111308917883536196e+03
5.150909459306419194e+03
5.137136056592632485e+03
4.071172345208307433e+03
5.733834629840282105e+03
4.518470196690724151e+03
6.422896387173397670e+03
4.531346864040558103e+03
7.731698971499996333e+03
6.301149787255014417e+03
2.739171324406727308e+03
3.107229882856217955e+03
2.249237643976714025e+03
2.161724664601013046e+03
2.482424874044312219e+03
2.617826582981590036e+03
2.292568739968313821e+03
9.514702417278524536e+02
4.931435980028156337e+03
7.216224098013028197e+03
5.242477703489016676e+03
5.228599276161685339e+03
4.492259724673399433e+03
4.327561346479476924e+03
4.365150243981133826e+03
3.819353693974622274e+03
3.776144715937406090e+03
3.536623252989060347e+03
4.053767196914513079e+03
3.439370288045101915e+03
2.681561830544564145e+03
1.708032499243785196e+03
1.469319326226820522e+03
2.035596145405546395e+03
2.120880489406362358e+03
3.743552178808853114e+03
3.866780620936932337e+03
3.457710897200773161e+03
3.680708486443297716e+03
3.425162650344777830e+03
4.788153499980581728e+03
4.828263941574519777e+03
6.913413528597659933e+03
5.565799638875177152e+03
3.510271962593033095e+03
4.889336395340478703e+03
3.843132952048829338e+03
3.719451289223842195e+03
4.240418776562189123e+03
4.278603228404961555e+03
2.629012920339858738e+03
2.459823567173060383e+03
2.925097411990348064e+03
1.862134894069739403e+03
2.317198244226397946e+03
2.892507816778080269e+03
4.016291021482637007e+03
4.334432065151050665e+03
3.849846118390934407e+03
3.223440041526240748e+03
3.079570927339177160e+03
3.325165953742746296e+03
2.432114291558371860e+03
2.343186727015928227e+03
3.446996887557176706e+03
4.247174612565481766e+03
4.773607918676145346e+03
5.504848742100618438e+03
3.836949835652114416e+03
4.282815647913558678e+03
3.835514397325159734e+03
3.182587255657067544e+03
1.961180025984003578e+03
2.399367692031670231e+03
3.089194816029129015e+03
3.209960758977548721e+03
3.173754635837156457e+03
4.508269163196947375e+03
3.171385391314156550e+03
3.466628744809052023e+03
4.303808988654393943e+03
3.902339545238825849e+03
3.461620420468107568e+03
4.712774120611934450e+03
4.186785650463727507e+03
4.675244901432820370e+03
4.527811310495596445e+03
5.051427129024479655e+03
4.899789527484257633e+03
3.698999140288759463e+03
4.750515745729666378e+03
3.743777932884101574e+03
3.832346140036567704e+03
3.680557984976925582e+03
3.922829000677856584e+03
2.985352612163933827e+03
3.124129141083826198e+03
3.208045163032207256e+03
2.613815796964493074e+03
2.222081062283852134e+03
1.840057290987345141e+03
2.762352353824019701e+03
2.092477080168279372e+03
2.700873536027960654e+03
3.442897323109753870e+03
2.318844418042348025e+03
2.834724451164615857e+03
2.457681283836092916e+03
2.591844997834676178e+03
2.090500295828701383e+03
3.355015219993863866e+03
5.100232874021746284e+03
4.859415285844794198e+03
5.595873438290387639e+03
5.162826139129340845e+03
4.288142615827635382e+03
2.398360536415835668e+03
1.362234590696939222e+03
2.253401451520795035e+03
2.541370985827898039e+03
2.237431516115017985e+03
1.241274541176644561e+03
7.856956153922243402e+02
3.921057887590183327e+03
3.634375412980902638e+03
4.610035516101888788e+03
4.718238806540222868e+03
3.303698091496323286e+03
4.970387782876725396e+03
4.768691241598109627e+03
4.076893199538119916e+03
3.228049644898605038e+03
3.773671394880548632e+03
3.475229322454010799e+03
3.120586473552188181e+03
3.169726728957850810e+03
3.411477180183469045e+03
4.203700863815121920e+03
2.657112972493267989e+03
2.988820339430487365e+03
2.947625525802277934e+03
2.366106638494034996e+03
3.200278917765708229e+03
2.899594024938940493e+03
3.740310627283666236e+03
3.449405830950288873e+03
2.688883672573993863e+03
2.018602093852613962e+03
5.453937014716408157e+03
3.121234453030773693e+03
4.870887232973469509e+03
4.752571218315943952e+03
3.991227999325486508e+03
7.463436120998480874e+03
4.887421631186435661e+03
3.232624654073349120e+03
2.655777253541900336e+03
2.195592158853641195e+03
1.955362984456402273e+03
2.471232897474802485e+03
2.067569073336062047e+03
2.706117609895214628e+03
2.575740397994798059e+03
2.868507670690029499e+03
2.910186935098463437e+03
1.886945575112106553e+03
1.662322974452073822e+03
1.613951157554355632e+03
1.675861185185092381e+03
2.630143856187788970e+03
3.113015191049361420e+03
3.334182481578185161e+03
3.855969439252491156e+03
4.145922521115094241e+03
2.753566505141757261e+03
1.564775897101827468e+03
2.117445652986113600e+03
1.823127321802330243e+03
1.684661453852862451e+03
1.464072155981122705e+03
1.114324753244189878e+03
1.268640111294600729e+03
1.570878590882716935e+03
3.206045553622358966e+03
4.670298443206032971e+03
4.713978241584495663e+03
5.263730210590337265e+03
4.714954251879941694e+03
4.557528355523605569e+03
3.975091591633967255e+03
3.919745784041452225e+03
3.927341308998046770e+03
2.551602137619451241e+03
3.085229552818320826e+03
2.564918780202391190e+03
2.889493499742415224e+03
3.439025971241790103e+03
5.468322340224421168e+03
3.479554103514505186e+03
4.692080291931896681e+03
4.141851895101402079e+03
3.458573981650558380e+03
4.988604692823006189e+03
3.497949721713354847e+03
3.694318743753136914e+03
2.452814737983459963e+03
3.158910135703125434e+03
4.343599059775925525e+03
3.930012639125966871e+03
3.487256264683530389e+03
3.628237878081436975e+03
3.553097578331434306e+03
4.005373670341311936e+03
3.780137946417259172e+03
4.167525982069865677e+03
2.509254754922427310e+03
1.422680484512821749e+03
1.410303890263935500e+03
1.559827563831026055e+03
1.943746823751717557e+03
1.599262636106862146e+03
4.283128492378874398e+03
4.256798713255868279e+03
2.516340131257870780e+03
4.779597953144791973e+03
4.267240009390508021e+03
3.839974230718492890e+03
4.067536159103742193e+03
2.877732304618442868e+03
4.675988800919150890e+03
4.415841566695949041e+03
5.389766626267032734e+03
6.072526273914727426e+03
5.331078223446639640e+03
5.429503165734538925e+03
4.084728538210156330e+03
2.583399729479102461e+03
3.285287951012859594e+03
3.531610106405443275e+03
3.038487058185751721e+03
1.996340782644076853e+03
1.085129891640103779e+03
1.710310902535895138e+03
1.305764687654031377e+03
1.079133868171565837e+03
1.475485729264116799e+03
1.525704111916434385e+03
1.854700686146947646e+03
1.706083000157416336e+03
1.122132371382123665e+03
1.584040014553362653e+03
1.425354416765696214e+03
1.248182484557029738e+03
1.118055171228069185e+03
1.480120313915064116e+03
1.109890036128814018e+03
1.043966368801483668e+03
1.588606956943452133e+03
3.524118389895912060e+03
3.812847680729571948e+03
2.733669444693978221e+03
3.907777767200585458e+03
3.835101291711195245e+03
3.878595869867990586e+03
4.552951793737168373e+03
3.511870411184079785e+03
3.999611395271799665e+03
4.422531146980151789e+03
3.573929766231601207e+03
1.771257639306407555e+03
2.678711414597952626e+03
3.846618430028706825e+03
4.517397019839946552e+03
5.836030406674216465e+03
5.721292962560082742e+03
4.192821572764561097e+03
7.313388575900655269e+03
3.844012955518158833e+03
2.169476515039330479e+03
2.038634146129729061e+03
2.735002219260070888e+03
1.994058442260966785e+03
2.340948646489375733e+03
2.136730198209995251e+03
2.802383266731835192e+03
3.118888571931805927e+03
3.136665759997652003e+03
2.608615309626223279e+03
1.694733250392533364e+03
1.640720613534816948e+03
3.235431635442135303e+03
4.334434308221348147e+03
4.092502194541264998e+03
3.940624189589913385e+03
4.409099543986578283e+03
2.360580805495847017e+03
1.928619672633115215e+03
2.215607714649003810e+03
1.991579294161016378e+03
1.547370148699324773e+03
1.785940792974424994e+03
3.709614133694473367e+03
6.146320180276425162e+03
6.398803097268715646e+03
4.027401693322759456e+03
3.711360404526774346e+03
3.639447389911634218e+03
5.004299936151400289e+03
4.280737408592549400e+03
5.208475475583454681e+03
2.381368160224637450e+03
3.696837943688499308e+03
5.264374189990913692e+03
3.593991440345948376e+03
4.338768106291488948e+03
3.720384923950863595e+03
2.187274369371133616e+03
1.925614924755253924e+03
2.130292635455623895e+03
2.145917130595322760e+03
1.937532560941073370e+03
1.644116090376671082e+03
2.401191275084358040e+03
2.208834971121191757e+03
2.449152009193051526e+03
2.996208362515964836e+03
3.859604149976172266e+03
2.847860286673396331e+03
2.607947968875779225e+03
2.529610471944284200e+03
2.499017749243902472e+03
2.534748149522835320e+03
3.500132902397182079e+03
2.670317404786506359e+03
3.762167055389514189e+03
4.271574625961759011e+03
3.755030374113576272e+03
3.606670109305367987e+03
2.601133566117715418e+03
4.778608079654783069e+03
4.740878679822554659e+03
4.941322219042456709e+03
3.951862557708132044e+03
5.861029769484923236e+03
3.826486968988561784e+03
5.151692318984110898e+03
4.921035087548700176e+03
3.672412152619724566e+03
4.644048629434096256e+03
5.121960095999211262e+03
4.188849680518785135e+03
5.001075715432939433e+03
4.690108578349919298e+03
2.452692299453628038e+03
2.924112985966948600e+03
3.182309031016134668e+03
3.376581773158226952e+03
3.496670041775861591e+03
3.347800850866005476e+03
2.099282450022018111e+03
4.052672246449899376e+03
3.965578801685612689e+03
2.818014109100474343e+03
4.250159243762718688e+03
3.265850555049610193e+03
4.574817162336416004e+03
5.289171967492813565e+03
5.116241104212296705e+03
6.413689736174414065e+03
6.094694131959624428e+03
5.032096845823019066e+03
5.657591838718478357e+03
3.514121743350596262e+03
3.785592084378421532e+03
2.318719783962812471e+03
3.197131951109320198e+03
2.507423915689197656e+03
3.890216288443385110e+03
3.724036307180609583e+03
3.356729273748209835e+03
4.164447012554112916e+03
4.030566934044738446e+03
4.584379796099615305e+03
4.187568845164521008e+03
3.770536883648757794e+03
4.456791012893620973e+03
3.335741993760001606e+03
3.790384744135342771e+03
3.762895487534338372e+03
3.746857551245348077e+03
3.524165424745972814e+03
4.287650136178286630e+03
4.192561935794360579e+03
3.951080303088299843e+03
5.052399213832846726e+03
2.869627857699591004e+03
4.700799652496674753e+03
4.701382175031581937e+03
4.774516795843305772e+03
2.804516926489524849e+03
2.371985833876878587e+03
1.778347314878769566e+03
2.028475589730624051e+03
1.962239543161945676e+03
2.234269677833735386e+03
2.907521215777435827e+03
3.357726871386752464e+03
3.713772400550852126e+03
3.507755976788091630e+03
3.999960484947204804e+03
4.516286355907681354e+03
4.725609459411748503e+03
5.309192588338888527e+03
5.063971932215031302e+03
4.805077761167347489e+03
3.335778928904935128e+03
5.662643997856174792e+03
3.921167544703146177e+03
4.115966260323651113e+03
3.292240398828518664e+03
3.999223661072101095e+03
3.612635935484996935e+03
3.412271753145421826e+03
5.751351458528023613e+03
3.713238346302578520e+03
4.630910505385357283e+03
4.754551301356867043e+03
2.377279142073532512e+03
4.115356352697865987e+03
3.070150662548405762e+03
2.415661171559904687e+03
4.139608005470160606e+03
4.050229063610894627e+03
2.770819349813960343e+03
3.122981441860888935e+03
4.467391870053508683e+03
3.833094852756051296e+03
2.146499108021763277e+03
3.424352448153204932e+03
3.493059384435854554e+03
3.172090197426938630e+03
3.736445042477866082e+03
3.783890545391700925e+03
4.424869189967840612e+03
3.309159681942738644e+03
3.706553944025443343e+03
3.164485670761804158e+03
3.397991125297762210e+03
4.105317479392084351e+03
4.381984022856127012e+03
4.881698965071965176e+03
3.635622275961406103e+03
2.135257672060150526e+03
2.676055951943774289e+03
2.403834235026082752e+03
3.196987625926307828e+03
2.593101029388871666e+03
3.327159029924159768e+03
3.816062496525278220e+03
3.110488264306592100e+03
3.462296653785556828e+03
4.340687658272147928e+03
4.080064413241296279e+03
3.879269451476905942e+03
4.087789459165409426e+03
3.487296690265492543e+03
4.020257344782523433e+03
4.664902131770534652e+03
4.232790675766086679e+03
4.135407099988015034e+03
2.416832049120360807e+03
1.036838241022392594e+03
1.722511502664311593e+03
2.063961329440300233e+03
1.905443029574692218e+03
1.646504963579375726e+03
1.213837445040257080e+03
1.273203458715425768e+03
1.279843605610002896e+03
2.315410359041516585e+03
1.634185914992620837e+03
3.218367816091949862e+03
4.210342369316169425e+03
4.857231658155664263e+03
3.338935098638122327e+03
2.417837656996409805e+03
1.717760566008596697e+03
2.013556883131611812e+03
1.639353062223671031e+03
1.703998949029144342e+03
2.318340194643358700e+03
2.817104001065097236e+03
3.877076627952671970e+03
3.331554643746287184e+03
3.668128367508524661e+03
4.729429986303856822e+03
5.074888874189277885e+03
3.163887238297496424e+03
3.162013087010426261e+03
1.870351809634796609e+03
2.403658802788017965e+03
2.062841237393589381e+03
2.560559026518370956e+03
2.704706760786448740e+03
1.635659118203157732e+03
2.182144864058112034e+03
3.268500854327867273e+03
3.144639104190719081e+03
3.506281098133380510e+03
4.977692435108157952e+03
4.139196450391601502e+03
4.335038495738159327e+03
3.532459001498279122e+03
3.832431307432685571e+03
3.544704292423002698e+03
1.608056500180830881e+03
1.833174820179533981e+03
1.948816884087754488e+03
1.596604551793900782e+03
1.727847718849955299e+03
1.498055062975330657e+03
1.904757714957432427e+03
2.459296376481662264e+03
2.376332957957316921e+03
2.309059828238083355e+03
4.404723474539579911e+03
3.927292769071938892e+03
4.776150001707009324e+03
4.612759749143882800e+03
3.180996947277093568e+03
3.891817253892077133e+03
4.088540197347352660e+03
3.589949935449782970e+03
4.525417957300778653e+03
3.158111861493284323e+03
3.454762363325536626e+03
2.711582028544846708e+03
4.328408298520229437e+03
5.651769823655969049e+03
4.738957952841697079e+03
4.654650330438089441e+03
4.323237966697673073e+03
4.364847546844550379e+03
3.990748116695033787e+03
3.020625884164006493e+03
2.717030036929047583e+03
3.156220855424952333e+03
3.374834079468001164e+03
3.276990709405256894e+03
3.022586632571826613e+03
4.200846725316400807e+03
3.519685404657692743e+03
3.909865030728730289e+03
3.411308704073967419e+03
2.751273497086815041e+03
2.565238615318644861e+03
1.876540194396117158e+03
2.384188964214518819e+03
3.305944929235183736e+03
3.482968270434401802e+03
3.635360923087549054e+03
3.123717710658429041e+03
5.015746430234516993e+03
4.047235746014360757e+03
3.387760239474239825e+03
5.224593166130801364e+03
3.994033204729108547e+03
3.523079543431411821e+03
5.789734354584916218e+03
3.059952198102462262e+03
5.524220126331657411e+03
3.118491714345899254e+03
4.412106118756337310e+03
3.226624784338855534e+03
5.018140219140787849e+03
6.093563313063755231e+03
6.217077670809842857e+03
2.673293813402551677e+03
2.510567036210386050e+03
1.669150538580576040e+03
1.920802569466320847e+03
1.525518115275185437e+03
2.842266031791553360e+03
3.429988275982430878e+03
3.638348860299583976e+03
3.307921241823509718e+03
2.844734448293783316e+03
1.660472601892341800e+03
1.666111792593648943e+03
2.853360583490937643e+03
3.870915383609772562e+03
3.911638490741957867e+03
5.375788113182732559e+03
4.646995356616316712e+03
3.112836278661254710e+03
1.946882759702726162e+03
1.683260392460776984e+03
1.762873392772755324e+03
1.447331440027817280e+03
1.597331204205194581e+03
2.435771913171862252e+03
2.490452852385013557e+03
1.930998675508098813e+03
2.323098370723806511e+03
2.666065661539931625e+03
2.430219943099159082e+03
3.134965126580384094e+03
3.686284625807579687e+03
3.155012094250419523e+03
2.554879797750088528e+03
2.367960138331175585e+03
1.359736874016769434e+03
1.387976320433712317e+03
1.199185441606451377e+03
1.207481065700068712e+03
1.265202028378986370e+03
2.167953080535933623e+03
3.180325239425095333e+03
2.569088808065235753e+03
2.307172063622972473e+03
3.072923234737513667e+03
2.987591080638327639e+03
3.536925414319750416e+03
3.823135927204120890e+03
4.564761448288433712e+03
4.511536347827386635e+03
5.573657655600249200e+03
3.544111778420736300e+03
2.864394138180549817e+03
4.598294258554215958e+03
5.129797734279774886e+03
6.319087650371197924e+03
5.293388751130368291e+03
4.327509740543602675e+03
4.383633083272397926e+03
3.377090513609771733e+03
3.517962303643199448e+03
4.190393131213519155e+03
4.183571914010492947e+03
2.599255781614392617e+03
2.800339943195441720e+03
3.096636600673333305e+03
3.131780610584607075e+03
2.809084138344629082e+03
3.121330126315511734e+03
2.353382605303610944e+03
2.481777095054580968e+03
3.042631396627160484e+03
2.245049835372976304e+03
2.248878401808805393e+03
2.059842022549677949e+03
3.536187066103256257e+03
3.185917723815090085e+03
3.350613994292871666e+03
4.066991293567392859e+03
3.729892768201551917e+03
3.122287082911857397e+03
3.851404438742047660e+03
3.229038004487191756e+03
2.579331258530393370e+03
1.716222287121825502e+03
1.919381682327200679e+03
1.390173982190200832e+03
2.239866517788221699e+03
2.849976520539591093e+03
2.575486584157924426e+03
1.959548355898285990e+03
1.977601051909563921e+03
2.033233490141485390e+03
2.496052518101087117e+03
3.253061228266753460e+03
2.691962196455022877e+03
3.818108410296103557e+03
4.552958057282367918e+03
4.773954369088338353e+03
4.716101560112841980e+03
5.154391720613640246e+03
3.654002670841333838e+03
5.115654173266540965e+03
3.682738194358300461e+03
3.462381556582548001e+03
2.404501293713592986e+03
1.964850185406406581e+03
3.337908338831335641e+03
3.333301397287290456e+03
2.514751283059292291e+03
2.898229637479103076e+03
3.362189426007425027e+03
3.249840993246043581e+03
3.518015999153747998e+03
4.348933078298108740e+03
3.800449216679561232e+03
3.135187658816826115e+03
3.498302661695801362e+03
4.027639211869509381e+03
2.831549308791193653e+03
3.426081352975775644e+03
3.755291119654661088e+03
4.954898280430805244e+03
4.668075442527647283e+03
5.790070842151086254e+03
5.654152845850424455e+03
5.295103406127293056e+03
6.048398485603477639e+03
6.293242897703635208e+03
4.836496617448544384e+03
3.633851767402251880e+03
3.129876382632716741e+03
3.051622581243852437e+03
2.919797149305242328e+03
2.524578219238509519e+03
2.054366779015456359e+03
2.682568086844225945e+03
3.841464587672583093e+03
3.824805614384790260e+03
2.643346537470395106e+03
2.547927959656363328e+03
4.666132336680392655e+03
4.948304900306064155e+03
4.368588127420378441e+03
3.589695318582070740e+03
4.669592199167032959e+03
4.049237624830429922e+03
3.775358928600388026e+03
4.514200228692408018e+03
4.773863866196956224e+03
4.634820534954848881e+03
4.252170599190528264e+03
2.858496856605892390e+03
3.570233407731888292e+03
2.213710522987906188e+03
4.223106502788372381e+03
4.111585246390678549e+03
4.543725418257065030e+03
2.828575694111468238e+03
3.575270497658402292e+03
3.575837435277698660e+03
2.768702464125032748e+03
2.454376676628486621e+03
2.505753297909819139e+03
2.220792940029316014e+03
1.896913965961841996e+03
1.480133146132610591e+03
1.630769893599152283e+03
1.847779329459126984e+03
1.830530255036205972e+03
2.597514952332157463e+03
3.841425546909361401e+03
4.622543742109572122e+03
3.759395774377454472e+03
3.676423331885317566e+03
3.846802179718411026e+03
2.622279429953453928e+03
2.083400983279626871e+03
1.942249754927037657e+03
1.149160471174173836e+03
1.192750977178091034e+03
1.226234994825346348e+03
2.305527091105974250e+03
1.567895101119596120e+03
1.978931243990807388e+03
2.328353319333959462e+03
2.197215275238952927e+03
2.545167329116969540e+03
3.086440663969825437e+03
5.159332285761016465e+03
4.423258211281066906e+03
4.535038154437025696e+03
5.462347343094622374e+03
5.676069482386941672e+03
6.536965666250470349e+03
6.307908509981504722e+03
5.027111911253557992e+03
5.710885718945639383e+03
3.668462013310500879e+03
1.944363398383162576e+03
2.405001680983301867e+03
2.304193556016113689e+03
2.009656193890876693e+03
2.007467585712665368e+03
4.535254925122128952e+03
5.167744056917149464e+03
3.551656695482906343e+03
2.213149988666270474e+03
3.926822972962127096e+03
4.118168836373564773e+03
3.838050890112619072e+03
2.260766609513363164e+03
1.839538507680570319e+03
1.263670504970849152e+03
1.410100849600564970e+03
1.774112717888153838e+03
1.299305193376557554e+03
2.007325776402006795e+03
2.277724865057296483e+03
2.781970936724865624e+03
2.891688158768189169e+03
2.766587204402517273e+03
2.944446655378786545e+03
3.369018137593068332e+03
4.106314139684712245e+03
3.355782035547860687e+03
2.930946348378317452e+03
3.002758318339409925e+03
3.431345156935611158e+03
4.877498876673445920e+03
4.094653465809286445e+03
4.723177857686822790e+03
4.321443000044294422e+03
2.537037665944903893e+03
3.308370644710578745e+03
1.943007235072118192e+03
1.416438577351258346e+03
1.778742020029183777e+03
1.563486560025012523e+03
7.943959082623391623e+02
9.981158427153372941e+02
9.789791621225372182e+02
1.020576458462650294e+03
2.278248087417719034e+03
1.637489348182887852e+03
2.369731117125001674e+03
2.607987371246776547e+03
3.549741267914228956e+03
4.012815469153197228e+03
3.616880778471166195e+03
6.056770325918776507e+03
4.038969739948647202e+03
4.735203212356359472e+03
3.722709067578243321e+03
5.241941779982153093e+03
3.306537223095586796e+03
3.825829957850358824e+03
2.458773580742320519e+03
1.514992843857685557e+03
3.064092152716459168e+03
2.695995316096223632e+03
2.834717151376457423e+03
3.113111719114369407e+03
5.080445751955567175e+03
4.185568375745750018e+03
3.836148163021396613e+03
4.121772983256732914e+03
4.727374607783621286e+03
3.875246084113625784e+03
3.339797430341914605e+03
2.746547213334211392e+03
3.468242070898633301e+03
2.545963103028489058e+03
1.667513467155889657e+03
9.740125222756064431e+02
1.185422544242678214e+03
1.366254239844386120e+03
9.741010662551030919e+02
8.776503883388036229e+02
1.273768336703443538e+03
1.983367579284531757e+03
3.137163464134719561e+03
4.013185691865834997e+03
3.062457869157651203e+03
4.371034694596723966e+03
4.206305822631127739e+03
4.045938904429726335e+03
4.371403997997187616e+03
3.738218965431706238e+03
4.682990294595583691e+03
4.105880160452887139e+03
2.043882150787419278e+03
1.673606750014081626e+03
1.832611868670298236e+03
1.063859269083797926e+03
1.214506877984622406e+03
1.724202400737540074e+03
1.398053724189985132e+03
1.562418935953400933e+03
9.141807000624679631e+02
1.125890866223410740e+03
1.244128133657579383e+03
1.056576058018485583e+03
1.031814179531263790e+03
1.589568306522661032e+03
1.838125666212054512e+03
1.473943992193560234e+03
2.101314005954231561e+03
1.931571557454010190e+03
1.599024602378478448e+03
2.681892153983243588e+03
3.157411645287832926e+03
3.556875258496210790e+03
3.951333355038701029e+03
3.730787091034294917e+03
3.337289317859540006e+03
5.340753504372779389e+03
3.635587837547825529e+03
3.785533905285245510e+03
3.390916474799542812e+03
2.202005915151218232e+03
2.296921454371999971e+03
2.151385268526520122e+03
1.367503951237120873e+03
1.754906459312219567e+03
2.467366808588117237e+03
3.108730886620593537e+03
4.137731224089406169e+03
3.206867795267196470e+03
3.077929078447777556e+03
2.923606581113262109e+03
2.334799223879126203e+03
3.166453918779579453e+03
3.585028444724083784e+03
3.098366174529032378e+03
3.549847793671272029e+03
3.610817523830030495e+03
3.650566632256874072e+03
4.700712861713990605e+03
3.371137526466277450e+03
2.220863624716097092e+03
2.471316774158403405e+03
2.312090970662251493e+03
1.634769098186157862e+03
2.043787344830166148e+03
2.458551431235287509e+03
1.799229237792976619e+03
1.963746057151267905e+03
1.228294307196238378e+03
3.206666432345275098e+03
3.977910784730100204e+03
5.428357877902518339e+03
5.063976957849565224e+03
3.525295592221350034e+03
4.197578542278592067e+03
3.818982246886357188e+03
2.733713080615695617e+03
3.220694692946643499e+03
3.776996797109133240e+03
3.777216271638898434e+03
5.221257819411821401e+03
5.177466136616355470e+03
4.956781933391130224e+03
4.406076241571055107e+03
3.685550760126058321e+03
3.259377212889556176e+03
3.491071022317857114e+03
2.746742148998388075e+03
3.421576940439609643e+03
4.533789591563431713e+03
4.798070522582844205e+03
4.968918635566833473e+03
4.855760524518876082e+03
2.890888832305345204e+03
4.006748257956346151e+03
2.985167601121177540e+03
1.605817886787147245e+03
1.779851017672302305e+03
1.478185971896354431e+03
1.683135949390423775e+03
3.476255666219027262e+03
3.146475264449446058e+03
4.231039238722391929e+03
4.583319507306352534e+03
3.037726943397724881e+03
1.613068929940517137e+03
1.043731537430684739e+03
1.327919932547593817e+03
1.040205807366565523e+03
1.390776330756340258e+03
3.295648284116874038e+03
3.382374065981193326e+03
3.085246966649646765e+03
2.880164609866636965e+03
3.477052845590168545e+03
2.840367783835197770e+03
3.176374538623405897e+03
2.655510662400206911e+03
2.144827412883654688e+03
2.930407559842623414e+03
2.871264725732479292e+03
2.752992856500683956e+03
2.616606565246292575e+03
2.600127114426880780e+03
1.384626438528986910e+03
3.774539118445661188e+03
4.117988296941851331e+03
4.196700724150852693e+03
4.125676789508340335e+03
3.746520275674871755e+03
4.206815341293709935e+03
2.961527898592878955e+03
1.857619889734301978e+03
7.589406990408740512e+02
9.035883649953373151e+02
1.020073108717265427e+03
1.636662631156615362e+03
7.520564970979704640e+02
7.076397759224846595e+02
8.592289836344950800e+02
1.325405222331628238e+03
2.022059133500687949e+03
2.135710729118481140e+03
1.521120910092847225e+03
1.935835973036434780e+03
1.702490872547017943e+03
1.747489855105262677e+03
2.173872114868686822e+03
1.937234459972106379e+03
1.614713545425183383e+03
2.188374540830131536e+03
2.914002291939200404e+03
3.331407612046788927e+03
4.694975173327686207e+03
5.881272020359978342e+03
6.119858569583573626e+03
5.051041771164064812e+03
5.242684205006653428e+03
4.864369137532247805e+03
3.660032492925497081e+03
3.412817071689928525e+03
3.100903109934968143e+03
2.220421329679964401e+03
1.956948030984250636e+03
1.901328057384160275e+03
2.061281992933847050e+03
1.099430889632224762e+03
4.050623525259402868e+03
2.868585522548260087e+03
7.551280652171468319e+03
5.083540961566665828e+03
4.159446241240319978e+03
4.391045832359112865e+03
4.590991816787308380e+03
4.143652795130943559e+03
1.777513231122179832e+03
1.361076398842173830e+03
1.872728646085115315e+03
3.419072066968440595e+03
2.995417229622581999e+03
3.569860864116575613e+03
4.019770503210560037e+03
4.149780394502440686e+03
3.666354698288361760e+03
3.169699645858649092e+03
3.477273713483891243e+03
2.386789572759916609e+03
1.608806586392515328e+03
1.518552598850059894e+03
1.674869053825546871e+03
1.634876418751806568e+03
1.276722518323910208e+03
3.585268142178187645e+03
4.208961748124871519e+03
4.220960659146948274e+03
5.202525879585691655e+03
3.599003860649517719e+03
4.637496381545776785e+03
3.965902832598141231e+03
4.035221597580068646e+03
4.585126059069662915e+03
4.222008628046643025e+03
3.445628594772633733e+03
2.336821735140496003e+03
1.720284348296913322e+03
1.737522958492459793e+03
1.789423067709779843e+03
1.434846507896900448e+03
2.571979162749643365e+03
3.646517566345467458e+03
3.901218997667511303e+03
3.346527016284541787e+03
2.466196610168918596e+03
2.797972764901126993e+03
3.305242881863706771e+03
3.179337041292591039e+03
4.650906772492611708e+03
4.726389885871829392e+03
4.342034684553877923e+03
4.254917368468741188e+03
2.641015268664559244e+03
1.101834346390132396e+03
1.707350895886460648e+03
1.612826561424074043e+03
1.844138016158970231e+03
1.130023402319679690e+03
1.045008429839591372e+03
9.372360179506434861e+02
1.734122824015124479e+03
1.995130675193874822e+03
1.815429776395409817e+03
1.639362757314842383e+03
1.698365338666523712e+03
1.719819099648321981e+03
2.147677253526502227e+03
1.481529702099632914e+03
1.546435761293934320e+03
4.305615277842213800e+03
5.952270382777127452e+03
6.838704083911498856e+03
7.631986487511131600e+03
6.948685986167163719e+03
4.803804224186204920e+03
3.750791433084589698e+03
2.856306503696211621e+03
2.967405735876851850e+03
2.428946285809104211e+03
2.258359652567679404e+03
2.089111271570674489e+03
1.479014812907352052e+03
8.427466156371693842e+02
2.134214592393680050e+03
4.731176915820852628e+03
5.868764724204088452e+03
6.280450175922084782e+03
6.478164947162121280e+03
5.727061234293584675e+03
4.976251722157865515e+03
5.108009368008337333e+03
4.734016443675722257e+03
4.243142352394914269e+03
6.137330003793127617e+03
4.599239205410845898e+03
3.938533605630136208e+03
3.610301395298741227e+03
5.372603562910258006e+03
3.946784040269175421e+03
4.048439222070078358e+03
2.712053239929400206e+03
2.416051497586596724e+03
3.232216067947638294e+03
2.123357283080365050e+03
2.160866588636523829e+03
2.376110283228665139e+03
2.115929309936207119e+03
1.960383250666019876e+03
1.984056720150024375e+03
1.929091278737767652e+03
1.718971349230444503e+03
2.312255458430176986e+03
2.701762606387894266e+03
3.704853351606187971e+03
3.832095381485519283e+03
3.843070335646980311e+03
5.127925360282511065e+03
4.747054171277412024e+03
4.037428155250796863e+03
4.254091371356381387e+03
3.965416016258049240e+03
3.498830024060079722e+03
3.544893004128029588e+03
3.347555716018494877e+03
1.879148837351309567e+03
2.420324939702751635e+03
7.978268828904278962e+02
7.894714969677401086e+02
9.572772051863872775e+02
1.437184058585465891e+03
2.937211992233962064e+03
4.223087782909671660e+03
4.608951709572080290e+03
5.179630772938477094e+03
5.132965629545724369e+03
4.947133585567851696e+03
4.767620046068718693e+03
3.983689034955539682e+03
2.702960844826219727e+03
3.003487176630677368e+03
1.959208761912551836e+03
1.806104652907053378e+03
1.853545066299269820e+03
3.102589802113472615e+03
4.035652820483246160e+03
4.440254921273196487e+03
4.888082471216050180e+03
5.957603806876346425e+03
5.422543587185075012e+03
4.802415065337158012e+03
5.813118067134753801e+03
5.560374899065679529e+03
5.946284866988322392e+03
6.364353943116656410e+03
4.550002071609764243e+03
6.073865656516177296e+03
4.865753986036007518e+03
4.010632466443574231e+03
2.531379628376917481e+03
4.127039986127295379e+03
2.629255138438212271e+03
2.525839683498400518e+03
1.517244177271808439e+03
1.486397610821614762e+03
1.607571976730734832e+03
1.024542603896970604e+03
1.164346442338769975e+03
1.965003940764768458e+03
1.920288826549422083e+03
2.050781834166344652e+03
1.782565686081555441e+03
1.715026237465718395e+03
2.664614749171889798e+03
1.870135405631588583e+03
1.999575499298465047e+03
1.649627576104844593e+03
2.092092049812812547e+03
2.404709781133768047e+03
2.091990556010125601e+03
1.993382532819280641e+03
2.718201280713977212e+03
2.282185223617377687e+03
2.869721846100713719e+03
2.506122533634982119e+03
1.855594723291225591e+03
2.318311960877711954e+03
2.196043742969489813e+03
1.657930728097669089e+03
1.050893515207528253e+03
7.689754755783249038e+02
9.929211392993476011e+02
8.573050223607802991e+02
1.296424655995853755e+03
2.680178710482994575e+03
2.858797156873422409e+03
3.073425427889249477e+03
4.637318408186812121e+03
2.429753015523555860e+03
7.821341683160668254e+03
6.317929236379427493e+03
7.013186848864038438e+03
7.064788583050479247e+03
6.583355535795602918e+03
5.194527523613577614e+03
8.092181209375430626e+03
6.727349410896396876e+03
4.306262623445963982e+03
3.113674771905981743e+03
2.009891277897222380e+03
2.348873244924871869e+03
3.136977960137873652e+03
3.213557222128226385e+03
4.907048377641309344e+03
2.659207991940989814e+03
3.609157909832732912e+03
2.021656130917566770e+03
2.499689110183712728e+03
1.584622363620429724e+03
1.526472017445302299e+03
1.499404716225589482e+03
3.675830585710903961e+03
4.147208202799790342e+03
2.509358313999987786e+03
4.022714399125949512e+03
6.150749928099234239e+03
6.503133790467087238e+03
5.753754948876495291e+03
6.372969282547677722e+03
6.247167519930872913e+03
6.682410691438349204e+03
6.305190463645245472e+03
5.951530250149316998e+03
6.638475545973798944e+03
3.914922629470146603e+03
3.109021667918455933e+03
2.917235598559132541e+03
2.549687684505197922e+03
2.900091097276711935e+03
3.259490613255742119e+03
2.171843212823861904e+03
4.148102359062671894e+03
6.018248853990849966e+03
2.813751044611432008e+03
4.085527463437947517e+03
1.564592814711069877e+03
2.103979524753614896e+03
2.369957239555898013e+03
3.428433132026704698e+03
4.795445330902215574e+03
4.256275248561405533e+03
4.693623063721690414e+03
4.914779316592897885e+03
5.637224591276220053e+03
4.973138529153797208e+03
6.203685402441430597e+03
1.514286828787800687e+03
9.243441307106303384e+02
1.892108742277856436e+03
1.939285914623596682e+03
2.214899505966056950e+03
1.994882584530061195e+03
1.872116966173602577e+03
1.381359879054470184e+03
1.301945090574909500e+03
2.210625851740675444e+03
1.454168476032356239e+03
1.186102547210780585e+03
3.413463868505768005e+03
1.760398869950106928e+03
3.551585594680963368e+03
5.008877559604768066e+03
2.513926816324680658e+03
1.555721809214157247e+03
1.646353472045137778e+03
1.365578633383712258e+03
9.879622234156942113e+02
1.936737345341528226e+03
2.597954579584479688e+03
3.238673479370319455e+03
2.536835327370226878e+03
2.923969596847499815e+03
2.309566238455191524e+03
2.639747804369012101e+03
2.764781548039534300e+03
2.488227755593798975e+03
2.774482892767629892e+03
2.810465730444256224e+03
3.535742684778685089e+03
4.117579131984743071e+03
4.129465333132873639e+03
3.613790540383804000e+03
3.638394209665733797e+03
1.989334903433501040e+03
2.411932877403073235e+03
1.908907050901521188e+03
8.755627727910356271e+02
1.996519885835036575e+03
3.167631115063542438e+03
4.206529827048272637e+03
3.151884133064974776e+03
4.113446220839256966e+03
4.982417003338218819e+03
5.943252307711753929e+03
4.975860250639962032e+03
4.197109742309195099e+03
5.817755900584094888e+03
4.212155566468311918e+03
3.868444081367068975e+03
3.439881474405235622e+03
2.583875371949535747e+03
3.133100541645458179e+03
3.057221042858311193e+03
5.307145564248009578e+03
3.742551890393835947e+03
3.529382261275591190e+03
3.589400062647725008e+03
3.695948296816503444e+03
3.495962174552059878e+03
2.850450244451420986e+03
2.497325973283849635e+03
2.674344779626371292e+03
3.713977724601725185e+03
3.045926217317466580e+03
4.039295381209128664e+03
3.974886901632531135e+03
3.348192244164442855e+03
3.750827394197212470e+03
3.880588672598429184e+03
3.193651367583713636e+03
3.931948713892134492e+03
4.781022145005845232e+03
3.392985390220809677e+03
3.955585761240550710e+03
3.601129008729934412e+03
4.671144091743317404e+03
3.370980497676004234e+03
4.289138236331749795e+03
3.303677825665387900e+03
3.835823777910972694e+03
4.977816130647953287e+03
3.657100174549314488e+03
4.266595506657333317e+03
5.443676295256521371e+03
3.770522987977044977e+03
3.639064346090403888e+03
1.811105533622868279e+03
3.749760887533652749e+03
6.195515847425219363e+03
4.705205761606413034e+03
5.639891729371262045e+03
4.330644868780984325e+03
5.305711003715496190e+03
2.922430501775910670e+03
4.628301465598375216e+03
6.278725324671323506e+03
3.526856589329252074e+03
5.052597635918165906e+03
5.427908091772351327e+03
4.304378504288723889e+03
4.538481454189034594e+03
4.562033699538194014e+03
3.245655352780262547e+03
3.207055673246914012e+03
3.210183300441480696e+03
2.161253399374552828e+03
2.472244635600594847e+03
2.683274854976560619e+03
2.748094134547439808e+03
1.909845779338476632e+03
4.139619652358795975e+03
5.073328561037084910e+03
3.704550640392099922e+03
4.737838204526291520e+03
3.950757831871194412e+03
3.489863103426375801e+03
4.551766245977530161e+03
5.822431874193255680e+03
3.790527460521638204e+03
4.209657092826859298e+03
4.894241418204593174e+03
4.727640655363410588e+03
4.529913239480558332e+03
4.945405784018087616e+03
4.181844049030552014e+03
2.327568840351737890e+03
1.501086174364164663e+03
2.313142497679697954e+03
3.293305045993117346e+03
4.069993780343030721e+03
3.596904203254359345e+03
4.289812990919320328e+03
3.093155203052606794e+03
2.588776247093744132e+03
3.362954474945281618e+03
2.964145717878228879e+03
2.346235634445094092e+03
2.179776039863234473e+03
1.852461830560132512e+03
1.723244217009896374e+03
1.937190856081031143e+03
1.965186725599459351e+03
2.748890739334140108e+03
2.689633919590646656e+03
2.471570146932690022e+03
2.242063331449457564e+03
2.185981924363190501e+03
2.349428878403077306e+03
2.443259048909005742e+03
2.442978285014431094e+03
2.286739117273370994e+03
4.681366934967908492e+03
4.823902589596250436e+03
4.910578729165203185e+03
4.668930376217424964e+03
4.586319809998743040e+03
2.846368170387338068e+03
2.624769875895741279e+03
3.150905866411042552e+03
4.965644419030736572e+03
4.413491835891627488e+03
3.413325545236316884e+03
3.717033794407726873e+03
2.766803294092369470e+03
2.874485785043593296e+03
3.613501727090031636e+03
2.966440713203100131e+03
3.943285630141881029e+03
3.736571933141928639e+03
4.310708190100201136e+03
3.395076450976580418e+03
4.453508647645123347e+03
3.741912936048878237e+03
2.455151974480672379e+03
2.239166697922405547e+03
2.047807258335813913e+03
2.798988967729585511e+03
2.916875822033221993e+03
2.251949735633156706e+03
2.528317906642371781e+03
3.382202622195409276e+03
4.472431263554364705e+03
4.677345444627245342e+03
3.328191783596862933e+03
5.008862442644802286e+03
4.961194769431321220e+03
4.956476122212542577e+03
5.170422735175899106e+03
4.890232916028688123e+03
4.356634004372770505e+03
3.593493774196369941e+03
4.511221483457351496e+03
4.239343468970861977e+03
4.415604856012298114e+03
3.506256881426503696e+03
2.877011095927701717e+03
4.156007598559057442e+03
4.797855890648096647e+03
5.039426599965923742e+03
4.076824479304893430e+03
3.206773318219735756e+03
4.764172168511146083e+03
3.443302667687360099e+03
3.390002544476234561e+03
5.189555566108310813e+03
3.208181791699787027e+03
3.025601183921689426e+03
3.517379421871419254e+03
2.102608598541647552e+03
2.157474454313589376e+03
2.490047640000746469e+03
2.630942851944212180e+03
1.537805380691072969e+03
2.306690731598424009e+03
2.347946270400224876e+03
2.797535246070090579e+03
2.501944160810588528e+03
3.016862256095601879e+03
2.453224206122625219e+03
2.979103281878634334e+03
3.051170099669581305e+03
3.151716676787785218e+03
3.116443659927687804e+03
1.961822287094175863e+03
2.187474669964564782e+03
3.763287371345027623e+03
2.799423672154073756e+03
2.370001926926496708e+03
9.791814376055411913e+02
1.674868190048538736e+03
1.364120764214097335e+03
9.760628947197806156e+02
3.285602516179556005e+03
3.204775901527740643e+03
1.565994937553049340e+03
1.896677066719793629e+03
2.863491938428157937e+03
2.999029868701766645e+03
3.450927583925561066e+03
4.584587813081252534e+03
1.155692532186833205e+03
8.095551626422402478e+02
1.636160057679824149e+03
2.463792885587281944e+03
3.989259667703060586e+03
3.382437349390474537e+03
4.172438994063872997e+03
4.528535292895942803e+03
4.436102917945780064e+03
5.100685234466011934e+03
3.180073895058134440e+03
2.243595888430044852e+03
1.986824083119622856e+03
3.646772650760197394e+03
4.813319388167371471e+03
3.960480672013718049e+03
4.667448923528015257e+03
5.144806636562569111e+03
5.361232421719979357e+03
2.843696340289575346e+03
3.052271992637042786e+03
3.146036843264841082e+03
3.759088792010354609e+03
3.755992557940340248e+03
4.625849831808404815e+03
