1.996358200998644861e+03
1.702655718086811021e+03
1.444476614898477465e+03
1.122553853817057188e+03
1.243548699929863915e+03
9.849173407662754016e+02
1.112936027735963762e+03
1.272025447254724440e+03
1.130269966206760500e+03
9.935462715233124982e+02
2.034263320541801477e+03
2.058790979123595207e+03
2.298427321737295642e+03
2.586740414004882496e+03
2.473985596230934334e+03
2.342536300823066995e+03
1.844253524228173774e+03
1.137790932367803634e+03
1.014235380403436352e+03
1.640820930412795178e+03
2.262114648670679799e+03
2.382017892680433761e+03
2.757593977611050832e+03
2.924071066631607664e+03
2.113974872850720658e+03
1.318532653610373472e+03
1.554733639859078949e+03
2.464515120785369618e+03
2.553685053098080061e+03
2.928587323308399391e+03
1.997284327145934412e+03
1.314046972052529327e+03
3.414670183437943251e+03
2.718985349381357992e+03
3.902666524510884756e+03
2.240586759036084004e+03
2.982810148299325192e+03
3.014478504440816323e+03
2.539147678843696667e+03
4.012256970921384436e+03
4.103141210755750762e+03
4.751882102902243787e+03
6.093195051610560768e+03
6.499630461059141453e+03
3.669463927567964674e+03
4.544488737925762507e+03
4.266400094355833971e+03
3.410782499088576060e+03
3.493985853278762079e+03
3.285540882798175517e+03
3.148183688268125934e+03
2.491197780947360116e+03
3.305153150742232356e+03
4.223324173510145556e+03
3.572539319127349245e+03
4.092810312744779367e+03
4.557620328538421745e+03
5.497827206488062075e+03
5.475469090239223988e+03
5.846678342995962339e+03
4.897975057404915788e+03
5.584625859169068463e+03
3.970870977480812599e+03
3.913764902338666616e+03
3.453876125478691847e+03
3.055663621766806045e+03
3.825049073801300437e+03
3.404997331026117081e+03
4.760513752514536463e+03
3.583089128255939158e+03
3.181402850318810579e+03
2.012852088724742771e+03
1.846818794826315980e+03
3.556768694310914270e+03
2.835306152548757836e+03
4.127960126424662121e+03
5.394987093784023273e+03
4.154008800606282421e+03
4.698398991608679353e+03
5.001342333003472049e+03
4.621330062832244948e+03
4.432302020356100002e+03
4.007049553283076875e+03
3.718172094390078655e+03
3.999238634149983682e+03
3.063252879238064452e+03
4.663766717580095246e+03
4.074240759572479419e+03
3.649479797252508433e+03
3.972496102832092674e+03
3.282929651907562857e+03
3.910332811088596827e+03
2.692152454346490686e+03
3.081708538529814632e+03
3.487646852427188151e+03
3.956099566827373565e+03
3.724188477167343990e+03
4.486136109176758509e+03
4.385747736197845370e+03
3.890031978724327473e+03
3.641981747939656543e+03
4.448241208775675659e+03
4.641316283564864534e+03
5.004602753766869682e+03
4.799663890578598512e+03
4.498025999369543570e+03
3.716825368351346697e+03
4.763295734230732705e+03
4.656200585827332361e+03
3.774012731612789139e+03
3.156806021543006864e+03
1.785297369171681794e+03
3.008117422828865529e+03
1.307405979808158691e+03
4.151490537308480270e+03
5.682956801621654449e+03
3.793805068800301342e+03
3.193048241465898627e+03
3.132941847155756477e+03
4.103200304384839001e+03
3.805252659846818460e+03
3.623234030143567907e+03
4.555761268153014498e+03
5.081194364381604828e+03
4.554399076793081804e+03
4.526720761736221903e+03
3.102719666139958008e+03
1.873884880526200050e+03
1.682627970832810661e+03
1.336627986669996517e+03
2.622012092321852379e+03
3.491530716994459908e+03
3.341038137918178109e+03
3.454360531044208983e+03
6.254763975925803607e+03
5.619389257466793424e+03
5.157755140421237229e+03
5.855887125468812883e+03
6.003953491541532458e+03
3.831205153803266057e+03
3.308803371789151242e+03
3.476885595241923966e+03
4.212569325233916061e+03
5.566962873262525136e+03
6.494572761587824971e+03
7.067989334266211699e+03
5.725831619562617561e+03
5.519753678212930026e+03
3.528670105835217328e+03
1.967669115911153085e+03
1.532346128082476525e+03
1.930102998201025684e+03
1.911874226239990776e+03
5.443787937028928354e+03
5.125749483522427909e+03
3.325554025615528190e+03
3.098596016547458476e+03
4.225858634076846101e+03
5.681091627512279047e+03
6.742522569934906642e+03
5.864439323372544095e+03
7.147215234800652979e+03
6.117187816019226375e+03
3.616053496792831083e+03
3.637611741503379562e+03
2.858237840911035619e+03
2.294874615561908286e+03
2.852220164618017407e+03
4.652407259197388157e+03
3.253276265522832546e+03
5.407717375581391934e+03
5.946348523584149916e+03
5.368890518106285526e+03
4.657645037060594404e+03
6.680919631128444962e+03
7.735372812583085761e+03
5.062330568732327265e+03
4.341013994906241351e+03
3.920328153624897823e+03
4.151462733482394469e+03
5.837940060758474829e+03
8.560084007895728064e+03
5.843519900010732272e+03
6.919373647417666689e+03
5.796668264817196359e+03
6.314235239986304805e+03
5.345595523687117748e+03
5.704354166956505651e+03
5.419194282070649933e+03
4.326254011460167931e+03
4.220859344035867252e+03
2.756726356613361531e+03
3.850525157240311728e+03
4.919926330486996449e+03
5.058770217236239660e+03
6.110545454027937922e+03
5.107427038633100892e+03
5.104853620081451481e+03
5.586321930740580683e+03
5.549239546627483833e+03
4.858352716419137323e+03
3.755205016511499252e+03
2.532645813966232254e+03
2.255249075819502195e+03
2.295294033691097866e+03
2.281115585171091880e+03
3.606070792868737499e+03
4.046112594842348699e+03
2.556541144282052301e+03
3.213033862678019432e+03
3.489167804977151718e+03
3.255106970120220012e+03
2.370352212305253943e+03
1.925459873129134166e+03
1.839980411572598541e+03
2.597250903837004898e+03
2.361667627114575225e+03
2.670882285329687875e+03
2.627927666230986688e+03
3.204335628766572427e+03
2.752466244242082666e+03
3.209807967838679815e+03
3.065843360449275224e+03
4.060555167725503452e+03
3.736898249371145539e+03
6.220189015493322586e+03
5.059475240113782093e+03
5.986414784831089491e+03
4.856697326364546825e+03
5.142766476507327752e+03
3.836167141275883750e+03
4.537513289033650835e+03
4.347128793887537540e+03
4.393015839291368138e+03
4.954884011034572723e+03
5.466519918456306186e+03
5.282227295476801373e+03
4.609346475485064730e+03
4.966129002980658697e+03
4.335234363295978255e+03
5.123858917481397839e+03
5.235122436375230791e+03
5.370356978123102635e+03
4.252742410954692787e+03
4.930023077935434230e+03
4.150301820272467012e+03
3.481430442436729663e+03
4.869069575412418999e+03
5.151354757001156031e+03
5.160673356403658545e+03
6.509650214144035999e+03
3.933778765728866802e+03
4.336721263419336537e+03
6.266955278535920115e+03
3.499852038644692129e+03
5.672076364176151401e+03
4.948422006967643028e+03
3.492375703802580119e+03
4.072743233442432938e+03
2.786350286792948282e+03
3.241741751782287793e+03
2.950748736027843279e+03
3.820155210848354727e+03
1.999359588392471778e+03
3.965864706989391834e+03
5.933518317870801184e+03
7.627853385027875447e+03
5.240899071907118923e+03
6.981488190408189439e+03
6.070068148286849464e+03
6.335794631937435952e+03
3.535177824905945272e+03
5.562911951589625460e+03
4.369681494986990401e+03
5.021182063098631261e+03
4.744323085795465886e+03
6.991072814673165340e+03
7.034749617453231622e+03
5.239581534227355405e+03
8.360645310217067163e+03
8.407805912102065122e+03
4.956615127758022027e+03
6.391857581695479894e+03
7.034326746525755880e+03
5.818306148620590648e+03
4.936361454162730297e+03
7.389993315999236984e+03
6.329309434987245368e+03
5.118516394507048062e+03
4.830329204809853763e+03
5.901565868677273102e+03
7.316307270814157164e+03
7.932014903070992659e+03
7.110227256800076248e+03
5.592071475200462373e+03
4.807401075646028403e+03
3.248029243668079744e+03
2.671094164114635987e+03
3.092640125045633340e+03
3.072767895416990086e+03
4.731502628849758366e+03
3.025138210403491485e+03
3.707940824301279008e+03
3.834543156044785974e+03
3.844622767128492342e+03
4.429077620783561542e+03
3.609630086797829335e+03
4.539363353895524597e+03
3.794104191293113672e+03
4.435077175937344691e+03
2.472412635943662281e+03
3.466037606975072322e+03
1.564512756526726207e+03
1.979958079746442309e+03
1.976869585773882136e+03
1.546724170418975064e+03
1.995075333545104058e+03
2.932925078407188721e+03
5.221096247106456758e+03
5.541148602579780345e+03
5.164223595586580814e+03
5.307704354291184245e+03
5.563238684288659897e+03
5.188332843507328107e+03
4.207449673100966720e+03
4.358733346491795601e+03
3.898817455158918165e+03
4.775357453866415199e+03
3.670235235188445131e+03
3.788306800944610131e+03
2.968370685590607991e+03
3.233363790593956310e+03
3.862685186413218162e+03
3.165244599221984117e+03
4.095840761241048313e+03
4.530192294766100531e+03
4.997276583288267830e+03
4.343418040223506068e+03
5.187695207672287324e+03
7.237334102815692859e+03
4.516965228503040635e+03
4.124397558251212104e+03
4.509855468894252226e+03
3.761527495860735144e+03
4.758722397001405625e+03
2.284264298883913398e+03
3.215734630073071457e+03
3.715798107630649611e+03
3.487161833856663179e+03
3.550821581357175546e+03
4.368250719881388250e+03
4.083933000081118280e+03
4.369032503639834431e+03
4.367892243218610020e+03
2.768981744702568449e+03
3.728435685895909046e+03
5.489062122662221554e+03
5.104862048867336853e+03
5.838232343743452475e+03
4.796614911766930163e+03
4.691069745359399349e+03
3.531933788370374259e+03
2.153036443136119942e+03
2.535604975738465328e+03
1.996303937644993312e+03
3.257838013617940760e+03
2.147380623925818327e+03
3.985760925039219728e+03
4.736865857568263891e+03
4.960042268017748938e+03
5.646199051650779438e+03
5.168217012574503315e+03
5.756429342929990526e+03
4.107492375157689821e+03
4.290247396168399064e+03
4.938604452452944315e+03
5.009959291453580590e+03
6.225633327356062182e+03
6.048795562728983896e+03
5.368319497167142799e+03
6.217774035251078203e+03
5.144803511908249675e+03
4.627634895514846903e+03
2.773265089165957761e+03
1.478958937005661483e+03
4.375475783590621177e+03
4.090298003892647557e+03
3.688249814953860096e+03
4.206318376631354113e+03
5.818661342968116514e+03
5.756540952834577183e+03
3.647226209019446287e+03
5.320852274414756721e+03
3.622208794316107742e+03
4.709454047225988688e+03
4.230107809476927287e+03
4.937738282110581167e+03
4.978355732289973275e+03
4.380375482369887322e+03
4.411635340784438085e+03
6.053683650105903325e+03
4.544374670907202017e+03
3.842463311592448463e+03
4.654360259794840204e+03
4.250837162268873726e+03
2.860024630916683691e+03
2.963197313985889195e+03
4.817980102410069776e+03
3.201326678374193762e+03
3.843245297594296972e+03
4.417808987159516619e+03
3.884956661836292369e+03
2.689160003044618406e+03
2.552768858717046442e+03
3.659629896763990928e+03
2.149898573208139624e+03
6.524075635368368239e+03
4.538688653599301688e+03
5.446407759882285973e+03
4.233427712264357979e+03
4.771534941342431011e+03
4.386584269170880361e+03
5.392861278370426589e+03
5.280012508077170423e+03
6.532105563394795354e+03
5.684509583285474037e+03
3.578340865389620376e+03
3.191655859314422287e+03
1.494268539095556434e+03
1.468832558666446403e+03
1.636372242594612089e+03
2.180467315742316259e+03
4.949617617632959991e+03
5.844329157636986565e+03
5.506913960923766354e+03
4.941219996613479452e+03
5.283731245890875471e+03
5.511538371944850041e+03
3.488903190714633183e+03
4.631385311680087398e+03
4.044912639730237061e+03
3.697672483533078321e+03
4.253122003030146516e+03
2.771122853424168625e+03
1.923263181811346840e+03
2.288823665697770593e+03
1.957789995934937679e+03
2.429231133037058044e+03
4.459784489556793233e+03
4.139520254117508557e+03
4.768396743140811850e+03
4.208686243950817698e+03
5.139596117727539422e+03
6.769844168239695136e+03
4.697889664706800431e+03
2.862277288919823604e+03
4.084997648051124543e+03
4.922197707731460468e+03
3.853773341427627201e+03
2.823690363147994049e+03
6.271461888956117036e+03
4.529078718439361182e+03
3.732439767645811116e+03
3.990682450987034827e+03
4.448142036586900758e+03
4.175913684930660565e+03
4.398077481228374381e+03
4.427249581520783067e+03
4.062987328509009785e+03
3.544736995620347443e+03
3.486360901080672647e+03
3.438299764070338369e+03
2.483727347730622569e+03
3.076301041598622305e+03
3.312277456082342269e+03
4.646797881321118439e+03
5.030113887787434578e+03
5.141667335713060311e+03
4.569325069518328746e+03
4.380559341901170228e+03
4.909046705978000318e+03
5.903112313230317341e+03
6.318593750425301550e+03
3.929550738344352794e+03
3.694802275956058565e+03
3.873352189036946129e+03
3.150252904551707616e+03
4.469587470838365334e+03
3.527811582424530116e+03
4.463328704251933232e+03
4.443554294159113851e+03
3.983519121235794955e+03
5.152504352949659733e+03
4.514676162649862817e+03
4.473599315882224801e+03
3.356427898709994224e+03
3.207537995222915015e+03
3.875369973688212667e+03
3.210299499214431762e+03
1.949988965358287714e+03
1.549517675079380069e+03
9.772326563572486293e+02
2.697246681379116126e+03
2.862597355887036429e+03
2.781909064098642830e+03
3.650151199674455711e+03
3.698830526457922588e+03
4.725199540960163176e+03
4.901306477442743926e+03
4.536258743244040488e+03
4.222829633479787844e+03
3.542882094703865732e+03
3.669134544008786634e+03
3.675586051986530492e+03
3.533630014623360694e+03
3.781001373149179472e+03
2.793198429908397429e+03
3.223434743068455646e+03
3.613126450778835078e+03
5.031589925725131252e+03
5.843633018698552405e+03
5.146402229841416556e+03
4.246854107746647060e+03
4.130461872211581976e+03
3.627353285133870031e+03
2.908935414170291551e+03
2.593926433835564239e+03
2.940641352592836938e+03
3.308097186750772835e+03
4.581570548183840401e+03
3.543084346860731330e+03
4.828165194855573645e+03
4.729584110616512589e+03
3.491444787820862075e+03
2.921329941172443341e+03
4.212082341877435283e+03
5.597461316260728381e+03
4.605613655419459064e+03
5.168780347238652212e+03
5.548877011676006077e+03
4.955055111731246143e+03
4.902097669484375729e+03
3.906742126611761250e+03
3.715862453947442646e+03
3.623305224350401659e+03
3.378999592949714042e+03
4.010130012963953504e+03
4.357090019505502823e+03
4.638889410459901228e+03
5.801752899595995586e+03
5.492782206712023253e+03
4.895784718691005764e+03
3.461720797415591278e+03
4.771058834093459154e+03
3.532692921061307061e+03
3.444129053987477619e+03
2.410550314181120484e+03
3.247160273848189263e+03
2.534247911441428187e+03
2.558949011120095292e+03
3.721251697325731129e+03
3.702840455793719684e+03
3.377573287771004743e+03
4.058793018769680202e+03
5.467363467137196494e+03
4.304279183314561124e+03
4.916088766593598848e+03
4.242288625420388598e+03
4.638391861062685166e+03
3.227547495383017122e+03
2.797824093167885167e+03
2.507442929476661448e+03
2.474742651949519313e+03
2.312851582265363049e+03
3.593466406985701269e+03
2.567441059481259799e+03
3.040176794254045035e+03
4.082022529279264290e+03
3.677264600809830426e+03
3.551713310039317548e+03
4.901792226922612826e+03
3.539940019197043966e+03
5.544821000451000145e+03
5.641281037880938129e+03
5.852837216823735616e+03
5.733400341287604533e+03
4.662809518312003092e+03
4.032957313576818706e+03
4.741648920862347040e+03
3.057253999634361207e+03
2.345217425788851415e+03
3.760423529335060721e+03
4.057359541908976553e+03
3.732730541206066391e+03
4.075660287768285798e+03
4.132413269800719718e+03
4.281726293015353804e+03
2.318269877886153154e+03
2.250335807711395319e+03
3.265743880402942523e+03
1.319542456436821567e+03
1.454658740232779337e+03
1.427036540548913081e+03
2.539397311210233511e+03
4.345109130880391604e+03
3.857860530968822331e+03
4.186219342097664594e+03
3.907918062845472832e+03
4.635517772884109945e+03
4.393724229966984240e+03
7.174256235087782443e+03
6.481503988465188741e+03
7.249112697158386254e+03
4.744791113194116406e+03
4.504203317941859495e+03
4.670893165526680605e+03
2.608919602655058497e+03
1.832611299772263919e+03
1.470757678069767280e+03
1.037100027011921156e+03
1.182837519269669656e+03
4.855054140256995197e+03
6.369303164361625932e+03
5.487933564973469402e+03
3.050150265773158026e+03
4.173860457761485122e+03
3.861879956524952377e+03
3.291411693224003557e+03
3.251287086764838477e+03
2.969562685088985290e+03
3.225399973214486636e+03
4.657847345267512537e+03
6.643200440596117915e+03
7.352611043596827585e+03
7.579783857192514915e+03
5.865208391233932161e+03
5.222692115534152435e+03
6.106433228425143170e+03
5.579189613695834851e+03
6.413489220354086683e+03
7.746064078636246450e+03
7.379929389113097386e+03
8.371244118493435963e+03
6.246505817105733513e+03
4.781899951055303063e+03
5.199513613386404359e+03
3.374681642575752448e+03
3.519137548708585655e+03
2.891864544794558242e+03
2.983588534149085717e+03
2.477833834257443868e+03
3.940985882481699264e+03
3.962572660336152239e+03
3.403325864010833357e+03
3.864328598157160286e+03
3.622895003938538139e+03
2.153597299605857643e+03
1.942058273448755472e+03
1.455487422084501304e+03
2.249168200066644204e+03
3.409814857742336244e+03
2.533814293254262793e+03
3.309941975926396935e+03
4.552334175527495063e+03
3.381831511749821857e+03
4.362286200830942107e+03
5.189848715861880919e+03
4.300571626986082265e+03
3.785040243104760066e+03
3.637985572024786961e+03
4.067969674358586872e+03
3.978024969831790713e+03
4.065511749726535982e+03
4.361328338225852349e+03
4.181024043044254540e+03
3.587206684710835361e+03
2.965418444678058222e+03
3.857955682846287345e+03
2.123156856188062648e+03
2.550986596890984401e+03
2.254206846278986632e+03
1.502489235971935614e+03
1.980423172444025568e+03
1.605398939138728792e+03
2.013098616109291697e+03
1.635076745456126673e+03
1.421798701529326081e+03
1.827849689628376836e+03
2.690484284618376932e+03
4.571098706577357007e+03
3.771923150912375149e+03
4.286143134998649657e+03
4.147964362139246987e+03
4.671887274043426260e+03
4.064169053424735466e+03
4.260454953108665904e+03
5.175987457592493229e+03
6.335950843127800908e+03
6.824926630747442687e+03
5.730181463891542080e+03
4.713534442526199200e+03
4.709388972099400235e+03
5.830993476404713874e+03
4.265302100284836342e+03
4.132054888119709176e+03
2.994277859419871675e+03
2.507135513627957152e+03
3.692291760022616472e+03
3.704385886825093621e+03
3.425207410911238640e+03
3.986200989681672127e+03
4.449600464766476762e+03
4.659551025619466600e+03
3.710151693091033394e+03
2.907612382217537288e+03
2.457859717381772498e+03
4.272967409622700870e+03
3.684635469079222730e+03
4.125661294646702117e+03
4.029650827535867847e+03
4.614009871077775642e+03
3.182039200105625241e+03
3.928106154763543145e+03
4.374579572874559744e+03
3.521937816862550790e+03
3.150718480013101271e+03
4.727782401524676970e+03
3.839486447428778320e+03
2.040775178163507462e+03
1.247937112110359521e+03
2.136085838776169567e+03
2.631993933453682075e+03
2.575588299520347391e+03
2.731261816337763776e+03
2.667287941532244986e+03
2.837836413309508771e+03
2.427828909094171195e+03
2.938882885058626925e+03
2.377724369089988159e+03
2.479679089640631446e+03
2.527687779532328477e+03
2.819931514280969623e+03
2.446288715798176327e+03
2.964846707093400710e+03
2.346282356395647184e+03
2.127389586639770187e+03
2.628294916463879417e+03
2.330372104233811569e+03
2.435026939308674628e+03
2.854601585489888748e+03
2.181957242562355077e+03
2.983423209845725978e+03
2.231904241409960832e+03
2.288399965845343559e+03
2.257559398387489182e+03
2.165904332452879771e+03
1.890263517200744445e+03
1.771069913719107717e+03
1.542072833750881045e+03
1.389480429603047924e+03
1.019942932299767449e+03
1.086406596808386212e+03
1.059691554326448795e+03
1.492437368754685394e+03
2.130717641523024213e+03
4.979075656672160221e+03
5.156634312787216913e+03
3.842956197332090596e+03
3.404844570334983018e+03
2.205442035467820006e+03
3.010066730949667544e+03
3.151450612177696712e+03
2.892047590265901817e+03
1.902277235915177698e+03
3.947272918440278318e+03
2.383732142324196957e+03
3.056469088984410973e+03
3.631328034536933046e+03
2.581207895884639584e+03
2.444995868242652705e+03
3.530643860515762753e+03
3.132377227277384009e+03
3.148730941513076232e+03
2.710162886918663844e+03
3.519236715175700738e+03
3.215038070689484812e+03
4.873552155008092996e+03
4.596795035591047963e+03
5.056750231639076446e+03
5.494408863358743474e+03
2.599835834047916251e+03
3.918708084416794463e+03
5.222576474183741993e+03
4.344055040352890501e+03
5.073694530945088445e+03
5.072496981522773240e+03
5.566853918542916290e+03
5.302903126435453487e+03
5.289166040509892809e+03
3.640414794338946649e+03
2.778017908818782416e+03
4.121109956805411457e+03
3.567399850967192833e+03
4.628404213421133136e+03
3.770544393143547950e+03
4.423613418028638989e+03
4.210060870386526403e+03
3.814482037454320107e+03
4.609479194723603541e+03
6.472768026799942163e+03
4.577663820876143291e+03
5.180918043285336353e+03
7.014744646847771037e+03
3.322505715034835248e+03
2.411095309785170230e+03
2.164780939284055876e+03
2.343729929412103047e+03
1.447133138161162606e+03
1.199127592653328520e+03
1.378916708007340276e+03
1.179197285937266543e+03
3.131425827532747462e+03
3.291803124117184780e+03
3.954779761372485154e+03
6.030104456770995057e+03
4.309558617252985641e+03
4.166205308023569160e+03
5.152977613404555996e+03
3.261917667670596074e+03
1.411616167669250217e+03
1.347396518521001781e+03
1.872838365833822991e+03
1.583373475240121252e+03
1.803665510777383588e+03
1.685002136790157920e+03
1.149471458945660743e+03
1.737223728136331374e+03
2.757326615579539066e+03
3.874624303420393971e+03
4.281167414286204803e+03
5.068482503990422629e+03
3.823676943074042356e+03
4.226999519994923503e+03
3.871214146856350908e+03
3.188394439526008682e+03
1.234725123164724437e+03
1.450945237743550024e+03
1.812975482176446349e+03
2.465133138596937442e+03
3.038703312066896160e+03
3.708250820870597636e+03
3.196955610263474227e+03
3.302203538706552990e+03
2.523808145157603576e+03
3.805228228659577780e+03
3.406173815620647929e+03
4.029928699815940945e+03
4.282860596601400175e+03
3.786406279562786949e+03
3.592772723049976776e+03
3.198626702574101728e+03
2.378545331118793001e+03
1.679707521715939038e+03
2.162606440519999524e+03
2.101568694293743192e+03
2.429778523788451821e+03
3.414064797682190601e+03
4.230221739683225678e+03
2.786595314028968914e+03
3.500462239058508203e+03
4.012145070364745152e+03
4.947655234312950597e+03
5.274019314013870826e+03
5.093719235863866743e+03
6.943044208168009391e+03
4.659233219808159447e+03
2.936207756068635717e+03
2.101510205783755282e+03
1.618041116309542986e+03
2.542528427441801796e+03
4.102960005029126478e+03
3.953070977616480377e+03
3.217857908905045406e+03
4.085073587931439306e+03
5.029983433217365928e+03
4.611516558404313400e+03
4.157321802585252954e+03
4.399092710150571293e+03
4.176234190270261024e+03
3.058062085713139368e+03
3.413839216775886143e+03
3.873697141725494930e+03
3.366186384228235056e+03
2.304774212235910454e+03
5.160548780115187583e+03
4.740601636097396295e+03
4.169174820894409095e+03
9.693732464233967221e+02
1.064414789234165937e+03
2.757833514633950472e+03
2.696024351335238407e+03
2.938091225002990996e+03
4.356836598078843963e+03
3.980798801945070409e+03
3.075343431088976104e+03
3.097951257404465650e+03
3.732405284589715393e+03
5.400017801473835789e+03
5.676090710353014401e+03
5.598643663789156562e+03
5.488482275338830732e+03
5.568737268538872740e+03
4.548130243741595223e+03
3.996861013448909489e+03
3.062411335603865155e+03
3.284147727940649929e+03
4.281534426575053658e+03
3.360805873332301871e+03
4.660470264515084637e+03
3.610644426142710472e+03
1.690185911452044365e+03
2.252632324588330903e+03
2.868114850168340581e+03
3.196799801634654159e+03
2.375282321501937986e+03
2.186400171538237373e+03
2.126782225970054697e+03
2.715500398416176267e+03
4.076371850506282499e+03
3.138598219826930290e+03
3.367119374814516959e+03
3.723632089724446359e+03
3.456955248218305314e+03
3.793000744696782931e+03
3.617015061265330132e+03
4.031069886105112346e+03
4.366139566301253581e+03
3.611935548188261237e+03
2.017836847178142079e+03
1.071957066338697132e+03
3.049026492665881506e+03
3.495831616933047826e+03
2.762868106828849704e+03
3.607129227983373767e+03
4.531879294824515455e+03
3.246481076962669249e+03
3.892539334445132226e+03
3.639647447880372511e+03
2.660438828201441083e+03
2.677724488165174080e+03
2.053564275009704488e+03
2.004494221209622992e+03
2.190062378663165418e+03
2.868685085836514190e+03
2.638351942547759336e+03
1.859324055051966525e+03
2.819956203672662468e+03
2.409623148625378690e+03
2.467056574137849566e+03
2.931621998170033294e+03
2.497721765915543529e+03
2.592359992768900156e+03
2.862054054789887687e+03
3.272625457491705674e+03
2.230160005050433938e+03
3.328111989437845295e+03
4.405307179336176887e+03
3.220197690222857091e+03
3.822945053718271083e+03
2.921818728241043573e+03
3.280506875864166886e+03
4.311978819404541355e+03
4.588570723704973716e+03
3.317317993397657119e+03
3.687121658732996821e+03
4.143318755703106945e+03
4.126384981281315049e+03
3.677442677125907721e+03
3.926437327500235824e+03
4.132879696774258264e+03
3.499155215957573091e+03
2.306187864400577382e+03
2.148634931668353602e+03
2.271541120069117824e+03
3.885324657108797510e+03
3.287163343282908954e+03
3.988171590950729751e+03
3.990243777991248407e+03
4.110562058152617283e+03
3.725796227015111981e+03
3.602438457412978096e+03
3.278320298231008110e+03
3.164612364522157350e+03
3.007064831668762508e+03
2.869922153198600881e+03
4.443582665227918369e+03
4.012381781574077650e+03
3.893107923551140630e+03
3.437044132776904917e+03
5.131735929328584461e+03
3.223815094094195956e+03
2.373150818208287092e+03
3.545939165206708822e+03
6.471690700943730917e+03
4.369457133541523035e+03
3.396365611288218133e+03
3.842744274452301852e+03
2.479066285898253682e+03
3.658758962508354216e+03
3.907488685821154832e+03
5.333698628478965475e+03
4.317636702837467055e+03
4.761448368279888200e+03
3.948900659830846962e+03
3.417968582853131466e+03
4.922731463439085019e+03
3.837051235370207905e+03
3.378021873495919863e+03
3.169816323202814601e+03
3.594234535132570272e+03
4.760228448777029371e+03
4.547541125749369712e+03
3.496581648768730702e+03
3.143146522682809518e+03
2.821766569818557400e+03
4.979737326150904664e+03
2.734488924241309633e+03
3.818305855157799215e+03
3.503477077099821599e+03
5.358259497959625151e+03
4.242776463730341675e+03
6.147092122167829075e+03
4.819966704455406216e+03
3.106184777145055250e+03
2.751312595837331628e+03
4.423328103105025548e+03
5.546689211989742944e+03
4.478021474809144820e+03
2.781765948299871980e+03
3.991339197296143539e+03
3.930615754470036336e+03
5.098409942783697261e+03
4.877262287484430090e+03
4.838395080576397049e+03
4.294512214037951708e+03
4.433146307681967301e+03
5.019302281943876551e+03
5.311923848774757062e+03
5.905343215517055796e+03
7.102325944023168631e+03
8.152812036322895437e+03
6.270830016611365863e+03
8.049664497800954450e+03
6.709273423275292771e+03
5.039329331892399750e+03
4.099492401863222767e+03
3.266822173045108229e+03
3.354725032007705067e+03
3.622469410876155052e+03
4.038146773133592887e+03
5.897910945551519035e+03
7.429632508026960750e+03
6.167551098493284371e+03
7.614498366718051329e+03
6.560595560281676626e+03
5.354457833589052825e+03
4.733387992277343074e+03
3.012044972178086027e+03
2.099183547727945097e+03
2.854705171875627912e+03
3.648419058389328711e+03
4.514311534386747553e+03
4.326103764644533840e+03
3.813192006339102591e+03
2.999987592643356493e+03
1.437830806928666107e+03
2.053891443556718514e+03
1.924100830290789872e+03
3.616840745101055290e+03
3.905662455164148469e+03
3.114391649915080961e+03
3.008477178897265276e+03
3.187048706830128594e+03
2.816616064493677186e+03
2.969644485061865907e+03
3.812154554191519310e+03
3.573334260167173397e+03
4.346065644947378132e+03
3.650531433275486052e+03
3.634802281497344666e+03
4.898144602166363256e+03
2.020564015952544423e+03
3.409458087270885244e+03
3.635522750858300242e+03
3.428018873788093515e+03
3.961729078228251637e+03
3.048518988333597918e+03
3.734249323787451431e+03
5.477854933675101165e+03
4.669278664157275671e+03
4.171516426931582828e+03
1.837776344981559077e+03
2.256322721434206414e+03
3.064245887326313550e+03
2.982248723441100083e+03
2.915034601939585173e+03
3.104990260831763862e+03
2.978380862111226179e+03
2.167833778251624608e+03
1.513185028533579271e+03
9.663436862684999369e+02
1.765352248566001890e+03
1.844051336297671696e+03
3.357999152238640818e+03
3.040576854712018758e+03
2.324235247839755630e+03
2.556270171278716134e+03
3.836022768595177695e+03
2.592137890518787117e+03
3.748743737868352127e+03
4.935839772912554508e+03
4.970297842792104348e+03
4.748576617967000857e+03
4.374571020979046807e+03
6.176392483903088760e+03
7.198313463136720202e+03
4.420257993480350706e+03
3.473650353746954806e+03
2.147178650217754694e+03
2.433324872609973227e+03
3.117578440290074468e+03
3.376729093010483211e+03
3.214043303513202318e+03
4.868983716521323004e+03
3.882883132525379096e+03
3.337741527842847518e+03
2.926916722846519406e+03
2.165963936056607963e+03
1.363775336002932136e+03
1.682528844756899844e+03
3.794139007376460086e+03
3.742504165700973772e+03
4.014641043074110257e+03
3.919717608156076039e+03
3.600428655075408187e+03
3.811278405574106273e+03
3.984166473531749034e+03
2.609231694917338245e+03
3.041216933548079396e+03
2.984004914411718801e+03
3.345192582921327812e+03
3.072487051691512079e+03
2.705461930777175439e+03
3.521709698714525985e+03
3.912158046631250727e+03
4.232344391922807517e+03
4.837616955147787849e+03
3.816153634309456265e+03
3.674837632948861483e+03
2.775995982432602432e+03
2.432009382655002355e+03
4.622338540142086458e+03
3.412272239675918172e+03
2.387979763246910352e+03
2.539418966072237708e+03
2.519237717066062942e+03
4.148979823489828050e+03
4.574332951512340514e+03
2.395458518807892688e+03
3.620343813568911628e+03
4.099446418807986447e+03
3.642478122582422202e+03
3.232441131825869434e+03
3.176490502854047463e+03
2.722654704617740208e+03
2.032102889229740185e+03
2.723821296709141279e+03
3.237324243993320124e+03
3.240239427556179635e+03
3.359872943121588833e+03
2.748840461865708676e+03
3.010682463746229587e+03
3.107712536511571670e+03
2.310908016533932368e+03
3.828389046134385808e+03
3.019964515929322715e+03
3.529983982838654356e+03
1.971522542832050704e+03
2.884669243219000691e+03
2.766643445345729106e+03
2.800939784173932367e+03
3.675566416168675005e+03
3.528245182990015564e+03
4.525228201708892811e+03
4.227045255750929755e+03
3.957846610443338250e+03
3.656547896359703373e+03
3.194020926721682827e+03
3.965739850480842961e+03
2.979136669195197101e+03
3.001706030862399075e+03
2.338576439634368853e+03
2.609223414925921134e+03
3.251744714835736886e+03
4.015752579498124760e+03
4.069814708090214481e+03
3.520420703439211138e+03
2.618855063006775708e+03
3.204739407339358877e+03
2.905331974597620956e+03
3.153907241645100385e+03
3.485506908164263677e+03
4.569279809861106514e+03
5.164109839085342173e+03
3.516732390355812640e+03
3.391257895115396423e+03
4.449055421780467441e+03
4.684176798506098748e+03
3.816559946593974473e+03
4.072942757817944312e+03
3.481898235968365498e+03
3.403092160517972843e+03
5.306627175207519031e+03
3.651392563677881753e+03
4.305504528186843345e+03
4.707160684677023710e+03
3.391975324368799647e+03
3.953641679162280070e+03
3.922535836622348143e+03
4.561408098827291724e+03
4.550442229141046482e+03
5.608376113663304750e+03
2.699895122878170696e+03
6.223787201636064310e+03
5.565384575437095918e+03
5.098703993039895067e+03
5.204752057222204712e+03
6.434363183272956121e+03
5.128650831180467321e+03
5.970613882519821345e+03
4.999988687850948736e+03
3.757204383294634681e+03
4.042495391243980521e+03
1.415537977282737529e+03
1.985159458153368860e+03
1.407019653712168974e+03
2.172926338112881240e+03
1.711598294449715468e+03
1.862245350908133332e+03
2.053688805230441176e+03
3.128244285084836065e+03
3.036216619184142473e+03
2.341027845607825839e+03
3.705086952889470467e+03
4.197252490771862540e+03
5.695302719491917742e+03
4.669509399291099726e+03
6.562379375464895020e+03
3.772848346944791047e+03
5.094766375706698454e+03
3.814194410335595876e+03
3.244338107382975977e+03
4.559303407995800626e+03
3.604112164000093799e+03
3.773098983589382897e+03
2.439197792933476194e+03
2.730396589262606085e+03
2.345346665679685429e+03
3.535951974933209840e+03
3.628530620147800619e+03
5.340638844572930793e+03
5.085055885268758175e+03
4.749515450028903615e+03
4.379960350969179672e+03
4.254777511736587257e+03
3.475734601585626933e+03
3.855644576493227305e+03
5.283727908681777990e+03
3.102599226539972733e+03
3.655088307715570863e+03
6.376030858435935443e+03
6.644144276284529951e+03
6.141538950549575929e+03
3.586289612747412775e+03
4.314473012343744813e+03
4.678735404017018482e+03
4.050801144544201634e+03
3.744938008813512170e+03
3.585599381669509057e+03
3.643964742122755979e+03
3.386520521345840734e+03
3.180479237541772818e+03
3.962491529467363762e+03
4.106027444979632492e+03
4.686027999283081044e+03
6.373181426788909448e+03
6.622312287267497595e+03
5.147790187022960708e+03
4.843802191255481375e+03
4.865121103767422028e+03
2.865442941457065899e+03
3.517671527215882179e+03
3.695643946893807424e+03
4.179824595312502424e+03
3.801014970124403135e+03
4.014483159989308660e+03
3.445562126773886121e+03
2.747420989496818038e+03
3.610654125910283256e+03
4.176553125797284338e+03
2.958941461945857554e+03
4.089569405795602506e+03
4.312353470735837618e+03
5.459377634949511958e+03
5.772133665068350638e+03
6.273504230773604831e+03
6.106862246444186894e+03
4.932495832401730695e+03
6.886813138570745650e+03
7.279461575662050564e+03
6.530270792141916900e+03
8.051489771869411925e+03
8.956094393487332127e+03
6.406715393828199012e+03
5.760223307203296827e+03
6.027128619839531893e+03
5.561515559411796858e+03
5.950076769438188421e+03
5.817525847533041087e+03
6.675784396395543808e+03
5.634102439385611433e+03
7.312883341325607944e+03
7.794456938121888925e+03
4.328247390993794397e+03
4.574352465378459783e+03
5.385754636629805645e+03
3.964095571888887662e+03
3.023373013517785239e+03
3.439458463882982869e+03
4.156501716156976727e+03
4.896410007470663913e+03
5.972719250545129398e+03
7.396402426045095126e+03
6.400449153073895104e+03
6.572845151557910867e+03
5.266518578928069473e+03
6.557422702345093057e+03
6.822099817280895877e+03
7.706924615423497926e+03
6.774889236545129279e+03
5.960562406753082541e+03
4.338186172630640613e+03
3.078473308503795579e+03
3.537261530726519595e+03
2.418693123840094813e+03
2.706568228238834763e+03
2.744491216569447261e+03
2.273378029562481515e+03
4.730157226342415015e+03
4.225524186187482883e+03
4.007647959159819493e+03
4.015768212661449070e+03
3.415863232256201627e+03
2.246805448733254707e+03
2.181393048919320790e+03
2.909486292515096466e+03
3.509254986457788618e+03
3.330262183708359316e+03
4.778031966402213584e+03
2.120214041819431714e+03
5.263325089841281624e+03
3.847630886413949156e+03
3.024563200367514128e+03
4.872894452249935966e+03
3.449610101452001345e+03
4.164238166372477281e+03
3.504773151125413733e+03
3.506798861849966215e+03
4.605279479838514817e+03
3.997849630321609766e+03
3.677476279619513207e+03
3.603462917797513910e+03
3.798851754930657080e+03
4.502450168556930294e+03
3.811511164178879881e+03
2.710927012355765783e+03
3.763923513557012939e+03
3.495680452047061863e+03
3.261828713966103351e+03
3.610243461780019061e+03
3.771647322789646296e+03
3.648744971621328204e+03
3.737273622167377653e+03
2.735081984953123992e+03
2.502396568563520304e+03
1.837603978871710979e+03
2.301337769146848132e+03
1.558680354829403313e+03
3.976375762542229495e+03
4.655765061261320625e+03
4.993597121508565579e+03
4.964275328965650260e+03
4.791193857346481309e+03
5.498657913144616941e+03
4.650030525923371897e+03
5.113135037453349469e+03
4.541951920955208152e+03
2.618079659462307973e+03
3.439209867646284238e+03
3.068629358658756701e+03
3.853335894761661166e+03
4.304561962958068762e+03
4.203006813397081714e+03
4.291484079163481510e+03
4.737378514850989632e+03
4.930113672861169107e+03
6.114908314229200187e+03
3.309363035511884846e+03
5.655137767123854246e+03
3.801078648255136613e+03
3.530631344748231186e+03
2.695361856404184891e+03
4.265103668070159983e+03
4.699615112459563534e+03
4.919546563128002163e+03
2.963719360016144492e+03
5.023031163116275820e+03
4.996099055300461259e+03
5.147175377961499180e+03
4.738065889436122234e+03
2.691308137203137449e+03
4.185511368970230251e+03
4.829533029069758413e+03
5.095433599563091775e+03
4.375660660980074681e+03
2.792246072341608397e+03
4.175636849017503664e+03
1.629872210790242661e+03
2.282415110088814345e+03
2.248232257398886759e+03
3.837650505699610676e+03
4.360704209542482204e+03
4.347566722231941640e+03
4.438007700839920290e+03
2.791472048071472727e+03
6.515242688132857438e+03
5.483255970765716484e+03
3.949609618237002451e+03
6.252171710964792510e+03
4.966558763093028574e+03
7.463505247722398053e+03
5.428400672310455775e+03
4.865984405703758057e+03
7.619420843882292502e+03
4.626670018003393125e+03
3.897520935555516644e+03
2.510808790153664631e+03
4.914762296693785174e+03
5.359545867868334426e+03
6.158473115442884591e+03
5.237608906701998421e+03
5.473106219698879613e+03
5.133877265626803819e+03
5.698617147006861160e+03
4.618542401851433169e+03
4.103926563638602602e+03
3.563080883039480796e+03
3.034146824481275416e+03
4.508828887146280977e+03
3.564967478835155362e+03
4.312914731465311888e+03
3.395842930875592629e+03
4.734219939877969409e+03
4.175398962422489603e+03
3.590146100574313095e+03
3.065293273721488276e+03
2.458808589729446794e+03
2.652380297251805587e+03
3.660719877529772930e+03
5.133175704811231299e+03
4.377830933269053276e+03
3.545683347957728074e+03
4.182680263098231080e+03
3.967775311600250916e+03
5.869351013028655871e+03
5.075646935801768450e+03
3.349695611551566799e+03
5.156518234746017697e+03
3.032793433546597953e+03
3.478282020076968365e+03
4.844474530459355265e+03
2.190554556764137487e+03
4.803487670967309896e+03
4.187792698100160123e+03
4.414939373332495052e+03
5.055001669362342909e+03
5.427926448189826260e+03
6.531729897435066050e+03
6.399739015225398362e+03
6.558635019364978689e+03
8.045269003301712473e+03
7.728165825201131156e+03
5.254420385187221655e+03
7.027798125141178389e+03
8.336784961896259119e+03
5.323880180614403798e+03
5.061801307124266714e+03
4.868731972646268332e+03
4.353333974472854607e+03
3.630226987223605647e+03
3.570812179135403767e+03
1.893768184385953418e+03
1.441410198507881432e+03
1.841696369004132976e+03
3.366632657546068003e+03
3.184349318188802499e+03
3.881144526259090981e+03
3.335999964129809086e+03
2.860903461602566949e+03
5.228694465923327698e+03
1.953531855674545795e+03
4.247416599563774071e+03
2.867515157463861215e+03
2.628982470104118420e+03
1.978533410093090879e+03
2.726082690441324758e+03
3.614793841557308497e+03
3.486838507096560079e+03
3.246097651640138793e+03
3.744337520581851550e+03
3.122344600028194691e+03
3.277973250246957832e+03
3.892422032995346854e+03
3.351715436557699377e+03
3.971005540065738387e+03
3.847455373201251859e+03
4.776463515645787083e+03
4.314600365283025894e+03
4.099688848733975647e+03
4.963246379766729660e+03
3.735699286895564001e+03
3.273299641036769572e+03
4.721632280148137397e+03
4.159700517005197071e+03
4.382859356647310960e+03
4.733527655648700602e+03
4.574571906620989466e+03
3.382488376920608971e+03
2.881737122467673089e+03
1.848966709420651341e+03
2.213924706228546711e+03
2.292475468526489749e+03
3.485786090297302508e+03
3.182623142339332844e+03
4.188419771759207833e+03
5.200273974474899660e+03
5.858430934001032256e+03
6.502921483663850267e+03
5.756591400524150231e+03
9.426589297481074027e+03
4.917926232531527603e+03
5.269841581240513733e+03
4.702375122033442494e+03
5.602723505849947287e+03
5.707808499203804786e+03
5.758187483234729370e+03
7.221939896661006060e+03
5.534147742925628336e+03
4.456614033812890739e+03
4.032069077718519566e+03
3.605903608887615519e+03
4.046755363974973989e+03
4.024502302710309777e+03
3.882333354362600858e+03
4.755835266179191422e+03
4.257993584220597768e+03
5.961127510201643418e+03
4.454495608446763072e+03
3.795363500092114009e+03
5.463280653919029646e+03
3.818975039777720667e+03
6.262978051386348852e+03
3.368117391471997962e+03
3.829437583406497652e+03
4.708017900689046655e+03
3.466909302400100387e+03
3.591098384240112409e+03
2.387940007979788334e+03
2.235271362752336699e+03
2.367983453108496633e+03
3.128912201900291166e+03
2.732003545467348886e+03
2.763902646095962609e+03
2.814331191680726988e+03
3.002216685181124376e+03
2.695905933439755700e+03
1.215415042260685141e+03
2.512898804090245449e+03
2.827704381039894997e+03
2.680039179386865726e+03
3.137753946164693843e+03
4.209920366623465270e+03
4.302830792402163752e+03
4.702617414537935474e+03
5.447408379508953658e+03
6.288073782417619441e+03
5.122539351563817945e+03
4.638163830841385789e+03
4.830629135054711696e+03
2.464287250402401696e+03
1.906208059503699360e+03
1.458760037668972018e+03
1.116153388766602347e+03
1.039912818252867737e+03
1.924923322463318755e+03
1.615071870757692068e+03
3.033658610538665926e+03
5.271592654286515426e+03
5.500846910033013955e+03
3.645690345643915862e+03
2.153982093506351703e+03
4.014366716426548464e+03
6.735564737588213575e+03
5.976724048027548633e+03
5.014542185440904177e+03
5.854250342578096934e+03
4.314670716749139501e+03
3.970642998770052145e+03
2.401271887449028327e+03
2.911968516951146739e+03
3.697726410839770324e+03
3.040949999353762905e+03
3.498100991739077017e+03
3.870177791562535731e+03
5.022581958960673546e+03
3.877935829066221686e+03
3.699965493538069495e+03
4.429168555107255088e+03
4.289226749813209608e+03
3.786459737420386773e+03
4.007047700438601623e+03
1.964634261447049084e+03
2.273936613829375347e+03
2.713143051936174288e+03
3.104840663175809823e+03
5.369918552675032515e+03
8.072456673785730345e+03
7.735327124562305471e+03
5.967476372167780028e+03
5.162169856878616883e+03
4.298453836701078217e+03
4.037268394274854018e+03
3.471758335376022842e+03
3.556725664712919752e+03
4.147048163251994993e+03
4.345841923431276882e+03
2.816872015624602682e+03
2.599032921959513715e+03
2.425632830110728719e+03
2.509624220185421109e+03
3.286587953341881530e+03
2.321510052503127099e+03
1.769675142815510299e+03
2.503123476288409165e+03
2.041898489216546523e+03
2.422998418169278011e+03
3.598110823352290936e+03
5.970349076302840331e+03
3.819573370761188471e+03
2.604091615778033429e+03
1.979697726717165096e+03
3.222428196267538624e+03
2.852577944441144155e+03
2.656212353816124505e+03
2.398205505831322625e+03
3.112309745704489160e+03
4.053254507187449690e+03
3.850467056782152667e+03
3.475465161669896588e+03
3.224925494193997565e+03
3.500736660728999595e+03
2.421544869187434870e+03
2.217752032676154613e+03
2.184343190506579504e+03
1.426303133931062575e+03
1.675552230896150832e+03
1.644834141120005825e+03
1.733703231026999219e+03
2.631940048113037392e+03
3.490462483337314552e+03
2.899230609636706959e+03
2.065858520775320812e+03
1.434625617607073764e+03
1.332010715336941530e+03
2.520902389227389904e+03
3.269360761370907767e+03
3.049319903501744193e+03
2.708834944495132731e+03
2.983889337947248350e+03
2.541531652383812343e+03
1.799691150254940794e+03
1.876707875364300889e+03
2.152202263466739169e+03
2.240427596635957343e+03
1.891406798488958430e+03
2.329464644001494435e+03
2.376884319808527380e+03
2.949101573183607343e+03
2.706534931830497953e+03
3.122671992688492992e+03
3.165095498810466324e+03
2.459837802071386250e+03
2.417930968935639157e+03
2.524249080231603784e+03
2.982450190301554812e+03
3.101931202718618806e+03
2.182808033116526076e+03
2.311465682898813611e+03
2.478952860884914571e+03
2.375812569154644279e+03
2.547338791026122635e+03
2.954000981874764420e+03
3.033099783514318915e+03
2.556381423494041883e+03
2.066773011295678316e+03
2.074344324299363961e+03
2.454063577742816051e+03
2.844309497239824850e+03
2.353098219926704587e+03
2.184344240863815685e+03
2.216192635741242157e+03
1.536071474531395779e+03
1.293939504677387049e+03
1.206743874924391775e+03
1.744496936089759856e+03
1.993884321654963969e+03
2.128323368778319491e+03
1.314605804446869115e+03
5.220610810646071513e+03
5.126169777145245462e+03
5.587832692132020384e+03
5.048935781272793065e+03
4.332771534090991736e+03
4.587874910011681095e+03
4.056597365574974447e+03
3.009114207948810872e+03
2.680646910379082783e+03
2.165781087701031083e+03
2.190598827516915208e+03
1.828412675852359598e+03
1.961875589215548871e+03
2.183514719138705914e+03
2.587544214406675110e+03
2.759432773395054937e+03
2.575507758960774026e+03
2.948379335574708421e+03
3.127862837262401627e+03
3.475282919638437306e+03
4.051825859784571094e+03
5.193105357699710112e+03
4.963282228302002295e+03
5.052453987516762936e+03
4.798687315703988133e+03
4.077840918059222986e+03
3.019987461775943302e+03
2.435824124779393060e+03
3.574799818009901628e+03
5.178764655695115835e+03
4.185861733007918701e+03
4.417020646546204262e+03
3.257282623366516418e+03
3.242546254533258889e+03
3.519260346485853006e+03
3.208209189392617191e+03
4.320708122008165446e+03
4.233240465245608902e+03
3.700763755018273059e+03
3.966622196568715481e+03
4.475436822037407183e+03
3.488830984855429051e+03
3.552453126858297765e+03
4.488767849960968306e+03
4.637545694444867877e+03
4.451362846604204606e+03
4.153262820995640141e+03
4.162139949647445974e+03
3.749223366880973572e+03
2.344276869085708768e+03
2.025837220701227807e+03
2.741380963591556792e+03
2.655128785274601796e+03
3.796204847275731026e+03
3.923165582924306818e+03
3.662251883632430236e+03
4.048623426860177005e+03
5.856407833557749655e+03
3.227626953357686489e+03
2.971950576837791687e+03
3.862230330896753458e+03
3.151091645380267892e+03
3.259011797213158843e+03
1.999568736838233463e+03
2.346941853460516541e+03
2.321286725852844484e+03
3.448770880059512820e+03
5.939778509942401797e+03
3.527278368227421197e+03
4.078168940043892690e+03
2.805932728339920686e+03
3.219062378534523305e+03
2.259859540538485817e+03
4.460043046842480180e+03
5.009561989548729798e+03
4.368704167431485985e+03
4.483239757816984820e+03
2.737045491872641378e+03
2.079416257836353907e+03
1.771856502616499938e+03
1.932741799287887488e+03
1.995351165605730330e+03
4.536866181575984228e+03
4.983506190149828399e+03
6.012740005480917716e+03
6.087487746835255166e+03
5.932692354114316913e+03
5.224190605076394604e+03
4.898576563390654883e+03
4.394653976069267628e+03
4.048295937997365399e+03
4.384278926083079568e+03
3.931162239146724460e+03
4.116345343886566297e+03
3.721604995853507717e+03
4.417222467897205206e+03
3.416906424582122781e+03
3.143147330792403864e+03
3.573742821019625353e+03
4.170784840879526200e+03
4.062951350576372533e+03
4.823074491622613095e+03
5.456746225703042001e+03
5.275795261092254805e+03
5.150042346677043497e+03
4.826854770707757780e+03
4.993160699055220903e+03
4.011970974291876701e+03
5.449307349551584593e+03
4.050535274994615975e+03
3.935623598612029582e+03
3.019760463631149833e+03
3.264638839554369952e+03
4.465946770945655771e+03
3.892425950998931057e+03
3.723339893813134040e+03
2.518002916669209299e+03
2.567873814761223002e+03
2.852865180529372083e+03
2.325744302381597663e+03
3.110953249343723655e+03
2.992632706575961038e+03
4.049058959818481981e+03
5.354540031288194768e+03
4.710991821514371622e+03
5.300385862742344216e+03
4.436638880581178455e+03
5.366303662898967559e+03
3.531770701334375644e+03
3.840220943739539962e+03
3.314860964029850493e+03
3.169671804728962798e+03
4.930556241005400807e+03
4.005388642582364355e+03
3.396497176519720142e+03
3.882888763493330316e+03
3.368074089586578793e+03
3.540429722149669033e+03
3.069184036856274361e+03
2.248933521663095689e+03
2.580268608608298109e+03
2.997459952017670275e+03
1.754438147286965659e+03
2.161643643611154857e+03
3.439240718147324969e+03
3.839556162671919992e+03
4.060544911936115568e+03
3.821962321358970257e+03
3.872618227475036292e+03
3.300767027894531111e+03
1.971036333672273486e+03
9.679608235174122228e+02
1.443939144686160944e+03
1.422010237016704423e+03
1.781535098108082821e+03
1.984717496463213593e+03
1.831455798680600537e+03
1.129306545434013515e+03
2.862210911202793795e+03
4.260697972063363522e+03
3.870036111539065132e+03
4.281025171408341521e+03
3.174418834409234023e+03
4.050522080077388637e+03
3.362067656313149655e+03
3.904000700571533343e+03
3.318404019381978742e+03
6.033997756770880187e+03
4.842653692384951682e+03
5.293614553949632864e+03
5.093393458993024069e+03
2.203457034587270300e+03
3.491709975759489225e+03
1.976118680318579436e+03
1.854951952228419259e+03
2.360434452075544868e+03
1.710534380839788128e+03
2.049152810309808046e+03
1.824437940267287559e+03
3.333648392926023007e+03
4.915239538826945136e+03
6.072376017607044560e+03
5.790214273129398862e+03
4.633650711871867315e+03
5.009447922640240904e+03
4.268455416479549967e+03
4.623339498828581782e+03
3.834683269987962376e+03
2.192888958330641344e+03
1.718000216133599451e+03
1.849206787161260536e+03
1.771104521251827919e+03
2.316336614502706198e+03
1.678613252673721263e+03
3.406567842722240130e+03
4.997972073322086544e+03
3.890320041988538833e+03
2.927096574317268733e+03
3.476884983671334339e+03
5.080033971170800214e+03
5.519873815996132180e+03
5.407830798650405995e+03
4.689314048960943182e+03
5.100114153343094586e+03
4.741388541208945753e+03
2.831559683756585400e+03
1.346570225498251830e+03
1.064941465056362404e+03
1.772630470478628922e+03
1.852053174231668663e+03
2.534509722084979330e+03
3.828441845880566234e+03
3.758746205817531973e+03
2.995131201779123330e+03
3.345315660024578392e+03
3.231343389673511410e+03
4.156632165166923187e+03
4.209341624939082067e+03
4.881354578665060217e+03
5.397492538175350091e+03
4.929920223588806039e+03
5.044296595641826570e+03
4.656884385238523464e+03
4.853302168119404996e+03
5.222165065401082757e+03
3.810628118195558272e+03
2.598838167734599210e+03
1.963549102268103525e+03
1.340860149646236778e+03
1.461122980014806217e+03
2.142297083212469261e+03
3.005462572105287563e+03
2.387287447622389209e+03
3.255844467488781447e+03
3.740431919733171981e+03
3.369975467800373735e+03
3.984742247017830778e+03
3.710687105708877425e+03
3.688467484741646331e+03
3.283735599569902206e+03
3.737306655806634808e+03
3.602772344367248024e+03
2.531547373386400068e+03
4.164525117221490291e+03
3.161737255308945805e+03
2.966977798628290202e+03
4.159228204414175707e+03
3.121299916184376798e+03
2.775722970847465604e+03
2.045665901430648773e+03
1.640560239628469390e+03
5.809728024301320147e+03
5.398834701066638445e+03
5.932584035494623095e+03
6.220022918099517483e+03
5.091682550253665795e+03
5.181116716060813815e+03
3.335276884331051860e+03
3.029467553590432090e+03
5.712574463502328399e+03
3.257617342267698859e+03
2.631446706271437961e+03
2.377759376248693570e+03
2.659405901538233138e+03
3.050194846367330229e+03
2.813789750919209382e+03
1.384056984525414009e+03
1.405963506003821749e+03
2.314620350846570545e+03
3.432062932053685927e+03
3.277728854359665547e+03
4.604215661065064523e+03
4.657205398034747304e+03
4.622478017875496334e+03
3.361207573285355011e+03
3.720993801032096599e+03
2.424189440710885719e+03
2.712462800234393853e+03
1.963619542812266218e+03
1.776053544246656202e+03
1.757393250069649639e+03
1.343279357916962681e+03
1.353782582938924179e+03
1.483642043040902990e+03
2.477794190988802711e+03
2.525444875726562259e+03
2.914660747241454374e+03
2.560239813696870442e+03
3.107577688644373211e+03
3.290988435516430854e+03
2.525290114028874086e+03
2.625358981442177082e+03
2.698432003750066542e+03
2.769843207186862401e+03
2.340497479183760333e+03
3.102319483877377024e+03
3.258245563309211775e+03
2.339817071663273964e+03
2.404342843775054916e+03
2.624973112013412447e+03
2.495950987635925230e+03
2.418861308324861056e+03
2.122683634551178329e+03
2.218523480382002617e+03
2.586510703098376780e+03
2.283197369569849343e+03
1.233054004389719012e+03
9.914464799993717179e+02
1.412064801528049657e+03
3.602173172138552673e+03
7.562318503991912621e+03
5.946878669827744488e+03
5.968515091949344423e+03
5.145837313756242111e+03
5.657673161251624151e+03
5.711388115345153892e+03
5.120811041746155752e+03
4.390747988870738482e+03
3.690929264530656837e+03
3.404537367358102529e+03
3.540860698748494087e+03
3.412043784131656594e+03
2.606696219162271063e+03
2.323604876506074561e+03
2.490075263898420417e+03
2.006727056934682196e+03
2.205375931947776280e+03
2.750042282364982384e+03
3.305037730953659320e+03
3.263111928693198024e+03
4.672083326607447816e+03
5.734279082568098602e+03
6.782630594799023129e+03
5.598404772305641018e+03
6.567930897443180584e+03
7.768345224094175137e+03
7.290820056582603684e+03
5.267196676296661281e+03
4.828985501553801441e+03
3.906128797030761689e+03
3.039456397410458976e+03
3.724530651803921501e+03
6.168545655431415071e+03
8.364867913329400835e+03
4.004175824677736728e+03
7.481187223556931713e+03
5.050662914060386356e+03
4.189832624248154389e+03
3.198332136128803540e+03
3.842482892225353680e+03
4.223360417695606884e+03
3.374909019942958821e+03
2.541795391804183510e+03
3.251724218566174841e+03
2.648776970515737503e+03
2.710706490494661011e+03
3.124225413467321232e+03
3.383363013646998752e+03
1.975081628285985744e+03
2.496131962916871089e+03
5.862089957482495265e+03
5.083726873366568725e+03
5.558562191124638048e+03
4.754712371563835404e+03
3.077489819553135476e+03
4.341030482341508105e+03
2.984912609948607496e+03
3.088485168277297362e+03
3.115153568207256285e+03
2.700289071288950254e+03
1.856726074459365691e+03
2.774286245080477784e+03
2.202447466517560315e+03
2.166607804618180580e+03
1.801459763566928814e+03
3.540775073806229557e+03
5.711327976751212191e+03
4.117025675904166746e+03
5.321749573879896161e+03
4.051587012519473319e+03
5.326384656554108915e+03
5.912785926212883169e+03
5.770861892492732295e+03
5.049943991282085335e+03
4.673925300873697779e+03
3.469772503449420128e+03
2.302400937175591480e+03
4.359364077234279648e+03
6.429385486696800399e+03
8.636328609483623950e+03
8.374734623980684773e+03
6.456280532047805536e+03
6.408698692954720173e+03
6.490650884936499097e+03
6.274285084118422674e+03
3.879640225044020553e+03
3.801873741945094025e+03
2.240080938358952608e+03
2.814962060835438479e+03
1.652537239796379254e+03
1.498904441070942084e+03
1.899498921903141081e+03
2.129491772162469715e+03
1.782725598629824390e+03
1.825598153989883713e+03
1.787491793965702072e+03
1.399281534275056174e+03
2.215292281905648906e+03
2.430628975016008553e+03
2.957728332736124685e+03
3.851072755539639729e+03
2.915786150314792394e+03
3.513388923474283729e+03
3.196021788719715914e+03
3.619036240011507289e+03
2.779696741964747162e+03
2.078144814860964743e+03
3.001441193759059388e+03
3.046214860579026208e+03
3.328583221008129840e+03
1.849632380248555364e+03
2.671792718786637579e+03
3.171735635310247289e+03
3.925535317826201663e+03
3.800054413289672539e+03
4.359140183479617008e+03
1.535036782975509368e+03
3.272894133995537231e+03
3.827409218011768644e+03
3.236491394574957667e+03
3.247195305039913364e+03
4.184443432400441452e+03
3.215035936453943577e+03
6.317571141831092973e+03
4.444140135091693082e+03
3.300771408514881841e+03
5.187741749961906862e+03
4.018849182343579287e+03
3.018727678677948916e+03
2.267673288639666225e+03
1.789515395951139453e+03
2.329161186879473007e+03
4.202101689755749248e+03
4.360816874368907520e+03
3.566998428155396141e+03
4.123412010535401350e+03
3.684258907138394989e+03
5.753709987046559036e+03
4.115111502994565853e+03
4.950855173787263993e+03
6.140151285412384823e+03
4.074037037086737655e+03
4.262193254108208748e+03
3.784861840477063652e+03
3.986740817733720178e+03
3.275437679745592050e+03
2.675508367781187644e+03
3.834097821239205587e+03
3.390200642020868145e+03
5.520140218550629470e+03
5.830953488588369510e+03
5.456124801293702149e+03
5.954362979897596233e+03
6.061055450185019254e+03
5.089477480928601835e+03
4.618199791247920984e+03
3.433031782570979431e+03
4.108756395653375876e+03
3.057825975861457664e+03
2.931777788358615908e+03
4.415237798393701269e+03
3.076196411800202441e+03
3.481745686697600377e+03
3.055789251787752164e+03
4.211921329171939760e+03
3.000812021115684729e+03
5.686263891360544221e+03
4.238860920438192807e+03
4.840208362868088443e+03
5.701302654126905509e+03
6.693826536831915291e+03
5.582956950025236438e+03
4.416311423543718774e+03
4.537098111818221696e+03
4.937562504796561370e+03
2.732621415157962474e+03
3.772368475968811254e+03
3.493192928516382835e+03
3.647863095484086898e+03
2.766420838312575597e+03
2.421587678203906762e+03
3.032137033897469337e+03
1.710058221847008554e+03
4.654759588542045094e+03
4.901879297726768527e+03
5.158364697237950168e+03
4.284116055291983685e+03
4.088894617277288035e+03
3.543234524944941768e+03
2.777608921555412508e+03
1.725919298554129682e+03
3.333643699143055528e+03
3.871117731054787782e+03
2.703381965444182697e+03
2.808046919951314976e+03
2.807446907302132331e+03
3.142204880931972639e+03
3.867364179253154362e+03
4.441198357036304515e+03
3.779691119301211984e+03
3.287320646545208092e+03
3.098603544003269235e+03
1.976439395782291513e+03
2.241940087111807316e+03
2.047950651860102880e+03
2.062216590008687035e+03
2.297973456520816399e+03
4.014902226402441556e+03
5.217207695716268063e+03
4.287308487372731179e+03
5.160182093344038549e+03
5.230611156982156899e+03
5.344304437331920781e+03
5.359837550693971025e+03
5.102843967731837438e+03
4.937193825083386400e+03
2.873717404082854500e+03
3.097194021530206101e+03
3.997321696695235005e+03
4.979714154162866180e+03
5.158008857755834470e+03
5.555173608207351208e+03
4.181152582853420427e+03
3.502207669427337350e+03
4.405392839681779151e+03
4.365179435494875179e+03
3.095518167418247231e+03
2.541096947085381544e+03
2.972191584985128429e+03
4.770055483562447080e+03
4.109280685986553181e+03
4.144666748729749997e+03
4.794925554716209263e+03
4.756992953542032410e+03
3.523500244166688390e+03
3.681620366993155130e+03
3.268126045164651259e+03
3.252441395387287685e+03
2.952491235869910724e+03
2.829585209651619607e+03
2.540859579253718039e+03
1.685270860547773736e+03
1.955114958482254451e+03
1.276011653825521080e+03
1.640497493387956411e+03
3.260768531661735778e+03
2.976776511917751122e+03
2.945087890792235612e+03
3.659274669880051079e+03
5.182622138402128257e+03
5.201493974424751286e+03
4.384862582415685210e+03
2.620566740595539159e+03
2.023392180623981403e+03
2.626786506151772301e+03
4.071282794466362702e+03
1.923973005000966168e+03
1.021133641591467040e+03
1.086578325820901455e+03
1.361676288438887468e+03
1.125815943006115731e+03
1.613534329146494883e+03
1.992989932486206271e+03
3.382429883781686840e+03
6.929090947349288399e+03
4.196852905297704638e+03
2.649800197635970108e+03
5.569075918183742033e+03
5.923272217387232558e+03
9.505305136008895715e+03
9.590347477133864231e+03
6.102193329106635247e+03
8.282100592193673947e+03
7.357500345527201716e+03
6.180930061745304556e+03
7.649898393300063617e+03
5.598307947123780650e+03
4.833234918271464267e+03
3.249008446504190488e+03
5.035793656305577315e+03
5.079134582559521732e+03
4.073603331200650700e+03
4.099447811598044609e+03
3.774978824473836994e+03
4.256143385174382274e+03
4.357534788982245118e+03
4.547591891572100394e+03
4.048811625335803001e+03
2.653373415077414847e+03
2.877999854377951124e+03
3.038282534116600345e+03
3.089861670996875091e+03
2.241358800559968131e+03
3.038723551550657703e+03
3.191941086522305795e+03
3.673641693813480742e+03
4.806855953814889290e+03
6.440485913726276522e+03
6.723352039797026919e+03
6.319774312383815413e+03
7.217793927731520853e+03
5.538476095168021857e+03
4.216098150173726935e+03
6.160863989038609361e+03
5.676548647165253897e+03
6.459322308644109398e+03
6.414983875859194086e+03
5.897708271237929694e+03
5.700434244969191241e+03
3.678599785500915459e+03
3.142400382405571690e+03
3.760784588231061207e+03
2.076763700238218462e+03
1.322187091063172375e+03
1.578600846893506059e+03
1.442715683316736886e+03
2.405094437591490987e+03
2.853858175406642204e+03
2.681359445886521826e+03
1.997959100722074027e+03
2.429020816780165205e+03
2.315397632056374277e+03
3.152761080355929153e+03
3.148341848781889439e+03
2.248269531390211341e+03
3.048921359158666746e+03
2.717862759130385712e+03
2.100798614750283377e+03
2.648935739815203760e+03
2.765811390987528739e+03
2.265525986690744503e+03
2.263941253733900794e+03
2.468393098359092164e+03
2.513533358810983827e+03
2.368490538146243580e+03
3.995983155213964437e+03
2.821980554049325292e+03
3.354521142431153748e+03
3.138824116034649705e+03
2.194039233379894540e+03
2.273055303343901414e+03
2.035956834171357741e+03
1.925569118668368219e+03
1.447646177800721489e+03
1.548564894398743263e+03
1.055427508062464767e+03
2.731485012155323147e+03
1.958419025995400034e+03
3.151076165468515228e+03
3.888140721254257187e+03
4.474558121037870478e+03
2.604085700454676953e+03
5.052956078768830594e+03
4.356485503135105319e+03
4.610100879746044484e+03
3.203699490894881819e+03
3.846095703478790711e+03
3.591912518024197198e+03
4.105785978939858069e+03
4.181021762692786069e+03
5.660015741985743261e+03
5.971030570907892070e+03
3.727167485091316394e+03
4.480109693760642585e+03
4.449859954516924518e+03
4.912041872441023770e+03
5.107575000575369813e+03
4.445325636414529981e+03
3.412770992094966914e+03
4.462327906174063173e+03
3.642989801091222034e+03
3.696839689386118152e+03
4.192037162238813835e+03
4.121965953211135457e+03
4.493900235999941287e+03
4.415174354461608345e+03
4.836254137280297982e+03
5.411734147980871057e+03
4.350354765158224836e+03
5.446249278839165527e+03
5.507900816193593528e+03
5.134474258490231477e+03
3.157893817843897068e+03
5.065511774490249081e+03
4.724244885408285882e+03
3.170437278145848722e+03
3.820515511938560394e+03
3.702318318868105052e+03
4.380301634310312693e+03
2.532590577612165816e+03
3.245535352136006622e+03
3.424805564429928381e+03
3.610833207790810320e+03
2.888157139178286343e+03
4.376968150518553557e+03
4.028165282967823259e+03
4.170372659990320244e+03
4.724005627674628158e+03
4.534556003028717896e+03
5.837256898792054017e+03
6.649082789928621423e+03
6.970456259322828373e+03
6.902999158250982873e+03
4.442540122882638570e+03
2.747202951750310604e+03
2.643910549536479721e+03
2.208827598067569852e+03
3.448529503268294320e+03
3.855227168308269938e+03
2.561006362464441736e+03
2.595324173491064357e+03
4.294269308563913000e+03
3.608401142152271404e+03
5.543154350878190598e+03
4.604570215912225649e+03
4.329798955038388158e+03
4.339034114661000785e+03
5.157601093630234573e+03
4.353334330993149706e+03
2.875542480107331357e+03
2.320301830556793902e+03
3.139147986337324710e+03
2.799004263624354735e+03
2.286509122638230110e+03
3.750572853209139794e+03
4.227447664655945118e+03
4.653205236390742357e+03
5.524156994864432818e+03
4.320619640819153574e+03
2.456947249965671745e+03
2.082634627545972307e+03
2.888825956640479944e+03
2.901219010289757080e+03
2.361473100563973276e+03
3.418834724830042433e+03
4.213014724361250956e+03
4.845029128257257071e+03
4.524069163474020570e+03
4.327945844671941813e+03
2.831758427603691416e+03
2.957341676183119489e+03
3.211594171411025854e+03
3.027604734698277298e+03
3.487466842190677198e+03
4.101848389378726097e+03
4.308630905221744797e+03
4.403732170399298411e+03
4.031874730878361333e+03
3.515990559822823798e+03
4.142326955015381827e+03
4.458880393792947871e+03
3.432936780962089415e+03
3.644022178601042469e+03
2.919066839976238953e+03
3.040127072498801226e+03
2.361790426717729588e+03
2.793323409680962413e+03
2.504531613236862540e+03
2.723322346534123881e+03
3.229828817662862548e+03
3.783263429984428967e+03
3.403367502254345254e+03
3.325968025484662576e+03
3.293868826122563405e+03
3.238992916994626285e+03
3.236858286250610490e+03
2.935193665225560380e+03
3.184711571856239971e+03
3.398120434836686854e+03
3.401811225574849232e+03
3.306706214465457833e+03
3.722078329457717246e+03
4.058220370711015676e+03
4.065165133241201602e+03
4.307762207950830998e+03
5.581885386310303147e+03
5.472083703121301369e+03
4.976661097665483794e+03
4.510649404386303104e+03
3.951432802723154509e+03
3.949797467411036905e+03
2.987859178325749781e+03
2.865607659201359638e+03
4.160597913275669271e+03
3.396825415380633785e+03
2.010384321202157935e+03
1.478039746928545810e+03
2.010452982619899558e+03
1.604813442577349861e+03
2.054196743779253211e+03
1.625652571833926913e+03
2.242988988307284671e+03
3.284018066745026317e+03
3.178575496990385091e+03
2.869350455149914069e+03
3.235078648343875557e+03
2.852612641928639732e+03
2.601188065574970551e+03
3.386558918638187606e+03
2.436892672107591807e+03
2.618408815122133092e+03
3.251816322521865459e+03
3.535071956305728236e+03
3.663245470833263880e+03
5.208393260225526319e+03
4.035552939430845072e+03
3.857762170002606581e+03
3.125432481415947223e+03
2.088336596742274196e+03
3.339038160097078617e+03
3.097451521481514646e+03
3.617380439886582280e+03
3.077840132906926556e+03
3.436705431429205873e+03
3.351034044142100356e+03
2.737859609002578054e+03
2.237563313191508769e+03
2.677475094612528665e+03
2.589356914221666102e+03
2.705607287971814912e+03
3.386499654702604857e+03
3.950330055100318077e+03
2.825352113894910872e+03
3.786468505678291422e+03
2.789045039356798952e+03
1.805121760714459242e+03
1.250628472587381111e+03
1.212092549317577323e+03
2.622585390408432431e+03
2.847313682464368412e+03
2.969180954859115445e+03
1.906020579722358889e+03
2.354803615329414242e+03
1.577568631477147392e+03
2.002839188977973208e+03
1.911919966037878339e+03
2.366026796738177381e+03
2.262581831340305598e+03
2.821284002074001364e+03
2.899102080881272741e+03
2.383095949173170084e+03
2.504092839261730205e+03
3.008637272839475372e+03
2.980999378456333034e+03
2.321118422588201611e+03
3.459719568314152184e+03
2.801033438872165334e+03
2.305407730491288476e+03
1.817646846230539268e+03
2.125595586269530031e+03
2.405229384361266511e+03
2.128008954272426308e+03
1.874742266503512610e+03
2.479455800901020666e+03
2.313028330615477898e+03
1.958174149212090470e+03
1.762314625760191575e+03
1.632082536762170321e+03
1.252256329971018886e+03
1.144994165001472766e+03
1.246604705957722445e+03
1.259442132013128003e+03
1.094636307037179677e+03
1.905817124028572835e+03
1.885196804925487868e+03
2.422091870596367698e+03
1.903346098722777697e+03
2.423101840316111975e+03
2.908825724241541593e+03
2.966024948241862603e+03
3.965403601885910575e+03
3.620869113973818003e+03
3.614930342337181173e+03
4.457035332561760697e+03
3.156238886235523751e+03
1.674544079341304723e+03
2.679531121798156164e+03
3.743104267188167341e+03
3.576397680845090235e+03
3.277293724357494739e+03
5.940954895814545125e+03
4.909032232672955615e+03
4.935883174386352948e+03
4.831104264876139496e+03
4.950953618316800203e+03
4.258412156661855079e+03
3.857236885527759114e+03
3.914313594082334930e+03
4.602115897252033392e+03
3.954674010453205028e+03
4.521980684842541450e+03
3.665481704415331478e+03
5.121098309588568554e+03
4.170414714683884085e+03
4.803951691801469678e+03
4.501102165064732617e+03
4.791989905869147151e+03
5.121131368000049406e+03
4.924768739310346973e+03
4.150588388546386341e+03
3.362917598146373166e+03
2.746775287666739587e+03
2.285855886013047439e+03
2.418168076676893179e+03
3.193800583972269578e+03
3.075522564617382614e+03
4.355703467037192240e+03
3.874779028120387920e+03
2.574033809579867011e+03
5.480280107053761640e+03
5.427130049972696725e+03
5.240745008297722052e+03
4.495485736476161037e+03
4.106455490736274442e+03
4.538342107473112264e+03
4.046260182673308009e+03
3.838117797415229688e+03
4.879482013349215777e+03
2.100190541444945211e+03
3.017448753320298238e+03
2.731168309739499364e+03
2.684102102545721664e+03
1.486913903248084807e+03
2.467675069811673893e+03
3.183187156691812106e+03
3.364702076787609258e+03
3.283462579008914417e+03
3.252795776229827879e+03
4.126538673231039866e+03
4.529252955527856102e+03
4.479157199239782130e+03
4.806512894994432827e+03
4.747010381463025624e+03
3.797574114069658663e+03
4.285411217374515218e+03
3.954862603302265143e+03
3.786872399177152147e+03
3.826486045445512900e+03
3.564279822124648945e+03
3.160228742170736950e+03
3.612372874976286766e+03
3.826240625459626699e+03
4.154461694639649977e+03
4.281733205161051046e+03
3.149049345292947237e+03
4.235824307916781436e+03
4.106620955048104406e+03
3.590641310497532686e+03
3.166206053564724698e+03
3.822900418801024898e+03
4.127744925621198490e+03
4.494928022806820991e+03
5.407892294881638009e+03
5.359108156530482120e+03
4.119338172961104647e+03
3.990334231196726705e+03
1.952962196969358274e+03
2.623236010866075958e+03
1.640706045130720895e+03
3.086904653310353297e+03
4.478797817061024944e+03
3.237020473651334214e+03
2.806325196589367806e+03
3.534533929409922621e+03
3.746600701128372293e+03
3.348072231232768445e+03
3.654891221771035816e+03
2.977169067366160562e+03
4.028921219062434375e+03
4.807096298433857555e+03
5.253735208475042782e+03
7.012819880336255665e+03
5.074109462121589786e+03
5.895371970265886375e+03
4.307047562454351464e+03
3.727874880846303313e+03
2.920167282178474125e+03
2.597972876027860366e+03
5.639527167880483830e+03
6.426518007345471233e+03
2.957271474838715221e+03
1.626517141332656365e+03
1.517970240288567766e+03
1.597914510643854328e+03
1.700357297221929684e+03
2.500371517943653544e+03
2.397103495811938046e+03
2.705526815163532774e+03
2.009599449839927502e+03
1.823777516700004753e+03
2.086012002689328256e+03
1.894347179229425592e+03
1.383208548224369679e+03
1.904359636338402652e+03
2.273721053564567683e+03
2.481461482239546513e+03
2.595997299695618494e+03
1.815719250207730056e+03
1.291445758880103313e+03
1.178590744812536741e+03
1.461389689654104359e+03
3.666537942621910133e+03
4.077953066980101994e+03
5.178463760950273354e+03
4.040132138665315779e+03
3.360594333773674862e+03
3.650795837677552754e+03
3.853189860594406127e+03
4.293377431955307657e+03
3.918034830714620966e+03
2.778380565941371060e+03
2.872259727880912578e+03
2.448293337684911876e+03
4.079435427339316902e+03
2.862507764190071612e+03
2.616224979078715023e+03
3.705757501251490339e+03
3.168176402797134870e+03
4.682019469800351544e+03
3.938792954339716289e+03
4.261469623956630130e+03
5.441265463164831090e+03
4.740584958498082415e+03
5.155373635428216403e+03
6.164108604588115668e+03
3.176726537680640831e+03
4.767909929542237478e+03
3.883096367815411213e+03
4.412639758586903554e+03
3.296886284066042208e+03
2.157770501426298779e+03
2.528677612320208482e+03
3.209871131704702293e+03
3.545162668359680993e+03
3.890181745297045381e+03
4.145895270452070690e+03
3.938452058947268142e+03
4.794893121097758922e+03
5.283892280479622059e+03
4.889780768973663726e+03
5.238598318936184114e+03
4.613813331072983601e+03
3.338320560351281983e+03
2.503503949120077777e+03
2.281849841258146625e+03
2.631678954366963353e+03
2.134508393131861794e+03
1.905386259961792803e+03
2.829724168728450422e+03
2.933624052088664030e+03
3.313487142387755739e+03
2.993916590278422518e+03
2.714921935385861161e+03
2.579562300312702519e+03
2.276211851114252113e+03
2.634783809007499258e+03
3.331386199162712728e+03
3.602979540344836096e+03
4.243307248235404586e+03
3.700934178422336572e+03
2.982625307017435262e+03
2.617997953785149548e+03
3.515478913571508201e+03
3.596633994560564588e+03
4.196787221661135845e+03
2.089488864557968100e+03
2.115875151093629484e+03
2.288664387450919548e+03
2.287958227942272060e+03
2.427331448839016502e+03
3.492392456645276980e+03
4.315657947934140793e+03
4.415178605587489983e+03
4.116433433948967831e+03
5.391717398570442128e+03
4.440952104703209443e+03
5.246016590328787061e+03
2.724860761375835864e+03
2.231771445152836350e+03
2.366220418066503044e+03
2.052564247035330936e+03
1.720830034429930947e+03
1.983801398596078798e+03
1.722620089542395363e+03
1.546192417158152921e+03
1.190989729845314969e+03
1.912539084543002446e+03
2.084336806360097853e+03
2.843526839126247978e+03
2.655526832817083232e+03
2.578375995051845621e+03
2.846386649895870505e+03
2.514899193501415084e+03
3.065456718843302042e+03
3.777236063421541985e+03
4.987494381091757532e+03
4.921508760452156821e+03
5.533330242955822541e+03
5.484508909795311411e+03
5.490022996787347438e+03
4.167778852169632046e+03
4.313343151447807031e+03
3.479586491124596705e+03
3.138058315729017067e+03
2.650767840931564479e+03
3.337490350846746423e+03
1.649540257780511183e+03
1.426425371224498576e+03
1.856091228416400099e+03
1.764253398533676545e+03
9.812102937139603682e+02
3.288699809096671743e+03
4.196238452188075826e+03
4.338300816212500649e+03
4.558584729319069083e+03
4.354278984606380618e+03
4.213599516792880422e+03
3.023297651847793531e+03
2.762692478318726444e+03
2.738544031145358986e+03
4.066673172236202390e+03
3.676955348458127446e+03
3.522536516337299418e+03
5.242993874899892035e+03
5.091079430640984356e+03
4.184126426622860890e+03
5.333313203731929207e+03
4.900847919533739514e+03
4.866434378421226938e+03
4.078187785886273105e+03
4.885978552517191929e+03
2.925877203372313033e+03
2.932695686248276616e+03
1.865307781763255434e+03
2.320355817610002759e+03
2.519588120974110552e+03
2.432393199682365321e+03
3.750327930012592788e+03
4.355405638547291346e+03
4.258070142271963960e+03
3.974561998666095860e+03
2.665268180836676947e+03
2.046569441669468006e+03
2.975507552930962902e+03
1.871982623696833798e+03
1.577928422468057988e+03
1.567437150661598707e+03
1.756754833075478018e+03
1.529110348618473154e+03
1.007899354843678793e+03
1.298880600056512549e+03
