1.246113229600411159e+03
3.719216030139217764e+03
4.805666124064955511e+03
6.868859837979111944e+03
4.662016224442243583e+03
5.282947542001548754e+03
6.005013044819063907e+03
7.945725590525672487e+03
6.661997207916881962e+03
5.088236651192151839e+03
7.120580744504743052e+03
6.041262434071826647e+03
8.569559722428753958e+03
8.220425804834381779e+03
9.667370839004752270e+03
7.716136311460721117e+03
5.838747730614297325e+03
7.439622874297248018e+03
7.741249748528409327e+03
7.582882376406425465e+03
3.057693908402752641e+03
6.673921519988360160e+03
8.461046209463600462e+03
7.545365612044794943e+03
4.040706404493658738e+03
6.528525294078819570e+03
5.803064206507136987e+03
3.716580931906039950e+03
1.700966726476842723e+03
2.571194656648883665e+03
2.275245096130879574e+03
2.556196364246883149e+03
7.424929438145166387e+03
5.517693466820862341e+03
6.819887209619744681e+03
6.818415281316787514e+03
4.894930681416758489e+03
3.543822260785686467e+03
3.604470333955903698e+03
2.860830602925210769e+03
2.634670278540993422e+03
6.149819174937049866e+03
6.002911325094100903e+03
6.208564486169188058e+03
4.395855776601950311e+03
6.057420520013633904e+03
4.202375961495346019e+03
5.414792741185518935e+03
4.538704899972400199e+03
6.334795519423129008e+03
4.731714901839794948e+03
4.971969588292769913e+03
4.226600004208554310e+03
3.045349064771102348e+03
3.404591536349525086e+03
4.256578427455983729e+03
4.454665809327742863e+03
6.944678165839671237e+03
7.869879628006337043e+03
5.336743795174525985e+03
7.265812423222811958e+03
4.787944255304029866e+03
8.700134600634117305e+03
8.313215393427262825e+03
6.172975031881219365e+03
1.045217932030711199e+04
7.812643897465442933e+03
6.766546314943400830e+03
7.320370377434112925e+03
7.711019727587643501e+03
6.585722067578570204e+03
7.936796265257637970e+03
4.782938334233142086e+03
2.202699270177445214e+03
2.387320534260426030e+03
2.294054741479660606e+03
1.900338523701087524e+03
1.881514139937943355e+03
2.218872417676665464e+03
2.668760467712898389e+03
2.906693337443356995e+03
4.860269367576306649e+03
4.822785091562689558e+03
7.288858684368148715e+03
5.859862576843876923e+03
7.944737353916179018e+03
3.629491952675817629e+03
7.725096909534069709e+03
5.801208793929670719e+03
4.565153733175962770e+03
3.856454782455989516e+03
6.096946994660229393e+03
6.957436617237891369e+03
4.001301033826206094e+03
6.594055257743209040e+03
8.639091238471977704e+03
5.371449836238462922e+03
5.841217116368083225e+03
4.952490589801791430e+03
4.852407802712569719e+03
9.218807199303371817e+03
7.773675165281771115e+03
8.398975300200920174e+03
9.028187703059476917e+03
7.707517658620125076e+03
7.587170080593592502e+03
4.228858450111465572e+03
3.385284585852082273e+03
4.938236470894915328e+03
5.854959808997897198e+03
7.384419793560333346e+03
9.576893517108703236e+03
7.545938441563793276e+03
8.519186371435294859e+03
1.140324312213071062e+04
8.585943623739087343e+03
7.681841312909697081e+03
9.934644668396436828e+03
7.247417480626076213e+03
9.061549433875679824e+03
9.060094323501385588e+03
7.444431098863803527e+03
8.155335526473146274e+03
9.508245784708567953e+03
6.947848511701732605e+03
7.822150182999996105e+03
9.425837131569978737e+03
1.006136210957145886e+04
1.053962690957264931e+04
7.289182099651686258e+03
9.661229390365188010e+03
8.958209849160004524e+03
8.335616183260875914e+03
5.782086903773283666e+03
3.591038182832361144e+03
2.341419654525633632e+03
2.883155868364862272e+03
5.271801303603854649e+03
7.374530631100202299e+03
8.673093229204869203e+03
8.033957548677390150e+03
7.390587244887060479e+03
5.889047450203957851e+03
6.718290536846199757e+03
8.114822994453691535e+03
8.767976075409809710e+03
7.127355956214243633e+03
1.001798097369704738e+04
7.727333570625565699e+03
6.554800377363164444e+03
4.570942206641199846e+03
4.540123399855331627e+03
3.989900535850977576e+03
4.116194876051814390e+03
3.858626444853609428e+03
3.941478467231293507e+03
5.829407428686483399e+03
2.883020304085745465e+03
5.836239985907332084e+03
4.242765231683491038e+03
4.437551166103318792e+03
5.559531200539767269e+03
4.640903484410277997e+03
7.665307308132055368e+03
7.963523691380104538e+03
5.263841827867930078e+03
6.918273877651822659e+03
7.128946002213781867e+03
6.959632326198116061e+03
5.182944935131645252e+03
7.618882681936997869e+03
8.836744424114178400e+03
8.331972602890478811e+03
6.031269499133813042e+03
3.504650569358849225e+03
8.211093777971645977e+03
7.088149154272112355e+03
8.617491934416184449e+03
6.320949267710911045e+03
4.254841315250120715e+03
3.457377543009733927e+03
3.693955228187468038e+03
4.631213061428284163e+03
3.889177741990558843e+03
4.405289194057914756e+03
4.481729753482510205e+03
4.085712942356597523e+03
4.785988203191468529e+03
5.307812406618997557e+03
7.312079659913272735e+03
5.715970499286129780e+03
6.410564360818738351e+03
5.829203955803806821e+03
6.231297535170321680e+03
5.222452784432462977e+03
4.986957765589574592e+03
4.656247738931779168e+03
6.279865888789589008e+03
5.774426823394646817e+03
5.398439582210590743e+03
3.769889129032353139e+03
3.247597078278271056e+03
5.213196241628867028e+03
4.931378730226510015e+03
3.654481422776063027e+03
6.126008762980233769e+03
3.571415368982623022e+03
3.148967739634995723e+03
2.485812614550374747e+03
2.313715290412570994e+03
2.441071100774986007e+03
2.140792005209888885e+03
3.168258521107784873e+03
5.588187580483189777e+03
6.889509946410102202e+03
5.964900244797238884e+03
8.911947692092326179e+03
8.016910287265569423e+03
8.016871652366717171e+03
4.512370695482062729e+03
8.124859151305503474e+03
9.402680406533927453e+03
6.776888085063273138e+03
7.993441587938520570e+03
5.617498157676320261e+03
6.634946019000092747e+03
3.832402597911882367e+03
6.091145847658433922e+03
3.942526421841032516e+03
5.389313583312842638e+03
6.492905072213563471e+03
6.774048027085177637e+03
5.492571349376189573e+03
2.575435662025267447e+03
2.407798923867448593e+03
2.277629221116802000e+03
4.409360427231456924e+03
7.167310034179831746e+03
6.078995896539095156e+03
7.869929482969692799e+03
3.874133474707902678e+03
4.848304831332505273e+03
3.867545747799925721e+03
4.168047427947516553e+03
4.794229939192316124e+03
6.247052210216003914e+03
4.195933762706777088e+03
3.842530562021987407e+03
3.484387144633786647e+03
3.333358929855051883e+03
3.063454425508221902e+03
3.237247504920037500e+03
7.185552755253603209e+03
8.577913648032652418e+03
9.025591429992562553e+03
6.471031233601736858e+03
4.322631953932484066e+03
5.222187848792209479e+03
5.999212663856354993e+03
7.868694780821886525e+03
6.497191858103223240e+03
6.158067840196530597e+03
5.889904425259714117e+03
7.731974995302086427e+03
6.705328336058184505e+03
5.463392965483071748e+03
9.447331894784203541e+03
7.084704887758631230e+03
8.788419991342854701e+03
8.032324245092728233e+03
6.909308954958933100e+03
5.134222335552610275e+03
5.379544908481995662e+03
4.892987550367099175e+03
6.441894904848723854e+03
6.898849086540983990e+03
5.929146899061931435e+03
8.454389117007671302e+03
8.450315751005406128e+03
5.062755740435857660e+03
4.206833471734621526e+03
3.430562673053299932e+03
3.961562573204546425e+03
3.786142810805446970e+03
4.619506800401656619e+03
6.200802616806631704e+03
7.772183032247104165e+03
1.074177649665857825e+04
5.067286549671766807e+03
1.061978244078627176e+04
8.301738478283246877e+03
6.391951117497286759e+03
7.714438710252426063e+03
5.747869066362868580e+03
3.203650141845789221e+03
3.790622843792008553e+03
4.696656703748696600e+03
4.302355559067496870e+03
5.558180232667331438e+03
5.452058570646295266e+03
6.927037069562816214e+03
7.818701567020323637e+03
7.566260728608176578e+03
6.704179094645456644e+03
8.719216083769422767e+03
5.552713140708358878e+03
2.660403554411057485e+03
3.181637733495083921e+03
3.278572445430523203e+03
4.338010214865901617e+03
3.244940616377242804e+03
4.033354957530570118e+03
4.862923925384491668e+03
3.039179282333496758e+03
3.048127961813184811e+03
3.250128967877808464e+03
2.959476301853682799e+03
3.323105359572449743e+03
3.593818169615286479e+03
3.997146876676927604e+03
3.024159078403010881e+03
4.280484693716990478e+03
5.111390732541757643e+03
5.584179763192611063e+03
7.184966611114744410e+03
7.877762810941948374e+03
7.689864529706977919e+03
8.800518391128107396e+03
8.330677063369546886e+03
7.010710715144528876e+03
6.678389762460109523e+03
6.569777581081270000e+03
3.526126263884400487e+03
6.801830995170959795e+03
6.728995328279320347e+03
5.212212496829331940e+03
5.251022651705504359e+03
7.892130975376206152e+03
7.495901654067481104e+03
8.004122925390829550e+03
4.126242771425850151e+03
6.171939429321753778e+03
5.114928194877479655e+03
5.083965845235999950e+03
5.730627516056109926e+03
4.458632583014203192e+03
7.526312008330662138e+03
6.581290413496407382e+03
7.854926356147981096e+03
6.685238966962075210e+03
7.711312149611348104e+03
7.135244618807999359e+03
9.549770331192486992e+03
8.941649617486318675e+03
7.476296753257882301e+03
8.829410662585831233e+03
8.861491816817917424e+03
6.310623400897497049e+03
1.008429427770960683e+04
5.129480739256970082e+03
8.300966229779152854e+03
9.038466211339991787e+03
6.075397701629504809e+03
4.278607386713288179e+03
3.359438155351751902e+03
2.813348462719394774e+03
5.705921474346537252e+03
6.840958525234617809e+03
7.812779686405458051e+03
7.938602608026197231e+03
2.366950449940834460e+03
2.710069296387478516e+03
2.041238340448895997e+03
4.387215929175508791e+03
5.560466557742512123e+03
5.318997443685482722e+03
3.005445296751513979e+03
7.650451029479319914e+03
7.131219177366109761e+03
7.318224880565494459e+03
5.890867808040929049e+03
5.591199951629304451e+03
7.218685415343289606e+03
8.015013636438579852e+03
7.221453186282185015e+03
8.203479401433596649e+03
7.150665146431860194e+03
6.913013656068127602e+03
5.833380712113647860e+03
4.889661595668488189e+03
3.169472666128785022e+03
2.748945246154866709e+03
3.655403794806923997e+03
4.747770241220097887e+03
6.596414965610468244e+03
7.283803394839206703e+03
6.781002034171015111e+03
6.039601991443633779e+03
4.625868159079877842e+03
3.707809023724165399e+03
4.219226660698308478e+03
4.247416638764084382e+03
3.841341798150349859e+03
4.188053674051833696e+03
3.978718723389315528e+03
4.811952756856401720e+03
6.617680730997581122e+03
3.218926917538089128e+03
6.586075342402935348e+03
5.890612259809233365e+03
3.865359534720303145e+03
6.278103409590983574e+03
5.527761473343659418e+03
6.482539323148232143e+03
8.857130839417373863e+03
6.460196989758139352e+03
5.947540555616183156e+03
6.950701769084089392e+03
5.463727221789852592e+03
7.262411428054235330e+03
5.446802292575446700e+03
4.603312583580321188e+03
4.717196243569829676e+03
8.283693161678274919e+03
7.934905418665050092e+03
5.197653343751881039e+03
5.621002737946612797e+03
6.612272925892678359e+03
8.374357833723272051e+03
6.849658361083914315e+03
7.245828140557498955e+03
6.427822632154685380e+03
4.816237743555740963e+03
3.785745423113824472e+03
6.635047793710852602e+03
5.297669600358390198e+03
5.423636837453420412e+03
4.614298983783053700e+03
6.385963485152556132e+03
6.381524097157132019e+03
5.389999979399492076e+03
4.609027354839129657e+03
4.368902492757025357e+03
4.362609503468105686e+03
1.738167519938619762e+03
2.463760175291578435e+03
3.905600501600455573e+03
4.453785353291626052e+03
5.226391880220416169e+03
8.266442080461312798e+03
8.136228563390758609e+03
7.589516573020513533e+03
8.372142262230592678e+03
8.957915239587355245e+03
8.865659965886974533e+03
8.962134616396348065e+03
8.367688115275759628e+03
4.450411717378434332e+03
6.685075791371621563e+03
6.994057809860118141e+03
7.529460315349616394e+03
5.644780701218251124e+03
6.491736847263320669e+03
4.472979109967004661e+03
4.389166926847995455e+03
5.905689633876200787e+03
5.933137818309458453e+03
7.218841923823538309e+03
6.260880514939498426e+03
5.296626988996882574e+03
4.781349550657752843e+03
4.378440887855453184e+03
3.657440362457608444e+03
1.937576621624791414e+03
2.194417699729338437e+03
1.842148647076099905e+03
4.421348040280214263e+03
4.989105155125997044e+03
5.457052013601238286e+03
6.185338509279581558e+03
5.214273098533510165e+03
7.202023357036879133e+03
7.029617731852572433e+03
4.067413378493454275e+03
4.116422778425385332e+03
8.125688899366292389e+03
8.377121823280360331e+03
8.967994823878820171e+03
7.608706861972276783e+03
8.104643017079179117e+03
5.453633347205679456e+03
6.872969688050711738e+03
6.031396317657592590e+03
3.906653210769367433e+03
4.913286502776759335e+03
4.916532453342108056e+03
4.819823121599309161e+03
4.919709125612573189e+03
4.893898953835946486e+03
3.917939272798029833e+03
5.424096307327917202e+03
4.808617579065273276e+03
6.508296337416630195e+03
5.630699279908761127e+03
6.009910583869741458e+03
6.158044926167761332e+03
3.799919708945104048e+03
7.555535335455222594e+03
6.641256970538178393e+03
6.094062285624134347e+03
6.822153700946646495e+03
4.815684003902812947e+03
6.156351713849799125e+03
6.351076349857041350e+03
5.313958173411842836e+03
4.535853973091930129e+03
5.809712508383324348e+03
5.501675134456076194e+03
5.748784292979444217e+03
3.867923193586894740e+03
3.931522129993087674e+03
3.985691175447063415e+03
2.655473143968717977e+03
2.702132553205016393e+03
2.755623764463498446e+03
2.733344659907877030e+03
2.890784522658489095e+03
2.858535767816680163e+03
2.855235071811539456e+03
2.144985737819460155e+03
2.294720314404772580e+03
2.207055125523853349e+03
2.054924214501485039e+03
3.262557192919653062e+03
1.938789273781015027e+03
1.829022456499109239e+03
1.887097420129827924e+03
2.718109730668199063e+03
2.126029710745184275e+03
2.234357736478787956e+03
2.833511142282746732e+03
3.604105406020339615e+03
3.911615161572139641e+03
3.870646549670394961e+03
3.159802275903692134e+03
3.846114789170918357e+03
4.479763252038206701e+03
4.621297812767175856e+03
3.753844111490061550e+03
3.892338674047917266e+03
3.671780366508832230e+03
3.965732332997251888e+03
4.972768392037740341e+03
3.904308234486388301e+03
4.993264363799319653e+03
5.531812706391582651e+03
4.592197003456098173e+03
3.916402834941220135e+03
3.770738462150259238e+03
4.385458405645855237e+03
4.537130214407047788e+03
3.789271717547436310e+03
3.867579824038349670e+03
4.172732321570932982e+03
4.913402416809562965e+03
4.271245531735989971e+03
3.640588313123230819e+03
4.460634643568375395e+03
4.972619712147140490e+03
3.901008871692231878e+03
4.325016394439073338e+03
3.911928159060691996e+03
4.418276618276791851e+03
4.580113236297783260e+03
4.560103136674541929e+03
3.763746478751946142e+03
3.478124245825536946e+03
3.404224883157422482e+03
3.329246820425695205e+03
2.566896034277874151e+03
2.298506151573308216e+03
2.373973439316718668e+03
2.560121522368444857e+03
2.377646324221550458e+03
2.435270622541390821e+03
1.450662057328493802e+03
2.220328089421051118e+03
1.589126848108797503e+03
2.171106882082693573e+03
1.982053498999417116e+03
2.048548418776794279e+03
1.746331761781129899e+03
2.382296840290166983e+03
5.086962817250565422e+03
6.431419398839972928e+03
9.116455547323028441e+03
5.683852701485831858e+03
6.420424670008643261e+03
5.624401036596894301e+03
6.390303223779457767e+03
4.932533802441899752e+03
4.825250814191799691e+03
6.716512842311532040e+03
3.788035187963664612e+03
2.638539112469161410e+03
2.293953429450280510e+03
2.403450410518478748e+03
3.495183613307784981e+03
7.472218009579218233e+03
8.285177391848612388e+03
4.237461685962392039e+03
6.425767891400488224e+03
5.728701072052083873e+03
6.237424825002738544e+03
7.262998613931490581e+03
7.086331582839755356e+03
7.902773697444148638e+03
6.690219884279518737e+03
8.335981556633541913e+03
5.057404592682762086e+03
3.507575336790325764e+03
2.966662585508967368e+03
2.609298338257197429e+03
3.188760978273159708e+03
3.302545585992724227e+03
2.656172872183327399e+03
3.457151115001086509e+03
6.434408421335891035e+03
6.864771466854908795e+03
6.921828706107426115e+03
5.849945490833637450e+03
4.288121547928109067e+03
3.444706761199945504e+03
3.488308723452493268e+03
3.883227874066073582e+03
3.446125472055941827e+03
4.218787410828073007e+03
5.086839439595994918e+03
7.117410374648362449e+03
7.825101588329598599e+03
7.012353046230454311e+03
6.015280098233276476e+03
4.990301114317407155e+03
5.243531210544502756e+03
6.376509343005530354e+03
6.486820518466985050e+03
3.746823809445614643e+03
6.402465718251416547e+03
4.657161328940487692e+03
3.998557916791935440e+03
3.945400529639582146e+03
3.875021098559866459e+03
5.734145683877609372e+03
3.358669599228417155e+03
2.861923505091838251e+03
2.859446510655978727e+03
4.401771127899739440e+03
5.768642121261113061e+03
7.456523924230469675e+03
6.277563990229237788e+03
7.156819146737920164e+03
7.271312989173539790e+03
7.623287974101968757e+03
7.253114711691557204e+03
3.441846884782306461e+03
3.566113246365483064e+03
3.658941483707580119e+03
3.694058676266625298e+03
5.488957213914799468e+03
7.082674838746766000e+03
6.858419862199728414e+03
3.757953306901119959e+03
3.014243436087630016e+03
5.476999725096234215e+03
7.029681947716540890e+03
5.381728209685439651e+03
4.817068643234741103e+03
5.425393433326550621e+03
6.645780895365833203e+03
6.736958559283868453e+03
3.327774104481965423e+03
1.569765043275187281e+03
2.119446843141137833e+03
3.402022615024315201e+03
3.187729383711605806e+03
7.978586737360186817e+03
9.008346003868802654e+03
6.624215367832794072e+03
5.361534457687486793e+03
6.911216903603285573e+03
5.277099472668804083e+03
4.704067313486249986e+03
6.024894641247446089e+03
5.162113125852271878e+03
6.814976585527520911e+03
6.837794188031142767e+03
9.221844159829457567e+03
7.909344581978868518e+03
6.245882728785734798e+03
2.693045283642215509e+03
3.354802483377444787e+03
4.952556673363205846e+03
3.515623091871735141e+03
4.795633348778203981e+03
5.554272917167032574e+03
6.641473676112787871e+03
5.712402961242570200e+03
5.532239222687750043e+03
6.089585917532245730e+03
3.155638543000947266e+03
3.247118593218584010e+03
4.203516981413773465e+03
3.956047459625359807e+03
4.866732192308164485e+03
5.093418523263568204e+03
7.475339544486699197e+03
5.778681712200576840e+03
5.266274570173823122e+03
6.438159457646896954e+03
7.281366405980113996e+03
8.530589524803654058e+03
1.039499151145813630e+04
1.039753869693415436e+04
5.225924708160426235e+03
5.873118959670554432e+03
6.103424476553779641e+03
6.796874275050986398e+03
7.753409148756968534e+03
1.075681852008181522e+04
6.199434682661081752e+03
9.948020338466953035e+03
7.012322344196482845e+03
6.087867132099620903e+03
7.733538447850529337e+03
6.154167031986628899e+03
5.970731720977028999e+03
3.808379769993816808e+03
2.987678332927536758e+03
5.572488606220747897e+03
4.171804474900407513e+03
5.505313380062945726e+03
4.626999295763693226e+03
4.622485015336688775e+03
5.567716859094666688e+03
6.799867392624632885e+03
4.153411470646245107e+03
7.340635187369679443e+03
5.825940340779726284e+03
6.676155485240808957e+03
7.438067376257426076e+03
8.536713468568610551e+03
4.842735988926740902e+03
5.007436372251027024e+03
2.898292640339357149e+03
1.934992773669923281e+03
3.739881854272984128e+03
4.512039785141579159e+03
8.941727732970604848e+03
7.013309447344844557e+03
9.611773524109743448e+03
7.696972707563617405e+03
7.054011816681001619e+03
9.689581370296105888e+03
8.550991903308782639e+03
6.367798216089333437e+03
7.965515780785940478e+03
6.161127948635536086e+03
4.385004068767860190e+03
5.752604819880584728e+03
6.350111169735755539e+03
5.268144542047393770e+03
6.347836555698860138e+03
7.732515779198748533e+03
5.695618197430899272e+03
4.777174478612567327e+03
4.454906963545418876e+03
4.108911377509256454e+03
4.772024298299023940e+03
6.574085023139614350e+03
6.020255873248734133e+03
7.106001184561074297e+03
8.624391552147795664e+03
8.781954220018020351e+03
6.365753605232047448e+03
4.278071425955209634e+03
8.143705749258338074e+03
7.398747197357953155e+03
6.124173433664823278e+03
7.421336179458870902e+03
6.395097409241435344e+03
5.828994556993398874e+03
6.338170455124801265e+03
6.299644018887631319e+03
7.331043497651397047e+03
5.895605044355719656e+03
6.783784543592140835e+03
6.749803826867473617e+03
7.760216959811497873e+03
7.823775906385908456e+03
6.101896681568272470e+03
6.931717273580045912e+03
4.658948303816793668e+03
5.173422436346966606e+03
4.579454323693263177e+03
3.106090825123763352e+03
6.596910193985006117e+03
4.186746877229511483e+03
4.812217232457063801e+03
4.923460248740038878e+03
5.162489852004630848e+03
4.255827381599900036e+03
5.569828109290311659e+03
5.220757691423978940e+03
7.498486418212329227e+03
4.482516809417060358e+03
4.099880779425488072e+03
6.872123075269531000e+03
5.936747132863408297e+03
8.087195065007080302e+03
7.868456945361949693e+03
2.358699398504046258e+03
5.114416227599022932e+03
1.048706495808323598e+04
5.817788777543221840e+03
6.611913761512932069e+03
5.910564091919412022e+03
6.581039890727871352e+03
4.820203363548130255e+03
2.849397969860560352e+03
2.191536446257252464e+03
2.119202058356939688e+03
3.290821227751548577e+03
7.649649660239152581e+03
8.499956221711201579e+03
6.013453599385213238e+03
6.802362366648869283e+03
5.019475858548769793e+03
3.459040155808502277e+03
1.878287637926547177e+03
2.385535948828247001e+03
2.741904694198873585e+03
3.177410732927920890e+03
3.215967635141215396e+03
5.761452353911035971e+03
8.272641996659429424e+03
9.046883279510595457e+03
4.937302297182874099e+03
5.188341981761071111e+03
4.852993825911627937e+03
7.686662940311706734e+03
7.176355528688807681e+03
6.174341154442793595e+03
6.234499494619828511e+03
4.434650171725927976e+03
4.938091282687139028e+03
5.521386413304331654e+03
6.326982159157531896e+03
5.350916016553084773e+03
4.656852178009614363e+03
5.427683403006300068e+03
6.267136985268625722e+03
4.990852580825681798e+03
5.136459239654399425e+03
6.230209581555644945e+03
5.202367836198083751e+03
4.021739363997558030e+03
7.480450133489983273e+03
5.623582659488231002e+03
5.510072836208017179e+03
8.906757301450097657e+03
7.239068579939963456e+03
6.716985849211249842e+03
7.299548056969978461e+03
8.544937750338813203e+03
7.455616756601824818e+03
7.978747277048869364e+03
8.331341418253112352e+03
6.706337138350150781e+03
5.620868836252287110e+03
4.865845361158489141e+03
2.704813578774409052e+03
1.871077499770132590e+03
2.261455888553086425e+03
3.197344368748759280e+03
3.147475964806283173e+03
2.875135167967417601e+03
2.303381909659375196e+03
2.205001658474685883e+03
2.321587701061335338e+03
1.847423709844436189e+03
2.328270070932579074e+03
2.456574179763578286e+03
2.276799898950042916e+03
2.498099099143103103e+03
2.579906803630207833e+03
2.127477169925833095e+03
1.804919915744856553e+03
2.541259622801966998e+03
3.336905282971209999e+03
3.072134365457644890e+03
3.924676859880029951e+03
5.077507474152429495e+03
3.938478260561157185e+03
4.747898655285492168e+03
5.517082247980459215e+03
6.193830758143755702e+03
6.041181765724810248e+03
3.870106967040362633e+03
5.572642967224653148e+03
5.052135950073154163e+03
5.985698055497497080e+03
4.300786809007062402e+03
5.210226688503234982e+03
6.121195501359394257e+03
6.500489960419221461e+03
6.823858739844331467e+03
7.587152485585471368e+03
9.429671407547630224e+03
7.305006114329000411e+03
7.110748222159813849e+03
8.257079316116229165e+03
8.287951033334386011e+03
7.857724038693969305e+03
4.598690651936476570e+03
7.267238353729549090e+03
6.667890933872457026e+03
3.715329824111541257e+03
3.529128574216401375e+03
3.253731274447603482e+03
1.971300308052861510e+03
1.460939682032002793e+03
1.907507249183560589e+03
2.195259130125554293e+03
1.910963280202381156e+03
2.059406916465545692e+03
1.968988390810530518e+03
5.965665036960379439e+03
7.092980063205779516e+03
6.584862425218890166e+03
5.891827468976631280e+03
5.532562530341382626e+03
4.773410115092733577e+03
5.536851527108205119e+03
5.115270337866571026e+03
5.270753049196755455e+03
6.315123459886960518e+03
5.994142513336059892e+03
5.014613898594083366e+03
3.618238221713462735e+03
1.966300056008308729e+03
7.438636402111689677e+03
6.921419501951640086e+03
5.914573864135139047e+03
5.754149062243785011e+03
4.106358632456849591e+03
3.691969064349314067e+03
3.755939489570625028e+03
3.619079691608786561e+03
4.862505175760572456e+03
5.258066372106459312e+03
6.491572392184322780e+03
6.284074214829558514e+03
5.216902108531136946e+03
5.276771225493741440e+03
1.848557949878249701e+03
1.972651328186585488e+03
1.783740652851616687e+03
1.721332693775462076e+03
3.975932665341312259e+03
4.325840903840259671e+03
8.612336293493490302e+03
7.452214907299856350e+03
3.374518307424370050e+03
6.618240611503246328e+03
4.737316876901503747e+03
7.654630924780796704e+03
4.889835374519609104e+03
6.747248163254335850e+03
6.848061023216776448e+03
8.155732494771316851e+03
6.709928684341895860e+03
3.769078997516377058e+03
8.606958449880297849e+03
6.106552553935268406e+03
6.375445295210139193e+03
5.727113761516333398e+03
5.452507654307975827e+03
4.957099567419338200e+03
3.149829248105212628e+03
5.950795837315567042e+03
5.258437385033525970e+03
3.924349797737163499e+03
4.386989675037187226e+03
5.024983355151918659e+03
9.999509928736157235e+03
8.173919061639982829e+03
8.101016524230291907e+03
6.871393384509518910e+03
7.355156778715023393e+03
7.248828552502509410e+03
8.217207602747743294e+03
6.890470741854266635e+03
5.536772926550582270e+03
6.033726322102072118e+03
6.575477544002224022e+03
5.954125226345423471e+03
6.915870523771387525e+03
7.333288642249016448e+03
7.998658026523306944e+03
6.005385770627180136e+03
6.998107623032082302e+03
8.210259016517129567e+03
4.477866814474578860e+03
7.211305967864019294e+03
5.707050260374902791e+03
5.118090516766697874e+03
6.382798694408427764e+03
6.351874125805188669e+03
6.102184685885443287e+03
5.761486691048355169e+03
7.167638864285077034e+03
7.642076313748361827e+03
5.649254248078292221e+03
6.835896438125580971e+03
6.380220400176577641e+03
6.939523155563812907e+03
5.364620711685567585e+03
7.307690403931296714e+03
5.851285408384797847e+03
5.893793000431213841e+03
3.690974809367809939e+03
2.619183330816949820e+03
2.023045692975092152e+03
1.374769677869053567e+03
3.514577206363551795e+03
5.729720615156673375e+03
5.233565250481043222e+03
4.813678217503801534e+03
2.719380554425453738e+03
5.468762514058383204e+03
3.368052875400223456e+03
4.170220805790560007e+03
5.210131044128575923e+03
4.851083964213612489e+03
5.776503439870474722e+03
5.021835710394722810e+03
2.287175845735078383e+03
3.186195241732137674e+03
3.031160669159300596e+03
3.108946949125743231e+03
2.451502301805520347e+03
1.858125095438625976e+03
5.957172513742143565e+03
6.142507999892103726e+03
6.410179359360442504e+03
8.497204737719817786e+03
6.118530716602988832e+03
8.090473529178530953e+03
7.414374302532222828e+03
5.283236290118898978e+03
7.520074786416585994e+03
6.021407355318139707e+03
6.349060642346906207e+03
3.278142467051781750e+03
3.815814187715753633e+03
3.707372187746300824e+03
2.393314839616005884e+03
2.132338682789212271e+03
1.779567769458350540e+03
1.796600332582211195e+03
1.593104531489359942e+03
2.177247958735203156e+03
2.023794459802342317e+03
1.431891905066844174e+03
1.672691166285024792e+03
1.825665092153505839e+03
1.901443930210915823e+03
1.462894595640726948e+03
1.814913904135945359e+03
2.307594861046866299e+03
2.706789789241916878e+03
2.876025943975044356e+03
3.899621771517827256e+03
4.027357723391544823e+03
3.648529264846903061e+03
8.060019244792455538e+03
7.532513242421033283e+03
7.715056928005275950e+03
6.327442457053145517e+03
3.859024747026801833e+03
3.542542904799429380e+03
3.623995901520735970e+03
4.328520251690763871e+03
3.950464730922622493e+03
3.740085919268448833e+03
4.177839572859599684e+03
4.365943061168760323e+03
3.789747932930265506e+03
4.521653734721528963e+03
5.318328330997845114e+03
5.284289121924076426e+03
5.550593964643947402e+03
4.235298552623860814e+03
5.213064925893551845e+03
4.388692901701424489e+03
4.386323024172038458e+03
3.836424393607108414e+03
3.756155369095997230e+03
4.680220483722853714e+03
4.013634219838674198e+03
2.820697517764609529e+03
2.369437707184353712e+03
2.260356409181586969e+03
3.199016463709576783e+03
3.050379414906416059e+03
2.996528700013132493e+03
3.774512177801803773e+03
4.146871036678994642e+03
4.924783482456765341e+03
4.774654762640906483e+03
7.751061137916020016e+03
7.884859844374062050e+03
5.268966664117207074e+03
6.305290936231222076e+03
4.899523762864257151e+03
3.259510487199068393e+03
2.958825670350076052e+03
2.701463842297678184e+03
2.914023777051821980e+03
3.213135481555452316e+03
5.803615882190945740e+03
8.234955479515596380e+03
7.510303341819240813e+03
4.764041099252242020e+03
5.321081278110236781e+03
6.940320810842644278e+03
5.491180110468469138e+03
7.662695207491467045e+03
6.574499903019976955e+03
5.365644499275978887e+03
5.783688603427300222e+03
6.147499527849909100e+03
3.389628355256378654e+03
3.566018059307484236e+03
2.163800275458675969e+03
5.894076063042569331e+03
6.265719833976188056e+03
4.951913802237030723e+03
5.654203710794832659e+03
4.209992357545878804e+03
4.177383510928058058e+03
3.345419782561278680e+03
3.115697237601370034e+03
2.721178308972758714e+03
2.150102112593689526e+03
2.759471837019477789e+03
2.388245846834649910e+03
2.988463637955457671e+03
3.609458681524133681e+03
6.114762597728571563e+03
7.235946172397135342e+03
6.174337758601625865e+03
6.181607423797857336e+03
5.289408631529805461e+03
6.534517312502509412e+03
4.908256731655517797e+03
4.994969733471040854e+03
5.814746302707160794e+03
6.620074133200590950e+03
7.564661928730657564e+03
8.356112770571833607e+03
8.158143686752870053e+03
5.647136160742561515e+03
8.162594618109780640e+03
6.044222352240135478e+03
8.087243620266746802e+03
7.398837908939237423e+03
7.034241703162161684e+03
6.984772072466165810e+03
6.556623990441270507e+03
4.583920144210283979e+03
7.587009291250822571e+03
7.099780969511294643e+03
9.083867261070599852e+03
8.895102686208791056e+03
6.065986141484894688e+03
8.237224231253490871e+03
8.504910687113877430e+03
5.846566898185364153e+03
6.108647282420061856e+03
7.311852794972453012e+03
8.278211077691448736e+03
6.614571634963678662e+03
7.198374772901619508e+03
5.697009530438850561e+03
5.661211678010508876e+03
7.569355070814067403e+03
5.945622807309647214e+03
3.910541693623013089e+03
4.326515244335031639e+03
2.020235338394018527e+03
2.480268778005143304e+03
2.315929617371406493e+03
1.461869968934672670e+03
3.238428786747691902e+03
2.820539042515490110e+03
5.990637762056764586e+03
5.629833711765714725e+03
4.361645313749893830e+03
4.990311406234632159e+03
4.989386167737484357e+03
6.312014758720395548e+03
4.255989397627400649e+03
5.878531000386381493e+03
3.659019718559120975e+03
5.094847523904799345e+03
4.192348001497040059e+03
5.312825058671656734e+03
2.209739984354383978e+03
3.899637060509754519e+03
3.544320844827080691e+03
3.199680999223817253e+03
4.188428648434786737e+03
4.298822293581899430e+03
4.523943686205720951e+03
6.065363698024386395e+03
6.380132561720042759e+03
5.390794363228158545e+03
6.119525388986571670e+03
6.348822447370775080e+03
7.111117806335145360e+03
7.216233040468106083e+03
7.164039103772720409e+03
8.678162932719165838e+03
7.745595994950386739e+03
8.343849623943937331e+03
5.425235800375055078e+03
6.485851302389346529e+03
4.043630349518220100e+03
2.553137333169231624e+03
2.576888819581303778e+03
3.481458928698618820e+03
2.950606309738470372e+03
2.435761045414181353e+03
3.138989732151324006e+03
3.057034020761408101e+03
6.084117310965031720e+03
4.909559677199611542e+03
4.580564803619204213e+03
6.489451137049924000e+03
4.423347700183629968e+03
6.681289619505015253e+03
7.489645190907449432e+03
3.726484874555190345e+03
3.511040499022935364e+03
1.928121579565222646e+03
1.966845556090486753e+03
1.688729040648045384e+03
2.911803596635790655e+03
4.614273687761505244e+03
3.077289334676654562e+03
4.693004839722222641e+03
4.721276721493598416e+03
4.470106615723595496e+03
6.666357984720189052e+03
5.445822340764362707e+03
6.588908843028115371e+03
7.147291631691365183e+03
4.114778589182145879e+03
2.235666562631749002e+03
1.640812911927733012e+03
1.242353314816610919e+03
1.648352407713124194e+03
4.012746282825292838e+03
4.432631285774390562e+03
4.201874477036498320e+03
7.116800456483845664e+03
5.590018971471400619e+03
7.408354537076674205e+03
5.626605967086034070e+03
8.511790603770654343e+03
6.696432700830979229e+03
6.144980282216087289e+03
3.830280649152024125e+03
4.731812192478762881e+03
3.092622936407665293e+03
3.771522772743624955e+03
3.141702348706699468e+03
3.787085677194360869e+03
3.645638093749470954e+03
4.267127167304583963e+03
5.372423086346822856e+03
5.581455407493294842e+03
5.062285146329330018e+03
4.281310486242829938e+03
3.585362163515690554e+03
3.449432951626893100e+03
3.990668942066659383e+03
4.727690280806666124e+03
5.192992985182845587e+03
4.470253391225396626e+03
6.738773188128056063e+03
6.934022728325127900e+03
5.312513347566008633e+03
2.116120841614623714e+03
2.134105437143087329e+03
1.361869838304947962e+03
2.131853201672110572e+03
1.735670268385613326e+03
2.200965354360945184e+03
3.034869347288266454e+03
5.748318391203936699e+03
6.639422658767285611e+03
4.281084560368135499e+03
6.680357720663570035e+03
6.379025754788072845e+03
6.705915086279484967e+03
7.886982564304924381e+03
8.638864396483475502e+03
7.658638204885327468e+03
1.002342882677836315e+04
7.964517202284467203e+03
8.523207798561239542e+03
8.066906179827734377e+03
8.727666933596587114e+03
7.244196228775990676e+03
7.013241180218830777e+03
5.328723490747408505e+03
6.696248566576933626e+03
6.089376414323702193e+03
5.303672228970891410e+03
5.438927739083578672e+03
5.752454306538971650e+03
6.040862505126036012e+03
4.742984222738070457e+03
2.767130524001041522e+03
2.986448130360985488e+03
3.551203603001819829e+03
2.601783077784967645e+03
2.120807063541180014e+03
2.471464241808350380e+03
3.322920833584067623e+03
3.782279043521480617e+03
3.998196513315048833e+03
3.525153192447679430e+03
3.162144707408323484e+03
2.612849648182859255e+03
1.268113841722727102e+03
1.437477495449831849e+03
1.819307085045551503e+03
1.518032904713569678e+03
3.707443597907543335e+03
6.046389272622712269e+03
7.254216859036086134e+03
6.554349068520223227e+03
5.512895003929877930e+03
4.653660381482786761e+03
6.051836201338240244e+03
6.650380767781054601e+03
6.969854176679727971e+03
9.388760598503178699e+03
9.214651443078531884e+03
8.276048730661997979e+03
9.407362318666902866e+03
1.005371697898229650e+04
8.393531640657996832e+03
6.902864822599371109e+03
8.151839519599695450e+03
9.922139405238212930e+03
8.459078714942123042e+03
6.176030903870499060e+03
7.826311066596855198e+03
7.998868438663053894e+03
7.359682589262888541e+03
9.580008400550754232e+03
8.371559487522301424e+03
7.977815152603091519e+03
8.767059393686633484e+03
7.995574810788029026e+03
7.288999961364832416e+03
9.376597068177210531e+03
7.179856747494545743e+03
7.209041060992658458e+03
6.911756514017106383e+03
7.795045937341262288e+03
5.905794749590303581e+03
7.061284289496085876e+03
5.994867568910703994e+03
4.180866784916218421e+03
6.477145971621656827e+03
5.017203736242613559e+03
4.671001184225409816e+03
2.759321760238117349e+03
1.649227091636849082e+03
1.545599617822836763e+03
1.798664145075757006e+03
1.788261943464377964e+03
1.479884569868257131e+03
1.661453132173709491e+03
1.963482190383045463e+03
2.283763223953867509e+03
2.950916632951081283e+03
2.849833439778407865e+03
3.845595622068240118e+03
4.504378988187580035e+03
4.324461877635895689e+03
3.910540417190724384e+03
4.443666904387830982e+03
4.660003508377623803e+03
3.956699569828998392e+03
4.295761403424995478e+03
4.308499075013311995e+03
4.213207345069986332e+03
3.775257615130492923e+03
4.566922883221498523e+03
2.994611686483869562e+03
2.202465194356420398e+03
3.133206256913382731e+03
3.244672614286185762e+03
3.072945571625472894e+03
4.083268247625528147e+03
4.804286671562118499e+03
6.431323592124653260e+03
5.578329093309698692e+03
6.605029077142175993e+03
6.339022152273323627e+03
7.948891181527048502e+03
7.503882092956580891e+03
6.718170069564894220e+03
6.894166936157256714e+03
6.147127525378925384e+03
4.742830218101736136e+03
6.868054163360458006e+03
6.230602286007344446e+03
5.741253168254539560e+03
6.969549506444313920e+03
7.910748767399414646e+03
7.455690065326450167e+03
6.533534854590263421e+03
5.969568895018166586e+03
8.852430047888990885e+03
8.060507677659699766e+03
7.658719982567030456e+03
8.295945648312919730e+03
8.352738836348697077e+03
8.675694828229643463e+03
8.458675633912407648e+03
7.908664456895645344e+03
7.966632661970447771e+03
6.536611566548704104e+03
1.030655041135206920e+04
6.777805808290208915e+03
6.881598135458913930e+03
8.090493623376446521e+03
7.180543528852855161e+03
6.515804197240413487e+03
6.433569901895007206e+03
7.642903711288814520e+03
6.221062770454919701e+03
8.321697780689793944e+03
6.401908686265422148e+03
6.198961479237117601e+03
3.891284667929600801e+03
4.098886130062239317e+03
4.023009257935126698e+03
2.732505354724641165e+03
4.114194142387570537e+03
2.519423364041188506e+03
4.043062311802898876e+03
3.867950239529978262e+03
4.371994918350752414e+03
3.605603265273299257e+03
8.110424582720834223e+03
6.293263660954616171e+03
7.765500897794850061e+03
5.196388730095931351e+03
3.609470166964564669e+03
5.048315640787524899e+03
3.835102508333662627e+03
5.063046230518047196e+03
4.265077583002988831e+03
4.695044937176960957e+03
5.841396838150075382e+03
8.575661109031574597e+03
9.103826606229042227e+03
5.270607170547576970e+03
1.043598129386656728e+04
5.948750485293156999e+03
9.481347809454482558e+03
4.889989853695150487e+03
8.285036057288192751e+03
7.776682480267766550e+03
6.849288618007103651e+03
6.426827490628642408e+03
5.920792883370556410e+03
8.733355431285901432e+03
5.115807292798268463e+03
8.816945114190257300e+03
5.791352592525430737e+03
6.605068032177488021e+03
4.213633224693355260e+03
3.479081201087369664e+03
4.240548909974108028e+03
5.522679311500000040e+03
6.588131745053380655e+03
6.551125000351444214e+03
7.350038833515779515e+03
6.951047737026821778e+03
6.018789307391043621e+03
7.260565946671651545e+03
4.818815733231836930e+03
5.539065093449111373e+03
4.910261804165632384e+03
2.817857095418080917e+03
3.952301835555125308e+03
4.159823304835609633e+03
3.037211651915362381e+03
3.148577386798855969e+03
2.276651664677966892e+03
1.914544037365394615e+03
2.826429509196540039e+03
3.006461119891751423e+03
1.989232834611590079e+03
3.124302437911117522e+03
5.742356208729287573e+03
8.149534768767681271e+03
8.096529411101480946e+03
4.632216873297007623e+03
8.227936351954902420e+03
5.156226056306426472e+03
3.502000160514303388e+03
6.454463313680276769e+03
5.619846701495044726e+03
5.491029959916008011e+03
6.502003031441350686e+03
2.318893559375815585e+03
2.391394856508552039e+03
2.014063153571802104e+03
2.014386138292303258e+03
2.853365668073965935e+03
5.182185069036901950e+03
6.044644235482322983e+03
6.485180586190863323e+03
5.541889245930965444e+03
3.787326961585604749e+03
5.001652850979739924e+03
5.940037552954682724e+03
6.338317233108909022e+03
6.503472707856213674e+03
5.103846749874881425e+03
5.449035420520696789e+03
5.643764611205700021e+03
5.095849627467424398e+03
3.285508190259608000e+03
3.505948917339393574e+03
3.623569027660064421e+03
4.304978217039887568e+03
4.011253208626068954e+03
3.863465493092011911e+03
2.515135233819555197e+03
3.238982592606873823e+03
4.345227227592701638e+03
2.906341586169305629e+03
1.837276803401200596e+03
2.197884570707003149e+03
2.501727878862195666e+03
2.466597754469035863e+03
3.044572571112609694e+03
3.288104339249572149e+03
3.202338792418839603e+03
3.465590359500401973e+03
3.397103333776500222e+03
3.600163678475139477e+03
3.640371685927533690e+03
3.807722590188487629e+03
3.604603185958345875e+03
3.700952612320867502e+03
4.646048140774122658e+03
5.311602108706444596e+03
4.264226086995686273e+03
5.288436641550348213e+03
4.919131893951219354e+03
4.958155136708265672e+03
5.366403608175431145e+03
4.968954310882677419e+03
5.523514781315611799e+03
5.686543130501453561e+03
6.547231823280669232e+03
8.648500065395543061e+03
5.588988243490473906e+03
6.195034965622183336e+03
5.618750391620676055e+03
3.441985777677767146e+03
5.806555392011091499e+03
5.441860495442280808e+03
3.617705771298196396e+03
3.197301440750538404e+03
2.310186295849154249e+03
1.707096781236446304e+03
1.555079964087750795e+03
1.180184027214384969e+03
1.200682938676380445e+03
3.815537636830527390e+03
